18061512;20112088j;19045849;10021700313;11102010;23041805;001;637;611 ~~~~~~~~~~~~~~~~~~~~~~~~~~~~~~~~~~ 01-01
19061512;21112088j;20045849;11021700313;12102010;24041805;002;372 ~~~~~~~~~~~~~~~~~~~~~~~~~~~~~~~~~~~~~~ 01-02
20061512;22112088j;21045849;12021700313;13102010;25041805;003;398;611 ~~~~~~~~~~~~~~~~~~~~~~~~~~~~~~~~~~ 01-03
21061512;23112088j;22045849;13021700313;14102010;26041805;004;422;813;400 ~~~~~~~~~~~~~~~~~~~~~~~~~~~~~~ 01-04
22061512;24112088j;23045849;14021700313;15102010;27041805;005;611 ~~~~~~~~~~~~~~~~~~~~~~~~~~~~~~~~~~~~~~ 01-05
23061512;25112088j;24045849;15021700313;16102010;28041805;006 ~~~~~~~~~~~~~~~~~~~~~~~~~~~~~~~~~~~~~~~~~~ 01-06
24061512;26112088j;25045849;16021700313;17102010;29041805;007;596;917;400;611 ~~~~~~~~~~~~~~~~~~~~~~~~~~ 01-07
25061512;27112088j;26045849;17021700313;18102010;30041805;008;626 ~~~~~~~~~~~~~~~~~~~~~~~~~~~~~~~~~~~~~~ 01-08
26061512;28112088j;27045849;18021700313;19102010;01051805;009;627;836;611 ~~~~~~~~~~~~~~~~~~~~~~~~~~~~~~ 01-09
27061512;29112088j;28045849;19021700313;20102010;02051805;010;628 ~~~~~~~~~~~~~~~~~~~~~~~~~~~~~~~~~~~~~~ 01-10
28061512;30112088j;29045849;00031700313;21102010;03051805;011;629;380;513;611 ~~~~~~~~~~~~~~~~~~~~~~~~~~ 01-11
29061512;01122088j;01055849;01031700313;22102010;04051805;012 ~~~~~~~~~~~~~~~~~~~~~~~~~~~~~~~~~~~~~~~~~~ 01-12
01071512;02122088j;02055849;02031700313;23102010;05051805;013;400;611 ~~~~~~~~~~~~~~~~~~~~~~~~~~~~~~~~~~ 01-13
02071512;03122088j;03055849;03031700313;24102010;06051805;014;401 ~~~~~~~~~~~~~~~~~~~~~~~~~~~~~~~~~~~~~~ 01-14
03071512;04122088j;04055849;04031700313;25102010;07051805;015;630;412;611 ~~~~~~~~~~~~~~~~~~~~~~~~~~~~~~ 01-15
04071512;05122088j;05055849;05031700313;26102010;08051805;016;625 ~~~~~~~~~~~~~~~~~~~~~~~~~~~~~~~~~~~~~~ 01-16
05071512;06122088j;06055849;06031700313;27102010;09051805;017;492;611 ~~~~~~~~~~~~~~~~~~~~~~~~~~~~~~~~~~ 01-17
06071512;07122088j;07055849;07031700313;28102010;10051805;018 ~~~~~~~~~~~~~~~~~~~~~~~~~~~~~~~~~~~~~~~~~~ 01-18
07071512;08122088j;08055849;08031700313;29102010;11051805;019;397;611 ~~~~~~~~~~~~~~~~~~~~~~~~~~~~~~~~~~ 01-19
08071512;09122088j;09055849;09031700313;30102010;12051805;020;631;413 ~~~~~~~~~~~~~~~~~~~~~~~~~~~~~~~~~~ 01-20
09071512;10122088j;10055849;10031700313;01112010;13051805;021;406;611 ~~~~~~~~~~~~~~~~~~~~~~~~~~~~~~~~~~ 01-21
10071512;11122088j;11055849;11031700313;02112010;14051805;022;905 ~~~~~~~~~~~~~~~~~~~~~~~~~~~~~~~~~~~~~~ 01-22
11071512;12122088j;12055849;12031700313;03112010;15051805;023;554;375;611 ~~~~~~~~~~~~~~~~~~~~~~~~~~~~~~ 01-23
12071512;13122088j;13055849;13031700313;04112010;16051805;024 ~~~~~~~~~~~~~~~~~~~~~~~~~~~~~~~~~~~~~~~~~~ 01-24
13071512;14122088j;14055849;14031700313;05112010;17051805;025;437;514;580;611 ~~~~~~~~~~~~~~~~~~~~~~~~~~ 01-25
14071512;15122088j;15055849;15031700313;06112010;18051805;026;632;381;904 ~~~~~~~~~~~~~~~~~~~~~~~~~~~~~~ 01-26
15071512;16122088j;16055849;16031700313;07112010;19051805;027;611 ~~~~~~~~~~~~~~~~~~~~~~~~~~~~~~~~~~~~~~ 01-27
16071512;17122088j;17055849;17031700313;08112010;20051805;028;633;865 ~~~~~~~~~~~~~~~~~~~~~~~~~~~~~~~~~~ 01-28
17071512;18122088j;18055849;18031700313;09112010;21051805;029;634;916;611 ~~~~~~~~~~~~~~~~~~~~~~~~~~~~~~ 01-29
18071512;19122088j;19055849;19031700313;10112010;22051805;030;635;858 ~~~~~~~~~~~~~~~~~~~~~~~~~~~~~~~~~~ 01-30
19071512;20122088j;20055849;00041700313;11112010;23051805;031;636;857;406;611 ~~~~~~~~~~~~~~~~~~~~~~~~~~ 01-31
20071512;21122088j;21055849;00041700313;12112010;24051805;032 ~~~~~~~~~~~~~~~~~~~~~~~~~~~~~~~~~~~~~~~~~~ 02-01
21071512;22122088j;22055849;01041700313;13112010;25051805;033;398;612 ~~~~~~~~~~~~~~~~~~~~~~~~~~~~~~~~~~ 02-02
22071512;23122088j;23055849;02041700313;14112010;26051805;034;638 ~~~~~~~~~~~~~~~~~~~~~~~~~~~~~~~~~~~~~~ 02-03
23071512;24122088j;24055849;03041700313;15112010;27051805;035;639;612 ~~~~~~~~~~~~~~~~~~~~~~~~~~~~~~~~~~ 02-04
24071512;25122088j;25055849;04041700313;16112010;28051805;036;637;640;406 ~~~~~~~~~~~~~~~~~~~~~~~~~~~~~~ 02-05
25071512;26122088j;26055849;05041700313;17112010;29051805;037;923;418;612 ~~~~~~~~~~~~~~~~~~~~~~~~~~~~~~ 02-06
26071512;27122088j;27055849;06041700313;18112010;30051805;038;513 ~~~~~~~~~~~~~~~~~~~~~~~~~~~~~~~~~~~~~~ 02-07
27071512;28122088j;28055849;07041700313;19112010;01061805;039;509;612 ~~~~~~~~~~~~~~~~~~~~~~~~~~~~~~~~~~ 02-08
28071512;29122088j;29055849;08041700313;20112010;02061805;040;453 ~~~~~~~~~~~~~~~~~~~~~~~~~~~~~~~~~~~~~~ 02-09
29071512;01012089k;30055849;09041700313;21112010;03061805;041;642;380;888;479;490;406;612 ~~~~~~~~~~~~~~ 02-10
30071512;02012089k;01065849;10041700313;22112010;04061805;042;402;566;479;490 ~~~~~~~~~~~~~~~~~~~~~~~~~~ 02-11
01081512;03012089k;02065849;11041700313;23112010;05061805;043;643;432;868;566;612 ~~~~~~~~~~~~~~~~~~~~~~ 02-12
02081512;04012089k;03065849;12041700313;24112010;06061805;044;566;581 ~~~~~~~~~~~~~~~~~~~~~~~~~~~~~~~~~~ 02-13
03081512;05012089k;04065849;13041700313;25112010;07061805;045;641;566;612 ~~~~~~~~~~~~~~~~~~~~~~~~~~~~~~ 02-14
04081512;06012089k;05065849;14041700313;26112010;08061805;046;443;817;940;403;406 ~~~~~~~~~~~~~~~~~~~~~~ 02-15
05081512;07012089k;06065849;15041700313;27112010;09061805;047;444;612 ~~~~~~~~~~~~~~~~~~~~~~~~~~~~~~~~~~ 02-16
06081512;08012089k;07065849;16041700313;28112010;10061805;048;644;397;914;854 ~~~~~~~~~~~~~~~~~~~~~~~~~~ 02-17
07081512;09012089k;08065849;17041700313;29112010;11061805;049;645;536;854;612 ~~~~~~~~~~~~~~~~~~~~~~~~~~ 02-18
08081512;10012089k;09065849;18041700313;30112010;12061805;050;403 ~~~~~~~~~~~~~~~~~~~~~~~~~~~~~~~~~~~~~~ 02-19
09081512;11012089k;10065849;19041700313;01122010;13061805;051;612 ~~~~~~~~~~~~~~~~~~~~~~~~~~~~~~~~~~~~~~ 02-20
10081512;12012089k;11065849;00051700313;02122010;14061805;052;450;873 ~~~~~~~~~~~~~~~~~~~~~~~~~~~~~~~~~~ 02-21
11081512;13012089k;12065849;01051700313;03122010;15061805;053;646;612 ~~~~~~~~~~~~~~~~~~~~~~~~~~~~~~~~~~ 02-22
12081512;14012089k;13065849;02051700313;04122010;16061805;054;514;403 ~~~~~~~~~~~~~~~~~~~~~~~~~~~~~~~~~~ 02-23
13081512;15012089k;14065849;03051700313;05122010;17061805;055;647;648;382;884;519;418;612 ~~~~~~~~~~~~~~ 02-24
14081512;16012089k;15065849;04051700313;06122010;18061805;056;649;512;406 ~~~~~~~~~~~~~~~~~~~~~~~~~~~~~~ 02-25
15081512;17012089k;16065849;05051700313;07122010;19061805;057;612 ~~~~~~~~~~~~~~~~~~~~~~~~~~~~~~~~~~~~~~ 02-26
16081512;18012089k;17065849;06051700313;08122010;20061805;058;403 ~~~~~~~~~~~~~~~~~~~~~~~~~~~~~~~~~~~~~~ 02-27
17081512;19012089k;18065849;07051700313;09122010;21061805;059;650;376;612 ~~~~~~~~~~~~~~~~~~~~~~~~~~~~~~ 02-28
18081512;20012089k;19065849;11051700313;10122010;22061805;061 ~~~~~~~~~~~~~~~~~~~~~~~~~~~~~~~~~~~~~~~~~~ 03-01
19081512;21012089k;20065849;12051700313;11122010;23061805;062;613 ~~~~~~~~~~~~~~~~~~~~~~~~~~~~~~~~~~~~~~ 03-02
20081512;22012089k;21065849;13051700313;12122010;24061805;063;653;398;408;403;613 ~~~~~~~~~~~~~~~~~~~~~~ 03-03
21081512;23012089k;22065849;14051700313;13122010;25061805;064;654;613 ~~~~~~~~~~~~~~~~~~~~~~~~~~~~~~~~~~ 03-04
22081512;24012089k;23065849;15051700313;14122010;26061805;065;637;418;613 ~~~~~~~~~~~~~~~~~~~~~~~~~~~~~~ 03-05
23081512;25012089k;24065849;16051700313;15122010;27061805;066;655;613 ~~~~~~~~~~~~~~~~~~~~~~~~~~~~~~~~~~ 03-06
24081512;26012089k;25065849;17051700313;16122010;28061805;067;513 ~~~~~~~~~~~~~~~~~~~~~~~~~~~~~~~~~~~~~~ 03-07
25081512;27012089k;26065849;18051700313;17122010;29061805;068;943;613 ~~~~~~~~~~~~~~~~~~~~~~~~~~~~~~~~~~ 03-08
26081512;28012089k;27065849;19051700313;18122010;30061805;069;409;613 ~~~~~~~~~~~~~~~~~~~~~~~~~~~~~~~~~~ 03-09
27081512;29012089k;28065849;00061700313;19122010;01071805;070;656;886;613 ~~~~~~~~~~~~~~~~~~~~~~~~~~~~~~ 03-10
28081512;30012089k;29065849;01061700313;20122010;02071805;071;403 ~~~~~~~~~~~~~~~~~~~~~~~~~~~~~~~~~~~~~~ 03-11
29081512;01022089k;01075849;02061700313;21122010;03071805;072;380;407;613 ~~~~~~~~~~~~~~~~~~~~~~~~~~~~~~ 03-12
01091512;02022089k;02075849;03061700313;22122010;04071805;073;504;613 ~~~~~~~~~~~~~~~~~~~~~~~~~~~~~~~~~~ 03-13
02091512;03022089k;03075849;04061700313;23122010;05071805;074;418;613 ~~~~~~~~~~~~~~~~~~~~~~~~~~~~~~~~~~ 03-14
03091512;04022089k;04075849;05061700313;24122010;06071805;075;657;403;409;505;613 ~~~~~~~~~~~~~~~~~~~~~~ 03-15
04091512;05022089k;05075849;06061700313;25122010;07071805;076;613 ~~~~~~~~~~~~~~~~~~~~~~~~~~~~~~~~~~~~~~ 03-16
05091512;06022089k;06075849;07061700313;26122010;08071805;077;658;613 ~~~~~~~~~~~~~~~~~~~~~~~~~~~~~~~~~~ 03-17
06091512;07022089k;07075849;08061700313;27122010;09071805;078;613 ~~~~~~~~~~~~~~~~~~~~~~~~~~~~~~~~~~~~~~ 03-18
07091512;08022089k;08075849;09061700313;28122010;10071805;079;397;466;403;505;613 ~~~~~~~~~~~~~~~~~~~~~~ 03-19
08091512;09022089k;09075849;10061700313;29122010;11071805;080;424;613 ~~~~~~~~~~~~~~~~~~~~~~~~~~~~~~~~~~ 03-20
09091512;10022089k;10075849;11061700313;30122010;12071805;081;459;409;613 ~~~~~~~~~~~~~~~~~~~~~~~~~~~~~~ 03-21
10091512;11022089k;11075849;12061700313;01012011;13071805;082;659;517;851;613 ~~~~~~~~~~~~~~~~~~~~~~~~~~ 03-22
11091512;12022089k;12075849;13061700313;02012011;14071805;083;514;403;418 ~~~~~~~~~~~~~~~~~~~~~~~~~~~~~~ 03-23
12091512;13022089k;13075849;14061700313;03012011;15071805;084;404;613 ~~~~~~~~~~~~~~~~~~~~~~~~~~~~~~~~~~ 03-24
13091512;14022089k;14075849;15061700313;04012011;16071805;085;544;623;613 ~~~~~~~~~~~~~~~~~~~~~~~~~~~~~~ 03-25
14091512;15022089k;15075849;16061700313;05012011;17071805;086;383;542;598;906;948;515;613 ~~~~~~~~~~~~~~ 03-26
15091512;16022089k;16075849;17061700313;06012011;18071805;087;493;562;409 ~~~~~~~~~~~~~~~~~~~~~~~~~~~~~~ 03-27
16091512;17022089k;17075849;18061700313;07012011;19071805;088;433;562;613 ~~~~~~~~~~~~~~~~~~~~~~~~~~~~~~ 03-28
17091512;18022089k;18075849;19061700313;08012011;20071805;089;652;562;855 ~~~~~~~~~~~~~~~~~~~~~~~~~~~~~~ 03-29
18091512;19022089k;19075849;00071700313;09012011;21071805;090;660;852;613 ~~~~~~~~~~~~~~~~~~~~~~~~~~~~~~ 03-30
19091512;20022089k;20075849;01071700313;10012011;22071805;091 ~~~~~~~~~~~~~~~~~~~~~~~~~~~~~~~~~~~~~~~~~~ 03-31
20091512;21022089k;21075849;02071700313;11012011;23071805;092;445;614 ~~~~~~~~~~~~~~~~~~~~~~~~~~~~~~~~~~ 04-01
21091512;22022089k;22075849;03071700313;12012011;24071805;093;446;637;661;398;505 ~~~~~~~~~~~~~~~~~~~~~~ 04-02
22091512;23022089k;23075849;04071700313;13012011;25071805;094;447;662;513;533;924;614 ~~~~~~~~~~~~~~~~~~ 04-03
23091512;24022089k;24075849;05071700313;14012011;26071805;095;448;651;865;571;505;614 ~~~~~~~~~~~~~~~~~~ 04-04
24091512;25022089k;25075849;06071700313;15012011;27071805;096;651;614 ~~~~~~~~~~~~~~~~~~~~~~~~~~~~~~~~~~ 04-05
25091512;26022089k;26075849;07071700313;16012011;28071805;097;663;651;526;900;614 ~~~~~~~~~~~~~~~~~~~~~~ 04-06
26091512;27022089k;27075849;08071700313;17012011;29071805;098;436;651;614 ~~~~~~~~~~~~~~~~~~~~~~~~~~~~~~ 04-07
27091512;28022089k;28075849;09071700313;18012011;30071805;099;507;508;651;614 ~~~~~~~~~~~~~~~~~~~~~~~~~~ 04-08
28091512;29022089k;29075849;10071700313;19012011;01081805;100;651;614 ~~~~~~~~~~~~~~~~~~~~~~~~~~~~~~~~~~ 04-09
29091512;30022089k;30075849;11071700313;20012011;02081805;101;380;950;614 ~~~~~~~~~~~~~~~~~~~~~~~~~~~~~~ 04-10
30091512;01032089k;01085849;12071700313;21012011;03081805;102;538;559;836;932;935;506;614 ~~~~~~~~~~~~~~ 04-11
01101512;02032089k;02085849;13071700313;22012011;04081805;103;502 ~~~~~~~~~~~~~~~~~~~~~~~~~~~~~~~~~~~~~~ 04-12
02101512;03032089k;03085849;14071700313;23012011;05081805;104;555;577;614 ~~~~~~~~~~~~~~~~~~~~~~~~~~~~~~ 04-13
03101512;04032089k;04085849;15071700313;24012011;06081805;105;528;409;614 ~~~~~~~~~~~~~~~~~~~~~~~~~~~~~~ 04-14
04101512;05032089k;05085849;16071700313;25012011;07081805;106;665;818;529;614 ~~~~~~~~~~~~~~~~~~~~~~~~~~ 04-15
05101512;06032089k;06085849;17071700313;26012011;08081805;107;666;399;945;614 ~~~~~~~~~~~~~~~~~~~~~~~~~~ 04-16
06101512;07032089k;07085849;18071700313;27012011;09081805;108;397;514;614 ~~~~~~~~~~~~~~~~~~~~~~~~~~~~~~ 04-17
07101512;08032089k;08085849;19071700313;28012011;10081805;109;794 ~~~~~~~~~~~~~~~~~~~~~~~~~~~~~~~~~~~~~~ 04-18
08101512;09032089k;09085849;00081700313;29012011;11081805;110;576;933;418;614 ~~~~~~~~~~~~~~~~~~~~~~~~~~ 04-19
09101512;10032089k;10085849;01081700313;30012011;12081805;111;877 ~~~~~~~~~~~~~~~~~~~~~~~~~~~~~~~~~~~~~~ 04-20
10101512;11032089k;11085849;02081700313;01022011;13081805;112;631;664;554;614 ~~~~~~~~~~~~~~~~~~~~~~~~~~ 04-21
11101512;12032089k;12085849;03081700313;02022011;14081805;113;400;614 ~~~~~~~~~~~~~~~~~~~~~~~~~~~~~~~~~~ 04-22
12101512;13032089k;13085849;04081700313;03022011;15081805;114;614 ~~~~~~~~~~~~~~~~~~~~~~~~~~~~~~~~~~~~~~ 04-23
13101512;14032089k;14085849;05081700313;04022011;16081805;115;669;384;539;575 ~~~~~~~~~~~~~~~~~~~~~~~~~~ 04-24
14101512;15032089k;15085849;06081700313;05022011;17081805;116;400;614 ~~~~~~~~~~~~~~~~~~~~~~~~~~~~~~~~~~ 04-25
15101512;16032089k;16085849;07081700313;06022011;18081805;117;409 ~~~~~~~~~~~~~~~~~~~~~~~~~~~~~~~~~~~~~~ 04-26
16101512;17032089k;17085849;08081700313;07022011;19081805;118;670;614 ~~~~~~~~~~~~~~~~~~~~~~~~~~~~~~~~~~ 04-27
17101512;18032089k;18085849;09081700313;08022011;20081805;119;667;518 ~~~~~~~~~~~~~~~~~~~~~~~~~~~~~~~~~~ 04-28
18101512;19032089k;19085849;10081700313;09022011;21081805;120;671;614 ~~~~~~~~~~~~~~~~~~~~~~~~~~~~~~~~~~ 04-29
19101512;20032089k;20085849;11081700313;10022011;22081805;121;668;419 ~~~~~~~~~~~~~~~~~~~~~~~~~~~~~~~~~~ 04-30
20101512;21032089k;21085849;12081700313;11022011;23081805;122;673;513;615 ~~~~~~~~~~~~~~~~~~~~~~~~~~~~~~ 05-01
21101512;22032089k;22085849;13081700313;12022011;24081805;123;674;398 ~~~~~~~~~~~~~~~~~~~~~~~~~~~~~~~~~~ 05-02
22101512;23032089k;23085849;14081700313;13022011;25081805;124;675;457;615 ~~~~~~~~~~~~~~~~~~~~~~~~~~~~~~ 05-03
23101512;24032089k;24085849;15081700313;14022011;26081805;125;676;400 ~~~~~~~~~~~~~~~~~~~~~~~~~~~~~~~~~~ 05-04
24101512;25032089k;25085849;16081700313;15022011;27081805;126;677;615 ~~~~~~~~~~~~~~~~~~~~~~~~~~~~~~~~~~ 05-05
25101512;26032089k;26085849;17081700313;16022011;28081805;127;679;678;939 ~~~~~~~~~~~~~~~~~~~~~~~~~~~~~~ 05-06
26101512;27032089k;27085849;18081700313;17022011;29081805;128;637;672;680;615 ~~~~~~~~~~~~~~~~~~~~~~~~~~ 05-07
27101512;28032089k;28085849;19081700313;18022011;30081805;129;451;624 ~~~~~~~~~~~~~~~~~~~~~~~~~~~~~~~~~~ 05-08
28101512;29032089k;29085849;00091700313;19022011;01091805;130;682;624;615 ~~~~~~~~~~~~~~~~~~~~~~~~~~~~~~ 05-09
29101512;01042089k;01095849;01091700313;20022011;02091805;131;380;401;624 ~~~~~~~~~~~~~~~~~~~~~~~~~~~~~~ 05-10
01111512;02042089k;02095849;02091700313;21022011;03091805;132;683;432;624;615 ~~~~~~~~~~~~~~~~~~~~~~~~~~ 05-11
02111512;03042089k;03095849;03091700313;22022011;04091805;133;494;510;867;902;624 ~~~~~~~~~~~~~~~~~~~~~~ 05-12
03111512;04042089k;04095849;04091700313;23022011;05091805;134;596;596;514;813;624;615 ~~~~~~~~~~~~~~~~~~ 05-13
04111512;05042089k;05095849;05091700313;24022011;06091805;135;681;568;624 ~~~~~~~~~~~~~~~~~~~~~~~~~~~~~~ 05-14
05111512;06042089k;06095849;06091700313;25022011;07091805;136;684;522;568;615 ~~~~~~~~~~~~~~~~~~~~~~~~~~ 05-15
06111512;07042089k;07095849;07091700313;26022011;08091805;137;397;553 ~~~~~~~~~~~~~~~~~~~~~~~~~~~~~~~~~~ 05-16
07111512;08042089k;08095849;08091700313;27022011;09091805;138;615 ~~~~~~~~~~~~~~~~~~~~~~~~~~~~~~~~~~~~~~ 05-17
08111512;09042089k;09095849;09091700313;28022011;10091805;139;685;805;927 ~~~~~~~~~~~~~~~~~~~~~~~~~~~~~~ 05-18
09111512;10042089k;10095849;10091700313;29022011;11091805;140;797;615 ~~~~~~~~~~~~~~~~~~~~~~~~~~~~~~~~~~ 05-19
10111512;11042089k;11095849;11091700313;30022011;12091805;141;686;889;573 ~~~~~~~~~~~~~~~~~~~~~~~~~~~~~~ 05-20
11111512;12042089k;12095849;12091700313;31022011;13091805;142;687;573;615 ~~~~~~~~~~~~~~~~~~~~~~~~~~~~~~ 05-21
12111512;13042089k;13095849;13091700313;01032011;14091805;143;449;894;573 ~~~~~~~~~~~~~~~~~~~~~~~~~~~~~~ 05-22
13111512;14042089k;14095849;14091700313;02032011;15091805;144;798;789;615 ~~~~~~~~~~~~~~~~~~~~~~~~~~~~~~ 05-23
14111512;15042089k;15095849;15091700313;03032011;16091805;145;385;437;537;937 ~~~~~~~~~~~~~~~~~~~~~~~~~~ 05-24
15111512;16042089k;16095849;16091700313;04032011;17091805;146;688;818;892;615 ~~~~~~~~~~~~~~~~~~~~~~~~~~ 05-25
16111512;17042089k;17095849;17091700313;05032011;18091805;147 ~~~~~~~~~~~~~~~~~~~~~~~~~~~~~~~~~~~~~~~~~~ 05-26
17111512;18042089k;18095849;18091700313;06032011;19091805;148;689;615 ~~~~~~~~~~~~~~~~~~~~~~~~~~~~~~~~~~ 05-27
18111512;19042089k;19095849;19091700313;07032011;20091805;149;439 ~~~~~~~~~~~~~~~~~~~~~~~~~~~~~~~~~~~~~~ 05-28
19111512;20042089k;20095849;00101700313;08032011;21091805;150;439;513;615 ~~~~~~~~~~~~~~~~~~~~~~~~~~~~~~ 05-29
20111512;21042089k;21095849;01101700313;09032011;22091805;151;438 ~~~~~~~~~~~~~~~~~~~~~~~~~~~~~~~~~~~~~~ 05-30
21111512;22042089k;22095849;02101700313;10032011;23091805;152;615 ~~~~~~~~~~~~~~~~~~~~~~~~~~~~~~~~~~~~~~ 05-31
22111512;23042089k;23095849;03101700313;11032011;24091805;153;691;398;409 ~~~~~~~~~~~~~~~~~~~~~~~~~~~~~~ 06-01
23111512;24042089k;24095849;04101700313;12032011;25091805;154;694;616 ~~~~~~~~~~~~~~~~~~~~~~~~~~~~~~~~~~ 06-02
24111512;25042089k;25095849;05101700313;13032011;26091805;155;692;616 ~~~~~~~~~~~~~~~~~~~~~~~~~~~~~~~~~~ 06-03
25111512;26042089k;26095849;06101700313;14032011;27091805;156;637;693;864;616 ~~~~~~~~~~~~~~~~~~~~~~~~~~ 06-04
26111512;27042089k;27095849;07101700313;15032011;28091805;157;690;530;616 ~~~~~~~~~~~~~~~~~~~~~~~~~~~~~~ 06-05
27111512;28042089k;28095849;08101700313;16032011;29091805;158;616 ~~~~~~~~~~~~~~~~~~~~~~~~~~~~~~~~~~~~~~ 06-06
28111512;29042089k;29095849;09101700313;17032011;30091805;159;409;616 ~~~~~~~~~~~~~~~~~~~~~~~~~~~~~~~~~~ 06-07
29111512;30042089k;30095849;10101700313;18032011;01101805;160;380;921;942;616 ~~~~~~~~~~~~~~~~~~~~~~~~~~ 06-08
30111512;01052089k;01105849;11101700313;19032011;02101805;161;616 ~~~~~~~~~~~~~~~~~~~~~~~~~~~~~~~~~~~~~~ 06-09
01121512;02052089k;02105849;12101700313;20032011;03101805;162;514;616 ~~~~~~~~~~~~~~~~~~~~~~~~~~~~~~~~~~ 06-10
02121512;03052089k;03105849;13101700313;21032011;04101805;163;697;799;823;569;616 ~~~~~~~~~~~~~~~~~~~~~~ 06-11
03121512;04052089k;04105849;14101700313;22032011;05101805;164;695;569;616 ~~~~~~~~~~~~~~~~~~~~~~~~~~~~~~ 06-12
04121512;05052089k;05105849;15101700313;23032011;06101805;165;564 ~~~~~~~~~~~~~~~~~~~~~~~~~~~~~~~~~~~~~~ 06-13
05121512;06052089k;06105849;16101700313;24032011;07101805;166;696;830;616 ~~~~~~~~~~~~~~~~~~~~~~~~~~~~~~ 06-14
06121512;07052089k;07105849;17101700313;25032011;08101805;167;397;414;616 ~~~~~~~~~~~~~~~~~~~~~~~~~~~~~~ 06-15
07121512;08052089k;08105849;18101700313;26032011;09101805;168;698;616 ~~~~~~~~~~~~~~~~~~~~~~~~~~~~~~~~~~ 06-16
08121512;09052089k;09105849;19101700313;27032011;10101805;169;701;699;552;700;616 ~~~~~~~~~~~~~~~~~~~~~~ 06-17
09121512;10052089k;10105849;00111700313;28032011;11101805;170;896;501;616 ~~~~~~~~~~~~~~~~~~~~~~~~~~~~~~ 06-18
10121512;11052089k;11105849;01111700313;29032011;12101805;171;452;452;460;500;409;616 ~~~~~~~~~~~~~~~~~~ 06-19
11121512;12052089k;12105849;02111700313;30032011;13101805;172;425;500;616 ~~~~~~~~~~~~~~~~~~~~~~~~~~~~~~ 06-20
12121512;13052089k;13105849;03111700313;31032011;14101805;173;461;616 ~~~~~~~~~~~~~~~~~~~~~~~~~~~~~~~~~~ 06-21
13121512;14052089k;14105849;04111700313;01042011;15101805;174;386;874;941;500;616 ~~~~~~~~~~~~~~~~~~~~~~ 06-22
14121512;15052089k;15105849;05111700313;02042011;16101805;175;500;616 ~~~~~~~~~~~~~~~~~~~~~~~~~~~~~~~~~~ 06-23
15121512;16052089k;16105849;06111700313;03042011;17101805;176;703;433;616 ~~~~~~~~~~~~~~~~~~~~~~~~~~~~~~ 06-24
16121512;17052089k;17105849;07111700313;04042011;18101805;177;702;409;616 ~~~~~~~~~~~~~~~~~~~~~~~~~~~~~~ 06-25
17121512;18052089k;18105849;08111700313;05042011;19101805;178;513;616 ~~~~~~~~~~~~~~~~~~~~~~~~~~~~~~~~~~ 06-26
18121512;19052089k;19105849;09111700313;06042011;20101805;179;841;616 ~~~~~~~~~~~~~~~~~~~~~~~~~~~~~~~~~~ 06-27
19121512;20052089k;20105849;10111700313;07042011;21101805;180;616 ~~~~~~~~~~~~~~~~~~~~~~~~~~~~~~~~~~~~~~ 06-28
20121512;21052089k;21105849;11111700313;08042011;22101805;181;704 ~~~~~~~~~~~~~~~~~~~~~~~~~~~~~~~~~~~~~~ 06-29
21121512;22052089k;22105849;12111700313;09042011;23101805;182;398;616 ~~~~~~~~~~~~~~~~~~~~~~~~~~~~~~~~~~ 06-30
22121512;23052089k;23105849;13111700313;10042011;24101805;183;565;415 ~~~~~~~~~~~~~~~~~~~~~~~~~~~~~~~~~~ 07-01
23121512;24052089k;24105849;14111700313;11042011;25101805;184;637;705;840;565;617 ~~~~~~~~~~~~~~~~~~~~~~ 07-02
24121512;25052089k;25105849;15111700313;12042011;26101805;185;795;842;617 ~~~~~~~~~~~~~~~~~~~~~~~~~~~~~~ 07-03
25121512;26052089k;26105849;16111700313;13042011;27101805;186;946;617 ~~~~~~~~~~~~~~~~~~~~~~~~~~~~~~~~~~ 07-04
26121512;27052089k;27105849;17111700313;14042011;28101805;187;410;617 ~~~~~~~~~~~~~~~~~~~~~~~~~~~~~~~~~~ 07-05
27121512;28052089k;28105849;18111700313;15042011;29101805;188;373;617 ~~~~~~~~~~~~~~~~~~~~~~~~~~~~~~~~~~ 07-06
28121512;29052089k;29105849;19111700313;16042011;30101805;189;380;835 ~~~~~~~~~~~~~~~~~~~~~~~~~~~~~~~~~~ 07-07
29121512;01062089k;01115849;00121700313;17042011;01111805;190;514;617 ~~~~~~~~~~~~~~~~~~~~~~~~~~~~~~~~~~ 07-08
01011513;02062089k;02115849;01121700313;18042011;02111805;191;706;870;495;415 ~~~~~~~~~~~~~~~~~~~~~~~~~~ 07-09
02011513;03062089k;03115849;02121700313;19042011;03111805;192;617 ~~~~~~~~~~~~~~~~~~~~~~~~~~~~~~~~~~~~~~ 07-10
03011513;04062089k;04115849;03121700313;20042011;04111805;193;707;496 ~~~~~~~~~~~~~~~~~~~~~~~~~~~~~~~~~~ 07-11
04011513;05062089k;05115849;04121700313;21042011;05111805;194;617 ~~~~~~~~~~~~~~~~~~~~~~~~~~~~~~~~~~~~~~ 07-12
05011513;06062089k;06115849;05121700313;22042011;06111805;195;617 ~~~~~~~~~~~~~~~~~~~~~~~~~~~~~~~~~~~~~~ 07-13
06011513;07062089k;07115849;06121700313;23042011;07111805;196;397;617 ~~~~~~~~~~~~~~~~~~~~~~~~~~~~~~~~~~ 07-14
07011513;08062089k;08115849;07121700313;24042011;08111805;197;617 ~~~~~~~~~~~~~~~~~~~~~~~~~~~~~~~~~~~~~~ 07-15
08011513;09062089k;09115849;08121700313;25042011;09111805;198;708;617 ~~~~~~~~~~~~~~~~~~~~~~~~~~~~~~~~~~ 07-16
09011513;10062089k;10115849;09121700313;26042011;10111805;199;709;617 ~~~~~~~~~~~~~~~~~~~~~~~~~~~~~~~~~~ 07-17
10011513;11062089k;11115849;10121700313;27042011;11111805;200;710;546;498;617 ~~~~~~~~~~~~~~~~~~~~~~~~~~ 07-18
11011513;12062089k;12115849;11121700313;28042011;12111805;201;617 ~~~~~~~~~~~~~~~~~~~~~~~~~~~~~~~~~~~~~~ 07-19
12011513;13062089k;13115849;12121700313;29042011;13111805;202;711;617 ~~~~~~~~~~~~~~~~~~~~~~~~~~~~~~~~~~ 07-20
13011513;14062089k;14115849;13121700313;30042011;14111805;203;631;821;496 ~~~~~~~~~~~~~~~~~~~~~~~~~~~~~~ 07-21
14011513;15062089k;15115849;14121700313;31042011;15111805;204;387;531;561;617 ~~~~~~~~~~~~~~~~~~~~~~~~~~ 07-22
15011513;16062089k;16115849;15121700313;01052011;16111805;205;713;513;617 ~~~~~~~~~~~~~~~~~~~~~~~~~~~~~~ 07-23
16011513;17062089k;17115849;16121700313;02052011;17111805;206;714;420;617 ~~~~~~~~~~~~~~~~~~~~~~~~~~~~~~ 07-24
17011513;18062089k;18115849;17121700313;03052011;18111805;207;617 ~~~~~~~~~~~~~~~~~~~~~~~~~~~~~~~~~~~~~~ 07-25
18011513;19062089k;19115849;18121700313;04052011;19111805;208;617 ~~~~~~~~~~~~~~~~~~~~~~~~~~~~~~~~~~~~~~ 07-26
19011513;20062089k;20115849;19121700313;05052011;20111805;209;496;617 ~~~~~~~~~~~~~~~~~~~~~~~~~~~~~~~~~~ 07-27
20011513;21062089k;21115849;00131700313;06052011;21111805;210;712;715;617 ~~~~~~~~~~~~~~~~~~~~~~~~~~~~~~ 07-28
21011513;22062089k;22115849;01131700313;07052011;22111805;211;716;496;617 ~~~~~~~~~~~~~~~~~~~~~~~~~~~~~~ 07-29
22011513;23062089k;23115849;02131700313;08052011;23111805;212;398;617 ~~~~~~~~~~~~~~~~~~~~~~~~~~~~~~~~~~ 07-30
23011513;24062089k;24115849;03131700313;09052011;24111805;213 ~~~~~~~~~~~~~~~~~~~~~~~~~~~~~~~~~~~~~~~~~~ 07-31
24011513;25062089k;25115849;04131700313;10052011;25111805;214;618 ~~~~~~~~~~~~~~~~~~~~~~~~~~~~~~~~~~~~~~ 08-01
25011513;26062089k;26115849;05131700313;11052011;26111805;215;718;878;415;496 ~~~~~~~~~~~~~~~~~~~~~~~~~~ 08-02
26011513;27062089k;27115849;06131700313;12052011;27111805;216;554;618 ~~~~~~~~~~~~~~~~~~~~~~~~~~~~~~~~~~ 08-03
27011513;28062089k;28115849;07131700313;13052011;28111805;217 ~~~~~~~~~~~~~~~~~~~~~~~~~~~~~~~~~~~~~~~~~~ 08-04
28011513;29062089k;29115849;08131700313;14052011;29111805;218;719;436;618 ~~~~~~~~~~~~~~~~~~~~~~~~~~~~~~ 08-05
29011513;01072089k;30115849;09131700313;15052011;30111805;219;637;720;380;514;496 ~~~~~~~~~~~~~~~~~~~~~~ 08-06
30011513;02072089k;01125849;10131700313;16052011;01121805;220;717;432;497;618 ~~~~~~~~~~~~~~~~~~~~~~~~~~ 08-07
01021513;03072089k;02125849;11131700313;17052011;02121805;221;579 ~~~~~~~~~~~~~~~~~~~~~~~~~~~~~~~~~~~~~~ 08-08
02021513;04072089k;03125849;12131700313;18052011;03121805;222;618 ~~~~~~~~~~~~~~~~~~~~~~~~~~~~~~~~~~~~~~ 08-09
03021513;05072089k;04125849;13131700313;19052011;04121805;223;722;891;415 ~~~~~~~~~~~~~~~~~~~~~~~~~~~~~~ 08-10
04021513;06072089k;05125849;14131700313;20052011;05121805;224;618 ~~~~~~~~~~~~~~~~~~~~~~~~~~~~~~~~~~~~~~ 08-11
05021513;07072089k;06125849;15131700313;21052011;06121805;225;397;572 ~~~~~~~~~~~~~~~~~~~~~~~~~~~~~~~~~~ 08-12
06021513;08072089k;07125849;16131700313;22052011;07121805;226;723;618 ~~~~~~~~~~~~~~~~~~~~~~~~~~~~~~~~~~ 08-13
07021513;09072089k;08125849;17131700313;23052011;08121805;227;721 ~~~~~~~~~~~~~~~~~~~~~~~~~~~~~~~~~~~~~~ 08-14
08021513;10072089k;09125849;18131700313;24052011;09121805;228;618 ~~~~~~~~~~~~~~~~~~~~~~~~~~~~~~~~~~~~~~ 08-15
09021513;11072089k;10125849;19131700313;25052011;10121805;229;926 ~~~~~~~~~~~~~~~~~~~~~~~~~~~~~~~~~~~~~~ 08-16
10021513;12072089k;11125849;00141700313;26052011;11121805;230;618 ~~~~~~~~~~~~~~~~~~~~~~~~~~~~~~~~~~~~~~ 08-17
11021513;13072089k;12125849;01141700313;27052011;12121805;231 ~~~~~~~~~~~~~~~~~~~~~~~~~~~~~~~~~~~~~~~~~~ 08-18
12021513;14072089k;13125849;02141700313;28052011;13121805;232;399;513;938;567;618 ~~~~~~~~~~~~~~~~~~~~~~ 08-19
13021513;15072089k;14125849;03141700313;29052011;14121805;233;724;388;377;567 ~~~~~~~~~~~~~~~~~~~~~~~~~~ 08-20
14021513;16072089k;15125849;04141700313;30052011;15121805;234;556;909;910;925;618 ~~~~~~~~~~~~~~~~~~~~~~ 08-21
15021513;17072089k;16125849;05141700313;31052011;16121805;235;400 ~~~~~~~~~~~~~~~~~~~~~~~~~~~~~~~~~~~~~~ 08-22
16021513;18072089k;17125849;06141700313;01062011;17121805;236;421;618 ~~~~~~~~~~~~~~~~~~~~~~~~~~~~~~~~~~ 08-23
17021513;19072089k;18125849;07141700313;02062011;18121805;237;875 ~~~~~~~~~~~~~~~~~~~~~~~~~~~~~~~~~~~~~~ 08-24
18021513;20072089k;19125849;08141700313;03062011;19121805;238;618 ~~~~~~~~~~~~~~~~~~~~~~~~~~~~~~~~~~~~~~ 08-25
19021513;21072089k;20125849;09141700313;04062011;20121805;239;427;415 ~~~~~~~~~~~~~~~~~~~~~~~~~~~~~~~~~~ 08-26
20021513;22072089k;21125849;10141700313;05062011;21121805;240;725;844;618 ~~~~~~~~~~~~~~~~~~~~~~~~~~~~~~ 08-27
21021513;23072089k;22125849;11141700313;06062011;22121805;241;428;725;398 ~~~~~~~~~~~~~~~~~~~~~~~~~~~~~~ 08-28
22021513;24072089k;23125849;12141700313;07062011;23121805;242;796;793;883;618 ~~~~~~~~~~~~~~~~~~~~~~~~~~ 08-29
23021513;25072089k;24125849;13141700313;08062011;24121805;243;594;378 ~~~~~~~~~~~~~~~~~~~~~~~~~~~~~~~~~~ 08-30
24021513;26072089k;25125849;14141700313;09062011;25121805;244;595;400;618 ~~~~~~~~~~~~~~~~~~~~~~~~~~~~~~ 08-31
25021513;27072089k;26125849;15141700313;10062011;26121805;245;503;838 ~~~~~~~~~~~~~~~~~~~~~~~~~~~~~~~~~~ 09-01
26021513;28072089k;27125849;16141700313;11062011;27121805;246;596;727;619 ~~~~~~~~~~~~~~~~~~~~~~~~~~~~~~ 09-02
27021513;29072089k;28125849;17141700313;12062011;28121805;247;429;637;728;514;619 ~~~~~~~~~~~~~~~~~~~~~~ 09-03
28021513;01082089k;29125849;18141700313;13062011;29121805;248;430;380;521;619 ~~~~~~~~~~~~~~~~~~~~~~~~~~ 09-04
29021513;02082089k;01215850;19141700313;14062011;30121805;249;434;521;619 ~~~~~~~~~~~~~~~~~~~~~~~~~~~~~~ 09-05
01031513;03082089k;02215850;00151700313;15062011;01131805;250;435;521;400;619 ~~~~~~~~~~~~~~~~~~~~~~~~~~ 09-06
02031513;04082089k;03215850;01151700313;16062011;02131805;251;550;597;619 ~~~~~~~~~~~~~~~~~~~~~~~~~~~~~~ 09-07
03031513;05082089k;04215850;02151700313;17062011;03131805;252;730;915;619 ~~~~~~~~~~~~~~~~~~~~~~~~~~~~~~ 09-08
04031513;06082089k;05215850;03151700313;18062011;04131805;253;400 ~~~~~~~~~~~~~~~~~~~~~~~~~~~~~~~~~~~~~~ 09-09
05031513;07082089k;06215850;04151700313;19062011;05131805;254;833;619 ~~~~~~~~~~~~~~~~~~~~~~~~~~~~~~~~~~ 09-10
06031513;08082089k;07215850;05151700313;20062011;01011806;255;455;845;397;401;415;619 ~~~~~~~~~~~~~~~~~~ 09-11
07031513;09082089k;08215850;06151700313;21062011;02011806;256;729;847;846;908;619 ~~~~~~~~~~~~~~~~~~~~~~ 09-12
08031513;10082089k;09215850;07151700313;22062011;03011806;257;726 ~~~~~~~~~~~~~~~~~~~~~~~~~~~~~~~~~~~~~~ 09-13
09031513;11082089k;10215850;08151700313;23062011;04011806;258;527;619 ~~~~~~~~~~~~~~~~~~~~~~~~~~~~~~~~~~ 09-14
10031513;12082089k;11215850;09151700313;24062011;05011806;259;733;513;903 ~~~~~~~~~~~~~~~~~~~~~~~~~~~~~~ 09-15
11031513;13082089k;12215850;10151700313;25062011;06011806;260;734;897;843;619 ~~~~~~~~~~~~~~~~~~~~~~~~~~ 09-16
12031513;14082089k;13215850;11151700313;26062011;07011806;261;735;511;848 ~~~~~~~~~~~~~~~~~~~~~~~~~~~~~~ 09-17
13031513;15082089k;14215850;12151700313;27062011;08011806;262;731;437;520;551;570;619 ~~~~~~~~~~~~~~~~~~ 09-18
14031513;16082089k;15215850;13151700313;28062011;09011806;263;389;390;534;948;523;415;848 ~~~~~~~~~~~~~~ 09-19
15031513;17082089k;16215850;14151700313;29062011;10011806;264;732;433;542;907;523;619 ~~~~~~~~~~~~~~~~~~ 09-20
16031513;18082089k;17215850;15151700313;30062011;11011806;265;462;523;619 ~~~~~~~~~~~~~~~~~~~~~~~~~~~~~~ 09-21
17031513;19082089k;18215850;16151700313;31062011;12011806;266;411;423;511;523;619 ~~~~~~~~~~~~~~~~~~~~~~ 09-22
18031513;20082089k;19215850;17151700313;01072011;13011806;267;738;463;523;619;848 ~~~~~~~~~~~~~~~~~~~~~~ 09-23
19031513;21082089k;20215850;18151700313;02072011;14011806;268;739;743;523;619 ~~~~~~~~~~~~~~~~~~~~~~~~~~ 09-24
20031513;22082089k;21215850;19151700313;03072011;15011806;269;740;868;523;848 ~~~~~~~~~~~~~~~~~~~~~~~~~~ 09-25
21031513;23082089k;22215850;00161700313;04072011;16011806;270;736;524;843;619 ~~~~~~~~~~~~~~~~~~~~~~~~~~ 09-26
22031513;24082089k;23215850;01161700313;05072011;17011806;271;737;398;525;415;619 ~~~~~~~~~~~~~~~~~~~~~~ 09-27
23031513;25082089k;24215850;02161700313;06072011;18011806;272;742;790;619 ~~~~~~~~~~~~~~~~~~~~~~~~~~~~~~ 09-28
24031513;26082089k;25215850;03161700313;07072011;19011806;273;741;790 ~~~~~~~~~~~~~~~~~~~~~~~~~~~~~~~~~~ 09-29
25031513;27082089k;26215850;04161700313;08072011;20011806;274;596;790;869;853;619 ~~~~~~~~~~~~~~~~~~~~~~ 09-30
26031513;28082089k;27215850;05161700313;09072011;21011806;275;637;790;514;853;848 ~~~~~~~~~~~~~~~~~~~~~~ 10-01
27031513;29082089k;28215850;06161700313;10072011;22011806;276;749;790;853;620 ~~~~~~~~~~~~~~~~~~~~~~~~~~ 10-02
28031513;30082089k;29215850;07161700313;11072011;23011806;277;744;790;380;920;620 ~~~~~~~~~~~~~~~~~~~~~~ 10-03
29031513;01092089k;30215850;08161700313;12072011;24011806;278;745;790;895;930;953;620 ~~~~~~~~~~~~~~~~~~ 10-04
30031513;02092089k;01225850;09161700313;13072011;25011806;279;746;415;620;848 ~~~~~~~~~~~~~~~~~~~~~~~~~~ 10-05
01041513;03092089k;02225850;10161700313;14072011;26011806;280;747;412;620 ~~~~~~~~~~~~~~~~~~~~~~~~~~~~~~ 10-06
02041513;04092089k;03225850;11161700313;15072011;27011806;281;748;620;848 ~~~~~~~~~~~~~~~~~~~~~~~~~~~~~~ 10-07
03041513;05092089k;04225850;12161700313;16072011;28011806;282;754;620 ~~~~~~~~~~~~~~~~~~~~~~~~~~~~~~~~~~ 10-08
04041513;06092089k;05225850;13161700313;17072011;29011806;283;750 ~~~~~~~~~~~~~~~~~~~~~~~~~~~~~~~~~~~~~~ 10-09
05041513;07092089k;06225850;14161700313;18072011;30011806;284;751;367;918;620 ~~~~~~~~~~~~~~~~~~~~~~~~~~ 10-10
06041513;08092089k;07225850;15161700313;19072011;01021806;285;791;397;368;548;919;620 ~~~~~~~~~~~~~~~~~~ 10-11
07041513;09092089k;08225850;16161700313;20072011;02021806;286;752;885;563;620 ~~~~~~~~~~~~~~~~~~~~~~~~~~ 10-12
08041513;10092089k;09225850;17161700313;21072011;03021806;287;753;513;549;560;412;415;848 ~~~~~~~~~~~~~~ 10-13
09041513;11092089k;10225850;18161700313;22072011;04021806;288;812;620 ~~~~~~~~~~~~~~~~~~~~~~~~~~~~~~~~~~ 10-14
10041513;12092089k;11225850;19161700313;23072011;05021806;289;758;899;620 ~~~~~~~~~~~~~~~~~~~~~~~~~~~~~~ 10-15
11041513;13092089k;12225850;00171700313;24072011;06021806;290;620 ~~~~~~~~~~~~~~~~~~~~~~~~~~~~~~~~~~~~~~ 10-16
12041513;14092089k;13225850;01171700313;25072011;07021806;291;755;467;620 ~~~~~~~~~~~~~~~~~~~~~~~~~~~~~~ 10-17
13041513;15092089k;14225850;02171700313;26072011;08021806;292;756;374;882;922;620 ~~~~~~~~~~~~~~~~~~~~~~ 10-18
14041513;16092089k;15225850;03171700313;27072011;09021806;293;757;393;532 ~~~~~~~~~~~~~~~~~~~~~~~~~~~~~~ 10-19
15041513;17092089k;16225850;04171700313;28072011;10021806;294;631;784;620 ~~~~~~~~~~~~~~~~~~~~~~~~~~~~~~ 10-20
16041513;18092089k;17225850;05171700313;29072011;11021806;295;369;785;415;620 ~~~~~~~~~~~~~~~~~~~~~~~~~~ 10-21
17041513;19092089k;18225850;06171700313;30072011;12021806;296;759;881;786;620 ~~~~~~~~~~~~~~~~~~~~~~~~~~ 10-22
18041513;20092089k;19225850;07171700313;01082011;13021806;297;787;620 ~~~~~~~~~~~~~~~~~~~~~~~~~~~~~~~~~~ 10-23
19041513;21092089k;20225850;08171700313;02082011;14021806;298;371;620 ~~~~~~~~~~~~~~~~~~~~~~~~~~~~~~~~~~ 10-24
20041513;22092089k;21225850;09171700313;03082011;15021806;299 ~~~~~~~~~~~~~~~~~~~~~~~~~~~~~~~~~~~~~~~~~~ 10-25
21041513;23092089k;22225850;10171700313;04082011;16021806;300;398;499;620 ~~~~~~~~~~~~~~~~~~~~~~~~~~~~~~ 10-26
22041513;24092089k;23225850;11171700313;05082011;17021806;301;412;620 ~~~~~~~~~~~~~~~~~~~~~~~~~~~~~~~~~~ 10-27
23041513;25092089k;24225850;12171700313;06082011;18021806;302;849;514;620 ~~~~~~~~~~~~~~~~~~~~~~~~~~~~~~ 10-28
24041513;26092089k;25225850;13171700313;07082011;19021806;303;911;375;620 ~~~~~~~~~~~~~~~~~~~~~~~~~~~~~~ 10-29
25041513;27092089k;26225850;14171700313;08082011;20021806;304;558;779;620 ~~~~~~~~~~~~~~~~~~~~~~~~~~~~~~ 10-30
26041513;28092089k;27225850;15171700313;09082011;21021806;305;780;784;785 ~~~~~~~~~~~~~~~~~~~~~~~~~~~~~~ 10-31
27041513;29092089k;28225850;16171700313;10082011;22021806;306;781;786;893;621 ~~~~~~~~~~~~~~~~~~~~~~~~~~ 11-01
28041513;01102089k;29225850;17171700313;11082011;23021806;307;761;380;782 ~~~~~~~~~~~~~~~~~~~~~~~~~~~~~~ 11-02
29041513;02102089k;30225850;18171700313;12082011;24021806;308;762;431;432;783;787;621 ~~~~~~~~~~~~~~~~~~ 11-03
01051513;03102089k;01235850;19171700313;13082011;25021806;309;535;788 ~~~~~~~~~~~~~~~~~~~~~~~~~~~~~~~~~~ 11-04
02051513;04102089k;02235850;00001800313;14082011;26021806;310;637;763;819;621 ~~~~~~~~~~~~~~~~~~~~~~~~~~ 11-05
03051513;05102089k;03235850;01001800313;15082011;27021806;311;415 ~~~~~~~~~~~~~~~~~~~~~~~~~~~~~~~~~~~~~~ 11-06
04051513;06102089k;04235850;02001800313;16082011;28021806;312;760;621 ~~~~~~~~~~~~~~~~~~~~~~~~~~~~~~~~~~ 11-07
05051513;07102089k;05235850;03001800313;17082011;29021806;313;543 ~~~~~~~~~~~~~~~~~~~~~~~~~~~~~~~~~~~~~~ 11-08
06051513;08102089k;06235850;04001800313;18082011;30021806;314;397;621 ~~~~~~~~~~~~~~~~~~~~~~~~~~~~~~~~~~ 11-09
07051513;09102089k;07235850;05001800313;19082011;01031806;315;764;513;412 ~~~~~~~~~~~~~~~~~~~~~~~~~~~~~~ 11-10
08051513;10102089k;08235850;06001800313;20082011;02031806;316;421;621 ~~~~~~~~~~~~~~~~~~~~~~~~~~~~~~~~~~ 11-11
09051513;11102089k;09235850;07001800313;21082011;03031806;317;879 ~~~~~~~~~~~~~~~~~~~~~~~~~~~~~~~~~~~~~~ 11-12
10051513;12102089k;10235850;08001800313;22082011;04031806;318;621 ~~~~~~~~~~~~~~~~~~~~~~~~~~~~~~~~~~~~~~ 11-13
11051513;13102089k;11235850;09001800313;23082011;05031806;319;547 ~~~~~~~~~~~~~~~~~~~~~~~~~~~~~~~~~~~~~~ 11-14
12051513;14102089k;12235850;10001800313;24082011;06031806;320;934;621 ~~~~~~~~~~~~~~~~~~~~~~~~~~~~~~~~~~ 11-15
13051513;15102089k;13235850;11001800313;25082011;07031806;321;416 ~~~~~~~~~~~~~~~~~~~~~~~~~~~~~~~~~~~~~~ 11-16
14051513;16102089k;14235850;12001800313;26082011;08031806;322;766;394;621 ~~~~~~~~~~~~~~~~~~~~~~~~~~~~~~ 11-17
15051513;17102089k;15235850;13001800313;27082011;09031806;323;880 ~~~~~~~~~~~~~~~~~~~~~~~~~~~~~~~~~~~~~~ 11-18
16051513;18102089k;16235850;14001800313;28082011;10031806;324;767;621 ~~~~~~~~~~~~~~~~~~~~~~~~~~~~~~~~~~ 11-19
17051513;19102089k;17235850;15001800313;29082011;11031806;325;765;375 ~~~~~~~~~~~~~~~~~~~~~~~~~~~~~~~~~~ 11-20
18051513;20102089k;18235850;16001800313;30082011;12031806;326;820;621 ~~~~~~~~~~~~~~~~~~~~~~~~~~~~~~~~~~ 11-21
19051513;21102089k;19235850;17001800313;01092011;13031806;327;514;788 ~~~~~~~~~~~~~~~~~~~~~~~~~~~~~~~~~~ 11-22
20051513;22102089k;20235850;18001800313;02092011;14031806;328;769;621 ~~~~~~~~~~~~~~~~~~~~~~~~~~~~~~~~~~ 11-23
21051513;23102089k;21235850;19001800313;03092011;15031806;329;440;398;876 ~~~~~~~~~~~~~~~~~~~~~~~~~~~~~~ 11-24
22051513;24102089k;22235850;00011800313;04092011;16031806;330;441;621 ~~~~~~~~~~~~~~~~~~~~~~~~~~~~~~~~~~ 11-25
23051513;25102089k;23235850;01011800313;05092011;17031806;331;770;768;417 ~~~~~~~~~~~~~~~~~~~~~~~~~~~~~~ 11-26
24051513;26102089k;24235850;02011800313;06092011;18031806;332;589;621 ~~~~~~~~~~~~~~~~~~~~~~~~~~~~~~~~~~ 11-27
25051513;27102089k;25235850;03011800313;07092011;19031806;333;442;369;936;516 ~~~~~~~~~~~~~~~~~~~~~~~~~~ 11-28
26051513;28102089k;26235850;04011800313;08092011;20031806;334;771;861;516;621 ~~~~~~~~~~~~~~~~~~~~~~~~~~ 11-29
27051513;29102089k;27235850;05011800313;09092011;21031806;335;772;436;516 ~~~~~~~~~~~~~~~~~~~~~~~~~~~~~~ 11-30
28051513;30102089k;28235850;06011800313;10092011;22031806;336;380;516;412;421;622 ~~~~~~~~~~~~~~~~~~~~~~ 12-01
29051513;01112089k;29235850;07011800313;11092011;23031806;337;774;370;516 ~~~~~~~~~~~~~~~~~~~~~~~~~~~~~~ 12-02
30051513;02112089k;30235850;08011800313;12092011;24031806;338;637;775;622 ~~~~~~~~~~~~~~~~~~~~~~~~~~~~~~ 12-03
01061513;03112089k;01245850;09011800313;13092011;25031806;339;590;516 ~~~~~~~~~~~~~~~~~~~~~~~~~~~~~~~~~~ 12-04
02061513;04112089k;02245850;10011800313;14092011;26031806;340;516;622 ~~~~~~~~~~~~~~~~~~~~~~~~~~~~~~~~~~ 12-05
03061513;05112089k;03245850;11011800313;15092011;27031806;341;773;516 ~~~~~~~~~~~~~~~~~~~~~~~~~~~~~~~~~~ 12-06
04061513;06112089k;04245850;12011800313;16092011;28031806;342;944;622 ~~~~~~~~~~~~~~~~~~~~~~~~~~~~~~~~~~ 12-07
05061513;07112089k;05245850;13011800313;17092011;29031806;343;513;412 ~~~~~~~~~~~~~~~~~~~~~~~~~~~~~~~~~~ 12-08
06061513;08112089k;06245850;14011800313;18092011;30031806;344;397;399;622 ~~~~~~~~~~~~~~~~~~~~~~~~~~~~~~ 12-09
07061513;09112089k;07245850;15011800313;19092011;01041806;345;776 ~~~~~~~~~~~~~~~~~~~~~~~~~~~~~~~~~~~~~~ 12-10
08061513;10112089k;08245850;16011800313;20092011;02041806;346;777;591;421;622 ~~~~~~~~~~~~~~~~~~~~~~~~~~ 12-11
09061513;11112089k;09245850;17011800313;21092011;03041806;347;820 ~~~~~~~~~~~~~~~~~~~~~~~~~~~~~~~~~~~~~~ 12-12
10061513;12112089k;10245850;18011800313;22092011;04041806;348;557;890;622 ~~~~~~~~~~~~~~~~~~~~~~~~~~~~~~ 12-13
11061513;13112089k;11245850;19011800313;23092011;05041806;349 ~~~~~~~~~~~~~~~~~~~~~~~~~~~~~~~~~~~~~~~~~~ 12-14
12061513;14112089k;12245850;00021800313;24092011;06041806;350;400;622 ~~~~~~~~~~~~~~~~~~~~~~~~~~~~~~~~~~ 12-15
13061513;15112089k;13245850;01021800313;25092011;07041806;351;778 ~~~~~~~~~~~~~~~~~~~~~~~~~~~~~~~~~~~~~~ 12-16
14061513;16112089k;14245850;02021800313;26092011;08041806;352;395;433;545;887;622 ~~~~~~~~~~~~~~~~~~~~~~ 12-17
15061513;17112089k;15245850;03021800313;27092011;09041806;353;592;400 ~~~~~~~~~~~~~~~~~~~~~~~~~~~~~~~~~~ 12-18
16061513;18112089k;16245850;04021800313;28092011;10041806;354;514;622 ~~~~~~~~~~~~~~~~~~~~~~~~~~~~~~~~~~ 12-19
17061513;19112089k;17245850;05021800313;29092011;11041806;355;371;466 ~~~~~~~~~~~~~~~~~~~~~~~~~~~~~~~~~~ 12-20
18061513;20112089k;18245850;06021800313;30092011;12041806;356;426;400;622 ~~~~~~~~~~~~~~~~~~~~~~~~~~~~~~ 12-21
19061513;21112089k;19245850;07021800313;01102011;13041806;357;465 ~~~~~~~~~~~~~~~~~~~~~~~~~~~~~~~~~~~~~~ 12-22
20061513;22112089k;20245850;08021800313;02102011;14041806;358;398;375;418;622 ~~~~~~~~~~~~~~~~~~~~~~~~~~ 12-23
21061513;23112089k;21245850;09021800313;03102011;15041806;359 ~~~~~~~~~~~~~~~~~~~~~~~~~~~~~~~~~~~~~~~~~~ 12-24
22061513;24112089k;22245850;10021800313;04102011;16041806;360;622 ~~~~~~~~~~~~~~~~~~~~~~~~~~~~~~~~~~~~~~ 12-25
23061513;25112089k;23245850;11021800313;05102011;17041806;361 ~~~~~~~~~~~~~~~~~~~~~~~~~~~~~~~~~~~~~~~~~~ 12-26
24061513;26112089k;24245850;12021800313;06102011;18041806;362;917;622 ~~~~~~~~~~~~~~~~~~~~~~~~~~~~~~~~~~ 12-27
25061513;27112089k;25245850;13021800313;07102011;19041806;363;401 ~~~~~~~~~~~~~~~~~~~~~~~~~~~~~~~~~~~~~~ 12-28
26061513;28112089k;26245850;14021800313;08102011;20041806;364;412;622 ~~~~~~~~~~~~~~~~~~~~~~~~~~~~~~~~~~ 12-29
27061513;29112089k;27245850;15021800313;09102011;21041806;365 ~~~~~~~~~~~~~~~~~~~~~~~~~~~~~~~~~~~~~~~~~~ 12-30
28061513;30112089k;28245850;16021800313;10102011;22041806;366;380;622 ~~~~~~~~~~~~~~~~~~~~~~~~~~~~~~~~~~ 12-31
