07061511;08122087i;07045848;05021600313;11102009;22041804;001;397 ~~~~~~~~~~~~~~~~~~~~~~~~~~~~~~~~~~~~~~ 01-01
08061511;09122087i;08045848;06021600313;12102009;23041804;002 ~~~~~~~~~~~~~~~~~~~~~~~~~~~~~~~~~~~~~~~~~~ 01-02
09061511;10122087i;09045848;07021600313;13102009;24041804;003;637;422 ~~~~~~~~~~~~~~~~~~~~~~~~~~~~~~~~~~ 01-03
10061511;11122087i;10045848;08021600313;14102009;25041804;004;436;905 ~~~~~~~~~~~~~~~~~~~~~~~~~~~~~~~~~~ 01-04
11061511;12122087i;11045848;09021600313;15102009;26041804;005;372 ~~~~~~~~~~~~~~~~~~~~~~~~~~~~~~~~~~~~~~ 01-05
12061511;13122087i;12045848;10021600313;16102009;27041804;006;514 ~~~~~~~~~~~~~~~~~~~~~~~~~~~~~~~~~~~~~~ 01-06
13061511;14122087i;13045848;11021600313;17102009;28041804;007 ~~~~~~~~~~~~~~~~~~~~~~~~~~~~~~~~~~~~~~~~~~ 01-07
14061511;15122087i;14045848;12021600313;18102009;29041804;008;381;413;904 ~~~~~~~~~~~~~~~~~~~~~~~~~~~~~~ 01-08
15061511;16122087i;15045848;13021600313;19102009;30041804;009 ~~~~~~~~~~~~~~~~~~~~~~~~~~~~~~~~~~~~~~~~~~ 01-09
16061511;17122087i;16045848;14021600313;20102009;01051804;010;626 ~~~~~~~~~~~~~~~~~~~~~~~~~~~~~~~~~~~~~~ 01-10
17061511;18122087i;17045848;15021600313;21102009;02051804;011;627;399;916 ~~~~~~~~~~~~~~~~~~~~~~~~~~~~~~ 01-11
18061511;19122087i;18045848;16021600313;22102009;03051804;012;628;375 ~~~~~~~~~~~~~~~~~~~~~~~~~~~~~~~~~~ 01-12
19061511;20122087i;19045848;17021600313;23102009;04051804;013;629;433;403 ~~~~~~~~~~~~~~~~~~~~~~~~~~~~~~ 01-13
20061511;21122087i;20045848;18021600313;24102009;05051804;014 ~~~~~~~~~~~~~~~~~~~~~~~~~~~~~~~~~~~~~~~~~~ 01-14
21061511;22122087i;21045848;19021600313;25102009;06051804;015;631;398 ~~~~~~~~~~~~~~~~~~~~~~~~~~~~~~~~~~ 01-15
22061511;23122087i;22045848;00031600313;26102009;07051804;016 ~~~~~~~~~~~~~~~~~~~~~~~~~~~~~~~~~~~~~~~~~~ 01-16
23061511;24122087i;23045848;01031600313;27102009;08051804;017;630 ~~~~~~~~~~~~~~~~~~~~~~~~~~~~~~~~~~~~~~ 01-17
24061511;25122087i;24045848;02031600313;28102009;09051804;018;625;513 ~~~~~~~~~~~~~~~~~~~~~~~~~~~~~~~~~~ 01-18
25061511;26122087i;25045848;03031600313;29102009;10051804;019;492;923;418 ~~~~~~~~~~~~~~~~~~~~~~~~~~~~~~ 01-19
26061511;27122087i;26045848;04031600313;30102009;11051804;020 ~~~~~~~~~~~~~~~~~~~~~~~~~~~~~~~~~~~~~~~~~~ 01-20
27061511;28122087i;27045848;05031600313;01112009;12051804;021 ~~~~~~~~~~~~~~~~~~~~~~~~~~~~~~~~~~~~~~~~~~ 01-21
28061511;29122087i;28045848;06031600313;02112009;13051804;022 ~~~~~~~~~~~~~~~~~~~~~~~~~~~~~~~~~~~~~~~~~~ 01-22
29061511;30122087i;29045848;07031600313;03112009;14051804;023;380;888;375;400 ~~~~~~~~~~~~~~~~~~~~~~~~~~ 01-23
01071511;01012088j;01055848;08031600313;04112009;15051804;024;479;490 ~~~~~~~~~~~~~~~~~~~~~~~~~~~~~~~~~~ 01-24
02071511;02012088j;02055848;09031600313;05112009;16051804;025;635;820;566;479;490;403 ~~~~~~~~~~~~~~~~~~ 01-25
03071511;03012088j;03055848;10031600313;06112009;17051804;026;636;566;400 ~~~~~~~~~~~~~~~~~~~~~~~~~~~~~~ 01-26
04071511;04012088j;04055848;11031600313;07112009;18051804;027;566;580 ~~~~~~~~~~~~~~~~~~~~~~~~~~~~~~~~~~ 01-27
05071511;05012088j;05055848;12031600313;08112009;19051804;028;632;940;566 ~~~~~~~~~~~~~~~~~~~~~~~~~~~~~~ 01-28
06071511;06012088j;06055848;13031600313;09112009;20051804;029;400;403 ~~~~~~~~~~~~~~~~~~~~~~~~~~~~~~~~~~ 01-29
07071511;07012088j;07055848;14031600313;10112009;21051804;030;633;397;914 ~~~~~~~~~~~~~~~~~~~~~~~~~~~~~~ 01-30
08071511;08012088j;08055848;15031600313;11112009;22051804;031;634;401;536 ~~~~~~~~~~~~~~~~~~~~~~~~~~~~~~ 01-31
09071511;09012088j;09055848;15031600313;12112009;23051804;032 ~~~~~~~~~~~~~~~~~~~~~~~~~~~~~~~~~~~~~~~~~~ 02-01
10071511;10012088j;10055848;16031600313;13112009;24051804;033;408;403 ~~~~~~~~~~~~~~~~~~~~~~~~~~~~~~~~~~ 02-02
11071511;11012088j;11055848;17031600313;14112009;25051804;034;514;873 ~~~~~~~~~~~~~~~~~~~~~~~~~~~~~~~~~~ 02-03
12071511;12012088j;12055848;18031600313;15112009;26051804;035 ~~~~~~~~~~~~~~~~~~~~~~~~~~~~~~~~~~~~~~~~~~ 02-04
13071511;13012088j;13055848;19031600313;16112009;27051804;036;638 ~~~~~~~~~~~~~~~~~~~~~~~~~~~~~~~~~~~~~~ 02-05
14071511;14012088j;14055848;00041600313;17112009;28051804;037;639;382;825;884;403 ~~~~~~~~~~~~~~~~~~~~~~ 02-06
15071511;15012088j;15055848;01041600313;18112009;29051804;038;637;640;612 ~~~~~~~~~~~~~~~~~~~~~~~~~~~~~~ 02-07
16071511;16012088j;16055848;02041600313;19112009;30051804;039;453;409;581 ~~~~~~~~~~~~~~~~~~~~~~~~~~~~~~ 02-08
17071511;17012088j;17055848;03041600313;20112009;01061804;040;641 ~~~~~~~~~~~~~~~~~~~~~~~~~~~~~~~~~~~~~~ 02-09
18071511;18012088j;18055848;04041600313;21112009;02061804;041;403 ~~~~~~~~~~~~~~~~~~~~~~~~~~~~~~~~~~~~~~ 02-10
19071511;19012088j;19055848;05041600313;22112009;03061804;042 ~~~~~~~~~~~~~~~~~~~~~~~~~~~~~~~~~~~~~~~~~~ 02-11
20071511;20012088j;20055848;06041600313;23112009;04061804;043;642 ~~~~~~~~~~~~~~~~~~~~~~~~~~~~~~~~~~~~~~ 02-12
21071511;21012088j;21055848;07041600313;24112009;05061804;044;437 ~~~~~~~~~~~~~~~~~~~~~~~~~~~~~~~~~~~~~~ 02-13
22071511;22012088j;22055848;08041600313;25112009;06061804;045;643;398;375;403 ~~~~~~~~~~~~~~~~~~~~~~~~~~ 02-14
23071511;23012088j;23055848;09041600313;26112009;07061804;046;513;418 ~~~~~~~~~~~~~~~~~~~~~~~~~~~~~~~~~~ 02-15
24071511;24012088j;24055848;10041600313;27112009;08061804;047;450 ~~~~~~~~~~~~~~~~~~~~~~~~~~~~~~~~~~~~~~ 02-16
25071511;25012088j;25055848;11041600313;28112009;09061804;048;854;612 ~~~~~~~~~~~~~~~~~~~~~~~~~~~~~~~~~~ 02-17
26071511;26012088j;26055848;12041600313;29112009;10061804;049;943;854;403 ~~~~~~~~~~~~~~~~~~~~~~~~~~~~~~ 02-18
27071511;27012088j;27055848;13041600313;30112009;11061804;050;644;509;612 ~~~~~~~~~~~~~~~~~~~~~~~~~~~~~~ 02-19
28071511;28012088j;28055848;14041600313;01122009;12061804;051;645;886;409 ~~~~~~~~~~~~~~~~~~~~~~~~~~~~~~ 02-20
29071511;29012088j;29055848;15041600313;02122009;13061804;052;612 ~~~~~~~~~~~~~~~~~~~~~~~~~~~~~~~~~~~~~~ 02-21
30071511;01022088j;30055848;16041600313;03122009;14061804;053;380;403 ~~~~~~~~~~~~~~~~~~~~~~~~~~~~~~~~~~ 02-22
01081511;02022088j;01065848;17041600313;04122009;15061804;054;376;612 ~~~~~~~~~~~~~~~~~~~~~~~~~~~~~~~~~~ 02-23
02081511;03022088j;02065848;18041600313;05122009;16061804;055;443;646 ~~~~~~~~~~~~~~~~~~~~~~~~~~~~~~~~~~ 02-24
03081511;04022088j;03065848;19041600313;06122009;17061804;056;444 ~~~~~~~~~~~~~~~~~~~~~~~~~~~~~~~~~~~~~~ 02-25
04081511;05022088j;04065848;00051600313;07122009;18061804;057;647;648;432;403;409 ~~~~~~~~~~~~~~~~~~~~~~ 02-26
05081511;06022088j;05065848;01051600313;08122009;19061804;058;649;832;612 ~~~~~~~~~~~~~~~~~~~~~~~~~~~~~~ 02-27
06081511;07022088j;06065848;02051600313;09122009;20061804;059 ~~~~~~~~~~~~~~~~~~~~~~~~~~~~~~~~~~~~~~~~~~ 02-28
07081511;08022088j;07065848;03051600313;10122009;21061804;060;650;397;514 ~~~~~~~~~~~~~~~~~~~~~~~~~~~~~~ 02-29
08081511;09022088j;08065848;06051600313;11122009;22061804;061;820;403 ~~~~~~~~~~~~~~~~~~~~~~~~~~~~~~~~~~ 03-01
09081511;10022088j;09065848;07051600313;12122009;23061804;062 ~~~~~~~~~~~~~~~~~~~~~~~~~~~~~~~~~~~~~~~~~~ 03-02
10081511;11022088j;10065848;08051600313;13122009;24061804;063;517;826;409 ~~~~~~~~~~~~~~~~~~~~~~~~~~~~~~ 03-03
11081511;12022088j;11065848;09051600313;14122009;25061804;064;653 ~~~~~~~~~~~~~~~~~~~~~~~~~~~~~~~~~~~~~~ 03-04
12081511;13022088j;12065848;10051600313;15122009;26061804;065;654;403 ~~~~~~~~~~~~~~~~~~~~~~~~~~~~~~~~~~ 03-05
13081511;14022088j;13065848;11051600313;16122009;27061804;066;637;544;623;825 ~~~~~~~~~~~~~~~~~~~~~~~~~~ 03-06
14081511;15022088j;14065848;12051600313;17122009;28061804;067;655;383;598;906;512;519;613 ~~~~~~~~~~~~~~ 03-07
15081511;16022088j;15065848;13051600313;18122009;29061804;068;562 ~~~~~~~~~~~~~~~~~~~~~~~~~~~~~~~~~~~~~~ 03-08
16081511;17022088j;16065848;14051600313;19122009;30061804;069;562;613 ~~~~~~~~~~~~~~~~~~~~~~~~~~~~~~~~~~ 03-09
17081511;18022088j;17065848;15051600313;20122009;01071804;070;562;824 ~~~~~~~~~~~~~~~~~~~~~~~~~~~~~~~~~~ 03-10
18081511;19022088j;18065848;16051600313;21122009;02071804;071;656;836 ~~~~~~~~~~~~~~~~~~~~~~~~~~~~~~~~~~ 03-11
19081511;20022088j;19065848;17051600313;22122009;03071804;072;864 ~~~~~~~~~~~~~~~~~~~~~~~~~~~~~~~~~~~~~~ 03-12
20081511;21022088j;20065848;18051600313;23122009;04071804;073;418;613 ~~~~~~~~~~~~~~~~~~~~~~~~~~~~~~~~~~ 03-13
21081511;22022088j;21065848;19051600313;24122009;05071804;074;513 ~~~~~~~~~~~~~~~~~~~~~~~~~~~~~~~~~~~~~~ 03-14
22081511;23022088j;22065848;00061600313;25122009;06071804;075;398;533;924;409 ~~~~~~~~~~~~~~~~~~~~~~~~~~ 03-15
23081511;24022088j;23065848;01061600313;26122009;07071804;076;657 ~~~~~~~~~~~~~~~~~~~~~~~~~~~~~~~~~~~~~~ 03-16
24081511;25022088j;24065848;02061600313;27122009;08071804;077;613 ~~~~~~~~~~~~~~~~~~~~~~~~~~~~~~~~~~~~~~ 03-17
25081511;26022088j;25065848;03061600313;28122009;09071804;078;658;466 ~~~~~~~~~~~~~~~~~~~~~~~~~~~~~~~~~~ 03-18
26081511;27022088j;26065848;04061600313;29122009;10071804;079;816;900;424;613 ~~~~~~~~~~~~~~~~~~~~~~~~~~ 03-19
27081511;28022088j;27065848;05061600313;30122009;11071804;080;459 ~~~~~~~~~~~~~~~~~~~~~~~~~~~~~~~~~~~~~~ 03-20
28081511;29022088j;28065848;06061600313;01012010;12071804;081;851;403;409 ~~~~~~~~~~~~~~~~~~~~~~~~~~~~~~ 03-21
29081511;30022088j;29065848;07061600313;02012010;13071804;082;380;928 ~~~~~~~~~~~~~~~~~~~~~~~~~~~~~~~~~~ 03-22
01091511;01032088j;01075848;08061600313;03012010;14071804;083;659;538;559;935;504 ~~~~~~~~~~~~~~~~~~~~~~ 03-23
02091511;02032088j;02075848;09061600313;04012010;15071804;084 ~~~~~~~~~~~~~~~~~~~~~~~~~~~~~~~~~~~~~~~~~~ 03-24
03091511;03032088j;03075848;10061600313;05012010;16071804;085;555;577;403;505;613 ~~~~~~~~~~~~~~~~~~~~~~ 03-25
04091511;04032088j;04075848;11061600313;06012010;17071804;086;514 ~~~~~~~~~~~~~~~~~~~~~~~~~~~~~~~~~~~~~~ 03-26
05091511;05032088j;05075848;12061600313;07012010;18071804;087;409;613 ~~~~~~~~~~~~~~~~~~~~~~~~~~~~~~~~~~ 03-27
06091511;06032088j;06075848;13061600313;08012010;19071804;088;652;945 ~~~~~~~~~~~~~~~~~~~~~~~~~~~~~~~~~~ 03-28
07091511;07032088j;07075848;14061600313;09012010;20071804;089;397;852;403 ~~~~~~~~~~~~~~~~~~~~~~~~~~~~~~ 03-29
08091511;08032088j;08075848;15061600313;10012010;21071804;090;913 ~~~~~~~~~~~~~~~~~~~~~~~~~~~~~~~~~~~~~~ 03-30
09091511;09032088j;09075848;16061600313;11012010;22071804;091;660;912;933;418 ~~~~~~~~~~~~~~~~~~~~~~~~~~ 03-31
10091511;10032088j;10075848;17061600313;12012010;23071804;092;877 ~~~~~~~~~~~~~~~~~~~~~~~~~~~~~~~~~~~~~~ 04-01
11091511;11032088j;11075848;18061600313;13012010;24071804;093;457;554;403 ~~~~~~~~~~~~~~~~~~~~~~~~~~~~~~ 04-02
12091511;12032088j;12075848;19061600313;14012010;25071804;094;637;661;571 ~~~~~~~~~~~~~~~~~~~~~~~~~~~~~~ 04-03
13091511;13032088j;13075848;00071600313;15012010;26071804;095;493;662 ~~~~~~~~~~~~~~~~~~~~~~~~~~~~~~~~~~ 04-04
14091511;14032088j;14075848;01071600313;16012010;27071804;096;384;539;651;575 ~~~~~~~~~~~~~~~~~~~~~~~~~~ 04-05
15091511;15032088j;15075848;02071600313;17012010;28071804;097;515;403;651 ~~~~~~~~~~~~~~~~~~~~~~~~~~~~~~ 04-06
16091511;16032088j;16075848;03071600313;18012010;29071804;098;663;651 ~~~~~~~~~~~~~~~~~~~~~~~~~~~~~~~~~~ 04-07
17091511;17032088j;17075848;04071600313;19012010;30071804;099;409;505;651 ~~~~~~~~~~~~~~~~~~~~~~~~~~~~~~ 04-08
18091511;18032088j;18075848;05071600313;20012010;01081804;100;445;651 ~~~~~~~~~~~~~~~~~~~~~~~~~~~~~~~~~~ 04-09
19091511;19032088j;19075848;06071600313;21012010;02081804;101;446;433;651;403;614 ~~~~~~~~~~~~~~~~~~~~~~ 04-10
20091511;20032088j;20075848;07071600313;22012010;03081804;102;447;513 ~~~~~~~~~~~~~~~~~~~~~~~~~~~~~~~~~~ 04-11
21091511;21032088j;21075848;08071600313;23012010;04081804;103;448;614 ~~~~~~~~~~~~~~~~~~~~~~~~~~~~~~~~~~ 04-12
22091511;22032088j;22075848;09071600313;24012010;05081804;104;398 ~~~~~~~~~~~~~~~~~~~~~~~~~~~~~~~~~~~~~~ 04-13
23091511;23032088j;23075848;10071600313;25012010;06081804;105;818;403;409 ~~~~~~~~~~~~~~~~~~~~~~~~~~~~~~ 04-14
24091511;24032088j;24075848;11071600313;26012010;07081804;106;631;664 ~~~~~~~~~~~~~~~~~~~~~~~~~~~~~~~~~~ 04-15
25091511;25032088j;25075848;12071600313;27012010;08081804;107;665 ~~~~~~~~~~~~~~~~~~~~~~~~~~~~~~~~~~~~~~ 04-16
26091511;26032088j;26075848;13071600313;28012010;09081804;108;666;823;939 ~~~~~~~~~~~~~~~~~~~~~~~~~~~~~~ 04-17
27091511;27032088j;27075848;14071600313;29012010;10081804;109;526;508;403;418;614 ~~~~~~~~~~~~~~~~~~~~~~ 04-18
28091511;28032088j;28075848;15071600313;30012010;11081804;110;794 ~~~~~~~~~~~~~~~~~~~~~~~~~~~~~~~~~~~~~~ 04-19
29091511;29032088j;29075848;16071600313;31012010;12081804;111;859;614 ~~~~~~~~~~~~~~~~~~~~~~~~~~~~~~~~~~ 04-20
30091511;01042088j;30075848;17071600313;01022010;13081804;112;380;930;953;506 ~~~~~~~~~~~~~~~~~~~~~~~~~~ 04-21
01101511;02042088j;01085848;18071600313;02022010;14081804;113;667;502;403;614 ~~~~~~~~~~~~~~~~~~~~~~~~~~ 04-22
02101511;03042088j;02085848;19071600313;03022010;15081804;114;507;510;514;902 ~~~~~~~~~~~~~~~~~~~~~~~~~~ 04-23
03101511;04042088j;03085848;00081600313;04022010;16081804;115;668;436;456;614 ~~~~~~~~~~~~~~~~~~~~~~~~~~ 04-24
04101511;05042088j;04085848;01081600313;05022010;17081804;116;669;528 ~~~~~~~~~~~~~~~~~~~~~~~~~~~~~~~~~~ 04-25
05101511;06042088j;05085848;02081600313;06022010;18081804;117;529;409 ~~~~~~~~~~~~~~~~~~~~~~~~~~~~~~~~~~ 04-26
06101511;07042088j;06085848;03081600313;07022010;19081804;118;397;419;553 ~~~~~~~~~~~~~~~~~~~~~~~~~~~~~~ 04-27
07101511;08042088j;07085848;04081600313;08022010;20081804;119;670;614 ~~~~~~~~~~~~~~~~~~~~~~~~~~~~~~~~~~ 04-28
08101511;09042088j;08085848;05081600313;09022010;21081804;120;927 ~~~~~~~~~~~~~~~~~~~~~~~~~~~~~~~~~~~~~~ 04-29
09101511;10042088j;09085848;06081600313;10022010;22081804;121;596;671 ~~~~~~~~~~~~~~~~~~~~~~~~~~~~~~~~~~ 04-30
10101511;11042088j;10085848;07081600313;11022010;23081804;122;637;672;889 ~~~~~~~~~~~~~~~~~~~~~~~~~~~~~~ 05-01
11101511;12042088j;11085848;08081600313;12022010;24081804;123;673;409 ~~~~~~~~~~~~~~~~~~~~~~~~~~~~~~~~~~ 05-02
12101511;13042088j;12085848;09081600313;13022010;25081804;124;674 ~~~~~~~~~~~~~~~~~~~~~~~~~~~~~~~~~~~~~~ 05-03
13101511;14042088j;13085848;10081600313;14022010;26081804;125;675;894;403 ~~~~~~~~~~~~~~~~~~~~~~~~~~~~~~ 05-04
14101511;15042088j;14085848;11081600313;15022010;27081804;126;676;385;399;537;540;937;947 ~~~~~~~~~~~~~~ 05-05
15101511;16042088j;15085848;12081600313;16022010;28081804;127;677;892 ~~~~~~~~~~~~~~~~~~~~~~~~~~~~~~~~~~ 05-06
16101511;17042088j;16085848;13081600313;17022010;29081804;128;679;678 ~~~~~~~~~~~~~~~~~~~~~~~~~~~~~~~~~~ 05-07
17101511;18042088j;17085848;14081600313;18022010;30081804;129;681;680;513;400;403;409 ~~~~~~~~~~~~~~~~~~ 05-08
18101511;19042088j;18085848;15081600313;19022010;01091804;130;451;518 ~~~~~~~~~~~~~~~~~~~~~~~~~~~~~~~~~~ 05-09
19101511;20042088j;19085848;16081600313;20022010;02091804;131;682 ~~~~~~~~~~~~~~~~~~~~~~~~~~~~~~~~~~~~~~ 05-10
20101511;21042088j;20085848;17081600313;21022010;03091804;132;400 ~~~~~~~~~~~~~~~~~~~~~~~~~~~~~~~~~~~~~~ 05-11
21101511;22042088j;21085848;18081600313;22022010;04091804;133;683;403 ~~~~~~~~~~~~~~~~~~~~~~~~~~~~~~~~~~ 05-12
22101511;23042088j;22085848;19081600313;23022010;05091804;134;398;615 ~~~~~~~~~~~~~~~~~~~~~~~~~~~~~~~~~~ 05-13
23101511;24042088j;23085848;00091600313;24022010;06091804;135;400;409 ~~~~~~~~~~~~~~~~~~~~~~~~~~~~~~~~~~ 05-14
24101511;25042088j;24085848;01091600313;25022010;07091804;136;687 ~~~~~~~~~~~~~~~~~~~~~~~~~~~~~~~~~~~~~~ 05-15
25101511;26042088j;25085848;02091600313;26022010;08091804;137;684;624 ~~~~~~~~~~~~~~~~~~~~~~~~~~~~~~~~~~ 05-16
26101511;27042088j;26085848;03091600313;27022010;09091804;138;530;624 ~~~~~~~~~~~~~~~~~~~~~~~~~~~~~~~~~~ 05-17
27101511;28042088j;27085848;04091600313;28022010;10091804;139;624 ~~~~~~~~~~~~~~~~~~~~~~~~~~~~~~~~~~~~~~ 05-18
28101511;29042088j;28085848;05091600313;29022010;11091804;140;685;624 ~~~~~~~~~~~~~~~~~~~~~~~~~~~~~~~~~~ 05-19
29101511;30042088j;29085848;06091600313;30022010;12091804;141;494;797;380;921;942;624;400;403;409 ~~~~~~ 05-20
01111511;01242088j;01095848;07091600313;31022010;13091804;142;686;514;573;624;615 ~~~~~~~~~~~~~~~~~~~~~~ 05-21
02111511;02242088j;02095848;08091600313;01032010;14091804;143;798;573;624 ~~~~~~~~~~~~~~~~~~~~~~~~~~~~~~ 05-22
03111511;03242088j;03095848;09091600313;02032010;15091804;144;573;615 ~~~~~~~~~~~~~~~~~~~~~~~~~~~~~~~~~~ 05-23
04111511;04242088j;04095848;10091600313;03032010;16091804;145;789;432 ~~~~~~~~~~~~~~~~~~~~~~~~~~~~~~~~~~ 05-24
05111511;05242088j;05095848;11091600313;04032010;17091804;146 ~~~~~~~~~~~~~~~~~~~~~~~~~~~~~~~~~~~~~~~~~~ 05-25
06111511;06242088j;06095848;12091600313;05032010;18091804;147;688;522;400;409 ~~~~~~~~~~~~~~~~~~~~~~~~~~ 05-26
07111511;07242088j;07095848;13091600313;06032010;19091804;148;397 ~~~~~~~~~~~~~~~~~~~~~~~~~~~~~~~~~~~~~~ 05-27
08111511;08242088j;08095848;14091600313;07032010;20091804;149;689;403 ~~~~~~~~~~~~~~~~~~~~~~~~~~~~~~~~~~ 05-28
09111511;09242088j;09095848;15091600313;08032010;21091804;150;439;378;401;552;615 ~~~~~~~~~~~~~~~~~~~~~~ 05-29
10111511;10242088j;10095848;16091600313;09032010;22091804;151;449;439;896 ~~~~~~~~~~~~~~~~~~~~~~~~~~~~~~ 05-30
11111511;11242088j;11095848;17091600313;10032010;23091804;152;438 ~~~~~~~~~~~~~~~~~~~~~~~~~~~~~~~~~~~~~~ 05-31
12111511;12242088j;12095848;18091600313;11032010;24091804;153 ~~~~~~~~~~~~~~~~~~~~~~~~~~~~~~~~~~~~~~~~~~ 06-01
13111511;13242088j;13095848;19091600313;12032010;25091804;154;691;694 ~~~~~~~~~~~~~~~~~~~~~~~~~~~~~~~~~~ 06-02
14111511;14242088j;14095848;00101600313;13032010;26091804;155;941 ~~~~~~~~~~~~~~~~~~~~~~~~~~~~~~~~~~~~~~ 06-03
15111511;15242088j;15095848;01101600313;14032010;27091804;156;692;386;410;874 ~~~~~~~~~~~~~~~~~~~~~~~~~~ 06-04
16111511;16242088j;16095848;02101600313;15032010;28091804;157;637;693;513;403;616 ~~~~~~~~~~~~~~~~~~~~~~ 06-05
17111511;17242088j;17095848;03101600313;16032010;29091804;158;690 ~~~~~~~~~~~~~~~~~~~~~~~~~~~~~~~~~~~~~~ 06-06
18111511;18242088j;18095848;04101600313;17032010;30091804;159 ~~~~~~~~~~~~~~~~~~~~~~~~~~~~~~~~~~~~~~~~~~ 06-07
19111511;19242088j;19095848;05101600313;18032010;01101804;160;696 ~~~~~~~~~~~~~~~~~~~~~~~~~~~~~~~~~~~~~~ 06-08
20111511;20242088j;20095848;06101600313;19032010;02101804;161;616 ~~~~~~~~~~~~~~~~~~~~~~~~~~~~~~~~~~~~~~ 06-09
21111511;21242088j;21095848;07101600313;20032010;03101804;162;569 ~~~~~~~~~~~~~~~~~~~~~~~~~~~~~~~~~~~~~~ 06-10
22111511;22242088j;22095848;08101600313;21032010;04101804;163;414;569 ~~~~~~~~~~~~~~~~~~~~~~~~~~~~~~~~~~ 06-11
23111511;23242088j;23095848;09101600313;22032010;05101804;164;697;799;398;437 ~~~~~~~~~~~~~~~~~~~~~~~~~~ 06-12
24111511;24242088j;24095848;10101600313;23032010;06101804;165;695;811;403;616 ~~~~~~~~~~~~~~~~~~~~~~~~~~ 06-13
25111511;25242088j;25095848;11101600313;24032010;07101804;166 ~~~~~~~~~~~~~~~~~~~~~~~~~~~~~~~~~~~~~~~~~~ 06-14
26111511;26242088j;26095848;12101600313;25032010;08101804;167;946 ~~~~~~~~~~~~~~~~~~~~~~~~~~~~~~~~~~~~~~ 06-15
27111511;27242088j;27095848;13101600313;26032010;09101804;168 ~~~~~~~~~~~~~~~~~~~~~~~~~~~~~~~~~~~~~~~~~~ 06-16
28111511;28242088j;28095848;14101600313;27032010;10101804;169;698;403;616 ~~~~~~~~~~~~~~~~~~~~~~~~~~~~~~ 06-17
29111511;29242088j;29095848;15101600313;28032010;11101804;170;701;699;380;514;700 ~~~~~~~~~~~~~~~~~~~~~~ 06-18
30111511;01052088j;30095848;16101600313;29032010;12101804;171;460;616 ~~~~~~~~~~~~~~~~~~~~~~~~~~~~~~~~~~ 06-19
01121511;02052088j;01105848;17101600313;30032010;13101804;172;452;452;870;425 ~~~~~~~~~~~~~~~~~~~~~~~~~~ 06-20
02121511;03052088j;02105848;18101600313;31032010;14101804;173;461 ~~~~~~~~~~~~~~~~~~~~~~~~~~~~~~~~~~~~~~ 06-21
03121511;04052088j;03105848;19101600313;01042010;15101804;174 ~~~~~~~~~~~~~~~~~~~~~~~~~~~~~~~~~~~~~~~~~~ 06-22
04121511;05052088j;04105848;00111600313;02042010;16101804;175;564;616 ~~~~~~~~~~~~~~~~~~~~~~~~~~~~~~~~~~ 06-23
05121511;06052088j;05105848;01111600313;03042010;17101804;176 ~~~~~~~~~~~~~~~~~~~~~~~~~~~~~~~~~~~~~~~~~~ 06-24
06121511;07052088j;06105848;02111600313;04042010;18101804;177;703;397;403 ~~~~~~~~~~~~~~~~~~~~~~~~~~~~~~ 06-25
07121511;08052088j;07105848;03111600313;05042010;19101804;178;702 ~~~~~~~~~~~~~~~~~~~~~~~~~~~~~~~~~~~~~~ 06-26
08121511;09052088j;08105848;04111600313;06042010;20101804;179;415 ~~~~~~~~~~~~~~~~~~~~~~~~~~~~~~~~~~~~~~ 06-27
09121511;10052088j;09105848;05111600313;07042010;21101804;180;501 ~~~~~~~~~~~~~~~~~~~~~~~~~~~~~~~~~~~~~~ 06-28
10121511;11052088j;10105848;06111600313;08042010;22101804;181;546;500 ~~~~~~~~~~~~~~~~~~~~~~~~~~~~~~~~~~ 06-29
11121511;12052088j;11105848;07111600313;09042010;23101804;182;704;500 ~~~~~~~~~~~~~~~~~~~~~~~~~~~~~~~~~~ 06-30
12121511;13052088j;12105848;08111600313;10042010;24101804;183;815 ~~~~~~~~~~~~~~~~~~~~~~~~~~~~~~~~~~~~~~ 07-01
13121511;14052088j;13105848;09111600313;11042010;25101804;184;513;500;565 ~~~~~~~~~~~~~~~~~~~~~~~~~~~~~~ 07-02
14121511;15052088j;14105848;10111600313;12042010;26101804;185;637;705;840;387;531;561;868;500;565 ~~~~~~ 07-03
15121511;16052088j;15105848;11111600313;13042010;27101804;186;795 ~~~~~~~~~~~~~~~~~~~~~~~~~~~~~~~~~~~~~~ 07-04
16121511;17052088j;16105848;12111600313;14042010;28101804;187;373;415;617 ~~~~~~~~~~~~~~~~~~~~~~~~~~~~~~ 07-05
17121511;18052088j;17105848;13111600313;15042010;29101804;188 ~~~~~~~~~~~~~~~~~~~~~~~~~~~~~~~~~~~~~~~~~~ 07-06
18121511;19052088j;18105848;14111600313;16042010;30101804;189;433;841;403 ~~~~~~~~~~~~~~~~~~~~~~~~~~~~~~ 07-07
19121511;20052088j;19105848;15111600313;17042010;01111804;190 ~~~~~~~~~~~~~~~~~~~~~~~~~~~~~~~~~~~~~~~~~~ 07-08
20121511;21052088j;20105848;16111600313;18042010;02111804;191;617 ~~~~~~~~~~~~~~~~~~~~~~~~~~~~~~~~~~~~~~ 07-09
21121511;22052088j;21105848;17111600313;19042010;03111804;192;706 ~~~~~~~~~~~~~~~~~~~~~~~~~~~~~~~~~~~~~~ 07-10
22121511;23052088j;22105848;18111600313;20042010;04111804;193;398 ~~~~~~~~~~~~~~~~~~~~~~~~~~~~~~~~~~~~~~ 07-11
23121511;24052088j;23105848;19111600313;21042010;05111804;194;707 ~~~~~~~~~~~~~~~~~~~~~~~~~~~~~~~~~~~~~~ 07-12
24121511;25052088j;24105848;00121600313;22042010;06111804;195;842;415 ~~~~~~~~~~~~~~~~~~~~~~~~~~~~~~~~~~ 07-13
25121511;26052088j;25105848;01121600313;23042010;07111804;196;878 ~~~~~~~~~~~~~~~~~~~~~~~~~~~~~~~~~~~~~~ 07-14
26121511;27052088j;26105848;02121600313;24042010;08111804;197;631;554;403 ~~~~~~~~~~~~~~~~~~~~~~~~~~~~~~ 07-15
27121511;28052088j;27105848;03121600313;25042010;09111804;198 ~~~~~~~~~~~~~~~~~~~~~~~~~~~~~~~~~~~~~~~~~~ 07-16
28121511;29052088j;28105848;04121600313;26042010;10111804;199;708;514 ~~~~~~~~~~~~~~~~~~~~~~~~~~~~~~~~~~ 07-17
29121511;01062088j;29105848;05121600313;27042010;11111804;200;709;380 ~~~~~~~~~~~~~~~~~~~~~~~~~~~~~~~~~~ 07-18
01011512;02062088j;01115848;06121600313;28042010;12111804;201;710;495;617 ~~~~~~~~~~~~~~~~~~~~~~~~~~~~~~ 07-19
02011512;03062088j;02115848;07121600313;29042010;13111804;202 ~~~~~~~~~~~~~~~~~~~~~~~~~~~~~~~~~~~~~~~~~~ 07-20
03011512;04062088j;03115848;08121600313;30042010;14111804;203;711;617 ~~~~~~~~~~~~~~~~~~~~~~~~~~~~~~~~~~ 07-21
04011512;05062088j;04115848;09121600313;31042010;15111804;204;712;420 ~~~~~~~~~~~~~~~~~~~~~~~~~~~~~~~~~~ 07-22
05011512;06062088j;05115848;10121600313;01052010;16111804;205;596;833;617 ~~~~~~~~~~~~~~~~~~~~~~~~~~~~~~ 07-23
06011512;07062088j;06115848;11121600313;02052010;17111804;206;713 ~~~~~~~~~~~~~~~~~~~~~~~~~~~~~~~~~~~~~~ 07-24
07011512;08062088j;07115848;12121600313;03052010;18111804;207;714;397 ~~~~~~~~~~~~~~~~~~~~~~~~~~~~~~~~~~ 07-25
08011512;09062088j;08115848;13121600313;04052010;19111804;208;821 ~~~~~~~~~~~~~~~~~~~~~~~~~~~~~~~~~~~~~~ 07-26
09011512;10062088j;09115848;14121600313;05052010;20111804;209;403;496;617 ~~~~~~~~~~~~~~~~~~~~~~~~~~~~~~ 07-27
10011512;11062088j;10115848;15121600313;06052010;21111804;210;498 ~~~~~~~~~~~~~~~~~~~~~~~~~~~~~~~~~~~~~~ 07-28
11011512;12062088j;11115848;16121600313;07052010;22111804;211;715;513;898;415 ~~~~~~~~~~~~~~~~~~~~~~~~~~ 07-29
12011512;13062088j;12115848;17121600313;08052010;23111804;212;716 ~~~~~~~~~~~~~~~~~~~~~~~~~~~~~~~~~~~~~~ 07-30
13011512;14062088j;13115848;18121600313;09052010;24111804;213;496 ~~~~~~~~~~~~~~~~~~~~~~~~~~~~~~~~~~~~~~ 07-31
14011512;15062088j;14115848;19121600313;10052010;25111804;214;717;421 ~~~~~~~~~~~~~~~~~~~~~~~~~~~~~~~~~~ 08-01
15011512;16062088j;15115848;00131600313;11052010;26111804;215;388;925;496 ~~~~~~~~~~~~~~~~~~~~~~~~~~~~~~ 08-02
16011512;17062088j;16115848;01131600313;12052010;27111804;216;718 ~~~~~~~~~~~~~~~~~~~~~~~~~~~~~~~~~~~~~~ 08-03
17011512;18062088j;17115848;02131600313;13052010;28111804;217;496 ~~~~~~~~~~~~~~~~~~~~~~~~~~~~~~~~~~~~~~ 08-04
18011512;19062088j;18115848;03131600313;14052010;29111804;218;618 ~~~~~~~~~~~~~~~~~~~~~~~~~~~~~~~~~~~~~~ 08-05
19011512;20062088j;19115848;04131600313;15052010;30111804;219;719;825;415 ~~~~~~~~~~~~~~~~~~~~~~~~~~~~~~ 08-06
20011512;21062088j;20115848;05131600313;16052010;01121804;220;637;720;618 ~~~~~~~~~~~~~~~~~~~~~~~~~~~~~~ 08-07
21011512;22062088j;21115848;06131600313;17052010;02121804;221;721;403;496 ~~~~~~~~~~~~~~~~~~~~~~~~~~~~~~ 08-08
22011512;23062088j;22115848;07131600313;18052010;03121804;222;398 ~~~~~~~~~~~~~~~~~~~~~~~~~~~~~~~~~~~~~~ 08-09
23011512;24062088j;23115848;08131600313;19052010;04121804;223 ~~~~~~~~~~~~~~~~~~~~~~~~~~~~~~~~~~~~~~~~~~ 08-10
24011512;25062088j;24115848;09131600313;20052010;05121804;224;722 ~~~~~~~~~~~~~~~~~~~~~~~~~~~~~~~~~~~~~~ 08-11
25011512;26062088j;25115848;10131600313;21052010;06121804;225;403 ~~~~~~~~~~~~~~~~~~~~~~~~~~~~~~~~~~~~~~ 08-12
26011512;27062088j;26115848;11131600313;22052010;07121804;226;901 ~~~~~~~~~~~~~~~~~~~~~~~~~~~~~~~~~~~~~~ 08-13
27011512;28062088j;27115848;12131600313;23052010;08121804;227;723;514;496 ~~~~~~~~~~~~~~~~~~~~~~~~~~~~~~ 08-14
28011512;29062088j;28115848;13131600313;24052010;09121804;228 ~~~~~~~~~~~~~~~~~~~~~~~~~~~~~~~~~~~~~~~~~~ 08-15
29011512;30062088j;29115848;14131600313;25052010;10121804;229;380;403 ~~~~~~~~~~~~~~~~~~~~~~~~~~~~~~~~~~ 08-16
30011512;01072088j;30115848;15131600313;26052010;11121804;230;497 ~~~~~~~~~~~~~~~~~~~~~~~~~~~~~~~~~~~~~~ 08-17
01021512;02072088j;01125848;16131600313;27052010;12121804;231 ~~~~~~~~~~~~~~~~~~~~~~~~~~~~~~~~~~~~~~~~~~ 08-18
02021512;03072088j;02125848;17131600313;28052010;13121804;232;579;618 ~~~~~~~~~~~~~~~~~~~~~~~~~~~~~~~~~~ 08-19
03021512;04072088j;03125848;18131600313;29052010;14121804;233;432 ~~~~~~~~~~~~~~~~~~~~~~~~~~~~~~~~~~~~~~ 08-20
04021512;05072088j;04125848;19131600313;30052010;15121804;234;724;825;891 ~~~~~~~~~~~~~~~~~~~~~~~~~~~~~~ 08-21
05021512;06072088j;05125848;00141600313;31052010;16121804;235;436 ~~~~~~~~~~~~~~~~~~~~~~~~~~~~~~~~~~~~~~ 08-22
06021512;07072088j;06125848;01141600313;01062010;17121804;236;397;572 ~~~~~~~~~~~~~~~~~~~~~~~~~~~~~~~~~~ 08-23
07021512;08072088j;07125848;02141600313;02062010;18121804;237;403 ~~~~~~~~~~~~~~~~~~~~~~~~~~~~~~~~~~~~~~ 08-24
08021512;09072088j;08125848;03141600313;03062010;19121804;238 ~~~~~~~~~~~~~~~~~~~~~~~~~~~~~~~~~~~~~~~~~~ 08-25
09021512;10072088j;09125848;04141600313;04062010;20121804;239;513 ~~~~~~~~~~~~~~~~~~~~~~~~~~~~~~~~~~~~~~ 08-26
10021512;11072088j;10125848;05141600313;05062010;21121804;240;427;926;938;618 ~~~~~~~~~~~~~~~~~~~~~~~~~~ 08-27
11021512;12072088j;11125848;06141600313;06062010;22121804;241;725;838 ~~~~~~~~~~~~~~~~~~~~~~~~~~~~~~~~~~ 08-28
12021512;13072088j;12125848;07141600313;07062010;23121804;242;428;725;618 ~~~~~~~~~~~~~~~~~~~~~~~~~~~~~~ 08-29
13021512;14072088j;13125848;08141600313;08062010;24121804;243;796;897;567 ~~~~~~~~~~~~~~~~~~~~~~~~~~~~~~ 08-30
14021512;15072088j;14125848;09141600313;09062010;25121804;244;594;389;909;910;567 ~~~~~~~~~~~~~~~~~~~~~~ 08-31
15021512;16072088j;15125848;10141600313;10062010;26121804;245;595;556;925;403 ~~~~~~~~~~~~~~~~~~~~~~~~~~ 09-01
16021512;17072088j;16125848;11141600313;11062010;27121804;246 ~~~~~~~~~~~~~~~~~~~~~~~~~~~~~~~~~~~~~~~~~~ 09-02
17021512;18072088j;17125848;12141600313;12062010;28121804;247;596;727;619 ~~~~~~~~~~~~~~~~~~~~~~~~~~~~~~ 09-03
18021512;19072088j;18125848;13141600313;13062010;29121804;248;429;637;728;875 ~~~~~~~~~~~~~~~~~~~~~~~~~~ 09-04
19021512;20072088j;19125848;14141600313;14062010;30121804;249;430;845;399;403;619 ~~~~~~~~~~~~~~~~~~~~~~ 09-05
20021512;21072088j;20125848;15141600313;15062010;01131804;250;434;846;844 ~~~~~~~~~~~~~~~~~~~~~~~~~~~~~~ 09-06
21021512;22072088j;21125848;16141600313;16062010;02131804;251;435;398;415;619 ~~~~~~~~~~~~~~~~~~~~~~~~~~ 09-07
22021512;23072088j;22125848;17141600313;17062010;03131804;252;411;883;400 ~~~~~~~~~~~~~~~~~~~~~~~~~~~~~~ 09-08
23021512;24072088j;23125848;18141600313;18062010;04131804;253;730;403 ~~~~~~~~~~~~~~~~~~~~~~~~~~~~~~~~~~ 09-09
24021512;25072088j;24125848;19141600313;19062010;05131804;254;514 ~~~~~~~~~~~~~~~~~~~~~~~~~~~~~~~~~~~~~~ 09-10
25021512;26072088j;25125848;00151600313;20062010;01011805;255;503;831;400 ~~~~~~~~~~~~~~~~~~~~~~~~~~~~~~ 09-11
26021512;27072088j;26125848;01151600313;21062010;02011805;256;455;726;847 ~~~~~~~~~~~~~~~~~~~~~~~~~~~~~~ 09-12
27021512;28072088j;27125848;02151600313;22062010;03011805;257;729;619 ~~~~~~~~~~~~~~~~~~~~~~~~~~~~~~~~~~ 09-13
28021512;29072088j;28125848;03151600313;23062010;04011805;258;380;400 ~~~~~~~~~~~~~~~~~~~~~~~~~~~~~~~~~~ 09-14
29021512;01082088j;29125848;04151600313;24062010;05011805;259;521 ~~~~~~~~~~~~~~~~~~~~~~~~~~~~~~~~~~~~~~ 09-15
01031512;02082088j;01015849;05151600313;25062010;06011805;260;733;521 ~~~~~~~~~~~~~~~~~~~~~~~~~~~~~~~~~~ 09-16
02031512;03082088j;02015849;06151600313;26062010;07011805;261;734;597;521;400 ~~~~~~~~~~~~~~~~~~~~~~~~~~ 09-17
03031512;04082088j;03015849;07151600313;27062010;08011805;262;735;550 ~~~~~~~~~~~~~~~~~~~~~~~~~~~~~~~~~~ 09-18
04031512;05082088j;04015849;08151600313;28062010;09011805;263;731;915;619;848 ~~~~~~~~~~~~~~~~~~~~~~~~~~ 09-19
05031512;06082088j;05015849;09151600313;29062010;10011805;264;400 ~~~~~~~~~~~~~~~~~~~~~~~~~~~~~~~~~~~~~~ 09-20
06031512;07082088j;06015849;10151600313;30062010;11011805;265;732;462;403;848 ~~~~~~~~~~~~~~~~~~~~~~~~~~ 09-21
07031512;08082088j;07015849;11151600313;31062010;12011805;266;397;423 ~~~~~~~~~~~~~~~~~~~~~~~~~~~~~~~~~~ 09-22
08031512;09082088j;08015849;12151600313;01072010;13011805;267;513;908;463;400;415;848 ~~~~~~~~~~~~~~~~~~ 09-23
09031512;10082088j;09015849;13151600313;02072010;14011805;268;738 ~~~~~~~~~~~~~~~~~~~~~~~~~~~~~~~~~~~~~~ 09-24
10031512;11082088j;10015849;14151600313;03072010;15011805;269;739;743;527;619;848 ~~~~~~~~~~~~~~~~~~~~~~ 09-25
11031512;12082088j;11015849;15151600313;04072010;16011805;270;740;903;400 ~~~~~~~~~~~~~~~~~~~~~~~~~~~~~~ 09-26
12031512;13082088j;12015849;16151600313;05072010;17011805;271;736;511;619 ~~~~~~~~~~~~~~~~~~~~~~~~~~~~~~ 09-27
13031512;14082088j;13015849;17151600313;06072010;18011805;272;737;401;843 ~~~~~~~~~~~~~~~~~~~~~~~~~~~~~~ 09-28
14031512;15082088j;14015849;18151600313;07072010;19011805;273;742;790;520;551;570;412;848 ~~~~~~~~~~~~~~ 09-29
15031512;16082088j;15015849;19151600313;08072010;20011805;274;741;790;390;396;396;534;523;853 ~~~~~~~~~~ 09-30
16031512;17082088j;16015849;00161600313;09072010;21011805;275;748;790;907;523;853 ~~~~~~~~~~~~~~~~~~~~~~ 10-01
17031512;18082088j;17015849;01161600313;10072010;22011805;276;637;790;511;523;853 ~~~~~~~~~~~~~~~~~~~~~~ 10-02
18031512;19082088j;18015849;02161600313;11072010;23011805;277;749;790;433;523;403;848 ~~~~~~~~~~~~~~~~~~ 10-03
19031512;20082088j;19015849;03161600313;12072010;24011805;278;744;790;437;523 ~~~~~~~~~~~~~~~~~~~~~~~~~~ 10-04
20031512;21082088j;20015849;04161600313;13072010;25011805;279;745;790;514;523;620;848 ~~~~~~~~~~~~~~~~~~ 10-05
21031512;22082088j;21015849;05161600313;14072010;26011805;280;746;523;843 ~~~~~~~~~~~~~~~~~~~~~~~~~~~~~~ 10-06
22031512;23082088j;22015849;06161600313;15072010;27011805;281;747;398;524;403;620 ~~~~~~~~~~~~~~~~~~~~~~ 10-07
23031512;24082088j;23015849;07161600313;16072010;28011805;282;374;525 ~~~~~~~~~~~~~~~~~~~~~~~~~~~~~~~~~~ 10-08
24031512;25082088j;24015849;08161600313;17072010;29011805;283;754;848 ~~~~~~~~~~~~~~~~~~~~~~~~~~~~~~~~~~ 10-09
25031512;26082088j;25015849;09161600313;18072010;30011805;284;750;367;869 ~~~~~~~~~~~~~~~~~~~~~~~~~~~~~~ 10-10
26031512;27082088j;26015849;10161600313;19072010;01021805;285;751;368;403 ~~~~~~~~~~~~~~~~~~~~~~~~~~~~~~ 10-11
27031512;28082088j;27015849;11161600313;20072010;02021805;286;791 ~~~~~~~~~~~~~~~~~~~~~~~~~~~~~~~~~~~~~~ 10-12
28031512;29082088j;28015849;12161600313;21072010;03021805;287;752;620 ~~~~~~~~~~~~~~~~~~~~~~~~~~~~~~~~~~ 10-13
29031512;01092088j;29015849;13161600313;22072010;04021805;288;753;380;920;932;950 ~~~~~~~~~~~~~~~~~~~~~~ 10-14
30031512;02092088j;30015849;14161600313;23072010;05021805;289;895;403 ~~~~~~~~~~~~~~~~~~~~~~~~~~~~~~~~~~ 10-15
01041512;03092088j;01025849;15161600313;24072010;06021805;290;758;467 ~~~~~~~~~~~~~~~~~~~~~~~~~~~~~~~~~~ 10-16
02041512;04092088j;02025849;16161600313;25072010;07021805;291;415 ~~~~~~~~~~~~~~~~~~~~~~~~~~~~~~~~~~~~~~ 10-17
03041512;05092088j;03025849;17161600313;26072010;08021805;292;755 ~~~~~~~~~~~~~~~~~~~~~~~~~~~~~~~~~~~~~~ 10-18
04041512;06092088j;04025849;18161600313;27072010;09021805;293;756;403;620 ~~~~~~~~~~~~~~~~~~~~~~~~~~~~~~ 10-19
05041512;07092088j;05025849;19161600313;28072010;10021805;294;757;513;918;784;412 ~~~~~~~~~~~~~~~~~~~~~~ 10-20
06041512;08092088j;06025849;00171600313;29072010;11021805;295;631;369;919;785;620 ~~~~~~~~~~~~~~~~~~~~~~ 10-21
07041512;09092088j;07025849;01171600313;30072010;12021805;296;397;563;786 ~~~~~~~~~~~~~~~~~~~~~~~~~~~~~~ 10-22
08041512;10092088j;08025849;02171600313;01082010;13021805;297;759;548;864;885;787;403 ~~~~~~~~~~~~~~~~~~ 10-23
09041512;11092088j;09025849;03171600313;02082010;14021805;298;371;549;560 ~~~~~~~~~~~~~~~~~~~~~~~~~~~~~~ 10-24
10041512;12092088j;10025849;04171600313;03082010;15021805;299;620 ~~~~~~~~~~~~~~~~~~~~~~~~~~~~~~~~~~~~~~ 10-25
11041512;13092088j;11025849;05171600313;04082010;16021805;300;899 ~~~~~~~~~~~~~~~~~~~~~~~~~~~~~~~~~~~~~~ 10-26
12041512;14092088j;12025849;06171600313;05082010;17021805;301 ~~~~~~~~~~~~~~~~~~~~~~~~~~~~~~~~~~~~~~~~~~ 10-27
13041512;15092088j;13025849;07171600313;06082010;18021805;302 ~~~~~~~~~~~~~~~~~~~~~~~~~~~~~~~~~~~~~~~~~~ 10-28
14041512;16092088j;14025849;08171600313;07082010;19021805;303;596;849;393;882;922 ~~~~~~~~~~~~~~~~~~~~~~ 10-29
15041512;17092088j;15025849;09171600313;08082010;20021805;304;532;540;947;421 ~~~~~~~~~~~~~~~~~~~~~~~~~~ 10-30
16041512;18092088j;16025849;10171600313;09082010;21021805;305;403 ~~~~~~~~~~~~~~~~~~~~~~~~~~~~~~~~~~~~~~ 10-31
17041512;19092088j;17025849;11171600313;10082010;22021805;306;760;514 ~~~~~~~~~~~~~~~~~~~~~~~~~~~~~~~~~~ 11-01
18041512;20092088j;18025849;12171600313;11082010;23021805;307;850;881 ~~~~~~~~~~~~~~~~~~~~~~~~~~~~~~~~~~ 11-02
19041512;21092088j;19025849;13171600313;12082010;24021805;308;761;431;412;621 ~~~~~~~~~~~~~~~~~~~~~~~~~~ 11-03
20041512;22092088j;20025849;14171600313;13082010;25021805;309;762 ~~~~~~~~~~~~~~~~~~~~~~~~~~~~~~~~~~~~~~ 11-04
21041512;23092088j;21025849;15171600313;14082010;26021805;310;398;499 ~~~~~~~~~~~~~~~~~~~~~~~~~~~~~~~~~~ 11-05
22041512;24092088j;22025849;16171600313;15082010;27021805;311;637;763 ~~~~~~~~~~~~~~~~~~~~~~~~~~~~~~~~~~ 11-06
23041512;25092088j;23025849;17171600313;16082010;28021805;312;829 ~~~~~~~~~~~~~~~~~~~~~~~~~~~~~~~~~~~~~~ 11-07
24041512;26092088j;24025849;18171600313;17082010;29021805;313;403 ~~~~~~~~~~~~~~~~~~~~~~~~~~~~~~~~~~~~~~ 11-08
25041512;27092088j;25025849;19171600313;18082010;30021805;314;558;911;621 ~~~~~~~~~~~~~~~~~~~~~~~~~~~~~~ 11-09
26041512;28092088j;26025849;00001700313;19082010;01031805;315;779;784 ~~~~~~~~~~~~~~~~~~~~~~~~~~~~~~~~~~ 11-10
27041512;29092088j;27025849;01001700313;20082010;02031805;316;764;780;785;621 ~~~~~~~~~~~~~~~~~~~~~~~~~~ 11-11
28041512;30092088j;28025849;02001700313;21082010;03031805;317;380;416;781;786;893;403 ~~~~~~~~~~~~~~~~~~ 11-12
29041512;01102088j;29025849;03001700313;22082010;04031805;318;782;787 ~~~~~~~~~~~~~~~~~~~~~~~~~~~~~~~~~~ 11-13
01051512;02102088j;01035849;04001700313;23082010;05031805;319;783;788 ~~~~~~~~~~~~~~~~~~~~~~~~~~~~~~~~~~ 11-14
02051512;03102088j;02035849;05001700313;24082010;06031805;320;535;861 ~~~~~~~~~~~~~~~~~~~~~~~~~~~~~~~~~~ 11-15
03051512;04102088j;03035849;06001700313;25082010;07031805;321;432;403 ~~~~~~~~~~~~~~~~~~~~~~~~~~~~~~~~~~ 11-16
04051512;05102088j;04035849;07001700313;26082010;08031805;322;513;621 ~~~~~~~~~~~~~~~~~~~~~~~~~~~~~~~~~~ 11-17
05051512;06102088j;05035849;08001700313;27082010;09031805;323;766 ~~~~~~~~~~~~~~~~~~~~~~~~~~~~~~~~~~~~~~ 11-18
06051512;07102088j;06035849;09001700313;28082010;10031805;324;543;421 ~~~~~~~~~~~~~~~~~~~~~~~~~~~~~~~~~~ 11-19
07051512;08102088j;07035849;10001700313;29082010;11031805;325;767;403 ~~~~~~~~~~~~~~~~~~~~~~~~~~~~~~~~~~ 11-20
08051512;09102088j;08035849;11001700313;30082010;12031805;326;765;397;375;621 ~~~~~~~~~~~~~~~~~~~~~~~~~~ 11-21
09051512;10102088j;09035849;12001700313;01092010;13031805;327;788 ~~~~~~~~~~~~~~~~~~~~~~~~~~~~~~~~~~~~~~ 11-22
10051512;11102088j;10035849;13001700313;02092010;14031805;328;879 ~~~~~~~~~~~~~~~~~~~~~~~~~~~~~~~~~~~~~~ 11-23
11051512;12102088j;11035849;14001700313;03092010;15031805;329;769;417;547;403;412 ~~~~~~~~~~~~~~~~~~~~~~ 11-24
12051512;13102088j;12035849;15001700313;04092010;16031805;330;440;934 ~~~~~~~~~~~~~~~~~~~~~~~~~~~~~~~~~~ 11-25
13051512;14102088j;13035849;16001700313;05092010;17031805;331;441 ~~~~~~~~~~~~~~~~~~~~~~~~~~~~~~~~~~~~~~ 11-26
14051512;15102088j;14035849;17001700313;06092010;18031805;332;770;768 ~~~~~~~~~~~~~~~~~~~~~~~~~~~~~~~~~~ 11-27
15051512;16102088j;15035849;18001700313;07092010;19031805;333;394;369;880;589 ~~~~~~~~~~~~~~~~~~~~~~~~~~ 11-28
16051512;17102088j;16035849;19001700313;08092010;20031805;334;442;514;421 ~~~~~~~~~~~~~~~~~~~~~~~~~~~~~~ 11-29
17051512;18102088j;17035849;00011700313;09092010;21031805;335;771 ~~~~~~~~~~~~~~~~~~~~~~~~~~~~~~~~~~~~~~ 11-30
18051512;19102088j;18035849;01011700313;10092010;22031805;336;772;412 ~~~~~~~~~~~~~~~~~~~~~~~~~~~~~~~~~~ 12-01
19051512;20102088j;19035849;02011700313;11092010;23031805;337;370 ~~~~~~~~~~~~~~~~~~~~~~~~~~~~~~~~~~~~~~ 12-02
20051512;21102088j;20035849;03011700313;12092010;24031805;338;774;622 ~~~~~~~~~~~~~~~~~~~~~~~~~~~~~~~~~~ 12-03
21051512;22102088j;21035849;04011700313;13092010;25031805;339;637;775;398 ~~~~~~~~~~~~~~~~~~~~~~~~~~~~~~ 12-04
22051512;23102088j;22035849;05011700313;14092010;26031805;340;876;590;622 ~~~~~~~~~~~~~~~~~~~~~~~~~~~~~~ 12-05
23051512;24102088j;23035849;06011700313;15092010;27031805;341;403 ~~~~~~~~~~~~~~~~~~~~~~~~~~~~~~~~~~~~~~ 12-06
24051512;25102088j;24035849;07011700313;16092010;28031805;342;773 ~~~~~~~~~~~~~~~~~~~~~~~~~~~~~~~~~~~~~~ 12-07
25051512;26102088j;25035849;08011700313;17092010;29031805;343;936;516;412 ~~~~~~~~~~~~~~~~~~~~~~~~~~~~~~ 12-08
26051512;27102088j;26035849;09011700313;18092010;30031805;344;516 ~~~~~~~~~~~~~~~~~~~~~~~~~~~~~~~~~~~~~~ 12-09
27051512;28102088j;27035849;10011700313;19092010;01041805;345;516 ~~~~~~~~~~~~~~~~~~~~~~~~~~~~~~~~~~~~~~ 12-10
28051512;29102088j;28035849;11011700313;20092010;02041805;346;776;516;622 ~~~~~~~~~~~~~~~~~~~~~~~~~~~~~~ 12-11
29051512;30102088j;29035849;12011700313;21092010;03041805;347;777;380;591;516 ~~~~~~~~~~~~~~~~~~~~~~~~~~ 12-12
30051512;01112088j;30035849;13011700313;22092010;04041805;348;817;375;622 ~~~~~~~~~~~~~~~~~~~~~~~~~~~~~~ 12-13
01061512;02112088j;01045849;14011700313;23092010;05041805;349;813;516;403 ~~~~~~~~~~~~~~~~~~~~~~~~~~~~~~ 12-14
02061512;03112088j;02045849;15011700313;24092010;06041805;350;513;516;412 ~~~~~~~~~~~~~~~~~~~~~~~~~~~~~~ 12-15
03061512;04112088j;03045849;16011700313;25092010;07041805;351;516 ~~~~~~~~~~~~~~~~~~~~~~~~~~~~~~~~~~~~~~ 12-16
04061512;05112088j;04045849;17011700313;26092010;08041805;352;778;436 ~~~~~~~~~~~~~~~~~~~~~~~~~~~~~~~~~~ 12-17
05061512;06112088j;05045849;18011700313;27092010;09041805;353;944 ~~~~~~~~~~~~~~~~~~~~~~~~~~~~~~~~~~~~~~ 12-18
06061512;07112088j;06045849;19011700313;28092010;10041805;354;592 ~~~~~~~~~~~~~~~~~~~~~~~~~~~~~~~~~~~~~~ 12-19
07061512;08112088j;07045849;00021700313;29092010;11041805;355;397;371;466 ~~~~~~~~~~~~~~~~~~~~~~~~~~~~~~ 12-20
08061512;09112088j;08045849;01021700313;30092010;12041805;356;426;418 ~~~~~~~~~~~~~~~~~~~~~~~~~~~~~~~~~~ 12-21
09061512;10112088j;09045849;02021700313;01102010;13041805;357;405;866;465;403;412 ~~~~~~~~~~~~~~~~~~~~~~ 12-22
10061512;11112088j;10045849;03021700313;02102010;14041805;358;622 ~~~~~~~~~~~~~~~~~~~~~~~~~~~~~~~~~~~~~~ 12-23
11061512;12112088j;11045849;04021700313;03102010;15041805;359;557;890 ~~~~~~~~~~~~~~~~~~~~~~~~~~~~~~~~~~ 12-24
12061512;13112088j;12045849;05021700313;04102010;16041805;360;399;622 ~~~~~~~~~~~~~~~~~~~~~~~~~~~~~~~~~~ 12-25
13061512;14112088j;13045849;06021700313;05102010;17041805;361;596;403 ~~~~~~~~~~~~~~~~~~~~~~~~~~~~~~~~~~ 12-31
14061512;15112088j;14045849;07021700313;06102010;18041805;362;395;545;887;406 ~~~~~~~~~~~~~~~~~~~~~~~~~~ 12-27
15061512;16112088j;15045849;08021700313;07102010;19041805;363;514;400 ~~~~~~~~~~~~~~~~~~~~~~~~~~~~~~~~~~ 12-28
16061512;17112088j;16045849;09021700313;08102010;20041805;364;622 ~~~~~~~~~~~~~~~~~~~~~~~~~~~~~~~~~~~~~~ 12-29
17061512;18112088j;17045849;10021700313;09102010;21041805;365;433 ~~~~~~~~~~~~~~~~~~~~~~~~~~~~~~~~~~~~~~ 12-30
18061512;19112088j;18045849;11021700313;10102010;22041805;366 ~~~~~~~~~~~~~~~~~~~~~~~~~~~~~~~~~~~~~~~~~~ 12-31
