27021502;29112078Z;28245839;17170600313;11102000;23041795;001;432;611 ~~~~~~~~~~~~~~~~~~~~~~~~~~~~~~~~~~ 01-01
28021502;30112078Z;29245839;18170600313;12102000;24041795;002;380 ~~~~~~~~~~~~~~~~~~~~~~~~~~~~~~~~~~~~~~ 01-02
29021502;01122078Z;01255839;19170600313;13102000;25041795;003;611 ~~~~~~~~~~~~~~~~~~~~~~~~~~~~~~~~~~~~~~ 01-03
01031502;02122078Z;02255839;00000700313;14102000;26041795;004 ~~~~~~~~~~~~~~~~~~~~~~~~~~~~~~~~~~~~~~~~~~ 01-04
02031502;03122078Z;03255839;01000700313;15102000;27041795;005;372;611 ~~~~~~~~~~~~~~~~~~~~~~~~~~~~~~~~~~ 01-05
03031502;04122078Z;04255839;02000700313;16102000;28041795;006;406 ~~~~~~~~~~~~~~~~~~~~~~~~~~~~~~~~~~~~~~ 01-06
04031502;05122078Z;05255839;03000700313;17102000;29041795;007;637;611 ~~~~~~~~~~~~~~~~~~~~~~~~~~~~~~~~~~ 01-07
05031502;06122078Z;06255839;04000700313;18102000;30041795;008;627 ~~~~~~~~~~~~~~~~~~~~~~~~~~~~~~~~~~~~~~ 01-08
06031502;07122078Z;07255839;05000700313;19102000;01051795;009;628;611 ~~~~~~~~~~~~~~~~~~~~~~~~~~~~~~~~~~ 01-09
07031502;08122078Z;08255839;06000700313;20102000;02051795;010;629;397 ~~~~~~~~~~~~~~~~~~~~~~~~~~~~~~~~~~ 01-10
08031502;09122078Z;09255839;07000700313;21102000;03051795;011;406;611 ~~~~~~~~~~~~~~~~~~~~~~~~~~~~~~~~~~ 01-11
09031502;10122078Z;10255839;08000700313;22102000;04051795;012;376 ~~~~~~~~~~~~~~~~~~~~~~~~~~~~~~~~~~~~~~ 01-12
10031502;11122078Z;11255839;09000700313;23102000;05051795;013;905;611 ~~~~~~~~~~~~~~~~~~~~~~~~~~~~~~~~~~ 01-13
11031502;12122078Z;12255839;10000700313;24102000;06051795;014;626 ~~~~~~~~~~~~~~~~~~~~~~~~~~~~~~~~~~~~~~ 01-14
12031502;13122078Z;13255839;11000700313;25102000;07051795;015;625;514;511;611 ~~~~~~~~~~~~~~~~~~~~~~~~~~ 01-15
13031502;14122078Z;14255839;12000700313;26102000;08051795;016;492;406 ~~~~~~~~~~~~~~~~~~~~~~~~~~~~~~~~~~ 01-16
14031502;15122078Z;15255839;13000700313;27102000;09051795;017;381;904;611 ~~~~~~~~~~~~~~~~~~~~~~~~~~~~~~ 01-17
15031502;16122078Z;16255839;14000700313;28102000;10051795;018 ~~~~~~~~~~~~~~~~~~~~~~~~~~~~~~~~~~~~~~~~~~ 01-18
16031502;17122078Z;17255839;15000700313;29102000;11051795;019;631;453;611 ~~~~~~~~~~~~~~~~~~~~~~~~~~~~~~ 01-19
17031502;18122078Z;18255839;16000700313;30102000;12051795;020;916;511 ~~~~~~~~~~~~~~~~~~~~~~~~~~~~~~~~~~ 01-20
18031502;19122078Z;19255839;17000700313;01112000;13051795;021;630;611 ~~~~~~~~~~~~~~~~~~~~~~~~~~~~~~~~~~ 01-21
19031502;20122078Z;20255839;18000700313;02112000;14051795;022 ~~~~~~~~~~~~~~~~~~~~~~~~~~~~~~~~~~~~~~~~~~ 01-22
20031502;21122078Z;21255839;19000700313;03112000;15051795;023;611 ~~~~~~~~~~~~~~~~~~~~~~~~~~~~~~~~~~~~~~ 01-23
21031502;22122078Z;22255839;00010700313;04112000;16051795;024;398 ~~~~~~~~~~~~~~~~~~~~~~~~~~~~~~~~~~~~~~ 01-24
22031502;23122078Z;23255839;01010700313;05112000;17051795;025;632;611 ~~~~~~~~~~~~~~~~~~~~~~~~~~~~~~~~~~ 01-25
23031502;24122078Z;24255839;02010700313;06112000;18051795;026;513 ~~~~~~~~~~~~~~~~~~~~~~~~~~~~~~~~~~~~~~ 01-26
24031502;25122078Z;25255839;03010700313;07112000;19051795;027;633;611 ~~~~~~~~~~~~~~~~~~~~~~~~~~~~~~~~~~ 01-27
25031502;26122078Z;26255839;04010700313;08112000;20051795;028;634;923;418 ~~~~~~~~~~~~~~~~~~~~~~~~~~~~~~ 01-28
26031502;27122078Z;27255839;05010700313;09112000;21051795;029;635;611 ~~~~~~~~~~~~~~~~~~~~~~~~~~~~~~~~~~ 01-29
27031502;28122078Z;28255839;06010700313;10112000;22051795;030;636 ~~~~~~~~~~~~~~~~~~~~~~~~~~~~~~~~~~~~~~ 01-30
28031502;29122078Z;29255839;07010700313;11112000;23051795;031;406;580;611 ~~~~~~~~~~~~~~~~~~~~~~~~~~~~~~ 01-31
29031502;30122078Z;30255839;07010700313;12112000;24051795;032;380;888 ~~~~~~~~~~~~~~~~~~~~~~~~~~~~~~~~~~ 02-01
30031502;01012079a;01265839;08010700313;13112000;25051795;033;638;479;490;612 ~~~~~~~~~~~~~~~~~~~~~~~~~~ 02-02
01041502;02012079a;02265839;09010700313;14112000;26051795;034;639;566;479;490 ~~~~~~~~~~~~~~~~~~~~~~~~~~ 02-03
02041502;03012079a;03265839;10010700313;15112000;27051795;035;637;640;566;612 ~~~~~~~~~~~~~~~~~~~~~~~~~~ 02-04
03041502;04012079a;04265839;11010700313;16112000;28051795;036;566;406 ~~~~~~~~~~~~~~~~~~~~~~~~~~~~~~~~~~ 02-05
04041502;05012079a;05265839;12010700313;17112000;29051795;037;940;566;612 ~~~~~~~~~~~~~~~~~~~~~~~~~~~~~~ 02-06
05041502;06012079a;06265839;13010700313;18112000;30051795;038 ~~~~~~~~~~~~~~~~~~~~~~~~~~~~~~~~~~~~~~~~~~ 02-07
06041502;07012079a;07265839;14010700313;19112000;01061795;039;397;914;612 ~~~~~~~~~~~~~~~~~~~~~~~~~~~~~~ 02-08
07041502;08012079a;08265839;15010700313;20112000;02061795;040;642;536 ~~~~~~~~~~~~~~~~~~~~~~~~~~~~~~~~~~ 02-09
08041502;09012079a;09265839;16010700313;21112000;03061795;041;406;612 ~~~~~~~~~~~~~~~~~~~~~~~~~~~~~~~~~~ 02-10
09041502;10012079a;10265839;17010700313;22112000;04061795;042;643;514 ~~~~~~~~~~~~~~~~~~~~~~~~~~~~~~~~~~ 02-11
10041502;11012079a;11265839;18010700313;23112000;05061795;043;873;581;612 ~~~~~~~~~~~~~~~~~~~~~~~~~~~~~~ 02-12
11041502;12012079a;12265839;19010700313;24112000;06061795;044;641;436 ~~~~~~~~~~~~~~~~~~~~~~~~~~~~~~~~~~ 02-13
12041502;13012079a;13265839;00020700313;25112000;07061795;045;433;612 ~~~~~~~~~~~~~~~~~~~~~~~~~~~~~~~~~~ 02-14
13041502;14012079a;14265839;01020700313;26112000;08061795;046;382;884;406 ~~~~~~~~~~~~~~~~~~~~~~~~~~~~~~ 02-15
14041502;15012079a;15265839;02020700313;27112000;09061795;047;644;612 ~~~~~~~~~~~~~~~~~~~~~~~~~~~~~~~~~~ 02-16
15041502;16012079a;16265839;03020700313;28112000;10061795;048;645;854 ~~~~~~~~~~~~~~~~~~~~~~~~~~~~~~~~~~ 02-17
16041502;17012079a;17265839;04020700313;29112000;11061795;049;854;612 ~~~~~~~~~~~~~~~~~~~~~~~~~~~~~~~~~~ 02-18
17041502;18012079a;18265839;05020700313;30112000;12061795;050 ~~~~~~~~~~~~~~~~~~~~~~~~~~~~~~~~~~~~~~~~~~ 02-19
18041502;19012079a;19265839;06020700313;01122000;13061795;051;450;399;406;612 ~~~~~~~~~~~~~~~~~~~~~~~~~~ 02-20
19041502;20012079a;20265839;07020700313;02122000;14061795;052 ~~~~~~~~~~~~~~~~~~~~~~~~~~~~~~~~~~~~~~~~~~ 02-21
20041502;21012079a;21265839;08020700313;03122000;15061795;053;612 ~~~~~~~~~~~~~~~~~~~~~~~~~~~~~~~~~~~~~~ 02-22
21041502;22012079a;22265839;09020700313;04122000;16061795;054;647;648;398;513 ~~~~~~~~~~~~~~~~~~~~~~~~~~ 02-23
22041502;23012079a;23265839;10020700313;05122000;17061795;055;649;612 ~~~~~~~~~~~~~~~~~~~~~~~~~~~~~~~~~~ 02-24
23041502;24012079a;24265839;11020700313;06122000;18061795;056 ~~~~~~~~~~~~~~~~~~~~~~~~~~~~~~~~~~~~~~~~~~ 02-25
24041502;25012079a;25265839;12020700313;07122000;19061795;057;612 ~~~~~~~~~~~~~~~~~~~~~~~~~~~~~~~~~~~~~~ 02-26
25041502;26012079a;26265839;13020700313;08122000;20061795;058;943 ~~~~~~~~~~~~~~~~~~~~~~~~~~~~~~~~~~~~~~ 02-27
26041502;27012079a;27265839;14020700313;09122000;21061795;059;646;650;828;832;612 ~~~~~~~~~~~~~~~~~~~~~~ 02-28
27041502;28012079a;28265839;18020700313;10122000;22061795;061;886 ~~~~~~~~~~~~~~~~~~~~~~~~~~~~~~~~~~~~~~ 03-01
28041502;29012079a;29265839;19020700313;11122000;23061795;062;653;613 ~~~~~~~~~~~~~~~~~~~~~~~~~~~~~~~~~~ 03-02
29041502;01022079a;30265839;00030700313;12122000;24061795;063;654;380;613 ~~~~~~~~~~~~~~~~~~~~~~~~~~~~~~ 03-03
01051502;02022079a;01275839;01030700313;13122000;25061795;064;637;613 ~~~~~~~~~~~~~~~~~~~~~~~~~~~~~~~~~~ 03-04
02051502;03022079a;02275839;02030700313;14122000;26061795;065;655 ~~~~~~~~~~~~~~~~~~~~~~~~~~~~~~~~~~~~~~ 03-05
03051502;04022079a;03275839;03030700313;15122000;27061795;066;613 ~~~~~~~~~~~~~~~~~~~~~~~~~~~~~~~~~~~~~~ 03-06
04051502;05022079a;04275839;04030700313;16122000;28061795;067;443;406;613 ~~~~~~~~~~~~~~~~~~~~~~~~~~~~~~ 03-07
05051502;06022079a;05275839;05030700313;17122000;29061795;068;444;514;613 ~~~~~~~~~~~~~~~~~~~~~~~~~~~~~~ 03-08
06051502;07022079a;06275839;06030700313;18122000;30061795;069;656 ~~~~~~~~~~~~~~~~~~~~~~~~~~~~~~~~~~~~~~ 03-09
07051502;08022079a;07275839;07030700313;19122000;01071795;070;397;400;613 ~~~~~~~~~~~~~~~~~~~~~~~~~~~~~~ 03-10
08051502;09022079a;08275839;08030700313;20122000;02071795;071 ~~~~~~~~~~~~~~~~~~~~~~~~~~~~~~~~~~~~~~~~~~ 03-11
09051502;10022079a;09275839;09030700313;21122000;03071795;072;406;613 ~~~~~~~~~~~~~~~~~~~~~~~~~~~~~~~~~~ 03-12
10051502;11022079a;10275839;10030700313;22122000;04071795;073;517 ~~~~~~~~~~~~~~~~~~~~~~~~~~~~~~~~~~~~~~ 03-13
11051502;12022079a;11275839;11030700313;23122000;05071795;074;401;418;613 ~~~~~~~~~~~~~~~~~~~~~~~~~~~~~~ 03-14
12051502;13022079a;12275839;12030700313;24122000;06071795;075 ~~~~~~~~~~~~~~~~~~~~~~~~~~~~~~~~~~~~~~~~~~ 03-15
13051502;14022079a;13275839;13030700313;25122000;07071795;076;658;613 ~~~~~~~~~~~~~~~~~~~~~~~~~~~~~~~~~~ 03-16
14051502;15022079a;14275839;14030700313;26122000;08071795;077;383;544;623;906;519;613 ~~~~~~~~~~~~~~~~~~ 03-17
15051502;16022079a;15275839;15030700313;27122000;09071795;078;598;613 ~~~~~~~~~~~~~~~~~~~~~~~~~~~~~~~~~~ 03-18
16051502;17022079a;16275839;16030700313;28122000;10071795;079;562;466 ~~~~~~~~~~~~~~~~~~~~~~~~~~~~~~~~~~ 03-19
17051502;18022079a;17275839;17030700313;29122000;11071795;080;562;830;424;613 ~~~~~~~~~~~~~~~~~~~~~~~~~~ 03-20
18051502;19022079a;18275839;18030700313;30122000;12071795;081;657;562;459;613 ~~~~~~~~~~~~~~~~~~~~~~~~~~ 03-21
19051502;20022079a;19275839;19030700313;01012001;13071795;082;851;406;613 ~~~~~~~~~~~~~~~~~~~~~~~~~~~~~~ 03-22
20051502;21022079a;20275839;00040700313;02012001;14071795;083;513;418;613 ~~~~~~~~~~~~~~~~~~~~~~~~~~~~~~ 03-23
21051502;22022079a;21275839;01040700313;03012001;15071795;084;613 ~~~~~~~~~~~~~~~~~~~~~~~~~~~~~~~~~~~~~~ 03-24
22051502;23022079a;22275839;02040700313;04012001;16071795;085;398;533;924 ~~~~~~~~~~~~~~~~~~~~~~~~~~~~~~ 03-25
23051502;24022079a;23275839;03040700313;05012001;17071795;086;613 ~~~~~~~~~~~~~~~~~~~~~~~~~~~~~~~~~~~~~~ 03-26
24051502;25022079a;24275839;04040700313;06012001;18071795;087;406;613 ~~~~~~~~~~~~~~~~~~~~~~~~~~~~~~~~~~ 03-27
25051502;26022079a;25275839;05040700313;07012001;19071795;088;659;437;613 ~~~~~~~~~~~~~~~~~~~~~~~~~~~~~~ 03-28
26051502;27022079a;26275839;06040700313;08012001;20071795;089;660;652;900 ~~~~~~~~~~~~~~~~~~~~~~~~~~~~~~ 03-29
27051502;28022079a;27275839;07040700313;09012001;21071795;090;432;852;613 ~~~~~~~~~~~~~~~~~~~~~~~~~~~~~~ 03-30
28051502;29022079a;28275839;08040700313;10012001;22071795;091;793 ~~~~~~~~~~~~~~~~~~~~~~~~~~~~~~~~~~~~~~ 03-31
29051502;30022079a;29275839;09040700313;11012001;23071795;092;637;661;380;406;614 ~~~~~~~~~~~~~~~~~~~~~~ 04-01
30051502;01032079a;01285839;10040700313;12012001;24071795;093;662;538;559;811;935 ~~~~~~~~~~~~~~~~~~~~~~ 04-02
01061502;02032079a;02285839;11040700313;13012001;25071795;094;651;614 ~~~~~~~~~~~~~~~~~~~~~~~~~~~~~~~~~~ 04-03
02061502;03032079a;03285839;12040700313;14012001;26071795;095;514;651;555;577;571 ~~~~~~~~~~~~~~~~~~~~~~ 04-04
03061502;04032079a;04285839;13040700313;15012001;27071795;096;663;651;614 ~~~~~~~~~~~~~~~~~~~~~~~~~~~~~~ 04-05
04061502;05032079a;05285839;14040700313;16012001;28071795;097;406;651 ~~~~~~~~~~~~~~~~~~~~~~~~~~~~~~~~~~ 04-06
05061502;06032079a;06285839;15040700313;17012001;29071795;098;945;651;614 ~~~~~~~~~~~~~~~~~~~~~~~~~~~~~~ 04-07
06061502;07032079a;07285839;16040700313;18012001;30071795;099;397;419;651;614 ~~~~~~~~~~~~~~~~~~~~~~~~~~ 04-08
07061502;08032079a;08285839;17040700313;19012001;01081795;100;913;614 ~~~~~~~~~~~~~~~~~~~~~~~~~~~~~~~~~~ 04-09
08061502;09032079a;09285839;18040700313;20012001;02081795;101;912;933;614 ~~~~~~~~~~~~~~~~~~~~~~~~~~~~~~ 04-10
09061502;10032079a;10285839;19040700313;21012001;03081795;102;868;406;614 ~~~~~~~~~~~~~~~~~~~~~~~~~~~~~~ 04-11
10061502;11032079a;11285839;00050700313;22012001;04081795;103;877;614 ~~~~~~~~~~~~~~~~~~~~~~~~~~~~~~~~~~ 04-12
11061502;12032079a;12285839;01050700313;23012001;05081795;104;614 ~~~~~~~~~~~~~~~~~~~~~~~~~~~~~~~~~~~~~~ 04-13
12061502;13032079a;13285839;02050700313;24012001;06081795;105 ~~~~~~~~~~~~~~~~~~~~~~~~~~~~~~~~~~~~~~~~~~ 04-14
13061502;14032079a;14285839;03050700313;25012001;07081795;106;666;384;614 ~~~~~~~~~~~~~~~~~~~~~~~~~~~~~~ 04-15
14061502;15032079a;15285839;04050700313;26012001;08081795;107;493;539;540;575;947;515;406;614 ~~~~~~~~~~ 04-16
15061502;16032079a;16285839;05050700313;27012001;09081795;108;794;614 ~~~~~~~~~~~~~~~~~~~~~~~~~~~~~~~~~~ 04-17
16061502;17032079a;17285839;06050700313;28012001;10081795;109 ~~~~~~~~~~~~~~~~~~~~~~~~~~~~~~~~~~~~~~~~~~ 04-18
17061502;18032079a;18285839;07050700313;29012001;11081795;110;614 ~~~~~~~~~~~~~~~~~~~~~~~~~~~~~~~~~~~~~~ 04-19
18061502;19032079a;19285839;08050700313;30012001;12081795;111;631;664;513 ~~~~~~~~~~~~~~~~~~~~~~~~~~~~~~ 04-20
19061502;20032079a;20285839;09050700313;01022001;13081795;112;445;665;614 ~~~~~~~~~~~~~~~~~~~~~~~~~~~~~~ 04-21
20061502;21032079a;21285839;10050700313;02022001;14081795;113;446;614 ~~~~~~~~~~~~~~~~~~~~~~~~~~~~~~~~~~ 04-22
21061502;22032079a;22285839;11050700313;03022001;15081795;114;447;614 ~~~~~~~~~~~~~~~~~~~~~~~~~~~~~~~~~~ 04-23
22061502;23032079a;23285839;12050700313;04022001;16081795;115;448;398 ~~~~~~~~~~~~~~~~~~~~~~~~~~~~~~~~~~ 04-24
23061502;24032079a;24285839;13050700313;05022001;17081795;116;614 ~~~~~~~~~~~~~~~~~~~~~~~~~~~~~~~~~~~~~~ 04-25
24061502;25032079a;25285839;14050700313;06022001;18081795;117;670;526;614 ~~~~~~~~~~~~~~~~~~~~~~~~~~~~~~ 04-26
25061502;26032079a;26285839;15050700313;07022001;19081795;118;667;939;614 ~~~~~~~~~~~~~~~~~~~~~~~~~~~~~~ 04-27
26061502;27032079a;27285839;16050700313;08022001;20081795;119;671 ~~~~~~~~~~~~~~~~~~~~~~~~~~~~~~~~~~~~~~ 04-28
27061502;28032079a;28285839;17050700313;09022001;21081795;120;668;614 ~~~~~~~~~~~~~~~~~~~~~~~~~~~~~~~~~~ 04-29
28061502;29032079a;29285839;18050700313;10022001;22081795;121;669;624 ~~~~~~~~~~~~~~~~~~~~~~~~~~~~~~~~~~ 04-30
29061502;01042079a;30285839;19050700313;11022001;23081795;122;674;380;928;930;953;624;615 ~~~~~~~~~~~~~~ 05-01
01071502;02042079a;01295839;00060700313;12022001;24081795;123;675;514;624 ~~~~~~~~~~~~~~~~~~~~~~~~~~~~~~ 05-02
02071502;03042079a;02295839;01060700313;13022001;25081795;124;676;510;902;624;615 ~~~~~~~~~~~~~~~~~~~~~~ 05-03
03071502;04042079a;03295839;02060700313;14022001;26081795;125;677;408;624 ~~~~~~~~~~~~~~~~~~~~~~~~~~~~~~ 05-04
04071502;05042079a;04295839;03060700313;15022001;27081795;126;679;414;528;624;615 ~~~~~~~~~~~~~~~~~~~~~~ 05-05
05071502;06042079a;05295839;04060700313;16022001;28081795;127;637;672;529;624;406 ~~~~~~~~~~~~~~~~~~~~~~ 05-06
06071502;07042079a;06295839;05060700313;17022001;29081795;128;673;397;553;615 ~~~~~~~~~~~~~~~~~~~~~~~~~~ 05-07
07071502;08042079a;07295839;06060700313;18022001;30081795;129;682 ~~~~~~~~~~~~~~~~~~~~~~~~~~~~~~~~~~~~~~ 05-08
08071502;09042079a;08295839;07060700313;19022001;01091795;130;927;615 ~~~~~~~~~~~~~~~~~~~~~~~~~~~~~~~~~~ 05-09
09071502;10042079a;09295839;08060700313;20022001;02091795;131;683;409 ~~~~~~~~~~~~~~~~~~~~~~~~~~~~~~~~~~ 05-10
10071502;11042079a;10295839;09060700313;21022001;03091795;132;889;615 ~~~~~~~~~~~~~~~~~~~~~~~~~~~~~~~~~~ 05-11
11071502;12042079a;11295839;10060700313;22022001;04091795;133;678 ~~~~~~~~~~~~~~~~~~~~~~~~~~~~~~~~~~~~~~ 05-12
12071502;13042079a;12295839;11060700313;23022001;05091795;134;681;680;411;433;568;415;615 ~~~~~~~~~~~~~~ 05-13
13071502;14042079a;13295839;12060700313;24022001;06091795;135;451;894;568 ~~~~~~~~~~~~~~~~~~~~~~~~~~~~~~ 05-14
14071502;15042079a;14295839;13060700313;25022001;07091795;136;385;537;937;615 ~~~~~~~~~~~~~~~~~~~~~~~~~~ 05-15
15071502;16042079a;15295839;14060700313;26022001;08091795;137;892;406;409 ~~~~~~~~~~~~~~~~~~~~~~~~~~~~~~ 05-16
16071502;17042079a;16295839;15060700313;27022001;09091795;138;685;513;615 ~~~~~~~~~~~~~~~~~~~~~~~~~~~~~~ 05-17
17071502;18042079a;17295839;16060700313;28022001;10091795;139;797 ~~~~~~~~~~~~~~~~~~~~~~~~~~~~~~~~~~~~~~ 05-18
18071502;19042079a;18295839;17060700313;29022001;11091795;140;596;686;866;518;573;615 ~~~~~~~~~~~~~~~~~~ 05-19
19071502;20042079a;19295839;18060700313;30022001;12091795;141;687;820;573;412 ~~~~~~~~~~~~~~~~~~~~~~~~~~ 05-20
20071502;21042079a;20295839;19060700313;31022001;13091795;142;684;573;406;615 ~~~~~~~~~~~~~~~~~~~~~~~~~~ 05-21
21071502;22042079a;21295839;00070700313;01032001;14091795;143;789;409 ~~~~~~~~~~~~~~~~~~~~~~~~~~~~~~~~~~ 05-22
22071502;23042079a;22295839;01070700313;02032001;15091795;144;798;398;615 ~~~~~~~~~~~~~~~~~~~~~~~~~~~~~~ 05-23
23071502;24042079a;23295839;02070700313;03032001;16091795;145 ~~~~~~~~~~~~~~~~~~~~~~~~~~~~~~~~~~~~~~~~~~ 05-24
24071502;25042079a;24295839;03070700313;04032001;17091795;146;615 ~~~~~~~~~~~~~~~~~~~~~~~~~~~~~~~~~~~~~~ 05-25
25071502;26042079a;25295839;04070700313;05032001;18091795;147;689;406 ~~~~~~~~~~~~~~~~~~~~~~~~~~~~~~~~~~ 05-26
26071502;27042079a;26295839;05070700313;06032001;19091795;148;439;530;615 ~~~~~~~~~~~~~~~~~~~~~~~~~~~~~~ 05-27
27071502;28042079a;27295839;06070700313;07032001;20091795;149;439;509 ~~~~~~~~~~~~~~~~~~~~~~~~~~~~~~~~~~ 05-28
28071502;29042079a;28295839;07070700313;08032001;21091795;150;438;415;615 ~~~~~~~~~~~~~~~~~~~~~~~~~~~~~~ 05-29
29071502;30042079a;29295839;08070700313;09032001;22091795;151;380;514;921;942 ~~~~~~~~~~~~~~~~~~~~~~~~~~ 05-30
30071502;01052079a;01305839;09070700313;10032001;23091795;152;688;406;615 ~~~~~~~~~~~~~~~~~~~~~~~~~~~~~~ 05-31
01081502;02052079a;02305839;10070700313;11032001;24091795;153;494 ~~~~~~~~~~~~~~~~~~~~~~~~~~~~~~~~~~~~~~ 06-01
02081502;03052079a;03305839;11070700313;12032001;25091795;154;692;694;616 ~~~~~~~~~~~~~~~~~~~~~~~~~~~~~~ 06-02
03081502;04052079a;04305839;12070700313;13032001;26091795;155;637;693;616 ~~~~~~~~~~~~~~~~~~~~~~~~~~~~~~ 06-03
04081502;05052079a;05305839;13070700313;14032001;27091795;156;690;833;564;616 ~~~~~~~~~~~~~~~~~~~~~~~~~~ 06-04
05081502;06052079a;06305839;14070700313;15032001;28091795;157;522;406;616;605 ~~~~~~~~~~~~~~~~~~~~~~~~~~ 06-05
06081502;07052079a;07305839;15070700313;16032001;29091795;158;397;415;616 ~~~~~~~~~~~~~~~~~~~~~~~~~~~~~~ 06-06
07081502;08052079a;08305839;16070700313;17032001;30091795;159;691;616 ~~~~~~~~~~~~~~~~~~~~~~~~~~~~~~~~~~ 06-07
08081502;09052079a;09305839;17070700313;18032001;01101795;160;552;616 ~~~~~~~~~~~~~~~~~~~~~~~~~~~~~~~~~~ 06-08
09081502;10052079a;10305839;18070700313;19032001;02101795;161;436;409;616 ~~~~~~~~~~~~~~~~~~~~~~~~~~~~~~ 06-09
10081502;11052079a;11305839;19070700313;20032001;03101795;162;697;799;896;412;616 ~~~~~~~~~~~~~~~~~~~~~~ 06-10
11081502;12052079a;12305839;00080700313;21032001;04101795;163;449;695;569 ~~~~~~~~~~~~~~~~~~~~~~~~~~~~~~ 06-11
12081502;13052079a;13305839;01080700313;22032001;05101795;164;569;616 ~~~~~~~~~~~~~~~~~~~~~~~~~~~~~~~~~~ 06-12
13081502;14052079a;14305839;02080700313;23032001;06101795;165;696;513;941 ~~~~~~~~~~~~~~~~~~~~~~~~~~~~~~ 06-13
14081502;15052079a;15305839;03080700313;24032001;07101795;166;386;874;512;415;616 ~~~~~~~~~~~~~~~~~~~~~~ 06-14
15081502;16052079a;16305839;04080700313;25032001;08101795;167;698;406;409 ~~~~~~~~~~~~~~~~~~~~~~~~~~~~~~ 06-15
16081502;17052079a;17305839;05080700313;26032001;09101795;168;701;699;616 ~~~~~~~~~~~~~~~~~~~~~~~~~~~~~~ 06-16
17081502;18052079a;18305839;06080700313;27032001;10101795;169 ~~~~~~~~~~~~~~~~~~~~~~~~~~~~~~~~~~~~~~~~~~ 06-17
18081502;19052079a;19305839;07080700313;28032001;11101795;170;452;452;616 ~~~~~~~~~~~~~~~~~~~~~~~~~~~~~~ 06-18
19081502;20052079a;20305839;08080700313;29032001;12101795;171;378 ~~~~~~~~~~~~~~~~~~~~~~~~~~~~~~~~~~~~~~ 06-19
20081502;21052079a;21305839;09080700313;30032001;13101795;172;460;406;616 ~~~~~~~~~~~~~~~~~~~~~~~~~~~~~~ 06-20
21081502;22052079a;22305839;10080700313;31032001;14101795;173;425;409 ~~~~~~~~~~~~~~~~~~~~~~~~~~~~~~~~~~ 06-21
22081502;23052079a;23305839;11080700313;01042001;15101795;174;398;399;865;461;616 ~~~~~~~~~~~~~~~~~~~~~~ 06-22
23081502;24052079a;24305839;12080700313;02042001;16101795;175;700 ~~~~~~~~~~~~~~~~~~~~~~~~~~~~~~~~~~~~~~ 06-23
24081502;25052079a;25305839;13080700313;03042001;17101795;176;702;616 ~~~~~~~~~~~~~~~~~~~~~~~~~~~~~~~~~~ 06-24
25081502;26052079a;26305839;14080700313;04042001;18101795;177;946;400;406 ~~~~~~~~~~~~~~~~~~~~~~~~~~~~~~ 06-25
26081502;27052079a;27305839;15080700313;05042001;19101795;178;432;616 ~~~~~~~~~~~~~~~~~~~~~~~~~~~~~~~~~~ 06-26
27081502;28052079a;28305839;16080700313;06042001;20101795;179;409 ~~~~~~~~~~~~~~~~~~~~~~~~~~~~~~~~~~~~~~ 06-27
28081502;29052079a;29305839;17080700313;07042001;21101795;180;704;380;514;400;616 ~~~~~~~~~~~~~~~~~~~~~~ 06-28
29081502;01062079a;30305839;18080700313;08042001;22101795;181;616 ~~~~~~~~~~~~~~~~~~~~~~~~~~~~~~~~~~~~~~ 06-29
01091502;02062079a;01315839;19080700313;09042001;23101795;182;703;870;504;406;415;616 ~~~~~~~~~~~~~~~~~~ 06-30
02091502;03062079a;02315839;00090700313;10042001;24101795;183;637;705;840;400 ~~~~~~~~~~~~~~~~~~~~~~~~~~ 07-01
03091502;04062079a;03315839;01090700313;11042001;25101795;184;795;617 ~~~~~~~~~~~~~~~~~~~~~~~~~~~~~~~~~~ 07-02
04091502;05062079a;04315839;02090700313;12042001;26101795;185;409;617 ~~~~~~~~~~~~~~~~~~~~~~~~~~~~~~~~~~ 07-03
05091502;06062079a;05315839;03090700313;13042001;27101795;186;373;457;400;617 ~~~~~~~~~~~~~~~~~~~~~~~~~~ 07-04
06091502;07062079a;06315839;04090700313;14042001;28101795;187;397;406;617 ~~~~~~~~~~~~~~~~~~~~~~~~~~~~~~ 07-05
07091502;08062079a;07315839;05090700313;15042001;29101795;188;402;505;617 ~~~~~~~~~~~~~~~~~~~~~~~~~~~~~~ 07-06
08091502;09062079a;08315839;06090700313;16042001;30101795;189;565;400 ~~~~~~~~~~~~~~~~~~~~~~~~~~~~~~~~~~ 07-07
09091502;10062079a;09315839;07090700313;17042001;01111795;190;706;565;415;617 ~~~~~~~~~~~~~~~~~~~~~~~~~~ 07-08
10091502;11062079a;10315839;08090700313;18042001;02111795;191;546;409 ~~~~~~~~~~~~~~~~~~~~~~~~~~~~~~~~~~ 07-09
11091502;12062079a;11315839;09090700313;19042001;03111795;192;707;400;403;505;617 ~~~~~~~~~~~~~~~~~~~~~~ 07-10
12091502;13062079a;12315839;10090700313;20042001;04111795;193;513;617 ~~~~~~~~~~~~~~~~~~~~~~~~~~~~~~~~~~ 07-11
13091502;14062079a;13315839;11090700313;21042001;05111795;194;617 ~~~~~~~~~~~~~~~~~~~~~~~~~~~~~~~~~~~~~~ 07-12
14091502;15062079a;14315839;12090700313;22042001;06111795;195;387;400;617 ~~~~~~~~~~~~~~~~~~~~~~~~~~~~~~ 07-13
15091502;16062079a;15315839;13090700313;23042001;07111795;196;420;531;561;617 ~~~~~~~~~~~~~~~~~~~~~~~~~~ 07-14
16091502;17062079a;16315839;14090700313;24042001;08111795;197;708;406;409 ~~~~~~~~~~~~~~~~~~~~~~~~~~~~~~ 07-15
17091502;18062079a;17315839;15090700313;25042001;09111795;198;709;401;415;617 ~~~~~~~~~~~~~~~~~~~~~~~~~~ 07-16
18091502;19062079a;18315839;16090700313;26042001;10111795;199;710 ~~~~~~~~~~~~~~~~~~~~~~~~~~~~~~~~~~~~~~ 07-17
19091502;20062079a;19315839;17090700313;27042001;11111795;200;617 ~~~~~~~~~~~~~~~~~~~~~~~~~~~~~~~~~~~~~~ 07-18
20091502;21062079a;20315839;18090700313;28042001;12111795;201;711;617 ~~~~~~~~~~~~~~~~~~~~~~~~~~~~~~~~~~ 07-19
21091502;22062079a;21315839;19090700313;29042001;13111795;202;631;617 ~~~~~~~~~~~~~~~~~~~~~~~~~~~~~~~~~~ 07-20
22091502;23062079a;22315839;00100700313;30042001;14111795;203;398;409 ~~~~~~~~~~~~~~~~~~~~~~~~~~~~~~~~~~ 07-21
23091502;24062079a;23315839;01100700313;31042001;15111795;204;713;838;403;412;617 ~~~~~~~~~~~~~~~~~~~~~~ 07-22
24091502;25062079a;24315839;02100700313;01052001;16111795;205;714;856;861 ~~~~~~~~~~~~~~~~~~~~~~~~~~~~~~ 07-23
25091502;26062079a;25315839;03100700313;02052001;17111795;206;878;617 ~~~~~~~~~~~~~~~~~~~~~~~~~~~~~~~~~~ 07-24
26091502;27062079a;26315839;04100700313;03052001;18111795;207;406;617 ~~~~~~~~~~~~~~~~~~~~~~~~~~~~~~~~~~ 07-25
27091502;28062079a;27315839;05100700313;04052001;19111795;208;514;508;403;617 ~~~~~~~~~~~~~~~~~~~~~~~~~~ 07-26
28091502;29062079a;28315839;06100700313;05052001;20111795;209;712;715;437 ~~~~~~~~~~~~~~~~~~~~~~~~~~~~~~ 07-27
29091502;01072079a;29315839;07100700313;06052001;21111795;210;716;380;507;505;617 ~~~~~~~~~~~~~~~~~~~~~~ 07-28
30091502;02072079a;01325839;08100700313;07052001;22111795;211;506;617 ~~~~~~~~~~~~~~~~~~~~~~~~~~~~~~~~~~ 07-29
01101502;03072079a;02325839;09100700313;08052001;23111795;212;502;406;617 ~~~~~~~~~~~~~~~~~~~~~~~~~~~~~~ 07-30
02101502;04072079a;03325839;10100700313;09052001;24111795;213;579 ~~~~~~~~~~~~~~~~~~~~~~~~~~~~~~~~~~~~~~ 07-31
03101502;05072079a;04325839;11100700313;10052001;25111795;214;718;891;415;618 ~~~~~~~~~~~~~~~~~~~~~~~~~~ 08-01
04101502;06072079a;05325839;12100700313;11052001;26111795;215;864;409 ~~~~~~~~~~~~~~~~~~~~~~~~~~~~~~~~~~ 08-02
05101502;07072079a;06325839;13100700313;12052001;27111795;216;572;403;618 ~~~~~~~~~~~~~~~~~~~~~~~~~~~~~~ 08-03
06101502;08072079a;07325839;14100700313;13052001;28111795;217;719;397;406 ~~~~~~~~~~~~~~~~~~~~~~~~~~~~~~ 08-04
07101502;09072079a;08325839;15100700313;14052001;29111795;218;637;720;618 ~~~~~~~~~~~~~~~~~~~~~~~~~~~~~~ 08-05
08101502;10072079a;09325839;16100700313;15052001;30111795;219;717;825 ~~~~~~~~~~~~~~~~~~~~~~~~~~~~~~~~~~ 08-06
09101502;11072079a;10325839;17100700313;16052001;01121795;220;513;821;403;618 ~~~~~~~~~~~~~~~~~~~~~~~~~~ 08-07
10101502;12072079a;11325839;18100700313;17052001;02121795;221;926 ~~~~~~~~~~~~~~~~~~~~~~~~~~~~~~~~~~~~~~ 08-08
11101502;13072079a;12325839;19100700313;18052001;03121795;222;722;433;415;618 ~~~~~~~~~~~~~~~~~~~~~~~~~~ 08-09
12101502;14072079a;13325839;00110700313;19052001;04121795;223;567 ~~~~~~~~~~~~~~~~~~~~~~~~~~~~~~~~~~~~~~ 08-10
13101502;15072079a;14325839;01110700313;20052001;05121795;224;938;567;403;618 ~~~~~~~~~~~~~~~~~~~~~~~~~~ 08-11
14101502;16072079a;15325839;02110700313;21052001;06121795;225;723;388;556;909;910;925;412 ~~~~~~~~~~~~~~ 08-12
15101502;17072079a;16325839;03110700313;22052001;07121795;226;721;618 ~~~~~~~~~~~~~~~~~~~~~~~~~~~~~~~~~~ 08-13
16101502;18072079a;17325839;04110700313;23052001;08121795;227;406;409 ~~~~~~~~~~~~~~~~~~~~~~~~~~~~~~~~~~ 08-14
17101502;19072079a;18325839;05110700313;24052001;09121795;228;374;875;403;618 ~~~~~~~~~~~~~~~~~~~~~~~~~~ 08-15
18101502;20072079a;19325839;06110700313;25052001;10121795;229 ~~~~~~~~~~~~~~~~~~~~~~~~~~~~~~~~~~~~~~~~~~ 08-16
19101502;21072079a;20325839;07110700313;26052001;11121795;230;415;618 ~~~~~~~~~~~~~~~~~~~~~~~~~~~~~~~~~~ 08-17
20101502;22072079a;21325839;08110700313;27052001;12121795;231;404 ~~~~~~~~~~~~~~~~~~~~~~~~~~~~~~~~~~~~~~ 08-18
21101502;23072079a;22325839;09110700313;28052001;13121795;232;724;398;872;618 ~~~~~~~~~~~~~~~~~~~~~~~~~~ 08-19
22101502;24072079a;23325839;10110700313;29052001;14121795;233;871;409 ~~~~~~~~~~~~~~~~~~~~~~~~~~~~~~~~~~ 08-20
23101502;25072079a;24325839;11110700313;30052001;15121795;234;618 ~~~~~~~~~~~~~~~~~~~~~~~~~~~~~~~~~~~~~~ 08-21
24101502;26072079a;25325839;12110700313;31052001;16121795;235;503 ~~~~~~~~~~~~~~~~~~~~~~~~~~~~~~~~~~~~~~ 08-22
25101502;27072079a;26325839;13110700313;01062001;17121795;236;514;554;618 ~~~~~~~~~~~~~~~~~~~~~~~~~~~~~~ 08-23
26101502;28072079a;27325839;14110700313;02062001;18121795;237;406 ~~~~~~~~~~~~~~~~~~~~~~~~~~~~~~~~~~~~~~ 08-24
27101502;29072079a;28325839;15110700313;03062001;19121795;238;427;596;415;618 ~~~~~~~~~~~~~~~~~~~~~~~~~~ 08-25
28101502;30072079a;29325839;16110700313;04062001;20121795;239;725;380;409;412 ~~~~~~~~~~~~~~~~~~~~~~~~~~ 08-26
29101502;01082079a;30325839;17110700313;05062001;21121795;240;428;725;618 ~~~~~~~~~~~~~~~~~~~~~~~~~~~~~~ 08-27
01111502;02082079a;01335839;18110700313;06062001;22121795;241;796 ~~~~~~~~~~~~~~~~~~~~~~~~~~~~~~~~~~~~~~ 08-28
02111502;03082079a;02335839;19110700313;07062001;23121795;242;594;597;828;406;618 ~~~~~~~~~~~~~~~~~~~~~~ 08-29
03111502;04082079a;03335839;00120700313;08062001;24121795;243;595;550 ~~~~~~~~~~~~~~~~~~~~~~~~~~~~~~~~~~ 08-30
04111502;05082079a;04335839;01120700313;09062001;25121795;244;915;618 ~~~~~~~~~~~~~~~~~~~~~~~~~~~~~~~~~~ 08-31
05111502;06082079a;05335839;02120700313;10062001;26121795;245;596;727;409 ~~~~~~~~~~~~~~~~~~~~~~~~~~~~~~ 09-01
06111502;07082079a;06335839;03120700313;11062001;27121795;246;429;637;728;865;412;421;619 ~~~~~~~~~~~~~~ 09-02
07111502;08082079a;07335839;04120700313;12062001;28121795;247;430;397;410;908;406 ~~~~~~~~~~~~~~~~~~~~~~ 09-03
08111502;09082079a;08335839;05120700313;13062001;29121795;248;434;513;619 ~~~~~~~~~~~~~~~~~~~~~~~~~~~~~~ 09-04
09111502;10082079a;09335839;06120700313;14062001;30121795;249;435 ~~~~~~~~~~~~~~~~~~~~~~~~~~~~~~~~~~~~~~ 09-05
10111502;11082079a;10335839;07120700313;15062001;01131795;250;619 ~~~~~~~~~~~~~~~~~~~~~~~~~~~~~~~~~~~~~~ 09-06
11111502;12082079a;11335839;08120700313;16062001;02131795;251;833;903;619 ~~~~~~~~~~~~~~~~~~~~~~~~~~~~~~ 09-07
12111502;13082079a;12335839;09120700313;17062001;03131795;252;897;406;619 ~~~~~~~~~~~~~~~~~~~~~~~~~~~~~~ 09-08
13111502;14082079a;13335839;10120700313;18062001;04131795;253 ~~~~~~~~~~~~~~~~~~~~~~~~~~~~~~~~~~~~~~~~~~ 09-09
14111502;15082079a;14335839;11120700313;19062001;05131795;254;455;845;389;520;551;570;415;619 ~~~~~~~~~~ 09-10
15111502;16082079a;15335839;12120700313;20062001;06131795;255;729;846;534;907 ~~~~~~~~~~~~~~~~~~~~~~~~~~ 09-11
16111502;17082079a;16335839;13120700313;21062001;01011796;256;847;619 ~~~~~~~~~~~~~~~~~~~~~~~~~~~~~~~~~~ 09-12
17111502;18082079a;17335839;14120700313;22062001;02011796;257;726 ~~~~~~~~~~~~~~~~~~~~~~~~~~~~~~~~~~~~~~ 09-13
18111502;19082079a;18335839;15120700313;23062001;03011796;258;730;619 ~~~~~~~~~~~~~~~~~~~~~~~~~~~~~~~~~~ 09-14
19111502;20082079a;19335839;16120700313;24062001;04011796;259;734 ~~~~~~~~~~~~~~~~~~~~~~~~~~~~~~~~~~~~~~ 09-15
20111502;21082079a;20335839;17120700313;25062001;05011796;260;735;412;619 ~~~~~~~~~~~~~~~~~~~~~~~~~~~~~~ 09-16
21111502;22082079a;21335839;18120700313;26062001;06011796;261;731;398;375;848 ~~~~~~~~~~~~~~~~~~~~~~~~~~ 09-17
22111502;23082079a;22335839;19120700313;27062001;07011796;262;514;415;619 ~~~~~~~~~~~~~~~~~~~~~~~~~~~~~~ 09-18
23111502;24082079a;23335839;00130700313;28062001;08011796;263;732;619;848 ~~~~~~~~~~~~~~~~~~~~~~~~~~~~~~ 09-19
24111502;25082079a;24335839;01130700313;29062001;09011796;264;619 ~~~~~~~~~~~~~~~~~~~~~~~~~~~~~~~~~~~~~~ 09-20
25111502;26082079a;25335839;02130700313;30062001;10011796;265;733;869;848 ~~~~~~~~~~~~~~~~~~~~~~~~~~~~~~ 09-21
26111502;27082079a;26335839;03130700313;31062001;11011796;266;738;432;462;619 ~~~~~~~~~~~~~~~~~~~~~~~~~~ 09-22
27111502;28082079a;27335839;04130700313;01072001;12011796;267;739;423;406;412;619 ~~~~~~~~~~~~~~~~~~~~~~ 09-23
28111502;29082079a;28335839;05130700313;02072001;13011796;268;740;380;920;463;619 ~~~~~~~~~~~~~~~~~~~~~~ 09-24
29111502;01092079a;29335839;06130700313;03072001;14011796;269;736;521 ~~~~~~~~~~~~~~~~~~~~~~~~~~~~~~~~~~ 09-25
30111502;02092079a;01015840;07130700313;04072001;15011796;270;737;895;521;619 ~~~~~~~~~~~~~~~~~~~~~~~~~~ 09-26
01121502;03092079a;02015840;08130700313;05072001;16011796;271;742;790;521;848 ~~~~~~~~~~~~~~~~~~~~~~~~~~ 09-27
02121502;04092079a;03015840;09130700313;06072001;17011796;272;741;790;375;406;619 ~~~~~~~~~~~~~~~~~~~~~~ 09-28
03121502;05092079a;04015840;10130700313;07072001;18011796;273;596;790 ~~~~~~~~~~~~~~~~~~~~~~~~~~~~~~~~~~ 09-29
04121502;06092079a;05015840;11130700313;08072001;19011796;274;743;790;853;619 ~~~~~~~~~~~~~~~~~~~~~~~~~~ 09-30
05121502;07092079a;06015840;12130700313;09072001;20011796;275;790;413;853 ~~~~~~~~~~~~~~~~~~~~~~~~~~~~~~ 10-01
06121502;08092079a;07015840;13130700313;10072001;21011796;276;744;790;397;513;918;853;620 ~~~~~~~~~~~~~~ 10-02
07121502;09092079a;08015840;14130700313;11072001;22011796;277;745;790;548;919;563;406;620;848 ~~~~~~~~~~ 10-03
08121502;10092079a;09015840;15130700313;12072001;23011796;278;746;885;620 ~~~~~~~~~~~~~~~~~~~~~~~~~~~~~~ 10-04
09121502;11092079a;10015840;16130700313;13072001;24011796;279;747;436;549;560;501;527;620;848 ~~~~~~~~~~ 10-05
10121502;12092079a;11015840;17130700313;14072001;25011796;280;748;899;500;620 ~~~~~~~~~~~~~~~~~~~~~~~~~~ 10-06
11121502;13092079a;12015840;18130700313;15072001;26011796;281;637;416;467;867;500 ~~~~~~~~~~~~~~~~~~~~~~ 10-07
12121502;14092079a;13015840;19130700313;16072001;27011796;282;750;749;406;620 ~~~~~~~~~~~~~~~~~~~~~~~~~~ 10-08
13121502;15092079a;14015840;00140700313;17072001;28011796;283;751;882;922;500;620 ~~~~~~~~~~~~~~~~~~~~~~ 10-09
14121502;16092079a;15015840;01140700313;18072001;29011796;284;791;393;390;532;541;949;500;523;620 ~~~~~~ 10-10
15121502;17092079a;16015840;02140700313;19072001;30011796;285;752;367;523;620;848 ~~~~~~~~~~~~~~~~~~~~~~ 10-11
16121502;18092079a;17015840;03140700313;20072001;01021796;286;753;368;523;620 ~~~~~~~~~~~~~~~~~~~~~~~~~~ 10-12
17121502;19092079a;18015840;04140700313;21072001;02021796;287;596;881;523;620;848 ~~~~~~~~~~~~~~~~~~~~~~ 10-13
18121502;20092079a;19015840;05140700313;22072001;03021796;288;754;514;841;523;620 ~~~~~~~~~~~~~~~~~~~~~~ 10-14
19121502;21092079a;20015840;06140700313;23072001;04021796;289;523;620 ~~~~~~~~~~~~~~~~~~~~~~~~~~~~~~~~~~ 10-15
20121502;22092079a;21015840;07140700313;24072001;05021796;290;755;523;620 ~~~~~~~~~~~~~~~~~~~~~~~~~~~~~~ 10-16
21121502;23092079a;22015840;08140700313;25072001;06021796;291;756;398;499;524 ~~~~~~~~~~~~~~~~~~~~~~~~~~ 10-17
22121502;24092079a;23015840;09140700313;26072001;07021796;292;757;399;525;406;620 ~~~~~~~~~~~~~~~~~~~~~~ 10-18
23121502;25092079a;24015840;10140700313;27072001;08021796;293;631 ~~~~~~~~~~~~~~~~~~~~~~~~~~~~~~~~~~~~~~ 10-19
24121502;26092079a;25015840;11140700313;28072001;09021796;294;911;842;784;620 ~~~~~~~~~~~~~~~~~~~~~~~~~~ 10-20
25121502;27092079a;26015840;12140700313;29072001;10021796;295;758;558;785;400;620 ~~~~~~~~~~~~~~~~~~~~~~ 10-21
26121502;28092079a;27015840;13140700313;30072001;11021796;296;369;779;784;785;786;620 ~~~~~~~~~~~~~~~~~~ 10-22
27121502;29092079a;28015840;14140700313;01082001;12021796;297;780;828;893;787;406 ~~~~~~~~~~~~~~~~~~~~~~ 10-23
28121502;30092079a;29015840;15140700313;02082001;13021796;298;380;781;786;932;950;620 ~~~~~~~~~~~~~~~~~~ 10-24
29121502;01102079a;30015840;16140700313;03082001;14021796;299;371;782;787 ~~~~~~~~~~~~~~~~~~~~~~~~~~~~~~ 10-25
30121502;02102079a;01025840;17140700313;04082001;15021796;300;535;783;788;620 ~~~~~~~~~~~~~~~~~~~~~~~~~~ 10-26
01011503;03102079a;02025840;18140700313;05082001;16021796;301;849;495 ~~~~~~~~~~~~~~~~~~~~~~~~~~~~~~~~~~ 10-27
02011503;04102079a;03025840;19140700313;06082001;17021796;302;759;406;620 ~~~~~~~~~~~~~~~~~~~~~~~~~~~~~~ 10-28
03011503;05102079a;04025840;00150700313;07082001;18021796;303;513;496;620 ~~~~~~~~~~~~~~~~~~~~~~~~~~~~~~ 10-29
04011503;06102079a;05025840;01150700313;08082001;19021796;304;620 ~~~~~~~~~~~~~~~~~~~~~~~~~~~~~~~~~~~~~~ 10-30
05011503;07102079a;06025840;02150700313;09082001;20021796;305;543 ~~~~~~~~~~~~~~~~~~~~~~~~~~~~~~~~~~~~~~ 10-31
06011503;08102079a;07025840;03150700313;10082001;21021796;306;761;397;431;421;621 ~~~~~~~~~~~~~~~~~~~~~~ 11-01
07011503;09102079a;08025840;04150700313;11082001;22021796;307;762;855;400;406;496 ~~~~~~~~~~~~~~~~~~~~~~ 11-02
08011503;10102079a;09025840;05150700313;12082001;23021796;308;621 ~~~~~~~~~~~~~~~~~~~~~~~~~~~~~~~~~~~~~~ 11-03
09011503;11102079a;10025840;06150700313;13082001;24021796;309;637;763;879 ~~~~~~~~~~~~~~~~~~~~~~~~~~~~~~ 11-04
10011503;12102079a;11025840;07150700313;14082001;25021796;310;417;433;547;498;400;621 ~~~~~~~~~~~~~~~~~~ 11-05
11011503;13102079a;12025840;08150700313;15082001;26021796;311;760;934;496 ~~~~~~~~~~~~~~~~~~~~~~~~~~~~~~ 11-06
12011503;14102079a;13025840;09150700313;16082001;27021796;312;401;406;621 ~~~~~~~~~~~~~~~~~~~~~~~~~~~~~~ 11-07
13011503;15102079a;14025840;10150700313;17082001;28021796;313;392 ~~~~~~~~~~~~~~~~~~~~~~~~~~~~~~~~~~~~~~ 11-08
14011503;16102079a;15025840;11150700313;18082001;29021796;314;764;880;621 ~~~~~~~~~~~~~~~~~~~~~~~~~~~~~~ 11-09
15011503;17102079a;16025840;12150700313;19082001;30021796;315;514;832 ~~~~~~~~~~~~~~~~~~~~~~~~~~~~~~~~~~ 11-10
16011503;18102079a;17025840;13150700313;20082001;01031796;316;375;621 ~~~~~~~~~~~~~~~~~~~~~~~~~~~~~~~~~~ 11-11
17011503;19102079a;18025840;14150700313;21082001;02031796;317;406;496 ~~~~~~~~~~~~~~~~~~~~~~~~~~~~~~~~~~ 11-12
18011503;20102079a;19025840;15150700313;22082001;03031796;318;621 ~~~~~~~~~~~~~~~~~~~~~~~~~~~~~~~~~~~~~~ 11-13
19011503;21102079a;20025840;16150700313;23082001;04031796;319;437;418 ~~~~~~~~~~~~~~~~~~~~~~~~~~~~~~~~~~ 11-14
20011503;22102079a;21025840;17150700313;24082001;05031796;320;398;876;621 ~~~~~~~~~~~~~~~~~~~~~~~~~~~~~~ 11-15
21011503;23102079a;22025840;18150700313;25082001;06031796;321;766;496 ~~~~~~~~~~~~~~~~~~~~~~~~~~~~~~~~~~ 11-16
22011503;24102079a;23025840;19150700313;26082001;07031796;322;621 ~~~~~~~~~~~~~~~~~~~~~~~~~~~~~~~~~~~~~~ 11-17
23011503;25102079a;24025840;00160700313;27082001;08031796;323;767 ~~~~~~~~~~~~~~~~~~~~~~~~~~~~~~~~~~~~~~ 11-18
24011503;26102079a;25025840;01160700313;28082001;09031796;324;765;936;621 ~~~~~~~~~~~~~~~~~~~~~~~~~~~~~~ 11-19
25011503;27102079a;26025840;02160700313;29082001;10031796;325 ~~~~~~~~~~~~~~~~~~~~~~~~~~~~~~~~~~~~~~~~~~ 11-20
26011503;28102079a;27025840;03160700313;30082001;11031796;326;621 ~~~~~~~~~~~~~~~~~~~~~~~~~~~~~~~~~~~~~~ 11-21
27011503;29102079a;28025840;04160700313;01092001;12031796;327;769;868;788;406;496 ~~~~~~~~~~~~~~~~~~~~~~ 11-22
28011503;01112079a;29025840;05160700313;02092001;13031796;328;440;380;418;621 ~~~~~~~~~~~~~~~~~~~~~~~~~~ 11-23
29011503;02112079a;01035840;06160700313;03092001;14031796;329;441 ~~~~~~~~~~~~~~~~~~~~~~~~~~~~~~~~~~~~~~ 11-24
30011503;03112079a;02035840;07160700313;04092001;15031796;330;770;768;497;621 ~~~~~~~~~~~~~~~~~~~~~~~~~~ 11-25
01021503;04112079a;03035840;08160700313;05092001;16031796;331;513 ~~~~~~~~~~~~~~~~~~~~~~~~~~~~~~~~~~~~~~ 11-26
02021503;05112079a;04035840;09160700313;06092001;17031796;332;442;621 ~~~~~~~~~~~~~~~~~~~~~~~~~~~~~~~~~~ 11-27
03021503;06112079a;05035840;10160700313;07092001;18031796;333;771;801;944 ~~~~~~~~~~~~~~~~~~~~~~~~~~~~~~ 11-28
04021503;07112079a;06035840;11160700313;08092001;19031796;334;772;369;621 ~~~~~~~~~~~~~~~~~~~~~~~~~~~~~~ 11-29
05021503;08112079a;07035840;12160700313;09092001;20031796;335 ~~~~~~~~~~~~~~~~~~~~~~~~~~~~~~~~~~~~~~~~~~ 11-30
06021503;09112079a;08035840;13160700313;10092001;21031796;336;774;397;622 ~~~~~~~~~~~~~~~~~~~~~~~~~~~~~~ 12-01
07021503;10112079a;09035840;14160700313;11092001;22031796;337;637;775 ~~~~~~~~~~~~~~~~~~~~~~~~~~~~~~~~~~ 12-02
08021503;11112079a;10035840;15160700313;12092001;23031796;338;370;589;622 ~~~~~~~~~~~~~~~~~~~~~~~~~~~~~~ 12-03
09021503;12112079a;11035840;16160700313;13092001;24031796;339;557;890 ~~~~~~~~~~~~~~~~~~~~~~~~~~~~~~~~~~ 12-04
10021503;13112079a;12035840;17160700313;14092001;25031796;340;773;554;622 ~~~~~~~~~~~~~~~~~~~~~~~~~~~~~~ 12-05
11021503;14112079a;13035840;18160700313;15092001;26031796;341 ~~~~~~~~~~~~~~~~~~~~~~~~~~~~~~~~~~~~~~~~~~ 12-06
12021503;15112079a;14035840;19160700313;16092001;27031796;342;622 ~~~~~~~~~~~~~~~~~~~~~~~~~~~~~~~~~~~~~~ 12-07
13021503;16112079a;15035840;00170700313;17092001;28031796;343;395;545;887 ~~~~~~~~~~~~~~~~~~~~~~~~~~~~~~ 12-08
14021503;17112079a;16035840;01170700313;18092001;29031796;344;776;514;622 ~~~~~~~~~~~~~~~~~~~~~~~~~~~~~~ 12-09
15021503;18112079a;17035840;02170700313;19092001;30031796;345;777;590 ~~~~~~~~~~~~~~~~~~~~~~~~~~~~~~~~~~ 12-10
16021503;19112079a;18035840;03170700313;20092001;01041796;346;622 ~~~~~~~~~~~~~~~~~~~~~~~~~~~~~~~~~~~~~~ 12-11
17021503;20112079a;19035840;04170700313;21092001;02041796;347;406 ~~~~~~~~~~~~~~~~~~~~~~~~~~~~~~~~~~~~~~ 12-12
18021503;21112079a;20035840;05170700313;22092001;03041796;348;622 ~~~~~~~~~~~~~~~~~~~~~~~~~~~~~~~~~~~~~~ 12-13
19021503;22112079a;21035840;06170700313;23092001;04041796;349;398 ~~~~~~~~~~~~~~~~~~~~~~~~~~~~~~~~~~~~~~ 12-14
20021503;23112079a;22035840;07170700313;24092001;05041796;350;778;844;622 ~~~~~~~~~~~~~~~~~~~~~~~~~~~~~~ 12-15
21021503;24112079a;23035840;08170700313;25092001;06041796;351 ~~~~~~~~~~~~~~~~~~~~~~~~~~~~~~~~~~~~~~~~~~ 12-16
22021503;25112079a;24035840;09170700313;26092001;07041796;352;591;406;622 ~~~~~~~~~~~~~~~~~~~~~~~~~~~~~~ 12-17
23021503;26112079a;25035840;10170700313;27092001;08041796;353;917;516 ~~~~~~~~~~~~~~~~~~~~~~~~~~~~~~~~~~ 12-18
24021503;27112079a;26035840;11170700313;28092001;09041796;354;432;516;622 ~~~~~~~~~~~~~~~~~~~~~~~~~~~~~~ 12-19
25021503;28112079a;27035840;12170700313;29092001;10041796;355;371;516;418 ~~~~~~~~~~~~~~~~~~~~~~~~~~~~~~ 12-20
26021503;29112079a;28035840;13170700313;30092001;11041796;356;466;516;421;622 ~~~~~~~~~~~~~~~~~~~~~~~~~~ 12-21
27021503;30112079a;29035840;14170700313;01102001;12041796;357;380;426;516 ~~~~~~~~~~~~~~~~~~~~~~~~~~~~~~ 12-22
28021503;01122079a;30035840;15170700313;02102001;13041796;358;513;465;622 ~~~~~~~~~~~~~~~~~~~~~~~~~~~~~~ 12-23
29021503;02122079a;01045840;16170700313;03102001;14041796;359;592;516 ~~~~~~~~~~~~~~~~~~~~~~~~~~~~~~~~~~ 12-24
01031503;03122079a;02045840;17170700313;04102001;15041796;360;516;622 ~~~~~~~~~~~~~~~~~~~~~~~~~~~~~~~~~~ 12-25
02031503;04122079a;03045840;18170700313;05102001;16041796;361;422;516 ~~~~~~~~~~~~~~~~~~~~~~~~~~~~~~~~~~ 12-26
03031503;05122079a;04045840;19170700313;06102001;17041796;362;406;622 ~~~~~~~~~~~~~~~~~~~~~~~~~~~~~~~~~~ 12-27
04031503;06122079a;05045840;00000800313;07102001;18041796;363 ~~~~~~~~~~~~~~~~~~~~~~~~~~~~~~~~~~~~~~~~~~ 12-28
05031503;07122079a;06045840;01000800313;08102001;19041796;364;622 ~~~~~~~~~~~~~~~~~~~~~~~~~~~~~~~~~~~~~~ 12-29
06031503;08122079a;07045840;02000800313;09102001;20041796;365;805 ~~~~~~~~~~~~~~~~~~~~~~~~~~~~~~~~~~~~~~ 12-30
07031503;09122079a;08045840;03000800313;10102001;21041796;366;397;622 ~~~~~~~~~~~~~~~~~~~~~~~~~~~~~~~~~~ 12-31
