08031503;10122079a;09045840;03000800313;11102001;22041796;001 ~~~~~~~~~~~~~~~~~~~~~~~~~~~~~~~~~~~~~~~~~~ 01-01
09031503;11122079a;10045840;04000800313;12102001;23041796;002 ~~~~~~~~~~~~~~~~~~~~~~~~~~~~~~~~~~~~~~~~~~ 01-02
10031503;12122079a;11045840;05000800313;13102001;24041796;003;905 ~~~~~~~~~~~~~~~~~~~~~~~~~~~~~~~~~~~~~~ 01-03
11031503;13122079a;12045840;06000800313;14102001;25041796;004 ~~~~~~~~~~~~~~~~~~~~~~~~~~~~~~~~~~~~~~~~~~ 01-04
12031503;14122079a;13045840;07000800313;15102001;26041796;005;372;511 ~~~~~~~~~~~~~~~~~~~~~~~~~~~~~~~~~~ 01-05
13031503;15122079a;14045840;08000800313;16102001;27041796;006;637;381;514;843 ~~~~~~~~~~~~~~~~~~~~~~~~~~ 01-06
14031503;16122079a;15045840;09000800313;17102001;28041796;007;904 ~~~~~~~~~~~~~~~~~~~~~~~~~~~~~~~~~~~~~~ 01-07
15031503;17122079a;16045840;10000800313;18102001;29041796;008;628 ~~~~~~~~~~~~~~~~~~~~~~~~~~~~~~~~~~~~~~ 01-08
16031503;18122079a;17045840;11000800313;19102001;30041796;009;629;804;916;403 ~~~~~~~~~~~~~~~~~~~~~~~~~~ 01-09
17031503;19122079a;18045840;12000800313;20102001;01051796;010;511;418 ~~~~~~~~~~~~~~~~~~~~~~~~~~~~~~~~~~ 01-10
18031503;20122079a;19045840;13000800313;21102001;02051796;011 ~~~~~~~~~~~~~~~~~~~~~~~~~~~~~~~~~~~~~~~~~~ 01-11
19031503;21122079a;20045840;14000800313;22102001;03051796;012 ~~~~~~~~~~~~~~~~~~~~~~~~~~~~~~~~~~~~~~~~~~ 01-12
20031503;22122079a;21045840;15000800313;23102001;04051796;013;626;398;817;403 ~~~~~~~~~~~~~~~~~~~~~~~~~~ 01-13
21031503;23122079a;22045840;16000800313;24102001;05051796;014;627;843 ~~~~~~~~~~~~~~~~~~~~~~~~~~~~~~~~~~ 01-14
22031503;24122079a;23045840;17000800313;25102001;06051796;015;492 ~~~~~~~~~~~~~~~~~~~~~~~~~~~~~~~~~~~~~~ 01-15
23031503;25122079a;24045840;18000800313;26102001;07051796;016;376 ~~~~~~~~~~~~~~~~~~~~~~~~~~~~~~~~~~~~~~ 01-16
24031503;26122079a;25045840;19000800313;27102001;08051796;017;923;403 ~~~~~~~~~~~~~~~~~~~~~~~~~~~~~~~~~~ 01-17
25031503;27122079a;26045840;00010800313;28102001;09051796;018;631 ~~~~~~~~~~~~~~~~~~~~~~~~~~~~~~~~~~~~~~ 01-18
26031503;28122079a;27045840;01010800313;29102001;10051796;019;513;418 ~~~~~~~~~~~~~~~~~~~~~~~~~~~~~~~~~~ 01-19
27031503;29122079a;28045840;02010800313;30102001;11051796;020;630 ~~~~~~~~~~~~~~~~~~~~~~~~~~~~~~~~~~~~~~ 01-20
28031503;30122079a;29045840;03010800313;01112001;12051796;021;625;380;453;888;403 ~~~~~~~~~~~~~~~~~~~~~~ 01-21
29031503;01012080b;01055840;04010800313;02112001;13051796;022;479;490 ~~~~~~~~~~~~~~~~~~~~~~~~~~~~~~~~~~ 01-22
30031503;02012080b;02055840;05010800313;03112001;14051796;023;566;479;490 ~~~~~~~~~~~~~~~~~~~~~~~~~~~~~~ 01-23
01041503;03012080b;03055840;06010800313;04112001;15051796;024;632;566 ~~~~~~~~~~~~~~~~~~~~~~~~~~~~~~~~~~ 01-24
02041503;04012080b;04055840;07010800313;05112001;16051796;025;566;403 ~~~~~~~~~~~~~~~~~~~~~~~~~~~~~~~~~~ 01-25
03041503;05012080b;05055840;08010800313;06112001;17051796;026;633;566 ~~~~~~~~~~~~~~~~~~~~~~~~~~~~~~~~~~ 01-26
04041503;06012080b;06055840;09010800313;07112001;18051796;027;634;940 ~~~~~~~~~~~~~~~~~~~~~~~~~~~~~~~~~~ 01-27
05041503;07012080b;07055840;10010800313;08112001;19051796;028;635;436;418 ~~~~~~~~~~~~~~~~~~~~~~~~~~~~~~ 01-28
06041503;08012080b;08055840;11010800313;09112001;20051796;029;636;397;914;403 ~~~~~~~~~~~~~~~~~~~~~~~~~~ 01-29
07041503;09012080b;09055840;12010800313;10112001;21051796;030;536;580 ~~~~~~~~~~~~~~~~~~~~~~~~~~~~~~~~~~ 01-30
08041503;10012080b;10055840;13010800313;11112001;22051796;031 ~~~~~~~~~~~~~~~~~~~~~~~~~~~~~~~~~~~~~~~~~~ 01-31
09041503;11012080b;11055840;13010800313;12112001;23051796;032;638;433;873 ~~~~~~~~~~~~~~~~~~~~~~~~~~~~~~ 02-01
10041503;12012080b;12055840;14010800313;13112001;24051796;033;639;554 ~~~~~~~~~~~~~~~~~~~~~~~~~~~~~~~~~~ 02-02
11041503;13012080b;13055840;15010800313;14112001;25051796;034;637;640;399 ~~~~~~~~~~~~~~~~~~~~~~~~~~~~~~ 02-03
12041503;14012080b;14055840;16010800313;15112001;26051796;035;514 ~~~~~~~~~~~~~~~~~~~~~~~~~~~~~~~~~~~~~~ 02-04
13041503;15012080b;15055840;17010800313;16112001;27051796;036;382;884;612 ~~~~~~~~~~~~~~~~~~~~~~~~~~~~~~ 02-05
14041503;16012080b;16055840;18010800313;17112001;28051796;037;400;403;418 ~~~~~~~~~~~~~~~~~~~~~~~~~~~~~~ 02-06
15041503;17012080b;17055840;19010800313;18112001;29051796;038 ~~~~~~~~~~~~~~~~~~~~~~~~~~~~~~~~~~~~~~~~~~ 02-07
16041503;18012080b;18055840;00020800313;19112001;30051796;039;642 ~~~~~~~~~~~~~~~~~~~~~~~~~~~~~~~~~~~~~~ 02-08
17041503;19012080b;19055840;01020800313;20112001;01061796;040;400;612 ~~~~~~~~~~~~~~~~~~~~~~~~~~~~~~~~~~ 02-09
18041503;20012080b;20055840;02020800313;21112001;02061796;041;643;403 ~~~~~~~~~~~~~~~~~~~~~~~~~~~~~~~~~~ 02-10
19041503;21012080b;21055840;03020800313;22112001;03061796;042;581 ~~~~~~~~~~~~~~~~~~~~~~~~~~~~~~~~~~~~~~ 02-11
20041503;22012080b;22055840;04020800313;23112001;04061796;043;641;398;400 ~~~~~~~~~~~~~~~~~~~~~~~~~~~~~~ 02-12
21041503;23012080b;23055840;05020800313;24112001;05061796;044 ~~~~~~~~~~~~~~~~~~~~~~~~~~~~~~~~~~~~~~~~~~ 02-13
22041503;24012080b;24055840;06020800313;25112001;06061796;045;403 ~~~~~~~~~~~~~~~~~~~~~~~~~~~~~~~~~~~~~~ 02-14
23041503;25012080b;25055840;07020800313;26112001;07061796;046;644;836 ~~~~~~~~~~~~~~~~~~~~~~~~~~~~~~~~~~ 02-15
24041503;26012080b;26055840;08020800313;27112001;08061796;047;645;513;943 ~~~~~~~~~~~~~~~~~~~~~~~~~~~~~~ 02-16
25041503;27012080b;27055840;09020800313;28112001;09061796;048;854 ~~~~~~~~~~~~~~~~~~~~~~~~~~~~~~~~~~~~~~ 02-17
26041503;28012080b;28055840;10020800313;29112001;10061796;049;831;886;854;400;403 ~~~~~~~~~~~~~~~~~~~~~~ 02-18
27041503;29012080b;29055840;11020800313;30112001;11061796;050;450;612 ~~~~~~~~~~~~~~~~~~~~~~~~~~~~~~~~~~ 02-19
28041503;30012080b;30055840;12020800313;01122001;12061796;051;443;380;835 ~~~~~~~~~~~~~~~~~~~~~~~~~~~~~~ 02-20
29041503;01022080b;01065840;13020800313;02122001;13061796;052;444;400;612 ~~~~~~~~~~~~~~~~~~~~~~~~~~~~~~ 02-21
01051503;02022080b;02065840;14020800313;03122001;14061796;053;648 ~~~~~~~~~~~~~~~~~~~~~~~~~~~~~~~~~~~~~~ 02-22
02051503;03022080b;03065840;15020800313;04122001;15061796;054;596;649 ~~~~~~~~~~~~~~~~~~~~~~~~~~~~~~~~~~ 02-23
03051503;04022080b;04065840;16020800313;05122001;16061796;055;825;400 ~~~~~~~~~~~~~~~~~~~~~~~~~~~~~~~~~~ 02-24
04051503;05022080b;05065840;17020800313;06122001;17061796;056;401 ~~~~~~~~~~~~~~~~~~~~~~~~~~~~~~~~~~~~~~ 02-25
05051503;06022080b;06065840;18020800313;07122001;18061796;057;403 ~~~~~~~~~~~~~~~~~~~~~~~~~~~~~~~~~~~~~~ 02-26
06051503;07022080b;07065840;19020800313;08122001;19061796;058;646;397;612 ~~~~~~~~~~~~~~~~~~~~~~~~~~~~~~ 02-27
07051503;08022080b;08065840;00030800313;09122001;20061796;059 ~~~~~~~~~~~~~~~~~~~~~~~~~~~~~~~~~~~~~~~~~~ 02-28
08051503;09022080b;09065840;01030800313;10122001;21061796;060;647;650 ~~~~~~~~~~~~~~~~~~~~~~~~~~~~~~~~~~ 02-29
09051503;10022080b;10065840;04030800313;11122001;22061796;061;654;403 ~~~~~~~~~~~~~~~~~~~~~~~~~~~~~~~~~~ 03-01
10051503;11022080b;11065840;05030800313;12122001;23061796;062;637;517 ~~~~~~~~~~~~~~~~~~~~~~~~~~~~~~~~~~ 03-02
11051503;12022080b;12065840;06030800313;13122001;24061796;063;655;514 ~~~~~~~~~~~~~~~~~~~~~~~~~~~~~~~~~~ 03-03
12051503;13022080b;13065840;07030800313;14122001;25061796;064 ~~~~~~~~~~~~~~~~~~~~~~~~~~~~~~~~~~~~~~~~~~ 03-04
13051503;14022080b;14065840;08030800313;15122001;26061796;065;383;544;623;906;519;403 ~~~~~~~~~~~~~~~~~~ 03-05
14051503;15022080b;15065840;09030800313;16122001;27061796;066;598;829 ~~~~~~~~~~~~~~~~~~~~~~~~~~~~~~~~~~ 03-06
15051503;16022080b;16065840;10030800313;17122001;28061796;067;653;562 ~~~~~~~~~~~~~~~~~~~~~~~~~~~~~~~~~~ 03-07
16051503;17022080b;17065840;11030800313;18122001;29061796;068;562 ~~~~~~~~~~~~~~~~~~~~~~~~~~~~~~~~~~~~~~ 03-08
17051503;18022080b;18065840;12030800313;19122001;30061796;069;437;562 ~~~~~~~~~~~~~~~~~~~~~~~~~~~~~~~~~~ 03-09
18051503;19022080b;19065840;13030800313;20122001;01071796;070 ~~~~~~~~~~~~~~~~~~~~~~~~~~~~~~~~~~~~~~~~~~ 03-10
19051503;20022080b;20065840;14030800313;21122001;02071796;071 ~~~~~~~~~~~~~~~~~~~~~~~~~~~~~~~~~~~~~~~~~~ 03-11
20051503;21022080b;21065840;15030800313;22122001;03071796;072 ~~~~~~~~~~~~~~~~~~~~~~~~~~~~~~~~~~~~~~~~~~ 03-12
21051503;22022080b;22065840;16030800313;23122001;04071796;073;398;533;864;924;403;418 ~~~~~~~~~~~~~~~~~~ 03-13
22051503;23022080b;23065840;17030800313;24122001;05071796;074;656 ~~~~~~~~~~~~~~~~~~~~~~~~~~~~~~~~~~~~~~ 03-14
23051503;24022080b;24065840;18030800313;25122001;06071796;075;513;808;613 ~~~~~~~~~~~~~~~~~~~~~~~~~~~~~~ 03-15
24051503;25022080b;25065840;19030800313;26122001;07071796;076;432 ~~~~~~~~~~~~~~~~~~~~~~~~~~~~~~~~~~~~~~ 03-16
25051503;26022080b;26065840;00040800313;27122001;08071796;077;817;900;403 ~~~~~~~~~~~~~~~~~~~~~~~~~~~~~~ 03-17
26051503;27022080b;27065840;01040800313;28122001;09071796;078;466 ~~~~~~~~~~~~~~~~~~~~~~~~~~~~~~~~~~~~~~ 03-18
27051503;28022080b;28065840;02040800313;29122001;10071796;079;657;424 ~~~~~~~~~~~~~~~~~~~~~~~~~~~~~~~~~~ 03-19
28051503;29022080b;29065840;03040800313;30122001;11071796;080;459 ~~~~~~~~~~~~~~~~~~~~~~~~~~~~~~~~~~~~~~ 03-20
29051503;01032080b;01075840;04040800313;01012002;12071796;081;658;380;929;952;851;403;613 ~~~~~~~~~~~~~~ 03-21
30051503;02032080b;02075840;05040800313;02012002;13071796;082;538;559;935;418 ~~~~~~~~~~~~~~~~~~~~~~~~~~ 03-22
01061503;03032080b;03075840;06040800313;03012002;14071796;083;613 ~~~~~~~~~~~~~~~~~~~~~~~~~~~~~~~~~~~~~~ 03-23
02061503;04032080b;04075840;07040800313;04012002;15071796;084;555;577 ~~~~~~~~~~~~~~~~~~~~~~~~~~~~~~~~~~ 03-24
03061503;05032080b;05075840;08040800313;05012002;16071796;085;403 ~~~~~~~~~~~~~~~~~~~~~~~~~~~~~~~~~~~~~~ 03-25
04061503;06032080b;06075840;09040800313;06012002;17071796;086;659 ~~~~~~~~~~~~~~~~~~~~~~~~~~~~~~~~~~~~~~ 03-26
05061503;07032080b;07075840;10040800313;07012002;18071796;087;660;945;613 ~~~~~~~~~~~~~~~~~~~~~~~~~~~~~~ 03-27
06061503;08032080b;08075840;11040800313;08012002;19071796;088;652;397 ~~~~~~~~~~~~~~~~~~~~~~~~~~~~~~~~~~ 03-28
07061503;09032080b;09075840;12040800313;09012002;20071796;089;576;933;852;403 ~~~~~~~~~~~~~~~~~~~~~~~~~~ 03-29
08061503;10032080b;10075840;13040800313;10012002;21071796;090;514 ~~~~~~~~~~~~~~~~~~~~~~~~~~~~~~~~~~~~~~ 03-30
09061503;11032080b;11075840;14040800313;11012002;22071796;091;493;877 ~~~~~~~~~~~~~~~~~~~~~~~~~~~~~~~~~~ 03-31
10061503;12032080b;12075840;15040800313;12012002;23071796;092 ~~~~~~~~~~~~~~~~~~~~~~~~~~~~~~~~~~~~~~~~~~ 04-01
11061503;13032080b;13075840;16040800313;13012002;24071796;093 ~~~~~~~~~~~~~~~~~~~~~~~~~~~~~~~~~~~~~~~~~~ 04-02
12061503;14032080b;14075840;17040800313;14012002;25071796;094;663;571 ~~~~~~~~~~~~~~~~~~~~~~~~~~~~~~~~~~ 04-03
13061503;15032080b;15075840;18040800313;15012002;26071796;095;384;539;541;575;949;515;614 ~~~~~~~~~~~~~~ 04-04
14061503;16032080b;16075840;19040800313;16012002;27071796;096;445 ~~~~~~~~~~~~~~~~~~~~~~~~~~~~~~~~~~~~~~ 04-05
15061503;17032080b;17075840;00050800313;17012002;28071796;097;446;637;661 ~~~~~~~~~~~~~~~~~~~~~~~~~~~~~~ 04-06
16061503;18032080b;18075840;01050800313;18012002;29071796;098;447;662 ~~~~~~~~~~~~~~~~~~~~~~~~~~~~~~~~~~ 04-07
17061503;19032080b;19075840;02050800313;19012002;30071796;099;448;651 ~~~~~~~~~~~~~~~~~~~~~~~~~~~~~~~~~~ 04-08
18061503;20032080b;20075840;03050800313;20012002;01081796;100;419;651 ~~~~~~~~~~~~~~~~~~~~~~~~~~~~~~~~~~ 04-09
19061503;21032080b;21075840;04050800313;21012002;02081796;101;403;614;651 ~~~~~~~~~~~~~~~~~~~~~~~~~~~~~~ 04-10
20061503;22032080b;22075840;05050800313;22012002;03081796;102;398;651 ~~~~~~~~~~~~~~~~~~~~~~~~~~~~~~~~~~ 04-11
21061503;23032080b;23075840;06050800313;23012002;04081796;103;513;651 ~~~~~~~~~~~~~~~~~~~~~~~~~~~~~~~~~~ 04-12
22061503;24032080b;24075840;07050800313;24012002;05081796;104;651 ~~~~~~~~~~~~~~~~~~~~~~~~~~~~~~~~~~~~~~ 04-13
23061503;25032080b;25075840;08050800313;25012002;06081796;105 ~~~~~~~~~~~~~~~~~~~~~~~~~~~~~~~~~~~~~~~~~~ 04-14
24061503;26032080b;26075840;09050800313;26012002;07081796;106;794;526 ~~~~~~~~~~~~~~~~~~~~~~~~~~~~~~~~~~ 04-15
25061503;27032080b;27075840;10050800313;27012002;08081796;107;939;614 ~~~~~~~~~~~~~~~~~~~~~~~~~~~~~~~~~~ 04-16
26061503;28032080b;28075840;11050800313;28012002;09081796;108 ~~~~~~~~~~~~~~~~~~~~~~~~~~~~~~~~~~~~~~~~~~ 04-17
27061503;29032080b;29075840;12050800313;29012002;10081796;109;631;664;403 ~~~~~~~~~~~~~~~~~~~~~~~~~~~~~~ 04-18
28061503;30032080b;30075840;13050800313;30012002;11081796;110;665;380 ~~~~~~~~~~~~~~~~~~~~~~~~~~~~~~~~~~ 04-19
29061503;01232080b;01085840;14050800313;31012002;12081796;111;666 ~~~~~~~~~~~~~~~~~~~~~~~~~~~~~~~~~~~~~~ 04-20
01071503;02232080b;02085840;15050800313;01022002;13081796;112 ~~~~~~~~~~~~~~~~~~~~~~~~~~~~~~~~~~~~~~~~~~ 04-21
02071503;03232080b;03085840;16050800313;02022002;14081796;113;510;902;403;614 ~~~~~~~~~~~~~~~~~~~~~~~~~~ 04-22
03071503;04232080b;04085840;17050800313;03022002;15081796;114;528 ~~~~~~~~~~~~~~~~~~~~~~~~~~~~~~~~~~~~~~ 04-23
04071503;05232080b;05085840;18050800313;04022002;16081796;115;670;514;529 ~~~~~~~~~~~~~~~~~~~~~~~~~~~~~~ 04-24
05071503;06232080b;06085840;19050800313;05022002;17081796;116;667 ~~~~~~~~~~~~~~~~~~~~~~~~~~~~~~~~~~~~~~ 04-25
06071503;07232080b;07085840;00060800313;06022002;18081796;117;671;397;553;403 ~~~~~~~~~~~~~~~~~~~~~~~~~~ 04-26
07071503;08232080b;08085840;01060800313;07022002;19081796;118;668 ~~~~~~~~~~~~~~~~~~~~~~~~~~~~~~~~~~~~~~ 04-27
08071503;09232080b;09085840;02060800313;08022002;20081796;119;669;927;614 ~~~~~~~~~~~~~~~~~~~~~~~~~~~~~~ 04-28
09071503;10232080b;10085840;03060800313;09022002;21081796;120;433 ~~~~~~~~~~~~~~~~~~~~~~~~~~~~~~~~~~~~~~ 04-29
10071503;11232080b;11085840;04060800313;10022002;22081796;121;889;403 ~~~~~~~~~~~~~~~~~~~~~~~~~~~~~~~~~~ 04-30
11071503;12232080b;12085840;05060800313;11022002;23081796;122;676 ~~~~~~~~~~~~~~~~~~~~~~~~~~~~~~~~~~~~~~ 05-01
12071503;13232080b;13085840;06060800313;12022002;24081796;123;677;894 ~~~~~~~~~~~~~~~~~~~~~~~~~~~~~~~~~~ 05-02
13071503;14232080b;14085840;07060800313;13022002;25081796;124;679;385;537;937;615 ~~~~~~~~~~~~~~~~~~~~~~ 05-03
14071503;15232080b;15085840;08060800313;14022002;26081796;125;637;672;892;403 ~~~~~~~~~~~~~~~~~~~~~~~~~~ 05-04
15071503;16232080b;16085840;09060800313;15022002;27081796;126;673 ~~~~~~~~~~~~~~~~~~~~~~~~~~~~~~~~~~~~~~ 05-05
16071503;17232080b;17085840;10060800313;16022002;28081796;127;674 ~~~~~~~~~~~~~~~~~~~~~~~~~~~~~~~~~~~~~~ 05-06
17071503;18232080b;18085840;11060800313;17022002;29081796;128;675;518;615 ~~~~~~~~~~~~~~~~~~~~~~~~~~~~~~ 05-07
18071503;19232080b;19085840;12060800313;18022002;30081796;129;683;403 ~~~~~~~~~~~~~~~~~~~~~~~~~~~~~~~~~~ 05-08
19071503;20232080b;20085840;13060800313;19022002;01091796;130;414;513 ~~~~~~~~~~~~~~~~~~~~~~~~~~~~~~~~~~ 05-09
20071503;21232080b;21085840;14060800313;20022002;02091796;131;678 ~~~~~~~~~~~~~~~~~~~~~~~~~~~~~~~~~~~~~~ 05-10
21071503;22232080b;22085840;15060800313;21022002;03091796;132;681;680;398;615 ~~~~~~~~~~~~~~~~~~~~~~~~~~ 05-11
22071503;23232080b;23085840;16060800313;22022002;04091796;133;451 ~~~~~~~~~~~~~~~~~~~~~~~~~~~~~~~~~~~~~~ 05-12
23071503;24232080b;24085840;17060800313;23022002;05091796;134;682;615 ~~~~~~~~~~~~~~~~~~~~~~~~~~~~~~~~~~ 05-13
24071503;25232080b;25085840;18060800313;24022002;06091796;135;405 ~~~~~~~~~~~~~~~~~~~~~~~~~~~~~~~~~~~~~~ 05-14
25071503;26232080b;26085840;19060800313;25022002;07091796;136;685;530 ~~~~~~~~~~~~~~~~~~~~~~~~~~~~~~~~~~ 05-15
26071503;27232080b;27085840;00070800313;26022002;08091796;137;494;797;403 ~~~~~~~~~~~~~~~~~~~~~~~~~~~~~~ 05-16
27071503;28232080b;28085840;01070800313;27022002;09091796;138;686;509;573;615 ~~~~~~~~~~~~~~~~~~~~~~~~~~ 05-17
28071503;29232080b;29085840;02070800313;28022002;10091796;139;687;573 ~~~~~~~~~~~~~~~~~~~~~~~~~~~~~~~~~~ 05-18
29071503;01042080b;01095840;03070800313;29022002;11091796;140;684;380;921;942;573;624;615 ~~~~~~~~~~~~~~ 05-19
30071503;02042080b;02095840;04070800313;30022002;12091796;141;789;436;624 ~~~~~~~~~~~~~~~~~~~~~~~~~~~~~~ 05-20
01081503;03042080b;03095840;05070800313;31022002;13091796;142;514;624 ~~~~~~~~~~~~~~~~~~~~~~~~~~~~~~~~~~ 05-21
02081503;04042080b;04095840;06070800313;01032002;14091796;143;798;624 ~~~~~~~~~~~~~~~~~~~~~~~~~~~~~~~~~~ 05-22
03081503;05042080b;05095840;07070800313;02032002;15091796;144;624 ~~~~~~~~~~~~~~~~~~~~~~~~~~~~~~~~~~~~~~ 05-23
04081503;06042080b;06095840;08070800313;03032002;16091796;145;689;411;522;624;403 ~~~~~~~~~~~~~~~~~~~~~~ 05-24
05081503;07042080b;07095840;09070800313;04032002;17091796;146;439;397;624;415;615 ~~~~~~~~~~~~~~~~~~~~~~ 05-25
06081503;08042080b;08095840;10070800313;05032002;18091796;147;449;439 ~~~~~~~~~~~~~~~~~~~~~~~~~~~~~~~~~~ 05-26
07081503;09042080b;09095840;11070800313;06032002;19091796;148;438;615 ~~~~~~~~~~~~~~~~~~~~~~~~~~~~~~~~~~ 05-27
08081503;10042080b;10095840;12070800313;07032002;20091796;149;552;403 ~~~~~~~~~~~~~~~~~~~~~~~~~~~~~~~~~~ 05-28
09081503;11042080b;11095840;13070800313;08032002;21091796;150;688;896;406 ~~~~~~~~~~~~~~~~~~~~~~~~~~~~~~ 05-29
10081503;12042080b;12095840;14070800313;09032002;22091796;151 ~~~~~~~~~~~~~~~~~~~~~~~~~~~~~~~~~~~~~~~~~~ 05-30
11081503;13042080b;13095840;15070800313;10032002;23091796;152;412 ~~~~~~~~~~~~~~~~~~~~~~~~~~~~~~~~~~~~~~ 05-31
12081503;14042080b;14095840;16070800313;11032002;24091796;153;637;693;403 ~~~~~~~~~~~~~~~~~~~~~~~~~~~~~~ 06-01
13081503;15042080b;15095840;17070800313;12032002;25091796;154;690;386;399;874;941;415 ~~~~~~~~~~~~~~~~~~ 06-02
14081503;16042080b;16095840;18070800313;13032002;26091796;155;694;512;406 ~~~~~~~~~~~~~~~~~~~~~~~~~~~~~~ 06-03
15081503;17042080b;17095840;19070800313;14032002;27091796;156 ~~~~~~~~~~~~~~~~~~~~~~~~~~~~~~~~~~~~~~~~~~ 06-04
16081503;18042080b;18095840;00080800313;15032002;28091796;157;691;377;403;616 ~~~~~~~~~~~~~~~~~~~~~~~~~~ 06-05
17081503;19042080b;19095840;01080800313;16032002;29091796;158;513 ~~~~~~~~~~~~~~~~~~~~~~~~~~~~~~~~~~~~~~ 06-06
18081503;20042080b;20095840;02080800313;17032002;30091796;159;692 ~~~~~~~~~~~~~~~~~~~~~~~~~~~~~~~~~~~~~~ 06-07
19081503;21042080b;21095840;03080800313;18032002;01101796;160;697;799;400;406 ~~~~~~~~~~~~~~~~~~~~~~~~~~ 06-08
20081503;22042080b;22095840;04080800313;19032002;02101796;161;695;408 ~~~~~~~~~~~~~~~~~~~~~~~~~~~~~~~~~~ 06-09
21081503;23042080b;23095840;05080800313;20032002;03101796;162;398;569;415 ~~~~~~~~~~~~~~~~~~~~~~~~~~~~~~ 06-10
22081503;24042080b;24095840;06080800313;21032002;04101796;163;696;569;400 ~~~~~~~~~~~~~~~~~~~~~~~~~~~~~~ 06-11
23081503;25042080b;25095840;07080800313;22032002;05101796;164;432 ~~~~~~~~~~~~~~~~~~~~~~~~~~~~~~~~~~~~~~ 06-12
24081503;26042080b;26095840;08080800313;23032002;06101796;165;406 ~~~~~~~~~~~~~~~~~~~~~~~~~~~~~~~~~~~~~~ 06-13
25081503;27042080b;27095840;09080800313;24032002;07101796;166;699;946;400;412 ~~~~~~~~~~~~~~~~~~~~~~~~~~ 06-14
26081503;28042080b;28095840;10080800313;25032002;08101796;167 ~~~~~~~~~~~~~~~~~~~~~~~~~~~~~~~~~~~~~~~~~~ 06-15
27081503;29042080b;29095840;11080800313;26032002;09101796;168;452;452;857 ~~~~~~~~~~~~~~~~~~~~~~~~~~~~~~ 06-16
28081503;30042080b;30095840;12080800313;27032002;10101796;169;380;928;400;403 ~~~~~~~~~~~~~~~~~~~~~~~~~~ 06-17
29081503;01052080b;01105840;13080800313;28032002;11101796;170;514;406;415 ~~~~~~~~~~~~~~~~~~~~~~~~~~~~~~ 06-18
01091503;02052080b;02105840;14080800313;29032002;12101796;171;870;460;504;616 ~~~~~~~~~~~~~~~~~~~~~~~~~~ 06-19
02091503;03052080b;03105840;15080800313;30032002;13101796;172;698;425;400 ~~~~~~~~~~~~~~~~~~~~~~~~~~~~~~ 06-20
03091503;04052080b;04105840;16080800313;31032002;14101796;173;701;461;700;403;409;505;616 ~~~~~~~~~~~~~~ 06-21
04091503;05052080b;05105840;17080800313;01042002;15101796;174;702;564 ~~~~~~~~~~~~~~~~~~~~~~~~~~~~~~~~~~ 06-22
05091503;06052080b;06105840;18080800313;02042002;16101796;175;400 ~~~~~~~~~~~~~~~~~~~~~~~~~~~~~~~~~~~~~~ 06-23
06091503;07052080b;07105840;19080800313;03042002;17101796;176;397;858 ~~~~~~~~~~~~~~~~~~~~~~~~~~~~~~~~~~ 06-24
07091503;08052080b;08105840;00090800313;04042002;18101796;177;403;616 ~~~~~~~~~~~~~~~~~~~~~~~~~~~~~~~~~~ 06-25
08091503;09052080b;09105840;01090800313;05042002;19101796;178;704;401 ~~~~~~~~~~~~~~~~~~~~~~~~~~~~~~~~~~ 06-26
09091503;10052080b;10105840;02090800313;06042002;20101796;179;546;409;616 ~~~~~~~~~~~~~~~~~~~~~~~~~~~~~~ 06-27
10091503;11052080b;11105840;03090800313;07042002;21101796;180;703;406;412 ~~~~~~~~~~~~~~~~~~~~~~~~~~~~~~ 06-28
11091503;12052080b;12105840;04090800313;08042002;22101796;181 ~~~~~~~~~~~~~~~~~~~~~~~~~~~~~~~~~~~~~~~~~~ 06-29
12091503;13052080b;13105840;05090800313;09042002;23101796;182;795 ~~~~~~~~~~~~~~~~~~~~~~~~~~~~~~~~~~~~~~ 06-30
13091503;14052080b;14105840;06090800313;10042002;24101796;183;387 ~~~~~~~~~~~~~~~~~~~~~~~~~~~~~~~~~~~~~~ 07-01
14091503;15052080b;15105840;07090800313;11042002;25101796;184;531;561 ~~~~~~~~~~~~~~~~~~~~~~~~~~~~~~~~~~ 07-02
15091503;16052080b;16105840;08090800313;12042002;26101796;185;513;403;406 ~~~~~~~~~~~~~~~~~~~~~~~~~~~~~~ 07-03
16091503;17052080b;17105840;09090800313;13042002;27101796;186;868;415 ~~~~~~~~~~~~~~~~~~~~~~~~~~~~~~~~~~ 07-04
17091503;18052080b;18105840;10090800313;14042002;28101796;187;596;565;412 ~~~~~~~~~~~~~~~~~~~~~~~~~~~~~~ 07-05
18091503;19052080b;19105840;11090800313;15042002;29101796;188;637;705;840;373;565 ~~~~~~~~~~~~~~~~~~~~~~ 07-06
19091503;20052080b;20105840;12090800313;16042002;30101796;189;403;505 ~~~~~~~~~~~~~~~~~~~~~~~~~~~~~~~~~~ 07-07
20091503;21052080b;21105840;13090800313;17042002;01111796;190;707;437;406 ~~~~~~~~~~~~~~~~~~~~~~~~~~~~~~ 07-08
21091503;22052080b;22105840;14090800313;18042002;02111796;191;398;833 ~~~~~~~~~~~~~~~~~~~~~~~~~~~~~~~~~~ 07-09
22091503;23052080b;23105840;15090800313;19042002;03111796;192 ~~~~~~~~~~~~~~~~~~~~~~~~~~~~~~~~~~~~~~~~~~ 07-10
23091503;24052080b;24105840;16090800313;20042002;04111796;193;403;617 ~~~~~~~~~~~~~~~~~~~~~~~~~~~~~~~~~~ 07-11
24091503;25052080b;25105840;17090800313;21042002;05111796;194;412 ~~~~~~~~~~~~~~~~~~~~~~~~~~~~~~~~~~~~~~ 07-12
25091503;26052080b;26105840;18090800313;22042002;06111796;195;706;878;406;505;617 ~~~~~~~~~~~~~~~~~~~~~~ 07-13
26091503;27052080b;27105840;19090800313;23042002;07111796;196;420 ~~~~~~~~~~~~~~~~~~~~~~~~~~~~~~~~~~~~~~ 07-14
27091503;28052080b;28105840;00100800313;24042002;08111796;197;710;508;403;409;617 ~~~~~~~~~~~~~~~~~~~~~~ 07-15
28091503;29052080b;29105840;01100800313;25042002;09111796;198;380 ~~~~~~~~~~~~~~~~~~~~~~~~~~~~~~~~~~~~~~ 07-16
29091503;01062080b;01115840;02100800313;26042002;10111796;199;711;514;505;617 ~~~~~~~~~~~~~~~~~~~~~~~~~~ 07-17
30091503;02062080b;02115840;03100800313;27042002;11111796;200;631;506;406 ~~~~~~~~~~~~~~~~~~~~~~~~~~~~~~ 07-18
01101503;03062080b;03115840;04100800313;28042002;12111796;201;507;502;412 ~~~~~~~~~~~~~~~~~~~~~~~~~~~~~~ 07-19
02101503;04062080b;04115840;05100800313;29042002;13111796;202;708;415 ~~~~~~~~~~~~~~~~~~~~~~~~~~~~~~~~~~ 07-20
03101503;05062080b;05115840;06100800313;30042002;14111796;203;709 ~~~~~~~~~~~~~~~~~~~~~~~~~~~~~~~~~~~~~~ 07-21
04101503;06062080b;06115840;07100800313;31042002;15111796;204;407 ~~~~~~~~~~~~~~~~~~~~~~~~~~~~~~~~~~~~~~ 07-22
05101503;07062080b;07115840;08100800313;01052002;16111796;205;397;617 ~~~~~~~~~~~~~~~~~~~~~~~~~~~~~~~~~~ 07-23
06101503;08062080b;08115840;09100800313;02052002;17111796;206 ~~~~~~~~~~~~~~~~~~~~~~~~~~~~~~~~~~~~~~~~~~ 07-24
07101503;09062080b;09115840;10100800313;03052002;18111796;207;712;715;838 ~~~~~~~~~~~~~~~~~~~~~~~~~~~~~~ 07-25
08101503;10062080b;10115840;11100800313;04052002;19111796;208;716;433 ~~~~~~~~~~~~~~~~~~~~~~~~~~~~~~~~~~ 07-26
09101503;11062080b;11115840;12100800313;05052002;20111796;209;713;898;403;617 ~~~~~~~~~~~~~~~~~~~~~~~~~~ 07-27
10101503;12062080b;12115840;13100800313;06052002;21111796;210;714;415 ~~~~~~~~~~~~~~~~~~~~~~~~~~~~~~~~~~ 07-28
11101503;13062080b;13115840;14100800313;07052002;22111796;211 ~~~~~~~~~~~~~~~~~~~~~~~~~~~~~~~~~~~~~~~~~~ 07-29
12101503;14062080b;14115840;15100800313;08052002;23111796;212 ~~~~~~~~~~~~~~~~~~~~~~~~~~~~~~~~~~~~~~~~~~ 07-30
13101503;15062080b;15115840;16100800313;09052002;24111796;213;396;396;513;925;403 ~~~~~~~~~~~~~~~~~~~~~~ 07-31
14101503;16062080b;16115840;17100800313;10052002;25111796;214 ~~~~~~~~~~~~~~~~~~~~~~~~~~~~~~~~~~~~~~~~~~ 08-01
15101503;17062080b;17115840;18100800313;11052002;26111796;215;719;409;412 ~~~~~~~~~~~~~~~~~~~~~~~~~~~~~~ 08-02
16101503;18062080b;18115840;19100800313;12052002;27111796;216;637;720;861;421;618 ~~~~~~~~~~~~~~~~~~~~~~ 08-03
17101503;19062080b;19115840;00110800313;13052002;28111796;217;717 ~~~~~~~~~~~~~~~~~~~~~~~~~~~~~~~~~~~~~~ 08-04
18101503;20062080b;20115840;01110800313;14052002;29111796;218;415 ~~~~~~~~~~~~~~~~~~~~~~~~~~~~~~~~~~~~~~ 08-05
19101503;21062080b;21115840;02110800313;15052002;30111796;219;718 ~~~~~~~~~~~~~~~~~~~~~~~~~~~~~~~~~~~~~~ 08-06
20101503;22062080b;22115840;03110800313;16052002;01121796;220;618 ~~~~~~~~~~~~~~~~~~~~~~~~~~~~~~~~~~~~~~ 08-07
21101503;23062080b;23115840;04110800313;17052002;02121796;221;398;457;403;409 ~~~~~~~~~~~~~~~~~~~~~~~~~~ 08-08
22101503;24062080b;24115840;05110800313;18052002;03121796;222;412;618 ~~~~~~~~~~~~~~~~~~~~~~~~~~~~~~~~~~ 08-09
23101503;25062080b;25115840;06110800313;19052002;04121796;223;723 ~~~~~~~~~~~~~~~~~~~~~~~~~~~~~~~~~~~~~~ 08-10
24101503;26062080b;26115840;07110800313;20052002;05121796;224;721;901 ~~~~~~~~~~~~~~~~~~~~~~~~~~~~~~~~~~ 08-11
25101503;27062080b;27115840;08110800313;21052002;06121796;225;554;403 ~~~~~~~~~~~~~~~~~~~~~~~~~~~~~~~~~~ 08-12
26101503;28062080b;28115840;09110800313;22052002;07121796;226;421 ~~~~~~~~~~~~~~~~~~~~~~~~~~~~~~~~~~~~~~ 08-13
27101503;29062080b;29115840;10110800313;23052002;08121796;227;722;514;409 ~~~~~~~~~~~~~~~~~~~~~~~~~~~~~~ 08-14
28101503;01072080b;30115840;11110800313;24052002;09121796;228;380 ~~~~~~~~~~~~~~~~~~~~~~~~~~~~~~~~~~~~~~ 08-15
29101503;02072080b;01125840;12110800313;25052002;10121796;229;403;412 ~~~~~~~~~~~~~~~~~~~~~~~~~~~~~~~~~~ 08-16
01111503;03072080b;02125840;13110800313;26052002;11121796;230;724;579 ~~~~~~~~~~~~~~~~~~~~~~~~~~~~~~~~~~ 08-17
02111503;04072080b;03125840;14110800313;27052002;12121796;231;374 ~~~~~~~~~~~~~~~~~~~~~~~~~~~~~~~~~~~~~~ 08-18
03111503;05072080b;04125840;15110800313;28052002;13121796;232;891;618 ~~~~~~~~~~~~~~~~~~~~~~~~~~~~~~~~~~ 08-19
04111503;06072080b;05125840;16110800313;29052002;14121796;233;403 ~~~~~~~~~~~~~~~~~~~~~~~~~~~~~~~~~~~~~~ 08-20
05111503;07072080b;06125840;17110800313;30052002;15121796;234;572;415;618 ~~~~~~~~~~~~~~~~~~~~~~~~~~~~~~ 08-21
06111503;08072080b;07125840;18110800313;31052002;16121796;235;397 ~~~~~~~~~~~~~~~~~~~~~~~~~~~~~~~~~~~~~~ 08-22
07111503;09072080b;08125840;19110800313;01062002;17121796;236;427 ~~~~~~~~~~~~~~~~~~~~~~~~~~~~~~~~~~~~~~ 08-23
08111503;10072080b;09125840;00120800313;02062002;18121796;237;725 ~~~~~~~~~~~~~~~~~~~~~~~~~~~~~~~~~~~~~~ 08-24
09111503;11072080b;10125840;01120800313;03062002;19121796;238;428;725 ~~~~~~~~~~~~~~~~~~~~~~~~~~~~~~~~~~ 08-25
10111503;12072080b;11125840;02120800313;04062002;20121796;239;796;926 ~~~~~~~~~~~~~~~~~~~~~~~~~~~~~~~~~~ 08-26
11111503;13072080b;12125840;03120800313;05062002;21121796;240;594;513 ~~~~~~~~~~~~~~~~~~~~~~~~~~~~~~~~~~ 08-27
12111503;14072080b;13125840;04120800313;06062002;22121796;241;595;897;567 ~~~~~~~~~~~~~~~~~~~~~~~~~~~~~~ 08-28
13111503;15072080b;14125840;05120800313;07062002;23121796;242;567;375;618 ~~~~~~~~~~~~~~~~~~~~~~~~~~~~~~ 08-29
14111503;16072080b;15125840;06120800313;08062002;24121796;243;596;388;556;909;910;925;938;412 ~~~~~~~~~~ 08-30
15111503;17072080b;16125840;07120800313;09062002;25121796;244;429 ~~~~~~~~~~~~~~~~~~~~~~~~~~~~~~~~~~~~~~ 08-31
16111503;18072080b;17125840;08120800313;10062002;26121796;245;430;403 ~~~~~~~~~~~~~~~~~~~~~~~~~~~~~~~~~~ 09-01
17111503;19072080b;18125840;09120800313;11062002;27121796;246;434;875;421 ~~~~~~~~~~~~~~~~~~~~~~~~~~~~~~ 09-02
18111503;20072080b;19125840;10120800313;12062002;28121796;247;435 ~~~~~~~~~~~~~~~~~~~~~~~~~~~~~~~~~~~~~~ 09-03
19111503;21072080b;20125840;11120800313;13062002;29121796;248 ~~~~~~~~~~~~~~~~~~~~~~~~~~~~~~~~~~~~~~~~~~ 09-04
20111503;22072080b;21125840;12120800313;14062002;30121796;249;619 ~~~~~~~~~~~~~~~~~~~~~~~~~~~~~~~~~~~~~~ 09-05
21111503;23072080b;22125840;13120800313;15062002;01131796;250;727;398;872;412 ~~~~~~~~~~~~~~~~~~~~~~~~~~ 09-06
22111503;24072080b;23125840;14120800313;16062002;02131796;251;637;728;871 ~~~~~~~~~~~~~~~~~~~~~~~~~~~~~~ 09-07
23111503;25072080b;24125840;15120800313;17062002;03131796;252;455;845;432 ~~~~~~~~~~~~~~~~~~~~~~~~~~~~~~ 09-08
24111503;26072080b;25125840;16120800313;18062002;04131796;253;729;846;375;403;619 ~~~~~~~~~~~~~~~~~~~~~~ 09-09
25111503;27072080b;26125840;17120800313;19062002;05131796;254;503 ~~~~~~~~~~~~~~~~~~~~~~~~~~~~~~~~~~~~~~ 09-10
26111503;28072080b;27125840;18120800313;20062002;01011797;255;514 ~~~~~~~~~~~~~~~~~~~~~~~~~~~~~~~~~~~~~~ 09-11
27111503;29072080b;28125840;19120800313;21062002;02011797;256;730;726;847 ~~~~~~~~~~~~~~~~~~~~~~~~~~~~~~ 09-12
28111503;30072080b;29125840;00130800313;22062002;03011797;257;380;929;952;521;412 ~~~~~~~~~~~~~~~~~~~~~~ 09-13
29111503;01082080b;01215841;01130800313;23062002;04011797;258;521 ~~~~~~~~~~~~~~~~~~~~~~~~~~~~~~~~~~~~~~ 09-14
30111503;02082080b;02215841;02130800313;24062002;05011797;259;731;521;619 ~~~~~~~~~~~~~~~~~~~~~~~~~~~~~~ 09-15
01121503;03082080b;03215841;03130800313;25062002;06011797;260;378;597 ~~~~~~~~~~~~~~~~~~~~~~~~~~~~~~~~~~ 09-16
02121503;04082080b;04215841;04130800313;26062002;07011797;261;732;436;550;619;848 ~~~~~~~~~~~~~~~~~~~~~~ 09-17
03121503;05082080b;05215841;05130800313;27062002;08011797;262;915 ~~~~~~~~~~~~~~~~~~~~~~~~~~~~~~~~~~~~~~ 09-18
04121503;06082080b;06215841;06130800313;28062002;09011797;263;733;409;619 ~~~~~~~~~~~~~~~~~~~~~~~~~~~~~~ 09-19
05121503;07082080b;07215841;07130800313;29062002;10011797;264;734;397;375 ~~~~~~~~~~~~~~~~~~~~~~~~~~~~~~ 09-20
06121503;08082080b;08215841;08130800313;30062002;11011797;265;735;908;462;848 ~~~~~~~~~~~~~~~~~~~~~~~~~~ 09-21
07121503;09082080b;09215841;09130800313;31062002;12011797;266;740;423;415;421 ~~~~~~~~~~~~~~~~~~~~~~~~~~ 09-22
08121503;10082080b;10215841;10130800313;01072002;13011797;267;736;513;463;527 ~~~~~~~~~~~~~~~~~~~~~~~~~~ 09-23
09121503;11082080b;11215841;11130800313;02072002;14011797;268;737;903;501 ~~~~~~~~~~~~~~~~~~~~~~~~~~~~~~ 09-24
10121503;12082080b;12215841;12130800313;03072002;15011797;269;742;790;500;409 ~~~~~~~~~~~~~~~~~~~~~~~~~~ 09-25
11121503;13082080b;13215841;13130800313;04072002;16011797;270;741;790;500 ~~~~~~~~~~~~~~~~~~~~~~~~~~~~~~ 09-26
12121503;14082080b;14215841;14130800313;05072002;17011797;271;738;790;520;551;412 ~~~~~~~~~~~~~~~~~~~~~~ 09-27
13121503;15082080b;15215841;15130800313;06072002;18011797;272;739;743;790;389;390;534;500;570;523 ~~~~~~ 09-28
14121503;16082080b;16215841;16130800313;07072002;19011797;273;790;541;907;949;500;523;403;619;848 ~~~~~~ 09-29
15121503;17082080b;17215841;17130800313;08072002;20011797;274;790;399;523;853;415 ~~~~~~~~~~~~~~~~~~~~~~ 09-30
16121503;18082080b;18215841;18130800313;09072002;21011797;275;745;790;523;853;409;848 ~~~~~~~~~~~~~~~~~~ 10-01
17121503;19082080b;19215841;19130800313;10072002;22011797;276;746;523;853;421 ~~~~~~~~~~~~~~~~~~~~~~~~~~ 10-02
18121503;20082080b;20215841;00140800313;11072002;23011797;277;747;841;523;400 ~~~~~~~~~~~~~~~~~~~~~~~~~~ 10-03
19121503;21082080b;21215841;01140800313;12072002;24011797;278;748;523;412 ~~~~~~~~~~~~~~~~~~~~~~~~~~~~~~ 10-04
20121503;22082080b;22215841;02140800313;13072002;25011797;279;637;524;620 ~~~~~~~~~~~~~~~~~~~~~~~~~~~~~~ 10-05
21121503;23082080b;23215841;03140800313;14072002;26011797;280;749;398;525 ~~~~~~~~~~~~~~~~~~~~~~~~~~~~~~ 10-06
22121503;24082080b;24215841;04140800313;15072002;27011797;281;744;410;467;403;848 ~~~~~~~~~~~~~~~~~~~~~~ 10-07
23121503;25082080b;25215841;05140800313;16072002;28011797;282;791 ~~~~~~~~~~~~~~~~~~~~~~~~~~~~~~~~~~~~~~ 10-08
24121503;26082080b;26215841;06140800313;17072002;29011797;283;752;514;869;842;400;620 ~~~~~~~~~~~~~~~~~~ 10-09
25121503;27082080b;27215841;07140800313;18072002;30011797;284;753;367;416 ~~~~~~~~~~~~~~~~~~~~~~~~~~~~~~ 10-10
26121503;28082080b;28215841;08140800313;19072002;01021797;285;368;859;412;620 ~~~~~~~~~~~~~~~~~~~~~~~~~~ 10-11
27121503;29082080b;29215841;09140800313;20072002;02021797;286;754;380;413;920;375;400;421 ~~~~~~~~~~~~~~ 10-12
28121503;01092080b;30215841;10140800313;21072002;03021797;287;750;895;848;574 ~~~~~~~~~~~~~~~~~~~~~~~~~~ 10-13
29121503;02092080b;01225841;11140800313;22072002;04021797;288;751 ~~~~~~~~~~~~~~~~~~~~~~~~~~~~~~~~~~~~~~ 10-14
01011504;03092080b;02225841;12140800313;23072002;05021797;289;756;495;400;403;620 ~~~~~~~~~~~~~~~~~~~~~~ 10-15
02011504;04092080b;03225841;13140800313;24072002;06021797;290;757 ~~~~~~~~~~~~~~~~~~~~~~~~~~~~~~~~~~~~~~ 10-16
03011504;05092080b;04225841;14140800313;25072002;07021797;291;631;620 ~~~~~~~~~~~~~~~~~~~~~~~~~~~~~~~~~~ 10-17
04011504;06092080b;05225841;15140800313;26072002;08021797;292;596;918;400 ~~~~~~~~~~~~~~~~~~~~~~~~~~~~~~ 10-18
05011504;07092080b;06225841;16140800313;27072002;09021797;293;758;919 ~~~~~~~~~~~~~~~~~~~~~~~~~~~~~~~~~~ 10-19
06011504;08092080b;07225841;17140800313;28072002;10021797;294;792;397;784 ~~~~~~~~~~~~~~~~~~~~~~~~~~~~~~ 10-20
07011504;09092080b;08225841;18140800313;29072002;11021797;295;755;369;401;513;548;885;563;785;620 ~~~~~~ 10-21
08011504;10092080b;09225841;19140800313;30072002;12021797;296;433;549;560;786;421 ~~~~~~~~~~~~~~~~~~~~~~ 10-22
09011504;11092080b;10225841;00150800313;01082002;13021797;297;787;375 ~~~~~~~~~~~~~~~~~~~~~~~~~~~~~~~~~~ 10-23
10011504;12092080b;11225841;01150800313;02082002;14021797;298;371;864;899;498 ~~~~~~~~~~~~~~~~~~~~~~~~~~ 10-24
11011504;13092080b;12225841;02150800313;03082002;15021797;299;849 ~~~~~~~~~~~~~~~~~~~~~~~~~~~~~~~~~~~~~~ 10-25
12011504;14092080b;13225841;03150800313;04082002;16021797;300;759;816 ~~~~~~~~~~~~~~~~~~~~~~~~~~~~~~~~~~ 10-26
13011504;15092080b;14225841;04150800313;05082002;17021797;301;882;922 ~~~~~~~~~~~~~~~~~~~~~~~~~~~~~~~~~~ 10-27
14011504;16092080b;15225841;05150800313;06082002;18021797;302;391;437;532 ~~~~~~~~~~~~~~~~~~~~~~~~~~~~~~ 10-28
15011504;17092080b;16225841;06150800313;07082002;19021797;303;496;620 ~~~~~~~~~~~~~~~~~~~~~~~~~~~~~~~~~~ 10-29
16011504;18092080b;17225841;07150800313;08082002;20021797;304 ~~~~~~~~~~~~~~~~~~~~~~~~~~~~~~~~~~~~~~~~~~ 10-30
17011504;19092080b;18225841;08150800313;09082002;21021797;305;881;403 ~~~~~~~~~~~~~~~~~~~~~~~~~~~~~~~~~~ 10-31
18011504;20092080b;19225841;09150800313;10082002;22021797;306;431 ~~~~~~~~~~~~~~~~~~~~~~~~~~~~~~~~~~~~~~ 11-01
19011504;21092080b;20225841;10150800313;11082002;23021797;307;637;763;496 ~~~~~~~~~~~~~~~~~~~~~~~~~~~~~~ 11-02
20011504;22092080b;21225841;11150800313;12082002;24021797;308;375;621 ~~~~~~~~~~~~~~~~~~~~~~~~~~~~~~~~~~ 11-03
21011504;23092080b;22225841;12150800313;13082002;25021797;309;760;398;499;514 ~~~~~~~~~~~~~~~~~~~~~~~~~~ 11-04
22011504;24092080b;23225841;13150800313;14082002;26021797;310;850 ~~~~~~~~~~~~~~~~~~~~~~~~~~~~~~~~~~~~~~ 11-05
23011504;25092080b;24225841;14150800313;15082002;27021797;311;761;417 ~~~~~~~~~~~~~~~~~~~~~~~~~~~~~~~~~~ 11-06
24011504;26092080b;25225841;15150800313;16082002;28021797;312;762;815;911 ~~~~~~~~~~~~~~~~~~~~~~~~~~~~~~ 11-07
25011504;27092080b;26225841;16150800313;17082002;29021797;313;596;558;403;496 ~~~~~~~~~~~~~~~~~~~~~~~~~~ 11-08
26011504;28092080b;27225841;17150800313;18082002;30021797;314;779;784;785 ~~~~~~~~~~~~~~~~~~~~~~~~~~~~~~ 11-09
27011504;29092080b;28225841;18150800313;19082002;01031797;315;780;893 ~~~~~~~~~~~~~~~~~~~~~~~~~~~~~~~~~~ 11-10
28011504;01102080b;29225841;19150800313;20082002;02031797;316;380;781;786 ~~~~~~~~~~~~~~~~~~~~~~~~~~~~~~ 11-11
29011504;02102080b;30225841;00160800313;21082002;03031797;317;782;787;403;496 ~~~~~~~~~~~~~~~~~~~~~~~~~~ 11-12
30011504;03102080b;01235841;01160800313;22082002;04031797;318;535;783;788;812;497 ~~~~~~~~~~~~~~~~~~~~~~ 11-13
01021504;04102080b;02235841;02160800313;23082002;05031797;319;764 ~~~~~~~~~~~~~~~~~~~~~~~~~~~~~~~~~~~~~~ 11-14
02021504;05102080b;03235841;03160800313;24082002;06031797;320 ~~~~~~~~~~~~~~~~~~~~~~~~~~~~~~~~~~~~~~~~~~ 11-15
03021504;06102080b;04235841;04160800313;25082002;07031797;321;767;403 ~~~~~~~~~~~~~~~~~~~~~~~~~~~~~~~~~~ 11-16
04021504;07102080b;05235841;05160800313;26082002;08031797;322;765;543 ~~~~~~~~~~~~~~~~~~~~~~~~~~~~~~~~~~ 11-17
05021504;08102080b;06235841;06160800313;27082002;09031797;323;513 ~~~~~~~~~~~~~~~~~~~~~~~~~~~~~~~~~~~~~~ 11-18
06021504;09102080b;07235841;07160800313;28082002;10031797;324;397 ~~~~~~~~~~~~~~~~~~~~~~~~~~~~~~~~~~~~~~ 11-19
07021504;10102080b;08235841;08160800313;29082002;11031797;325;403 ~~~~~~~~~~~~~~~~~~~~~~~~~~~~~~~~~~~~~~ 11-20
08021504;11102080b;09235841;09160800313;30082002;12031797;326;766;421 ~~~~~~~~~~~~~~~~~~~~~~~~~~~~~~~~~~ 11-21
09021504;12102080b;10235841;10160800313;01092002;13031797;327;879;788 ~~~~~~~~~~~~~~~~~~~~~~~~~~~~~~~~~~ 11-22
10021504;13102080b;11235841;11160800313;02092002;14031797;328;768;547;621 ~~~~~~~~~~~~~~~~~~~~~~~~~~~~~~ 11-23
11021504;14102080b;12235841;12160800313;03092002;15031797;329;934;403 ~~~~~~~~~~~~~~~~~~~~~~~~~~~~~~~~~~ 11-24
12021504;15102080b;13235841;13160800313;04092002;16031797;330;375;621 ~~~~~~~~~~~~~~~~~~~~~~~~~~~~~~~~~~ 11-25
13021504;16102080b;14235841;14160800313;05092002;17031797;331;394 ~~~~~~~~~~~~~~~~~~~~~~~~~~~~~~~~~~~~~~ 11-26
14021504;17102080b;15235841;15160800313;06092002;18031797;332;769;880;621 ~~~~~~~~~~~~~~~~~~~~~~~~~~~~~~ 11-27
15021504;18102080b;16235841;16160800313;07092002;19031797;333;440;369;403 ~~~~~~~~~~~~~~~~~~~~~~~~~~~~~~ 11-28
16021504;19102080b;17235841;17160800313;08092002;20031797;334;441 ~~~~~~~~~~~~~~~~~~~~~~~~~~~~~~~~~~~~~~ 11-29
17021504;20102080b;18235841;18160800313;09092002;21031797;335;770;514 ~~~~~~~~~~~~~~~~~~~~~~~~~~~~~~~~~~ 11-30
18021504;21102080b;19235841;19160800313;10092002;22031797;336;589;421 ~~~~~~~~~~~~~~~~~~~~~~~~~~~~~~~~~~ 12-01
19021504;22102080b;20235841;00170800313;11092002;23031797;337;442;370;403 ~~~~~~~~~~~~~~~~~~~~~~~~~~~~~~ 12-02
20021504;23102080b;21235841;01170800313;12092002;24031797;338;771;773;398;876;844;418 ~~~~~~~~~~~~~~~~~~ 12-03
21021504;24102080b;22235841;02170800313;13092002;25031797;339;772 ~~~~~~~~~~~~~~~~~~~~~~~~~~~~~~~~~~~~~~ 12-04
22021504;25102080b;23235841;03170800313;14092002;26031797;340;432;622 ~~~~~~~~~~~~~~~~~~~~~~~~~~~~~~~~~~ 12-05
23021504;26102080b;24235841;04170800313;15092002;27031797;341;774;403 ~~~~~~~~~~~~~~~~~~~~~~~~~~~~~~~~~~ 12-06
24021504;27102080b;25235841;05170800313;16092002;28031797;342;637;775;836;936;516 ~~~~~~~~~~~~~~~~~~~~~~ 12-07
25021504;28102080b;26235841;06170800313;17092002;29031797;343;777;590;516 ~~~~~~~~~~~~~~~~~~~~~~~~~~~~~~ 12-08
26021504;29102080b;27235841;07170800313;18092002;30031797;344;516;622 ~~~~~~~~~~~~~~~~~~~~~~~~~~~~~~~~~~ 12-09
27021504;30102080b;28235841;08170800313;19092002;01041797;345;380;516;403 ~~~~~~~~~~~~~~~~~~~~~~~~~~~~~~ 12-10
28021504;01112080b;29235841;09170800313;20092002;02041797;346;516 ~~~~~~~~~~~~~~~~~~~~~~~~~~~~~~~~~~~~~~ 12-11
29021504;02112080b;30235841;10170800313;21092002;03041797;347 ~~~~~~~~~~~~~~~~~~~~~~~~~~~~~~~~~~~~~~~~~~ 12-12
01031504;03112080b;01245841;11170800313;22092002;04041797;348;516 ~~~~~~~~~~~~~~~~~~~~~~~~~~~~~~~~~~~~~~ 12-13
02031504;04112080b;02245841;12170800313;23092002;05041797;349;776;516;403 ~~~~~~~~~~~~~~~~~~~~~~~~~~~~~~ 12-14
03031504;05112080b;03245841;13170800313;24092002;06041797;350;835;591;516 ~~~~~~~~~~~~~~~~~~~~~~~~~~~~~~ 12-15
04031504;06112080b;04245841;14170800313;25092002;07041797;351;513;944 ~~~~~~~~~~~~~~~~~~~~~~~~~~~~~~~~~~ 12-16
05031504;07112080b;05245841;15170800313;26092002;08041797;352;622 ~~~~~~~~~~~~~~~~~~~~~~~~~~~~~~~~~~~~~~ 12-17
06031504;08112080b;06245841;16170800313;27092002;09041797;353 ~~~~~~~~~~~~~~~~~~~~~~~~~~~~~~~~~~~~~~~~~~ 12-18
07031504;09112080b;07245841;17170800313;28092002;10041797;354;397;622 ~~~~~~~~~~~~~~~~~~~~~~~~~~~~~~~~~~ 12-19
08031504;10112080b;08245841;18170800313;29092002;11041797;355;778;371;466 ~~~~~~~~~~~~~~~~~~~~~~~~~~~~~~ 12-20
09031504;11112080b;09245841;19170800313;30092002;12041797;356;426;418 ~~~~~~~~~~~~~~~~~~~~~~~~~~~~~~~~~~ 12-21
10031504;12112080b;10245841;00000900313;01102002;13041797;357;557;890;592;465;403 ~~~~~~~~~~~~~~~~~~~~~~ 12-22
11031504;13112080b;11245841;01000900313;02102002;14041797;358;554;622 ~~~~~~~~~~~~~~~~~~~~~~~~~~~~~~~~~~ 12-23
12031504;14112080b;12245841;02000900313;03102002;15041797;359;793;831;866;511 ~~~~~~~~~~~~~~~~~~~~~~~~~~ 12-24
13031504;15112080b;13245841;03000900313;04102002;16041797;360;395;422;545;887;843;622 ~~~~~~~~~~~~~~~~~~ 12-25
14031504;16112080b;14245841;04000900313;05102002;17041797;361 ~~~~~~~~~~~~~~~~~~~~~~~~~~~~~~~~~~~~~~~~~~ 12-31
15031504;17112080b;15245841;05000900313;06102002;18041797;362 ~~~~~~~~~~~~~~~~~~~~~~~~~~~~~~~~~~~~~~~~~~ 12-27
16031504;18112080b;16245841;06000900313;07102002;19041797;363;514 ~~~~~~~~~~~~~~~~~~~~~~~~~~~~~~~~~~~~~~ 12-28
17031504;19112080b;17245841;07000900313;08102002;20041797;364;511;622 ~~~~~~~~~~~~~~~~~~~~~~~~~~~~~~~~~~ 12-29
18031504;20112080b;18245841;08000900313;09102002;21041797;365 ~~~~~~~~~~~~~~~~~~~~~~~~~~~~~~~~~~~~~~~~~~ 12-30
19031504;21112080b;19245841;09000900313;10102002;22041797;366 ~~~~~~~~~~~~~~~~~~~~~~~~~~~~~~~~~~~~~~~~~~ 12-31
