10121494;12112071S;10045832;01161900213;11101993;22041788;001;824;500;611 ~~~~~~~~~~~~~~~~~~~~~~~~~~~~~~ 01-01
11121494;13112071S;11045832;02161900213;12101993;23041788;002;637;905;500 ~~~~~~~~~~~~~~~~~~~~~~~~~~~~~~ 01-02
12121494;14112071S;12045832;03161900213;13101993;24041788;003;611 ~~~~~~~~~~~~~~~~~~~~~~~~~~~~~~~~~~~~~~ 01-03
13121494;15112071S;13045832;04161900213;14101993;25041788;004;372;453;500 ~~~~~~~~~~~~~~~~~~~~~~~~~~~~~~ 01-04
14121494;16112071S;14045832;05161900213;15101993;26041788;005;381;904;500;403;611 ~~~~~~~~~~~~~~~~~~~~~~ 01-05
15121494;17112071S;15045832;06161900213;16101993;27041788;006;514;858 ~~~~~~~~~~~~~~~~~~~~~~~~~~~~~~~~~~ 01-06
16121494;18112071S;16045832;07161900213;17101993;28041788;007;432;409;611 ~~~~~~~~~~~~~~~~~~~~~~~~~~~~~~ 01-07
17121494;19112071S;17045832;08161900213;18101993;29041788;008;916 ~~~~~~~~~~~~~~~~~~~~~~~~~~~~~~~~~~~~~~ 01-08
18121494;20112071S;18045832;09161900213;19101993;30041788;009;626;841;403;611 ~~~~~~~~~~~~~~~~~~~~~~~~~~ 01-09
19121494;21112071S;19045832;10161900213;20101993;01051788;010;627 ~~~~~~~~~~~~~~~~~~~~~~~~~~~~~~~~~~~~~~ 01-10
20121494;22112071S;20045832;11161900213;21101993;02051788;011;628;857;406;611 ~~~~~~~~~~~~~~~~~~~~~~~~~~ 01-11
21121494;23112071S;21045832;12161900213;22101993;03051788;012;629;398 ~~~~~~~~~~~~~~~~~~~~~~~~~~~~~~~~~~ 01-12
22121494;24112071S;22045832;13161900213;23101993;04051788;013;403;409;611 ~~~~~~~~~~~~~~~~~~~~~~~~~~~~~~ 01-13
23121494;25112071S;23045832;14161900213;24101993;05051788;014 ~~~~~~~~~~~~~~~~~~~~~~~~~~~~~~~~~~~~~~~~~~ 01-14
24121494;26112071S;24045832;15161900213;25101993;06051788;015;923;842;611 ~~~~~~~~~~~~~~~~~~~~~~~~~~~~~~ 01-15
25121494;27112071S;25045832;16161900213;26101993;07051788;016;630;406 ~~~~~~~~~~~~~~~~~~~~~~~~~~~~~~~~~~ 01-16
26121494;28112071S;26045832;17161900213;27101993;08051788;017;625;611 ~~~~~~~~~~~~~~~~~~~~~~~~~~~~~~~~~~ 01-17
27121494;29112071S;27045832;18161900213;28101993;09051788;018;492 ~~~~~~~~~~~~~~~~~~~~~~~~~~~~~~~~~~~~~~ 01-18
28121494;30112071S;28045832;19161900213;29101993;10051788;019;380;409;611 ~~~~~~~~~~~~~~~~~~~~~~~~~~~~~~ 01-19
29121494;01122071S;29045832;00171900213;30101993;11051788;020;410;836;888 ~~~~~~~~~~~~~~~~~~~~~~~~~~~~~~ 01-20
30121494;02122071S;01055832;01171900213;01111993;12051788;021;631;513;403;611 ~~~~~~~~~~~~~~~~~~~~~~~~~~ 01-21
01011495;03122071S;02055832;02171900213;02111993;13051788;022;495 ~~~~~~~~~~~~~~~~~~~~~~~~~~~~~~~~~~~~~~ 01-22
02011495;04122071S;03055832;03171900213;03111993;14051788;023;611 ~~~~~~~~~~~~~~~~~~~~~~~~~~~~~~~~~~~~~~ 01-23
03011495;05122071S;04055832;04171900213;04111993;15051788;024 ~~~~~~~~~~~~~~~~~~~~~~~~~~~~~~~~~~~~~~~~~~ 01-24
04011495;06122071S;05055832;05171900213;05111993;16051788;025;636;940;403;611 ~~~~~~~~~~~~~~~~~~~~~~~~~~ 01-25
05011495;07122071S;06055832;06171900213;06111993;17051788;026;580 ~~~~~~~~~~~~~~~~~~~~~~~~~~~~~~~~~~~~~~ 01-26
06011495;08122071S;07055832;07171900213;07111993;18051788;027;632;914;611 ~~~~~~~~~~~~~~~~~~~~~~~~~~~~~~ 01-27
07011495;09122071S;08055832;08171900213;08111993;19051788;028;397;536;418 ~~~~~~~~~~~~~~~~~~~~~~~~~~~~~~ 01-28
08011495;10122071S;09055832;09171900213;09111993;20051788;029;633;403;611 ~~~~~~~~~~~~~~~~~~~~~~~~~~~~~~ 01-29
09011495;11122071S;10055832;10171900213;10111993;21051788;030;634 ~~~~~~~~~~~~~~~~~~~~~~~~~~~~~~~~~~~~~~ 01-30
10011495;12122071S;11055832;11171900213;11111993;22051788;031;635;873;498;611 ~~~~~~~~~~~~~~~~~~~~~~~~~~ 01-31
11011495;13122071S;12055832;11171900213;12111993;23051788;032 ~~~~~~~~~~~~~~~~~~~~~~~~~~~~~~~~~~~~~~~~~~ 02-01
12011495;14122071S;13055832;12171900213;13111993;24051788;033;403;612 ~~~~~~~~~~~~~~~~~~~~~~~~~~~~~~~~~~ 02-02
13011495;15122071S;14055832;13171900213;14111993;25051788;034;382 ~~~~~~~~~~~~~~~~~~~~~~~~~~~~~~~~~~~~~~ 02-03
14011495;16122071S;15055832;14171900213;15111993;26051788;035;638;514;884;612 ~~~~~~~~~~~~~~~~~~~~~~~~~~ 02-04
15011495;17122071S;16055832;15171900213;16111993;27051788;036;639;813;406 ~~~~~~~~~~~~~~~~~~~~~~~~~~~~~~ 02-05
16011495;18122071S;17055832;16171900213;17111993;28051788;037;637;640;403;418;612 ~~~~~~~~~~~~~~~~~~~~~~ 02-06
17011495;19122071S;18055832;17171900213;18111993;29051788;038;496 ~~~~~~~~~~~~~~~~~~~~~~~~~~~~~~~~~~~~~~ 02-07
18011495;20122071S;19055832;18171900213;19111993;30051788;039;641;612 ~~~~~~~~~~~~~~~~~~~~~~~~~~~~~~~~~~ 02-08
19011495;21122071S;20055832;19171900213;20111993;01061788;040 ~~~~~~~~~~~~~~~~~~~~~~~~~~~~~~~~~~~~~~~~~~ 02-09
20011495;22122071S;21055832;00000000313;21111993;02061788;041;398;403;612 ~~~~~~~~~~~~~~~~~~~~~~~~~~~~~~ 02-10
21011495;23122071S;22055832;01000000313;22111993;03061788;042;642;496 ~~~~~~~~~~~~~~~~~~~~~~~~~~~~~~~~~~ 02-11
22011495;24122071S;23055832;02000000313;23111993;04061788;043;612 ~~~~~~~~~~~~~~~~~~~~~~~~~~~~~~~~~~~~~~ 02-12
23011495;25122071S;24055832;03000000313;24111993;05061788;044;643 ~~~~~~~~~~~~~~~~~~~~~~~~~~~~~~~~~~~~~~ 02-13
24011495;26122071S;25055832;04000000313;25111993;06061788;045;943;403;581;612 ~~~~~~~~~~~~~~~~~~~~~~~~~~ 02-14
25011495;27122071S;26055832;05000000313;26111993;07061788;046;450;418;496 ~~~~~~~~~~~~~~~~~~~~~~~~~~~~~~ 02-15
26011495;28122071S;27055832;06000000313;27111993;08061788;047;612 ~~~~~~~~~~~~~~~~~~~~~~~~~~~~~~~~~~~~~~ 02-16
27011495;29122071S;28055832;07000000313;28111993;09061788;048;513;886;854 ~~~~~~~~~~~~~~~~~~~~~~~~~~~~~~ 02-17
28011495;30122071S;29055832;08000000313;29111993;10061788;049;644;380;407;854;403;612 ~~~~~~~~~~~~~~~~~~ 02-18
29011495;01012072T;30055832;09000000313;30111993;11061788;050;645;479;490 ~~~~~~~~~~~~~~~~~~~~~~~~~~~~~~ 02-19
30011495;02012072T;01065832;10000000313;01121993;12061788;051;433;436;497;566;479;490;612 ~~~~~~~~~~~~~~ 02-20
01021495;03012072T;02065832;11000000313;02121993;13061788;052;411;566 ~~~~~~~~~~~~~~~~~~~~~~~~~~~~~~~~~~ 02-21
02021495;04012072T;03065832;12000000313;03121993;14061788;053;566;612 ~~~~~~~~~~~~~~~~~~~~~~~~~~~~~~~~~~ 02-22
03021495;05012072T;04065832;13000000313;04121993;15061788;054;443;646;566 ~~~~~~~~~~~~~~~~~~~~~~~~~~~~~~ 02-23
04021495;06012072T;05065832;14000000313;05121993;16061788;055;444;418;612 ~~~~~~~~~~~~~~~~~~~~~~~~~~~~~~ 02-24
05021495;07012072T;06065832;15000000313;06121993;17061788;056;647;648 ~~~~~~~~~~~~~~~~~~~~~~~~~~~~~~~~~~ 02-25
06021495;08012072T;07065832;16000000313;07121993;18061788;057;649;397;403;612 ~~~~~~~~~~~~~~~~~~~~~~~~~~ 02-26
07021495;09012072T;08065832;17000000313;08121993;19061788;058;399 ~~~~~~~~~~~~~~~~~~~~~~~~~~~~~~~~~~~~~~ 02-27
08021495;10012072T;09065832;18000000313;09121993;20061788;059;412;612 ~~~~~~~~~~~~~~~~~~~~~~~~~~~~~~~~~~ 02-28
09021495;11012072T;10065832;19000000313;10121993;21061788;060;650 ~~~~~~~~~~~~~~~~~~~~~~~~~~~~~~~~~~~~~~ 02-29
10021495;12012072T;11065832;02010000313;11121993;22061788;061;517;813;400;403;613 ~~~~~~~~~~~~~~~~~~~~~~ 03-01
11021495;13012072T;12065832;03010000313;12121993;23061788;062 ~~~~~~~~~~~~~~~~~~~~~~~~~~~~~~~~~~~~~~~~~~ 03-02
12021495;14012072T;13065832;04010000313;13121993;24061788;063;653;514;613 ~~~~~~~~~~~~~~~~~~~~~~~~~~~~~~ 03-03
13021495;15012072T;14065832;05010000313;14121993;25061788;064;654;383;541;544;623;906;949;519;418 ~~~~~~ 03-04
14021495;16012072T;15065832;06010000313;15121993;26061788;065;637;598;613 ~~~~~~~~~~~~~~~~~~~~~~~~~~~~~~ 03-05
15021495;17012072T;16065832;07010000313;16121993;27061788;066;655;562 ~~~~~~~~~~~~~~~~~~~~~~~~~~~~~~~~~~ 03-06
16021495;18012072T;17065832;08010000313;17121993;28061788;067;562;400;613 ~~~~~~~~~~~~~~~~~~~~~~~~~~~~~~ 03-07
17021495;19012072T;18065832;09010000313;18121993;29061788;068;562 ~~~~~~~~~~~~~~~~~~~~~~~~~~~~~~~~~~~~~~ 03-08
18021495;20012072T;19065832;10010000313;19121993;30061788;069;403;613 ~~~~~~~~~~~~~~~~~~~~~~~~~~~~~~~~~~ 03-09
19021495;21012072T;20065832;11010000313;20121993;01071788;070;656;400 ~~~~~~~~~~~~~~~~~~~~~~~~~~~~~~~~~~ 03-10
20021495;22012072T;21065832;12010000313;21121993;02071788;071;398;533;924;844;613 ~~~~~~~~~~~~~~~~~~~~~~ 03-11
21021495;23012072T;22065832;13010000313;22121993;03071788;072 ~~~~~~~~~~~~~~~~~~~~~~~~~~~~~~~~~~~~~~~~~~ 03-12
22021495;24012072T;23065832;14010000313;23121993;04071788;073;400;403;412;613 ~~~~~~~~~~~~~~~~~~~~~~~~~~ 03-13
23021495;25012072T;24065832;15010000313;24121993;05071788;074;864 ~~~~~~~~~~~~~~~~~~~~~~~~~~~~~~~~~~~~~~ 03-14
24021495;26012072T;25065832;16010000313;25121993;06071788;075;657;900;613 ~~~~~~~~~~~~~~~~~~~~~~~~~~~~~~ 03-15
25021495;27012072T;26065832;17010000313;26121993;07071788;076;513;825;400 ~~~~~~~~~~~~~~~~~~~~~~~~~~~~~~ 03-16
26021495;28012072T;27065832;18010000313;27121993;08071788;077;658;403;613 ~~~~~~~~~~~~~~~~~~~~~~~~~~~~~~ 03-17
27021495;29012072T;28065832;19010000313;28121993;09071788;078 ~~~~~~~~~~~~~~~~~~~~~~~~~~~~~~~~~~~~~~~~~~ 03-18
28021495;30012072T;29065832;00020000313;29121993;10071788;079;380;952;466;400;613 ~~~~~~~~~~~~~~~~~~~~~~ 03-19
29021495;01022072T;01075832;01020000313;30121993;11071788;080;538;559;929;935;424;412 ~~~~~~~~~~~~~~~~~~ 03-20
01031495;02022072T;02075832;02020000313;01011994;12071788;081;401;459;851;403;613 ~~~~~~~~~~~~~~~~~~~~~~ 03-21
02031495;03022072T;03075832;03020000313;02011994;13071788;082;659;419;555;577 ~~~~~~~~~~~~~~~~~~~~~~~~~~ 03-22
03031495;04022072T;04075832;04020000313;03011994;14071788;083;613 ~~~~~~~~~~~~~~~~~~~~~~~~~~~~~~~~~~~~~~ 03-23
04031495;05022072T;05075832;05020000313;04011994;15071788;084 ~~~~~~~~~~~~~~~~~~~~~~~~~~~~~~~~~~~~~~~~~~ 03-24
05031495;06022072T;06075832;06020000313;05011994;16071788;085;800;945;403;613 ~~~~~~~~~~~~~~~~~~~~~~~~~~ 03-25
06031495;07022072T;07075832;07020000313;06011994;17071788;086 ~~~~~~~~~~~~~~~~~~~~~~~~~~~~~~~~~~~~~~~~~~ 03-26
07031495;08022072T;08075832;08020000313;07011994;18071788;087;397;613 ~~~~~~~~~~~~~~~~~~~~~~~~~~~~~~~~~~ 03-27
08031495;09022072T;09075832;09020000313;08011994;19071788;088;652;576;933 ~~~~~~~~~~~~~~~~~~~~~~~~~~~~~~ 03-28
09031495;10022072T;10075832;10020000313;09011994;20071788;089;852;613 ~~~~~~~~~~~~~~~~~~~~~~~~~~~~~~~~~~ 03-29
10031495;11022072T;11075832;11020000313;10011994;21071788;090;660;877 ~~~~~~~~~~~~~~~~~~~~~~~~~~~~~~~~~~ 03-30
11031495;12022072T;12075832;12020000313;11011994;22071788;091;613 ~~~~~~~~~~~~~~~~~~~~~~~~~~~~~~~~~~~~~~ 03-31
12031495;13022072T;13075832;13020000313;12011994;23071788;092;514;511 ~~~~~~~~~~~~~~~~~~~~~~~~~~~~~~~~~~ 04-01
13031495;14022072T;14075832;14020000313;13011994;24071788;093;637;661;384;403;843;614 ~~~~~~~~~~~~~~~~~~ 04-02
14031495;15022072T;15075832;15020000313;14011994;25071788;094;493;662;539;575;515 ~~~~~~~~~~~~~~~~~~~~~~ 04-03
15031495;16022072T;16075832;16020000313;15011994;26071788;095;432;651;437;571;614 ~~~~~~~~~~~~~~~~~~~~~~ 04-04
16031495;17022072T;17075832;17020000313;16011994;27071788;096;414;651 ~~~~~~~~~~~~~~~~~~~~~~~~~~~~~~~~~~ 04-05
17031495;18022072T;18075832;18020000313;17011994;28071788;097;663;511;651;843;614 ~~~~~~~~~~~~~~~~~~~~~~ 04-06
18031495;19022072T;19075832;19020000313;18011994;29071788;098;651 ~~~~~~~~~~~~~~~~~~~~~~~~~~~~~~~~~~~~~~ 04-07
19031495;20022072T;20075832;00030000313;19011994;30071788;099;445;651;614 ~~~~~~~~~~~~~~~~~~~~~~~~~~~~~~ 04-08
20031495;21022072T;21075832;01030000313;20011994;01081788;100;446;651 ~~~~~~~~~~~~~~~~~~~~~~~~~~~~~~~~~~ 04-09
21031495;22022072T;22075832;02030000313;21011994;02081788;101;447;398;403;614 ~~~~~~~~~~~~~~~~~~~~~~~~~~ 04-10
22031495;23022072T;23075832;03030000313;22011994;03081788;102;448 ~~~~~~~~~~~~~~~~~~~~~~~~~~~~~~~~~~~~~~ 04-11
23031495;24022072T;24075832;04030000313;23011994;04081788;103;513;614 ~~~~~~~~~~~~~~~~~~~~~~~~~~~~~~~~~~ 04-12
24031495;25022072T;25075832;05030000313;24011994;05081788;104;526 ~~~~~~~~~~~~~~~~~~~~~~~~~~~~~~~~~~~~~~ 04-13
25031495;26022072T;26075832;06030000313;25011994;06081788;105;939;403;614 ~~~~~~~~~~~~~~~~~~~~~~~~~~~~~~ 04-14
26031495;27022072T;27075832;07030000313;26011994;07081788;106;665 ~~~~~~~~~~~~~~~~~~~~~~~~~~~~~~~~~~~~~~ 04-15
27031495;28022072T;28075832;08030000313;27011994;08081788;107;666;614 ~~~~~~~~~~~~~~~~~~~~~~~~~~~~~~~~~~ 04-16
28031495;29022072T;29075832;09030000313;28011994;09081788;108;412 ~~~~~~~~~~~~~~~~~~~~~~~~~~~~~~~~~~~~~~ 04-17
29031495;01032072T;30075832;10030000313;29011994;10081788;109;794;380;928;614 ~~~~~~~~~~~~~~~~~~~~~~~~~~ 04-18
30031495;02032072T;01085832;11030000313;30011994;11081788;110;793 ~~~~~~~~~~~~~~~~~~~~~~~~~~~~~~~~~~~~~~ 04-19
01041495;03032072T;02085832;12030000313;31011994;12081788;111;902;614 ~~~~~~~~~~~~~~~~~~~~~~~~~~~~~~~~~~ 04-20
02041495;04032072T;03085832;13030000313;01021994;13081788;112;631;664;510 ~~~~~~~~~~~~~~~~~~~~~~~~~~~~~~ 04-21
03041495;05032072T;04085832;14030000313;02021994;14081788;113;528;403;614 ~~~~~~~~~~~~~~~~~~~~~~~~~~~~~~ 04-22
04041495;06032072T;05085832;15030000313;03021994;15081788;114;529 ~~~~~~~~~~~~~~~~~~~~~~~~~~~~~~~~~~~~~~ 04-23
05041495;07032072T;06085832;16030000313;04021994;16081788;115;669;553;855;614 ~~~~~~~~~~~~~~~~~~~~~~~~~~ 04-24
06041495;08032072T;07085832;17030000313;05021994;17081788;116;397 ~~~~~~~~~~~~~~~~~~~~~~~~~~~~~~~~~~~~~~ 04-25
07041495;09032072T;08085832;18030000313;06021994;18081788;117;927;614 ~~~~~~~~~~~~~~~~~~~~~~~~~~~~~~~~~~ 04-26
08041495;10032072T;09085832;19030000313;07021994;19081788;118;670 ~~~~~~~~~~~~~~~~~~~~~~~~~~~~~~~~~~~~~~ 04-27
09041495;11032072T;10085832;00040000313;08021994;20081788;119;667;514;889;614 ~~~~~~~~~~~~~~~~~~~~~~~~~~ 04-28
10041495;12032072T;11085832;01040000313;09021994;21081788;120;671;861 ~~~~~~~~~~~~~~~~~~~~~~~~~~~~~~~~~~ 04-29
11041495;13032072T;12085832;02040000313;10021994;22081788;121;668;403;614 ~~~~~~~~~~~~~~~~~~~~~~~~~~~~~~ 04-30
12041495;14032072T;13085832;03040000313;11021994;23081788;122;673;894;412 ~~~~~~~~~~~~~~~~~~~~~~~~~~~~~~ 05-01
13041495;15032072T;14085832;04040000313;12021994;24081788;123;674;385;537;937;615 ~~~~~~~~~~~~~~~~~~~~~~ 05-02
14041495;16032072T;15085832;05040000313;13021994;25081788;124;675;892;615 ~~~~~~~~~~~~~~~~~~~~~~~~~~~~~~ 05-03
15041495;17032072T;16085832;06040000313;14021994;26081788;125;676;403;615 ~~~~~~~~~~~~~~~~~~~~~~~~~~~~~~ 05-04
16041495;18032072T;17085832;07040000313;15021994;27081788;126;677 ~~~~~~~~~~~~~~~~~~~~~~~~~~~~~~~~~~~~~~ 05-05
17041495;19032072T;18085832;08040000313;16021994;28081788;127;679;678;518;615 ~~~~~~~~~~~~~~~~~~~~~~~~~~ 05-06
18041495;20032072T;19085832;09040000313;17021994;29081788;128;637;672;680;415 ~~~~~~~~~~~~~~~~~~~~~~~~~~ 05-07
19041495;21032072T;20085832;10040000313;18021994;30081788;129;451;403;412;615 ~~~~~~~~~~~~~~~~~~~~~~~~~~ 05-08
20041495;22032072T;21085832;11040000313;19021994;01091788;130;682;398 ~~~~~~~~~~~~~~~~~~~~~~~~~~~~~~~~~~ 05-09
21041495;23032072T;22085832;12040000313;20021994;02091788;131;513;615 ~~~~~~~~~~~~~~~~~~~~~~~~~~~~~~~~~~ 05-10
22041495;24032072T;23085832;13040000313;21021994;03091788;132;683;615 ~~~~~~~~~~~~~~~~~~~~~~~~~~~~~~~~~~ 05-11
23041495;25032072T;24085832;14040000313;22021994;04091788;133;615 ~~~~~~~~~~~~~~~~~~~~~~~~~~~~~~~~~~~~~~ 05-12
24041495;26032072T;25085832;15040000313;23021994;05091788;134;530;615 ~~~~~~~~~~~~~~~~~~~~~~~~~~~~~~~~~~ 05-13
25041495;27032072T;26085832;16040000313;24021994;06091788;135;681;615 ~~~~~~~~~~~~~~~~~~~~~~~~~~~~~~~~~~ 05-14
26041495;28032072T;27085832;17040000313;25021994;07091788;136;684;624;615 ~~~~~~~~~~~~~~~~~~~~~~~~~~~~~~ 05-15
27041495;29032072T;28085832;18040000313;26021994;08091788;137;624;615 ~~~~~~~~~~~~~~~~~~~~~~~~~~~~~~~~~~ 05-16
28041495;30032072T;29085832;19040000313;27021994;09091788;138;380;921;942;624 ~~~~~~~~~~~~~~~~~~~~~~~~~~ 05-17
29041495;01042072T;01095832;00050000313;28021994;10091788;139;685;433;624;615 ~~~~~~~~~~~~~~~~~~~~~~~~~~ 05-18
01051495;02042072T;02095832;01050000313;29021994;11091788;140;494;797;624;615 ~~~~~~~~~~~~~~~~~~~~~~~~~~ 05-19
02051495;03042072T;03095832;02050000313;30021994;12091788;141;596;686;573;624;403;615 ~~~~~~~~~~~~~~~~~~ 05-20
03051495;04042072T;04095832;03050000313;31021994;13091788;142;687;573;624 ~~~~~~~~~~~~~~~~~~~~~~~~~~~~~~ 05-21
04051495;05042072T;05095832;04050000313;01031994;14091788;143;798;573;412;615 ~~~~~~~~~~~~~~~~~~~~~~~~~~ 05-22
05051495;06042072T;06095832;05050000313;02031994;15091788;144;789;514;522;415;615 ~~~~~~~~~~~~~~~~~~~~~~ 05-23
06051495;07042072T;07095832;06050000313;03031994;16091788;145;397;403;615 ~~~~~~~~~~~~~~~~~~~~~~~~~~~~~~ 05-24
07051495;08042072T;08095832;07050000313;04031994;17091788;146;688 ~~~~~~~~~~~~~~~~~~~~~~~~~~~~~~~~~~~~~~ 05-25
08051495;09042072T;09095832;08050000313;05031994;18091788;147;615 ~~~~~~~~~~~~~~~~~~~~~~~~~~~~~~~~~~~~~~ 05-26
09051495;10042072T;10095832;09050000313;06031994;19091788;148;689;552 ~~~~~~~~~~~~~~~~~~~~~~~~~~~~~~~~~~ 05-27
10051495;11042072T;11095832;10050000313;07031994;20091788;149;439;896;403;615 ~~~~~~~~~~~~~~~~~~~~~~~~~~ 05-28
11051495;12042072T;12095832;11050000313;08031994;21091788;150;449;439;615 ~~~~~~~~~~~~~~~~~~~~~~~~~~~~~~ 05-29
12051495;13042072T;13095832;12050000313;09031994;22091788;151;438;615 ~~~~~~~~~~~~~~~~~~~~~~~~~~~~~~~~~~ 05-30
13051495;14042072T;14095832;13050000313;10031994;23091788;152;396;396;874;941 ~~~~~~~~~~~~~~~~~~~~~~~~~~ 05-31
14051495;15042072T;15095832;14050000313;11031994;24091788;153;691;403;616 ~~~~~~~~~~~~~~~~~~~~~~~~~~~~~~ 06-01
15051495;16042072T;16095832;15050000313;12031994;25091788;154;694 ~~~~~~~~~~~~~~~~~~~~~~~~~~~~~~~~~~~~~~ 06-02
16051495;17042072T;17095832;16050000313;13031994;26091788;155;692;616 ~~~~~~~~~~~~~~~~~~~~~~~~~~~~~~~~~~ 06-03
17051495;18042072T;18095832;17050000313;14031994;27091788;156;637;693 ~~~~~~~~~~~~~~~~~~~~~~~~~~~~~~~~~~ 06-04
18051495;19042072T;19095832;18050000313;15031994;28091788;157;690;616 ~~~~~~~~~~~~~~~~~~~~~~~~~~~~~~~~~~ 06-05
19051495;20042072T;20095832;19050000313;16031994;29091788;158 ~~~~~~~~~~~~~~~~~~~~~~~~~~~~~~~~~~~~~~~~~~ 06-06
20051495;21042072T;21095832;00060000313;17031994;30091788;159;513;616 ~~~~~~~~~~~~~~~~~~~~~~~~~~~~~~~~~~ 06-07
21051495;22042072T;22095832;01060000313;18031994;01101788;160;398 ~~~~~~~~~~~~~~~~~~~~~~~~~~~~~~~~~~~~~~ 06-08
22051495;23042072T;23095832;02060000313;19031994;02101788;161;403;616 ~~~~~~~~~~~~~~~~~~~~~~~~~~~~~~~~~~ 06-09
23051495;24042072T;24095832;03060000313;20031994;03101788;162;821;569 ~~~~~~~~~~~~~~~~~~~~~~~~~~~~~~~~~~ 06-10
24051495;25042072T;25095832;04060000313;21031994;04101788;163;697;799;569;616 ~~~~~~~~~~~~~~~~~~~~~~~~~~ 06-11
25051495;26042072T;26095832;05060000313;22031994;05101788;164;695;946;412 ~~~~~~~~~~~~~~~~~~~~~~~~~~~~~~ 06-12
26051495;27042072T;27095832;06060000313;23031994;06101788;165;403;616 ~~~~~~~~~~~~~~~~~~~~~~~~~~~~~~~~~~ 06-13
27051495;28042072T;28095832;07060000313;24031994;07101788;166;696 ~~~~~~~~~~~~~~~~~~~~~~~~~~~~~~~~~~~~~~ 06-14
28051495;29042072T;29095832;08060000313;25031994;08101788;167;616 ~~~~~~~~~~~~~~~~~~~~~~~~~~~~~~~~~~~~~~ 06-15
29051495;01052072T;30095832;09060000313;26031994;09101788;168;698;380;436 ~~~~~~~~~~~~~~~~~~~~~~~~~~~~~~ 06-16
30051495;02052072T;01105832;10060000313;27031994;10101788;169;701;699;700;616 ~~~~~~~~~~~~~~~~~~~~~~~~~~ 06-17
01061495;03052072T;02105832;11060000313;28031994;11101788;170 ~~~~~~~~~~~~~~~~~~~~~~~~~~~~~~~~~~~~~~~~~~ 06-18
02061495;04052072T;03105832;12060000313;29031994;12101788;171;452;452;514;460;616 ~~~~~~~~~~~~~~~~~~~~~~ 06-19
03061495;05052072T;04105832;13060000313;30031994;13101788;172;838;425;564 ~~~~~~~~~~~~~~~~~~~~~~~~~~~~~~ 06-20
04061495;06052072T;05105832;14060000313;31031994;14101788;173;461;403;616 ~~~~~~~~~~~~~~~~~~~~~~~~~~~~~~ 06-21
05061495;07052072T;06105832;15060000313;01041994;15101788;174;397 ~~~~~~~~~~~~~~~~~~~~~~~~~~~~~~~~~~~~~~ 06-22
06061495;08052072T;07105832;16060000313;02041994;16101788;175;616 ~~~~~~~~~~~~~~~~~~~~~~~~~~~~~~~~~~~~~~ 06-23
07061495;09052072T;08105832;17060000313;03041994;17101788;176;703;415 ~~~~~~~~~~~~~~~~~~~~~~~~~~~~~~~~~~ 06-24
08061495;10052072T;09105832;18060000313;04041994;18101788;177;702;403;616 ~~~~~~~~~~~~~~~~~~~~~~~~~~~~~~ 06-25
09061495;11052072T;10105832;19060000313;05041994;19101788;178;898;412 ~~~~~~~~~~~~~~~~~~~~~~~~~~~~~~~~~~ 06-26
10061495;12052072T;11105832;00070000313;06041994;20101788;179;616 ~~~~~~~~~~~~~~~~~~~~~~~~~~~~~~~~~~~~~~ 06-27
11061495;13052072T;12105832;01070000313;07041994;21101788;180 ~~~~~~~~~~~~~~~~~~~~~~~~~~~~~~~~~~~~~~~~~~ 06-28
12061495;14052072T;13105832;02070000313;08041994;22101788;181;704;399;616 ~~~~~~~~~~~~~~~~~~~~~~~~~~~~~~ 06-29
13061495;15052072T;14105832;03070000313;09041994;23101788;182;386 ~~~~~~~~~~~~~~~~~~~~~~~~~~~~~~~~~~~~~~ 06-30
14061495;16052072T;15105832;04070000313;10041994;24101788;183;432;565;617 ~~~~~~~~~~~~~~~~~~~~~~~~~~~~~~ 07-01
15061495;17052072T;16105832;05070000313;11041994;25101788;184;637;705;840;565;400 ~~~~~~~~~~~~~~~~~~~~~~ 07-02
16061495;18052072T;17105832;06070000313;12041994;26101788;185;795;403;617 ~~~~~~~~~~~~~~~~~~~~~~~~~~~~~~ 07-03
17061495;19052072T;18105832;07070000313;13041994;27101788;186 ~~~~~~~~~~~~~~~~~~~~~~~~~~~~~~~~~~~~~~~~~~ 07-04
18061495;20052072T;19105832;08070000313;14041994;28101788;187;420;513;868;617 ~~~~~~~~~~~~~~~~~~~~~~~~~~ 07-05
19061495;21052072T;20105832;09070000313;15041994;29101788;188;373 ~~~~~~~~~~~~~~~~~~~~~~~~~~~~~~~~~~~~~~ 07-06
20061495;22052072T;21105832;10070000313;16041994;30101788;189;403;617 ~~~~~~~~~~~~~~~~~~~~~~~~~~~~~~~~~~ 07-07
21061495;23052072T;22105832;11070000313;17041994;01111788;190;398;400 ~~~~~~~~~~~~~~~~~~~~~~~~~~~~~~~~~~ 07-08
22061495;24052072T;23105832;12070000313;18041994;02111788;191;706;413;617 ~~~~~~~~~~~~~~~~~~~~~~~~~~~~~~ 07-09
23061495;25052072T;24105832;13070000313;19041994;03111788;192;415 ~~~~~~~~~~~~~~~~~~~~~~~~~~~~~~~~~~~~~~ 07-10
24061495;26052072T;25105832;14070000313;20041994;04111788;193;707;400;403;617 ~~~~~~~~~~~~~~~~~~~~~~~~~~ 07-11
25061495;27052072T;26105832;15070000313;21041994;05111788;194;901 ~~~~~~~~~~~~~~~~~~~~~~~~~~~~~~~~~~~~~~ 07-12
26061495;28052072T;27105832;16070000313;22041994;06111788;195;617 ~~~~~~~~~~~~~~~~~~~~~~~~~~~~~~~~~~~~~~ 07-13
27061495;29052072T;28105832;17070000313;23041994;07111788;196;400 ~~~~~~~~~~~~~~~~~~~~~~~~~~~~~~~~~~~~~~ 07-14
28061495;30052072T;29105832;18070000313;24041994;08111788;197;380;403;421;617 ~~~~~~~~~~~~~~~~~~~~~~~~~~ 07-15
29061495;01062072T;01115832;19070000313;25041994;09111788;198;708 ~~~~~~~~~~~~~~~~~~~~~~~~~~~~~~~~~~~~~~ 07-16
01071495;02062072T;02115832;00080000313;26041994;10111788;199;709;374;514;870;617 ~~~~~~~~~~~~~~~~~~~~~~ 07-17
02071495;03062072T;03115832;01080000313;27041994;11111788;200;710;415 ~~~~~~~~~~~~~~~~~~~~~~~~~~~~~~~~~~ 07-18
03071495;04062072T;04115832;02080000313;28041994;12111788;201;617 ~~~~~~~~~~~~~~~~~~~~~~~~~~~~~~~~~~~~~~ 07-19
04071495;05062072T;05115832;03080000313;29041994;13111788;202;711;400 ~~~~~~~~~~~~~~~~~~~~~~~~~~~~~~~~~~ 07-20
05071495;06062072T;06115832;04080000313;30041994;14111788;203;631;617 ~~~~~~~~~~~~~~~~~~~~~~~~~~~~~~~~~~ 07-21
06071495;07062072T;07115832;05080000313;31041994;15111788;204;397 ~~~~~~~~~~~~~~~~~~~~~~~~~~~~~~~~~~~~~~ 07-22
07071495;08062072T;08115832;06080000313;01051994;16111788;205;713;400;403;617 ~~~~~~~~~~~~~~~~~~~~~~~~~~ 07-23
08071495;09062072T;09115832;07080000313;02051994;17111788;206;714;401 ~~~~~~~~~~~~~~~~~~~~~~~~~~~~~~~~~~ 07-24
09071495;10062072T;10115832;08080000313;03051994;18111788;207;546;421;617 ~~~~~~~~~~~~~~~~~~~~~~~~~~~~~~ 07-25
10071495;11062072T;11115832;09080000313;04051994;19111788;208 ~~~~~~~~~~~~~~~~~~~~~~~~~~~~~~~~~~~~~~~~~~ 07-26
11071495;12062072T;12115832;10080000313;05051994;20111788;209;403;617 ~~~~~~~~~~~~~~~~~~~~~~~~~~~~~~~~~~ 07-27
12071495;13062072T;13115832;11080000313;06051994;21111788;210;712;715 ~~~~~~~~~~~~~~~~~~~~~~~~~~~~~~~~~~ 07-28
13071495;14062072T;14115832;12080000313;07051994;22111788;211;716;387;531;561;617 ~~~~~~~~~~~~~~~~~~~~~~ 07-29
14071495;15062072T;15115832;13080000313;08051994;23111788;212 ~~~~~~~~~~~~~~~~~~~~~~~~~~~~~~~~~~~~~~~~~~ 07-30
15071495;16062072T;16115832;14080000313;09051994;24111788;213;403;617 ~~~~~~~~~~~~~~~~~~~~~~~~~~~~~~~~~~ 07-31
16071495;17062072T;17115832;15080000313;10051994;25111788;214;513 ~~~~~~~~~~~~~~~~~~~~~~~~~~~~~~~~~~~~~~ 08-01
17071495;18062072T;18115832;16080000313;11051994;26111788;215;718;437;618 ~~~~~~~~~~~~~~~~~~~~~~~~~~~~~~ 08-02
18071495;19062072T;19115832;17080000313;12051994;27111788;216;415 ~~~~~~~~~~~~~~~~~~~~~~~~~~~~~~~~~~~~~~ 08-03
19071495;20062072T;20115832;18080000313;13051994;28111788;217;421;618 ~~~~~~~~~~~~~~~~~~~~~~~~~~~~~~~~~~ 08-04
20071495;21062072T;21115832;19080000313;14051994;29111788;218;719 ~~~~~~~~~~~~~~~~~~~~~~~~~~~~~~~~~~~~~~ 08-05
21071495;22062072T;22115832;00090000313;15051994;30111788;219;637;720;398;618 ~~~~~~~~~~~~~~~~~~~~~~~~~~ 08-06
22071495;23062072T;23115832;01090000313;16051994;01121788;220;717;618 ~~~~~~~~~~~~~~~~~~~~~~~~~~~~~~~~~~ 08-07
23071495;24062072T;24115832;02090000313;17051994;02121788;221;403;618 ~~~~~~~~~~~~~~~~~~~~~~~~~~~~~~~~~~ 08-08
24071495;25062072T;25115832;03090000313;18051994;03121788;222 ~~~~~~~~~~~~~~~~~~~~~~~~~~~~~~~~~~~~~~~~~~ 08-09
25071495;26062072T;26115832;04090000313;19051994;04121788;223;722;878;618 ~~~~~~~~~~~~~~~~~~~~~~~~~~~~~~ 08-10
26071495;27062072T;27115832;05090000313;20051994;05121788;224;415 ~~~~~~~~~~~~~~~~~~~~~~~~~~~~~~~~~~~~~~ 08-11
27071495;28062072T;28115832;06090000313;21051994;06121788;225;509;403;618 ~~~~~~~~~~~~~~~~~~~~~~~~~~~~~~ 08-12
28071495;29062072T;29115832;07090000313;22051994;07121788;226;723;380 ~~~~~~~~~~~~~~~~~~~~~~~~~~~~~~~~~~ 08-13
29071495;01072072T;30115832;08090000313;23051994;08121788;227;721;433;514;421;618 ~~~~~~~~~~~~~~~~~~~~~~ 08-14
30071495;02072072T;01125832;09090000313;24051994;09121788;228 ~~~~~~~~~~~~~~~~~~~~~~~~~~~~~~~~~~~~~~~~~~ 08-15
01081495;03072072T;02125832;10090000313;25051994;10121788;229;579;403;618 ~~~~~~~~~~~~~~~~~~~~~~~~~~~~~~ 08-16
02081495;04072072T;03125832;11090000313;26051994;11121788;230 ~~~~~~~~~~~~~~~~~~~~~~~~~~~~~~~~~~~~~~~~~~ 08-17
03081495;05072072T;04125832;12090000313;27051994;12121788;231;801;891;618 ~~~~~~~~~~~~~~~~~~~~~~~~~~~~~~ 08-18
04081495;06072072T;05125832;13090000313;28051994;13121788;232;415 ~~~~~~~~~~~~~~~~~~~~~~~~~~~~~~~~~~~~~~ 08-19
05081495;07072072T;06125832;14090000313;29051994;14121788;233;724;397;572;403;618 ~~~~~~~~~~~~~~~~~~~~~~ 08-20
06081495;08072072T;07125832;15090000313;30051994;15121788;234;618 ~~~~~~~~~~~~~~~~~~~~~~~~~~~~~~~~~~~~~~ 08-21
07081495;09072072T;08125832;16090000313;31051994;16121788;235;618 ~~~~~~~~~~~~~~~~~~~~~~~~~~~~~~~~~~~~~~ 08-22
08081495;10072072T;09125832;17090000313;01061994;17121788;236 ~~~~~~~~~~~~~~~~~~~~~~~~~~~~~~~~~~~~~~~~~~ 08-23
09081495;11072072T;10125832;18090000313;02061994;18121788;237;926;403;421;618 ~~~~~~~~~~~~~~~~~~~~~~~~~~ 08-24
10081495;12072072T;11125832;19090000313;03061994;19121788;238 ~~~~~~~~~~~~~~~~~~~~~~~~~~~~~~~~~~~~~~~~~~ 08-25
11081495;13072072T;12125832;00100000313;04061994;20121788;239;427;596;897;938;618 ~~~~~~~~~~~~~~~~~~~~~~ 08-26
12081495;14072072T;13125832;01100000313;05061994;21121788;240;725;567 ~~~~~~~~~~~~~~~~~~~~~~~~~~~~~~~~~~ 08-27
13081495;15072072T;14125832;02100000313;06061994;22121788;241;428;725;388;541;556;909;910;925;949;567 ~~ 08-28
14081495;16072072T;15125832;03100000313;07061994;23121788;242;796;513;512;618 ~~~~~~~~~~~~~~~~~~~~~~~~~~ 08-29
15081495;17072072T;16125832;04100000313;08061994;24121788;243;594;375;618 ~~~~~~~~~~~~~~~~~~~~~~~~~~~~~~ 08-30
16081495;18072072T;17125832;05100000313;09061994;25121788;244;595;875 ~~~~~~~~~~~~~~~~~~~~~~~~~~~~~~~~~~ 08-31
17081495;19072072T;18125832;06100000313;10061994;26121788;245;403;619 ~~~~~~~~~~~~~~~~~~~~~~~~~~~~~~~~~~ 09-01
18081495;20072072T;19125832;07100000313;11061994;27121788;246;596;727 ~~~~~~~~~~~~~~~~~~~~~~~~~~~~~~~~~~ 09-02
19081495;21072072T;20125832;08100000313;12061994;28121788;247;429;637;728;421;619 ~~~~~~~~~~~~~~~~~~~~~~ 09-03
20081495;22072072T;21125832;09100000313;13061994;29121788;248;430;415 ~~~~~~~~~~~~~~~~~~~~~~~~~~~~~~~~~~ 09-04
21081495;23072072T;22125832;10100000313;14061994;30121788;249;434;398;416;872;403;619 ~~~~~~~~~~~~~~~~~~ 09-05
22081495;24072072T;23125832;11100000313;15061994;01131788;250;435;871 ~~~~~~~~~~~~~~~~~~~~~~~~~~~~~~~~~~ 09-06
23081495;25072072T;24125832;12100000313;16061994;02131788;251;619 ~~~~~~~~~~~~~~~~~~~~~~~~~~~~~~~~~~~~~~ 09-07
24081495;26072072T;25125832;13100000313;17061994;03131788;252;730;503 ~~~~~~~~~~~~~~~~~~~~~~~~~~~~~~~~~~ 09-08
25081495;27072072T;26125832;14100000313;18061994;04131788;253;554;619 ~~~~~~~~~~~~~~~~~~~~~~~~~~~~~~~~~~ 09-09
26081495;28072072T;27125832;15100000313;19061994;05131788;254 ~~~~~~~~~~~~~~~~~~~~~~~~~~~~~~~~~~~~~~~~~~ 09-10
27081495;29072072T;28125832;16100000313;20061994;01011789;255;455;845;619 ~~~~~~~~~~~~~~~~~~~~~~~~~~~~~~ 09-11
28081495;01082072T;29125832;17100000313;21061994;02011789;256;729;726;847;846;380;514;928;930;953;521 ~~ 09-12
29081495;02082072T;01215833;18100000313;22061994;03011789;257;521;403;421;619 ~~~~~~~~~~~~~~~~~~~~~~~~~~ 09-13
01091495;03082072T;02215833;19100000313;23061994;04011789;258;597;832;504;521 ~~~~~~~~~~~~~~~~~~~~~~~~~~ 09-14
02091495;04082072T;03215833;00110000313;24061994;05011789;259;733;550;619 ~~~~~~~~~~~~~~~~~~~~~~~~~~~~~~ 09-15
03091495;05082072T;04215833;01110000313;25061994;06011789;260;734;915;505 ~~~~~~~~~~~~~~~~~~~~~~~~~~~~~~ 09-16
04091495;06082072T;05215833;02110000313;26061994;07011789;261;735;403;619 ~~~~~~~~~~~~~~~~~~~~~~~~~~~~~~ 09-17
05091495;07082072T;06215833;03110000313;27061994;08011789;262;731;397 ~~~~~~~~~~~~~~~~~~~~~~~~~~~~~~~~~~ 09-18
06091495;08082072T;07215833;04110000313;28061994;09011789;263;908;619;848 ~~~~~~~~~~~~~~~~~~~~~~~~~~~~~~ 09-19
07091495;09082072T;08215833;05110000313;29061994;10011789;264;732 ~~~~~~~~~~~~~~~~~~~~~~~~~~~~~~~~~~~~~~ 09-20
08091495;10082072T;09215833;06110000313;30061994;11011789;265;462;848;619 ~~~~~~~~~~~~~~~~~~~~~~~~~~~~~~ 09-21
09091495;11082072T;10215833;07110000313;31061994;12011789;266;903;423;527 ~~~~~~~~~~~~~~~~~~~~~~~~~~~~~~ 09-22
10091495;12082072T;11215833;08110000313;01071994;13011789;267;738;463;421;619 ~~~~~~~~~~~~~~~~~~~~~~~~~~ 09-23
11091495;13082072T;12215833;09110000313;02071994;14011789;268;739;743 ~~~~~~~~~~~~~~~~~~~~~~~~~~~~~~~~~~ 09-24
12091495;14082072T;13215833;10110000313;03071994;15011789;269;740;513;403;619 ~~~~~~~~~~~~~~~~~~~~~~~~~~ 09-25
13091495;15082072T;14215833;11110000313;04071994;16011789;270;736;520;551;570 ~~~~~~~~~~~~~~~~~~~~~~~~~~ 09-26
14091495;16082072T;15215833;12110000313;05071994;17011789;271;737;389;390;432;534;523;848;619 ~~~~~~~~~~ 09-27
15091495;17082072T;16215833;13110000313;06071994;18011789;272;742;790;907;523 ~~~~~~~~~~~~~~~~~~~~~~~~~~ 09-28
16091495;18082072T;17215833;14110000313;07071994;19011789;273;741;790;467;802;523;403;619 ~~~~~~~~~~~~~~ 09-29
17091495;19082072T;18215833;15110000313;08071994;20011789;274;790;835;523;853 ~~~~~~~~~~~~~~~~~~~~~~~~~~ 09-30
18091495;20082072T;19215833;16110000313;09071994;21011789;275;637;790;523;853;848;620 ~~~~~~~~~~~~~~~~~~ 10-01
19091495;21082072T;20215833;17110000313;10071994;22011789;276;749;790;523;853 ~~~~~~~~~~~~~~~~~~~~~~~~~~ 10-02
20091495;22082072T;21215833;18110000313;11071994;23011789;277;744;790;523;403;421;620;848 ~~~~~~~~~~~~~~ 10-03
21091495;23082072T;22215833;19110000313;12071994;24011789;278;745;790;398;524;505 ~~~~~~~~~~~~~~~~~~~~~~ 10-04
22091495;24082072T;23215833;00120000313;13071994;25011789;279;746;525;848;620 ~~~~~~~~~~~~~~~~~~~~~~~~~~ 10-05
23091495;25082072T;24215833;01120000313;14071994;26011789;280;747 ~~~~~~~~~~~~~~~~~~~~~~~~~~~~~~~~~~~~~~ 10-06
24091495;26082072T;25215833;02120000313;15071994;27011789;281;748;820;403;620 ~~~~~~~~~~~~~~~~~~~~~~~~~~ 10-07
25091495;27082072T;26215833;03120000313;16071994;28011789;282;754;869 ~~~~~~~~~~~~~~~~~~~~~~~~~~~~~~~~~~ 10-08
26091495;28082072T;27215833;04120000313;17071994;29011789;283;750;848;620 ~~~~~~~~~~~~~~~~~~~~~~~~~~~~~~ 10-09
27091495;29082072T;28215833;05120000313;18071994;30011789;284;751;367;514;508 ~~~~~~~~~~~~~~~~~~~~~~~~~~ 10-10
28091495;30082072T;29215833;06120000313;19071994;01021789;285;791;380;368;920;403;848;620 ~~~~~~~~~~~~~~ 10-11
29091495;01092072T;30215833;07120000313;20071994;02021789;286;752;436;823;895 ~~~~~~~~~~~~~~~~~~~~~~~~~~ 10-12
30091495;02092072T;01225833;08120000313;21071994;03021789;287;753;506;848;620 ~~~~~~~~~~~~~~~~~~~~~~~~~~ 10-13
01101495;03092072T;02225833;09120000313;22071994;04021789;288;507;502 ~~~~~~~~~~~~~~~~~~~~~~~~~~~~~~~~~~ 10-14
02101495;04092072T;03225833;10120000313;23071994;05021789;289;758;815;403;620 ~~~~~~~~~~~~~~~~~~~~~~~~~~ 10-15
03101495;05092072T;04225833;11120000313;24071994;06021789;290;918 ~~~~~~~~~~~~~~~~~~~~~~~~~~~~~~~~~~~~~~ 10-16
04101495;06092072T;05225833;12120000313;25071994;07021789;291;755;919;620 ~~~~~~~~~~~~~~~~~~~~~~~~~~~~~~ 10-17
05101495;07092072T;06225833;13120000313;26071994;08021789;292;756;397 ~~~~~~~~~~~~~~~~~~~~~~~~~~~~~~~~~~ 10-18
06101495;08092072T;07225833;14120000313;27071994;09021789;293;757;548;885;403;620 ~~~~~~~~~~~~~~~~~~~~~~ 10-19
07101495;09092072T;08225833;15120000313;28071994;10021789;294;631;417;563;784 ~~~~~~~~~~~~~~~~~~~~~~~~~~ 10-20
08101495;10092072T;09225833;16120000313;29071994;11021789;295;369;549;560;785;620 ~~~~~~~~~~~~~~~~~~~~~~ 10-21
09101495;11092072T;10225833;17120000313;30071994;12021789;296;759;513;899;786 ~~~~~~~~~~~~~~~~~~~~~~~~~~ 10-22
10101495;12092072T;11225833;18120000313;01081994;13021789;297;787;620 ~~~~~~~~~~~~~~~~~~~~~~~~~~~~~~~~~~ 10-23
11101495;13092072T;12225833;19120000313;02081994;14021789;298;371;399 ~~~~~~~~~~~~~~~~~~~~~~~~~~~~~~~~~~ 10-24
12101495;14092072T;13225833;00130000313;03081994;15021789;299;820;864;620 ~~~~~~~~~~~~~~~~~~~~~~~~~~~~~~ 10-25
13101495;15092072T;14225833;01130000313;04081994;16021789;300;393;532;882;922 ~~~~~~~~~~~~~~~~~~~~~~~~~~ 10-26
14101495;16092072T;15225833;02130000313;05081994;17021789;301;400;620 ~~~~~~~~~~~~~~~~~~~~~~~~~~~~~~~~~~ 10-27
15101495;17092072T;16225833;03130000313;06081994;18021789;302;849;408 ~~~~~~~~~~~~~~~~~~~~~~~~~~~~~~~~~~ 10-28
16101495;18092072T;17225833;04130000313;07081994;19021789;303;620 ~~~~~~~~~~~~~~~~~~~~~~~~~~~~~~~~~~~~~~ 10-29
17101495;19092072T;18225833;05130000313;08081994;20021789;304;431;881;400 ~~~~~~~~~~~~~~~~~~~~~~~~~~~~~~ 10-30
18101495;20092072T;19225833;06130000313;09081994;21021789;305;403;620 ~~~~~~~~~~~~~~~~~~~~~~~~~~~~~~~~~~ 10-31
19101495;21092072T;20225833;07130000313;10081994;22021789;306 ~~~~~~~~~~~~~~~~~~~~~~~~~~~~~~~~~~~~~~~~~~ 11-01
20101495;22092072T;21225833;08130000313;11081994;23021789;307;761;400;621 ~~~~~~~~~~~~~~~~~~~~~~~~~~~~~~ 11-02
21101495;23092072T;22225833;09130000313;12081994;24021789;308;762;398;499;621 ~~~~~~~~~~~~~~~~~~~~~~~~~~ 11-03
22101495;24092072T;23225833;10130000313;13081994;25021789;309;403;621 ~~~~~~~~~~~~~~~~~~~~~~~~~~~~~~~~~~ 11-04
23101495;25092072T;24225833;11130000313;14081994;26021789;310;637;763;621 ~~~~~~~~~~~~~~~~~~~~~~~~~~~~~~ 11-05
24101495;26092072T;25225833;12130000313;15081994;27021789;311;911;621 ~~~~~~~~~~~~~~~~~~~~~~~~~~~~~~~~~~ 11-06
25101495;27092072T;26225833;13130000313;16081994;28021789;312;760;514;558;779;784;418;621 ~~~~~~~~~~~~~~ 11-07
26101495;28092072T;27225833;14130000313;17081994;29021789;313;850;780;785;403;621 ~~~~~~~~~~~~~~~~~~~~~~ 11-08
27101495;29092072T;28225833;15130000313;18081994;30021789;314;380;781;786;836;893;621 ~~~~~~~~~~~~~~~~~~ 11-09
28101495;01102072T;29225833;16130000313;19081994;01031789;315;764;433;782;787;621 ~~~~~~~~~~~~~~~~~~~~~~ 11-10
29101495;02102072T;01235833;17130000313;20081994;02031789;316;535;783;788;621 ~~~~~~~~~~~~~~~~~~~~~~~~~~ 11-11
01111495;03102072T;02235833;18130000313;21081994;03031789;317;403;621 ~~~~~~~~~~~~~~~~~~~~~~~~~~~~~~~~~~ 11-12
02111495;04102072T;03235833;19130000313;22081994;04031789;318;401 ~~~~~~~~~~~~~~~~~~~~~~~~~~~~~~~~~~~~~~ 11-13
03111495;05102072T;04235833;00140000313;23081994;05031789;319;621 ~~~~~~~~~~~~~~~~~~~~~~~~~~~~~~~~~~~~~~ 11-14
04111495;06102072T;05235833;01140000313;24081994;06031789;320;543;375;409 ~~~~~~~~~~~~~~~~~~~~~~~~~~~~~~ 11-15
05111495;07102072T;06235833;02140000313;25081994;07031789;321;403;418;621 ~~~~~~~~~~~~~~~~~~~~~~~~~~~~~~ 11-16
06111495;08102072T;07235833;03140000313;26081994;08031789;322;766;397;621 ~~~~~~~~~~~~~~~~~~~~~~~~~~~~~~ 11-17
07111495;09102072T;08235833;04140000313;27081994;09031789;323;621 ~~~~~~~~~~~~~~~~~~~~~~~~~~~~~~~~~~~~~~ 11-18
08111495;10102072T;09235833;05140000313;28081994;10031789;324;767;513 ~~~~~~~~~~~~~~~~~~~~~~~~~~~~~~~~~~ 11-19
09111495;11102072T;10235833;06140000313;29081994;11031789;325;765;856;879;621 ~~~~~~~~~~~~~~~~~~~~~~~~~~ 11-20
10111495;12102072T;11235833;07140000313;30081994;12031789;326;437;547;409 ~~~~~~~~~~~~~~~~~~~~~~~~~~~~~~ 11-21
11111495;13102072T;12235833;08140000313;01091994;13031789;327;934;788;621 ~~~~~~~~~~~~~~~~~~~~~~~~~~~~~~ 11-22
12111495;14102072T;13235833;09140000313;02091994;14031789;328;769;621 ~~~~~~~~~~~~~~~~~~~~~~~~~~~~~~~~~~ 11-23
13111495;15102072T;14235833;10140000313;03091994;15031789;329;440;403;621 ~~~~~~~~~~~~~~~~~~~~~~~~~~~~~~ 11-24
14111495;16102072T;15235833;11140000313;04091994;16031789;330;441;394;880;621 ~~~~~~~~~~~~~~~~~~~~~~~~~~ 11-25
15111495;17102072T;16235833;12140000313;05091994;17031789;331;770;768;375;621 ~~~~~~~~~~~~~~~~~~~~~~~~~~ 11-26
16111495;18102072T;17235833;13140000313;06091994;18031789;332;589;409 ~~~~~~~~~~~~~~~~~~~~~~~~~~~~~~~~~~ 11-27
17111495;19102072T;18235833;14140000313;07091994;19031789;333;442;369;823;403;621 ~~~~~~~~~~~~~~~~~~~~~~ 11-28
18111495;20102072T;19235833;15140000313;08091994;20031789;334;771;621 ~~~~~~~~~~~~~~~~~~~~~~~~~~~~~~~~~~ 11-29
19111495;21102072T;20235833;16140000313;09091994;21031789;335;772;621 ~~~~~~~~~~~~~~~~~~~~~~~~~~~~~~~~~~ 11-30
20111495;22102072T;21235833;17140000313;10091994;22031789;336 ~~~~~~~~~~~~~~~~~~~~~~~~~~~~~~~~~~~~~~~~~~ 12-01
21111495;23102072T;22235833;18140000313;11091994;23031789;337;774;398;370;876;403;622 ~~~~~~~~~~~~~~~~~~ 12-02
22111495;24102072T;23235833;19140000313;12091994;24031789;338;637;775;409 ~~~~~~~~~~~~~~~~~~~~~~~~~~~~~~ 12-03
23111495;25102072T;24235833;00150000313;13091994;25031789;339;514;590;418;622 ~~~~~~~~~~~~~~~~~~~~~~~~~~ 12-04
24111495;26102072T;25235833;01150000313;14091994;26031789;340;936;516 ~~~~~~~~~~~~~~~~~~~~~~~~~~~~~~~~~~ 12-05
25111495;27102072T;26235833;02150000313;15091994;27031789;341;773;554;516;403;622 ~~~~~~~~~~~~~~~~~~~~~~ 12-06
26111495;28102072T;27235833;03150000313;16091994;28031789;342;516 ~~~~~~~~~~~~~~~~~~~~~~~~~~~~~~~~~~~~~~ 12-07
27111495;29102072T;28235833;04150000313;17091994;29031789;343;516;622 ~~~~~~~~~~~~~~~~~~~~~~~~~~~~~~~~~~ 12-08
28111495;30102072T;29235833;05150000313;18091994;30031789;344;596;380;516;622 ~~~~~~~~~~~~~~~~~~~~~~~~~~ 12-09
29111495;01112072T;30235833;06150000313;19091994;01041789;345;776;403;622 ~~~~~~~~~~~~~~~~~~~~~~~~~~~~~~ 12-10
30111495;02112072T;01245833;07150000313;20091994;02041789;346;777;591;516 ~~~~~~~~~~~~~~~~~~~~~~~~~~~~~~ 12-11
01121495;03112072T;02245833;08150000313;21091994;03041789;347;516;622 ~~~~~~~~~~~~~~~~~~~~~~~~~~~~~~~~~~ 12-12
02121495;04112072T;03245833;09150000313;22091994;04041789;348;516 ~~~~~~~~~~~~~~~~~~~~~~~~~~~~~~~~~~~~~~ 12-13
03121495;05112072T;04245833;10150000313;23091994;05041789;349;944;622 ~~~~~~~~~~~~~~~~~~~~~~~~~~~~~~~~~~ 12-14
04121495;06112072T;05245833;11150000313;24091994;06041789;350;622 ~~~~~~~~~~~~~~~~~~~~~~~~~~~~~~~~~~~~~~ 12-15
05121495;07112072T;06245833;12150000313;25091994;07041789;351;596;778;622 ~~~~~~~~~~~~~~~~~~~~~~~~~~~~~~ 12-16
06121495;08112072T;07245833;13150000313;26091994;08041789;352;397;513;622 ~~~~~~~~~~~~~~~~~~~~~~~~~~~~~~ 12-17
07121495;09112072T;08245833;14150000313;27091994;09041789;353;422;592;403;622 ~~~~~~~~~~~~~~~~~~~~~~~~~~ 12-18
08121495;10112072T;09245833;15150000313;28091994;10041789;354;622 ~~~~~~~~~~~~~~~~~~~~~~~~~~~~~~~~~~~~~~ 12-19
09121495;11112072T;10245833;16150000313;29091994;11041789;355;371;501;622 ~~~~~~~~~~~~~~~~~~~~~~~~~~~~~~ 12-20
10121495;12112072T;11245833;17150000313;30091994;12041789;356;376;557;890;466;500;409 ~~~~~~~~~~~~~~~~~~ 12-21
11121495;13112072T;12245833;18150000313;01101994;13041789;357;426;500;403;418;622 ~~~~~~~~~~~~~~~~~~~~~~ 12-22
12121495;14112072T;13245833;19150000313;02101994;14041789;358;465 ~~~~~~~~~~~~~~~~~~~~~~~~~~~~~~~~~~~~~~ 12-23
13121495;15112072T;14245833;00160000313;03101994;15041789;359;395;432;545;500;622 ~~~~~~~~~~~~~~~~~~~~~~ 12-24
14121495;16112072T;15245833;01160000313;04101994;16041789;360;887;457;500;622 ~~~~~~~~~~~~~~~~~~~~~~~~~~ 12-25
15121495;17112072T;16245833;02160000313;05101994;17041789;361;403;622 ~~~~~~~~~~~~~~~~~~~~~~~~~~~~~~~~~~ 12-31
16121495;18112072T;17245833;03160000313;06101994;18041789;362;866;409 ~~~~~~~~~~~~~~~~~~~~~~~~~~~~~~~~~~ 12-27
17121495;19112072T;18245833;04160000313;07101994;19041789;363;622 ~~~~~~~~~~~~~~~~~~~~~~~~~~~~~~~~~~~~~~ 12-28
18121495;20112072T;19245833;05160000313;08101994;20041789;364;514;841 ~~~~~~~~~~~~~~~~~~~~~~~~~~~~~~~~~~ 12-29
19121495;21112072T;20245833;06160000313;09101994;21041789;365;622 ~~~~~~~~~~~~~~~~~~~~~~~~~~~~~~~~~~~~~~ 12-30
20121495;22112072T;21245833;07160000313;10101994;22041789;366;398 ~~~~~~~~~~~~~~~~~~~~~~~~~~~~~~~~~~~~~~ 12-31
