21121495;23112072T;22245833;06160000313;11101994;23041789;001;611 ~~~~~~~~~~~~~~~~~~~~~~~~~~~~~~~~~~~~~~ 01-01
22121495;24112072T;23245833;07160000313;12101994;24041789;002;372 ~~~~~~~~~~~~~~~~~~~~~~~~~~~~~~~~~~~~~~ 01-02
23121495;25112072T;24245833;08160000313;13101994;25041789;003;611 ~~~~~~~~~~~~~~~~~~~~~~~~~~~~~~~~~~~~~~ 01-03
24121495;26112072T;25245833;09160000313;14101994;26041789;004;917;842 ~~~~~~~~~~~~~~~~~~~~~~~~~~~~~~~~~~ 01-04
25121495;27112072T;26245833;10160000313;15101994;27041789;005;611 ~~~~~~~~~~~~~~~~~~~~~~~~~~~~~~~~~~~~~~ 01-05
26121495;28112072T;27245833;11160000313;16101994;28041789;006;453;406 ~~~~~~~~~~~~~~~~~~~~~~~~~~~~~~~~~~ 01-06
27121495;29112072T;28245833;12160000313;17101994;29041789;007;637;409;611 ~~~~~~~~~~~~~~~~~~~~~~~~~~~~~~ 01-07
28121495;01122072T;29245833;13160000313;18101994;30041789;008;627;380;378 ~~~~~~~~~~~~~~~~~~~~~~~~~~~~~~ 01-08
29121495;02122072T;01255833;14160000313;19101994;01051789;009;628;611 ~~~~~~~~~~~~~~~~~~~~~~~~~~~~~~~~~~ 01-09
01011496;03122072T;02255833;15160000313;20101994;02051789;010;629;495 ~~~~~~~~~~~~~~~~~~~~~~~~~~~~~~~~~~ 01-10
02011496;04122072T;03255833;16160000313;21101994;03051789;011;406;611 ~~~~~~~~~~~~~~~~~~~~~~~~~~~~~~~~~~ 01-11
03011496;05122072T;04255833;17160000313;22101994;04051789;012;496 ~~~~~~~~~~~~~~~~~~~~~~~~~~~~~~~~~~~~~~ 01-12
04011496;06122072T;05255833;18160000313;23101994;05051789;013;409;611 ~~~~~~~~~~~~~~~~~~~~~~~~~~~~~~~~~~ 01-13
05011496;07122072T;06255833;19160000313;24101994;06051789;014;626;513 ~~~~~~~~~~~~~~~~~~~~~~~~~~~~~~~~~~ 01-14
06011496;08122072T;07255833;00170000313;25101994;07051789;015;625;611 ~~~~~~~~~~~~~~~~~~~~~~~~~~~~~~~~~~ 01-15
07011496;09122072T;08255833;01170000313;26101994;08051789;016;492;397;406 ~~~~~~~~~~~~~~~~~~~~~~~~~~~~~~ 01-16
08011496;10122072T;09255833;02170000313;27101994;09051789;017;611 ~~~~~~~~~~~~~~~~~~~~~~~~~~~~~~~~~~~~~~ 01-17
09011496;11122072T;10255833;03170000313;28101994;10051789;018 ~~~~~~~~~~~~~~~~~~~~~~~~~~~~~~~~~~~~~~~~~~ 01-18
10011496;12122072T;11255833;04170000313;29101994;11051789;019;631;498;409;418;611 ~~~~~~~~~~~~~~~~~~~~~~ 01-19
11011496;13122072T;12255833;05170000313;30101994;12051789;020;596;905 ~~~~~~~~~~~~~~~~~~~~~~~~~~~~~~~~~~ 01-20
12011496;14122072T;13255833;06170000313;01111994;13051789;021;630;611 ~~~~~~~~~~~~~~~~~~~~~~~~~~~~~~~~~~ 01-21
13011496;15122072T;14255833;07170000313;02111994;14051789;022 ~~~~~~~~~~~~~~~~~~~~~~~~~~~~~~~~~~~~~~~~~~ 01-22
14011496;16122072T;15255833;08170000313;03111994;15051789;023;381;904;611 ~~~~~~~~~~~~~~~~~~~~~~~~~~~~~~ 01-23
15011496;17122072T;16255833;09170000313;04111994;16051789;024 ~~~~~~~~~~~~~~~~~~~~~~~~~~~~~~~~~~~~~~~~~~ 01-24
16011496;18122072T;17255833;10170000313;05111994;17051789;025;632;514;409;611 ~~~~~~~~~~~~~~~~~~~~~~~~~~ 01-25
17011496;19122072T;18255833;11170000313;06111994;18051789;026;916;406;496 ~~~~~~~~~~~~~~~~~~~~~~~~~~~~~~ 01-26
18011496;20122072T;19255833;12170000313;07111994;19051789;027;633;611 ~~~~~~~~~~~~~~~~~~~~~~~~~~~~~~~~~~ 01-27
19011496;21122072T;20255833;13170000313;08111994;20051789;028;634 ~~~~~~~~~~~~~~~~~~~~~~~~~~~~~~~~~~~~~~ 01-28
20011496;22122072T;21255833;14170000313;09111994;21051789;029;635;611 ~~~~~~~~~~~~~~~~~~~~~~~~~~~~~~~~~~ 01-29
21011496;23122072T;22255833;15170000313;10111994;22051789;030;636;398;802;496 ~~~~~~~~~~~~~~~~~~~~~~~~~~ 01-30
22011496;24122072T;23255833;16170000313;11111994;23051789;031;406;409;580;611 ~~~~~~~~~~~~~~~~~~~~~~~~~~ 01-31
23011496;25122072T;24255833;16170000313;12111994;24051789;032 ~~~~~~~~~~~~~~~~~~~~~~~~~~~~~~~~~~~~~~~~~~ 02-01
24011496;26122072T;25255833;17170000313;13111994;25051789;033;638;865;923;612 ~~~~~~~~~~~~~~~~~~~~~~~~~~ 02-02
25011496;27122072T;26255833;18170000313;14111994;26051789;034;639;436;496 ~~~~~~~~~~~~~~~~~~~~~~~~~~~~~~ 02-03
26011496;28122072T;27255833;19170000313;15111994;27051789;035;637;640;612 ~~~~~~~~~~~~~~~~~~~~~~~~~~~~~~ 02-04
27011496;29122072T;28255833;00000100313;16111994;28051789;036;406 ~~~~~~~~~~~~~~~~~~~~~~~~~~~~~~~~~~~~~~ 02-05
28011496;30122072T;29255833;01000100313;17111994;29051789;037;380;433;888;409;418;612 ~~~~~~~~~~~~~~~~~~ 02-06
29011496;01012073U;30255833;02000100313;18111994;30051789;038;443;929;952;479;490 ~~~~~~~~~~~~~~~~~~~~~~ 02-07
30011496;02012073U;01265833;03000100313;19111994;01061789;039;444;497;566;479;490;612 ~~~~~~~~~~~~~~~~~~ 02-08
01021496;03012073U;02265833;04000100313;20111994;02061789;040;642;399;566 ~~~~~~~~~~~~~~~~~~~~~~~~~~~~~~ 02-09
02021496;04012073U;03265833;05000100313;21111994;03061789;041;513;566;406;612 ~~~~~~~~~~~~~~~~~~~~~~~~~~ 02-10
03021496;05012073U;04265833;06000100313;22111994;04061789;042;643;566 ~~~~~~~~~~~~~~~~~~~~~~~~~~~~~~~~~~ 02-11
04021496;06012073U;05265833;07000100313;23111994;05061789;043;940;400;409;581;612 ~~~~~~~~~~~~~~~~~~~~~~ 02-12
05021496;07012073U;06265833;08000100313;24111994;06061789;044;641 ~~~~~~~~~~~~~~~~~~~~~~~~~~~~~~~~~~~~~~ 02-13
06021496;08012073U;07265833;09000100313;25111994;07061789;045;397;868;914;612 ~~~~~~~~~~~~~~~~~~~~~~~~~~ 02-14
07021496;09012073U;08265833;10000100313;26111994;08061789;046;402;536;400;406;418 ~~~~~~~~~~~~~~~~~~~~~~ 02-15
08021496;10012073U;09265833;11000100313;27111994;09061789;047;644;612 ~~~~~~~~~~~~~~~~~~~~~~~~~~~~~~~~~~ 02-16
09021496;11012073U;10265833;12000100313;28111994;10061789;048;596;645;854 ~~~~~~~~~~~~~~~~~~~~~~~~~~~~~~ 02-17
10021496;12012073U;11265833;13000100313;29111994;11061789;049;873;854;400;409;612 ~~~~~~~~~~~~~~~~~~~~~~ 02-18
11021496;13012073U;12265833;14000100313;30111994;12061789;050;403 ~~~~~~~~~~~~~~~~~~~~~~~~~~~~~~~~~~~~~~ 02-19
12021496;14012073U;13265833;15000100313;01121994;13061789;051;450;406;612 ~~~~~~~~~~~~~~~~~~~~~~~~~~~~~~ 02-20
13021496;15012073U;14265833;16000100313;02121994;14061789;052;382;400 ~~~~~~~~~~~~~~~~~~~~~~~~~~~~~~~~~~ 02-21
14021496;16012073U;15265833;17000100313;03121994;15061789;053;541;884;949;612 ~~~~~~~~~~~~~~~~~~~~~~~~~~ 02-22
15021496;17012073U;16265833;18000100313;04121994;16061789;054;647;648;410;514;403 ~~~~~~~~~~~~~~~~~~~~~~ 02-23
16021496;18012073U;17265833;19000100313;05121994;17061789;055;649;820;612 ~~~~~~~~~~~~~~~~~~~~~~~~~~~~~~ 02-24
17021496;19012073U;18265833;00010100313;06121994;18061789;056;406 ~~~~~~~~~~~~~~~~~~~~~~~~~~~~~~~~~~~~~~ 02-25
18021496;20012073U;19265833;01010100313;07121994;19061789;057;612 ~~~~~~~~~~~~~~~~~~~~~~~~~~~~~~~~~~~~~~ 02-26
19021496;21012073U;20265833;02010100313;08121994;20061789;058;400;403 ~~~~~~~~~~~~~~~~~~~~~~~~~~~~~~~~~~ 02-27
20021496;22012073U;21265833;03010100313;09121994;21061789;059;646;650;398;844;612 ~~~~~~~~~~~~~~~~~~~~~~ 02-28
21021496;23012073U;22265833;07010100313;10121994;22061789;061 ~~~~~~~~~~~~~~~~~~~~~~~~~~~~~~~~~~~~~~~~~~ 03-01
22021496;24012073U;23265833;08010100313;11121994;23061789;062;653;406;613 ~~~~~~~~~~~~~~~~~~~~~~~~~~~~~~ 03-02
23021496;25012073U;24265833;09010100313;12121994;24061789;063;654;401;403;613 ~~~~~~~~~~~~~~~~~~~~~~~~~~ 03-03
24021496;26012073U;25265833;10010100313;13121994;25061789;064;637;411;943;613 ~~~~~~~~~~~~~~~~~~~~~~~~~~ 03-04
25021496;27012073U;26265833;11010100313;14121994;26061789;065;655 ~~~~~~~~~~~~~~~~~~~~~~~~~~~~~~~~~~~~~~ 03-05
26021496;28012073U;27265833;12010100313;15121994;27061789;066;886;613 ~~~~~~~~~~~~~~~~~~~~~~~~~~~~~~~~~~ 03-06
27021496;29012073U;28265833;13010100313;16121994;28061789;067;613 ~~~~~~~~~~~~~~~~~~~~~~~~~~~~~~~~~~~~~~ 03-07
28021496;30012073U;29265833;14010100313;17121994;29061789;068;380;613 ~~~~~~~~~~~~~~~~~~~~~~~~~~~~~~~~~~ 03-08
29021496;01022073U;30265833;15010100313;18121994;30061789;069;656;613 ~~~~~~~~~~~~~~~~~~~~~~~~~~~~~~~~~~ 03-09
01031496;02022073U;01275833;16010100313;19121994;01071789;070;596;513;613 ~~~~~~~~~~~~~~~~~~~~~~~~~~~~~~ 03-10
02031496;03022073U;02275833;17010100313;20121994;02071789;071;403 ~~~~~~~~~~~~~~~~~~~~~~~~~~~~~~~~~~~~~~ 03-11
03031496;04022073U;03275833;18010100313;21121994;03071789;072;613 ~~~~~~~~~~~~~~~~~~~~~~~~~~~~~~~~~~~~~~ 03-12
04031496;05022073U;04275833;19010100313;22121994;04071789;073;613 ~~~~~~~~~~~~~~~~~~~~~~~~~~~~~~~~~~~~~~ 03-13
05031496;06022073U;05275833;00020100313;23121994;05071789;074;613 ~~~~~~~~~~~~~~~~~~~~~~~~~~~~~~~~~~~~~~ 03-14
06031496;07022073U;06275833;01020100313;24121994;06071789;075;403;613 ~~~~~~~~~~~~~~~~~~~~~~~~~~~~~~~~~~ 03-15
07031496;08022073U;07275833;02020100313;25121994;07071789;076;658;397;613 ~~~~~~~~~~~~~~~~~~~~~~~~~~~~~~ 03-16
08031496;09022073U;08275833;03020100313;26121994;08071789;077;596;437;832;406 ~~~~~~~~~~~~~~~~~~~~~~~~~~ 03-17
09031496;10022073U;09275833;04020100313;27121994;09071789;078;613 ~~~~~~~~~~~~~~~~~~~~~~~~~~~~~~~~~~~~~~ 03-18
10031496;11022073U;10275833;05020100313;28121994;10071789;079;493;802;466;403;613 ~~~~~~~~~~~~~~~~~~~~~~ 03-19
11031496;12022073U;11275833;06020100313;29121994;11071789;080;517;424;843;613 ~~~~~~~~~~~~~~~~~~~~~~~~~~ 03-20
12031496;13022073U;12275833;07020100313;30121994;12071789;081;657;459;511;613 ~~~~~~~~~~~~~~~~~~~~~~~~~~ 03-21
13031496;14022073U;13275833;08020100313;01011995;13071789;082;432;851;406;613 ~~~~~~~~~~~~~~~~~~~~~~~~~~ 03-22
14031496;15022073U;14275833;09020100313;02011995;14071789;083;383;514;544;623;906;519;403 ~~~~~~~~~~~~~~ 03-23
15031496;16022073U;15275833;10020100313;03011995;15071789;084;445;598;825;613 ~~~~~~~~~~~~~~~~~~~~~~~~~~ 03-24
16031496;17022073U;16275833;11020100313;04011995;16071789;085;446;419;562;613 ~~~~~~~~~~~~~~~~~~~~~~~~~~ 03-25
17031496;18022073U;17275833;12020100313;05011995;17071789;086;447;562;511;843;613 ~~~~~~~~~~~~~~~~~~~~~~ 03-26
18031496;19022073U;18275833;13020100313;06011995;18071789;087;448;562;406 ~~~~~~~~~~~~~~~~~~~~~~~~~~~~~~ 03-27
19031496;20022073U;19275833;14020100313;07011995;19071789;088;659;613 ~~~~~~~~~~~~~~~~~~~~~~~~~~~~~~~~~~ 03-28
20031496;21022073U;20275833;15020100313;08011995;20071789;089;660;652;404;613 ~~~~~~~~~~~~~~~~~~~~~~~~~~ 03-29
21031496;22022073U;21275833;16020100313;09011995;21071789;090;398;533;924;852;613 ~~~~~~~~~~~~~~~~~~~~~~ 03-30
22031496;23022073U;22275833;17020100313;10011995;22071789;091 ~~~~~~~~~~~~~~~~~~~~~~~~~~~~~~~~~~~~~~~~~~ 03-31
23031496;24022073U;23275833;18020100313;11011995;23071789;092;637;661;406;614 ~~~~~~~~~~~~~~~~~~~~~~~~~~ 04-01
24031496;25022073U;24275833;19020100313;12011995;24071789;093;662 ~~~~~~~~~~~~~~~~~~~~~~~~~~~~~~~~~~~~~~ 04-02
25031496;26022073U;25275833;00030100313;13011995;25071789;094;651;859;900;614 ~~~~~~~~~~~~~~~~~~~~~~~~~~ 04-03
26031496;27022073U;26275833;01030100313;14011995;26071789;095;820;651;571 ~~~~~~~~~~~~~~~~~~~~~~~~~~~~~~ 04-04
27031496;28022073U;27275833;02030100313;15011995;27071789;096;663;651;614 ~~~~~~~~~~~~~~~~~~~~~~~~~~~~~~ 04-05
28031496;29022073U;28275833;03030100313;16011995;28071789;097;513;406;651;614 ~~~~~~~~~~~~~~~~~~~~~~~~~~ 04-06
29031496;01032073U;29275833;04030100313;17011995;29071789;098;380;651;614 ~~~~~~~~~~~~~~~~~~~~~~~~~~~~~~ 04-07
30031496;02032073U;01285833;05030100313;18011995;30071789;099;538;559;651;935;614 ~~~~~~~~~~~~~~~~~~~~~~ 04-08
01041496;03032073U;02285833;06030100313;19011995;01081789;100;414;865;614 ~~~~~~~~~~~~~~~~~~~~~~~~~~~~~~ 04-09
02041496;04032073U;03285833;07030100313;20011995;02081789;101;555;577;614 ~~~~~~~~~~~~~~~~~~~~~~~~~~~~~~ 04-10
03041496;05032073U;04285833;08030100313;21011995;03081789;102;614 ~~~~~~~~~~~~~~~~~~~~~~~~~~~~~~~~~~~~~~ 04-11
04041496;06032073U;05285833;09030100313;22011995;04081789;103;614 ~~~~~~~~~~~~~~~~~~~~~~~~~~~~~~~~~~~~~~ 04-12
05041496;07032073U;06285833;10030100313;23011995;05081789;104;945;614 ~~~~~~~~~~~~~~~~~~~~~~~~~~~~~~~~~~ 04-13
06041496;08032073U;07285833;11030100313;24011995;06081789;105;614 ~~~~~~~~~~~~~~~~~~~~~~~~~~~~~~~~~~~~~~ 04-14
07041496;09032073U;08285833;12030100313;25011995;07081789;106;666;397;614 ~~~~~~~~~~~~~~~~~~~~~~~~~~~~~~ 04-15
08041496;10032073U;09285833;13030100313;26011995;08081789;107;576;933 ~~~~~~~~~~~~~~~~~~~~~~~~~~~~~~~~~~ 04-16
09041496;11032073U;10285833;14030100313;27011995;09081789;108;794;614 ~~~~~~~~~~~~~~~~~~~~~~~~~~~~~~~~~~ 04-17
10041496;12032073U;11285833;15030100313;28011995;10081789;109;877 ~~~~~~~~~~~~~~~~~~~~~~~~~~~~~~~~~~~~~~ 04-18
11041496;13032073U;12285833;16030100313;29011995;11081789;110;614 ~~~~~~~~~~~~~~~~~~~~~~~~~~~~~~~~~~~~~~ 04-19
12041496;14032073U;13285833;17030100313;30011995;12081789;111;631;664 ~~~~~~~~~~~~~~~~~~~~~~~~~~~~~~~~~~ 04-20
13041496;15032073U;14285833;18030100313;01021995;13081789;112;665;384;514;406;614 ~~~~~~~~~~~~~~~~~~~~~~ 04-21
14041496;16032073U;15285833;19030100313;02021995;14081789;113;539;575;515;614 ~~~~~~~~~~~~~~~~~~~~~~~~~~ 04-22
15041496;17032073U;16285833;00040100313;03021995;15081789;114;614 ~~~~~~~~~~~~~~~~~~~~~~~~~~~~~~~~~~~~~~ 04-23
16041496;18032073U;17285833;01040100313;04021995;16081789;115;614 ~~~~~~~~~~~~~~~~~~~~~~~~~~~~~~~~~~~~~~ 04-24
17041496;19032073U;18285833;02040100313;05021995;17081789;116;614 ~~~~~~~~~~~~~~~~~~~~~~~~~~~~~~~~~~~~~~ 04-25
18041496;20032073U;19285833;03040100313;06021995;18081789;117;670;406;614 ~~~~~~~~~~~~~~~~~~~~~~~~~~~~~~ 04-26
19041496;21032073U;20285833;04040100313;07021995;19081789;118;667;614 ~~~~~~~~~~~~~~~~~~~~~~~~~~~~~~~~~~ 04-27
20041496;22032073U;21285833;05040100313;08021995;20081789;119;671;398;614 ~~~~~~~~~~~~~~~~~~~~~~~~~~~~~~ 04-28
21041496;23032073U;22285833;06040100313;09021995;21081789;120;668;614 ~~~~~~~~~~~~~~~~~~~~~~~~~~~~~~~~~~ 04-29
22041496;24032073U;23285833;07040100313;10021995;22081789;121;669;624 ~~~~~~~~~~~~~~~~~~~~~~~~~~~~~~~~~~ 04-30
23041496;25032073U;24285833;08040100313;11021995;23081789;122;674;624;406;615 ~~~~~~~~~~~~~~~~~~~~~~~~~~ 05-01
24041496;26032073U;25285833;09040100313;12021995;24081789;123;675;939;624 ~~~~~~~~~~~~~~~~~~~~~~~~~~~~~~ 05-02
25041496;27032073U;26285833;10040100313;13021995;25081789;124;676;513;526;624;415;615 ~~~~~~~~~~~~~~~~~~ 05-03
26041496;28032073U;27285833;11040100313;14021995;26081789;125;494;677;624 ~~~~~~~~~~~~~~~~~~~~~~~~~~~~~~ 05-04
27041496;29032073U;28285833;12040100313;15021995;27081789;126;679;433;624;615 ~~~~~~~~~~~~~~~~~~~~~~~~~~ 05-05
28041496;30032073U;29285833;13040100313;16021995;28081789;127;637;672;380;624;406;412 ~~~~~~~~~~~~~~~~~~ 05-06
29041496;01042073U;30285833;14040100313;17021995;29081789;128;673;615 ~~~~~~~~~~~~~~~~~~~~~~~~~~~~~~~~~~ 05-07
01051496;02042073U;01295833;15040100313;18021995;30081789;129;682 ~~~~~~~~~~~~~~~~~~~~~~~~~~~~~~~~~~~~~~ 05-08
02051496;03042073U;02295833;16040100313;19021995;01091789;130;902;615 ~~~~~~~~~~~~~~~~~~~~~~~~~~~~~~~~~~ 05-09
03051496;04042073U;03295833;17040100313;20021995;02091789;131;683;510 ~~~~~~~~~~~~~~~~~~~~~~~~~~~~~~~~~~ 05-10
04051496;05042073U;04295833;18040100313;21021995;03091789;132;528;406;415;615 ~~~~~~~~~~~~~~~~~~~~~~~~~~ 05-11
05051496;06042073U;05295833;19040100313;22021995;04091789;133;678;861;529 ~~~~~~~~~~~~~~~~~~~~~~~~~~~~~~ 05-12
06051496;07042073U;06295833;00050100313;23021995;05091789;134;681;680;568;412;615 ~~~~~~~~~~~~~~~~~~~~~~ 05-13
07051496;08042073U;07295833;01050100313;24021995;06091789;135;449;451;397;553;568 ~~~~~~~~~~~~~~~~~~~~~~ 05-14
08051496;09042073U;08295833;02050100313;25021995;07091789;136;615 ~~~~~~~~~~~~~~~~~~~~~~~~~~~~~~~~~~~~~~ 05-15
09051496;10042073U;09295833;03050100313;26021995;08091789;137;927;406 ~~~~~~~~~~~~~~~~~~~~~~~~~~~~~~~~~~ 05-16
10051496;11042073U;10295833;04050100313;27021995;09091789;138;685;867;889;615 ~~~~~~~~~~~~~~~~~~~~~~~~~~ 05-17
11051496;12042073U;11295833;05050100313;28021995;10091789;139;797;554 ~~~~~~~~~~~~~~~~~~~~~~~~~~~~~~~~~~ 05-18
12051496;13042073U;12295833;06050100313;29021995;11091789;140;686;514;573;615 ~~~~~~~~~~~~~~~~~~~~~~~~~~ 05-19
13051496;14042073U;13295833;07050100313;30021995;12091789;141;687;894;573;412 ~~~~~~~~~~~~~~~~~~~~~~~~~~ 05-20
14051496;15042073U;14295833;08050100313;31021995;13091789;142;684;385;537;937;573;406;615 ~~~~~~~~~~~~~~ 05-21
15051496;16042073U;15295833;09050100313;01031995;14091789;143;789;892 ~~~~~~~~~~~~~~~~~~~~~~~~~~~~~~~~~~ 05-22
16051496;17042073U;16295833;10050100313;02031995;15091789;144;798;615 ~~~~~~~~~~~~~~~~~~~~~~~~~~~~~~~~~~ 05-23
17051496;18042073U;17295833;11050100313;03031995;16091789;145 ~~~~~~~~~~~~~~~~~~~~~~~~~~~~~~~~~~~~~~~~~~ 05-24
18051496;19042073U;18295833;12050100313;04031995;17091789;146;518;615 ~~~~~~~~~~~~~~~~~~~~~~~~~~~~~~~~~~ 05-25
19051496;20042073U;19295833;13050100313;05031995;18091789;147;689;406 ~~~~~~~~~~~~~~~~~~~~~~~~~~~~~~~~~~ 05-26
20051496;21042073U;20295833;14050100313;06031995;19091789;148;439;415;615 ~~~~~~~~~~~~~~~~~~~~~~~~~~~~~~ 05-27
21051496;22042073U;21295833;15050100313;07031995;20091789;149;439;398;436 ~~~~~~~~~~~~~~~~~~~~~~~~~~~~~~ 05-28
22051496;23042073U;22295833;16050100313;08031995;21091789;150;438;615 ~~~~~~~~~~~~~~~~~~~~~~~~~~~~~~~~~~ 05-29
23051496;24042073U;23295833;17050100313;09031995;22091789;151 ~~~~~~~~~~~~~~~~~~~~~~~~~~~~~~~~~~~~~~~~~~ 05-30
24051496;25042073U;24295833;18050100313;10031995;23091789;152;688;513;406;615 ~~~~~~~~~~~~~~~~~~~~~~~~~~ 05-31
25051496;26042073U;25295833;19050100313;11031995;24091789;153;530;811 ~~~~~~~~~~~~~~~~~~~~~~~~~~~~~~~~~~ 06-01
26051496;27042073U;26295833;00060100313;12031995;25091789;154;692;694;616 ~~~~~~~~~~~~~~~~~~~~~~~~~~~~~~ 06-02
27051496;28042073U;27295833;01060100313;13031995;26091789;155;637;693;616 ~~~~~~~~~~~~~~~~~~~~~~~~~~~~~~ 06-03
28051496;29042073U;28295833;02060100313;14031995;27091789;156;690;415;616 ~~~~~~~~~~~~~~~~~~~~~~~~~~~~~~ 06-04
29051496;30042073U;29295833;03060100313;15031995;28091789;157;380;921;942;616;605 ~~~~~~~~~~~~~~~~~~~~~~ 06-05
30051496;01052073U;01305833;04060100313;16031995;29091789;158;864;616 ~~~~~~~~~~~~~~~~~~~~~~~~~~~~~~~~~~ 06-06
01061496;02052073U;02305833;05060100313;17031995;30091789;159;691;616 ~~~~~~~~~~~~~~~~~~~~~~~~~~~~~~~~~~ 06-07
02061496;03052073U;03305833;06060100313;18031995;01101789;160;616 ~~~~~~~~~~~~~~~~~~~~~~~~~~~~~~~~~~~~~~ 06-08
03061496;04052073U;04305833;07060100313;19031995;02101789;161 ~~~~~~~~~~~~~~~~~~~~~~~~~~~~~~~~~~~~~~~~~~ 06-09
04061496;05052073U;05305833;08060100313;20031995;03101789;162;697;799;564;406;412;616 ~~~~~~~~~~~~~~~~~~ 06-10
05061496;06052073U;06305833;09060100313;21031995;04101789;163;695;399;830;522;569;616 ~~~~~~~~~~~~~~~~~~ 06-11
06061496;07052073U;07305833;10060100313;22031995;05101789;164;397;569;415;616 ~~~~~~~~~~~~~~~~~~~~~~~~~~ 06-12
07061496;08052073U;08305833;11060100313;23031995;06101789;165;696;616 ~~~~~~~~~~~~~~~~~~~~~~~~~~~~~~~~~~ 06-13
08061496;09052073U;09305833;12060100313;24031995;07101789;166;616 ~~~~~~~~~~~~~~~~~~~~~~~~~~~~~~~~~~~~~~ 06-14
09061496;10052073U;10305833;13060100313;25031995;08101789;167;698;514;552;406;616 ~~~~~~~~~~~~~~~~~~~~~~ 06-15
10061496;11052073U;11305833;14060100313;26031995;09101789;168;701;699;896;616 ~~~~~~~~~~~~~~~~~~~~~~~~~~ 06-16
11061496;12052073U;12305833;15060100313;27031995;10101789;169;807;412;616 ~~~~~~~~~~~~~~~~~~~~~~~~~~~~~~ 06-17
12061496;13052073U;13305833;16060100313;28031995;11101789;170;452;452;432;616 ~~~~~~~~~~~~~~~~~~~~~~~~~~ 06-18
13061496;14052073U;14305833;17060100313;29031995;12101789;171;386;874;941 ~~~~~~~~~~~~~~~~~~~~~~~~~~~~~~ 06-19
14061496;15052073U;15305833;18060100313;30031995;13101789;172;460;400;406;616 ~~~~~~~~~~~~~~~~~~~~~~~~~~ 06-20
15061496;16052073U;16305833;19060100313;31031995;14101789;173;425;616 ~~~~~~~~~~~~~~~~~~~~~~~~~~~~~~~~~~ 06-21
16061496;17052073U;17305833;00070100313;01041995;15101789;174;461;616 ~~~~~~~~~~~~~~~~~~~~~~~~~~~~~~~~~~ 06-22
17061496;18052073U;18305833;01070100313;02041995;16101789;175;700;400 ~~~~~~~~~~~~~~~~~~~~~~~~~~~~~~~~~~ 06-23
18061496;19052073U;19305833;02070100313;03041995;17101789;176;702;412;616 ~~~~~~~~~~~~~~~~~~~~~~~~~~~~~~ 06-24
19061496;20052073U;20305833;03070100313;04041995;18101789;177;838;406;616 ~~~~~~~~~~~~~~~~~~~~~~~~~~~~~~ 06-25
20061496;21052073U;21305833;04070100313;05041995;19101789;178;400;616 ~~~~~~~~~~~~~~~~~~~~~~~~~~~~~~~~~~ 06-26
21061496;22052073U;22305833;05070100313;06041995;20101789;179;398 ~~~~~~~~~~~~~~~~~~~~~~~~~~~~~~~~~~~~~~ 06-27
22061496;23052073U;23305833;06070100313;07041995;21101789;180;704;513;616 ~~~~~~~~~~~~~~~~~~~~~~~~~~~~~~ 06-28
23061496;24052073U;24305833;07070100313;08041995;22101789;181;400 ~~~~~~~~~~~~~~~~~~~~~~~~~~~~~~~~~~~~~~ 06-29
24061496;25052073U;25305833;08070100313;09041995;23101789;182;703;616 ~~~~~~~~~~~~~~~~~~~~~~~~~~~~~~~~~~ 06-30
25061496;26052073U;26305833;09070100313;10041995;24101789;183;637;705;840;946 ~~~~~~~~~~~~~~~~~~~~~~~~~~ 07-01
26061496;27052073U;27305833;10070100313;11041995;25101789;184;795;832;617 ~~~~~~~~~~~~~~~~~~~~~~~~~~~~~~ 07-02
27061496;28052073U;28305833;11070100313;12041995;26101789;185 ~~~~~~~~~~~~~~~~~~~~~~~~~~~~~~~~~~~~~~~~~~ 07-03
28061496;29052073U;29305833;12070100313;13041995;27101789;186;617 ~~~~~~~~~~~~~~~~~~~~~~~~~~~~~~~~~~~~~~ 07-04
29061496;01062073U;30305833;13070100313;14041995;28101789;187;380;373;401 ~~~~~~~~~~~~~~~~~~~~~~~~~~~~~~ 07-05
01071496;02062073U;01315833;14070100313;15041995;29101789;188;617 ~~~~~~~~~~~~~~~~~~~~~~~~~~~~~~~~~~~~~~ 07-06
02071496;03062073U;02315833;15070100313;16041995;30101789;189;420;870;565;617 ~~~~~~~~~~~~~~~~~~~~~~~~~~ 07-07
03071496;04062073U;03315833;16070100313;17041995;01111789;190;706;565;412;617 ~~~~~~~~~~~~~~~~~~~~~~~~~~ 07-08
04071496;05062073U;04315833;17070100313;18041995;02111789;191 ~~~~~~~~~~~~~~~~~~~~~~~~~~~~~~~~~~~~~~~~~~ 07-09
05071496;06062073U;05315833;18070100313;19041995;03111789;192;707;406;617 ~~~~~~~~~~~~~~~~~~~~~~~~~~~~~~ 07-10
06071496;07062073U;06315833;19070100313;20041995;04111789;193;397;514 ~~~~~~~~~~~~~~~~~~~~~~~~~~~~~~~~~~ 07-11
07071496;08062073U;07315833;00080100313;21041995;05111789;194;617 ~~~~~~~~~~~~~~~~~~~~~~~~~~~~~~~~~~~~~~ 07-12
08071496;09062073U;08315833;01080100313;22041995;06111789;195;617 ~~~~~~~~~~~~~~~~~~~~~~~~~~~~~~~~~~~~~~ 07-13
09071496;10062073U;09315833;02080100313;23041995;07111789;196;617 ~~~~~~~~~~~~~~~~~~~~~~~~~~~~~~~~~~~~~~ 07-14
10071496;11062073U;10315833;03080100313;24041995;08111789;197;708;379;546;406;617 ~~~~~~~~~~~~~~~~~~~~~~ 07-15
11071496;12062073U;11315833;04080100313;25041995;09111789;198;709;437;617 ~~~~~~~~~~~~~~~~~~~~~~~~~~~~~~ 07-16
12071496;13062073U;12315833;05080100313;26041995;10111789;199;710 ~~~~~~~~~~~~~~~~~~~~~~~~~~~~~~~~~~~~~~ 07-17
13071496;14062073U;13315833;06080100313;27041995;11111789;200;387;617 ~~~~~~~~~~~~~~~~~~~~~~~~~~~~~~~~~~ 07-18
14071496;15062073U;14315833;07080100313;28041995;12111789;201;711;531;561;617 ~~~~~~~~~~~~~~~~~~~~~~~~~~ 07-19
15071496;16062073U;15315833;08080100313;29041995;13111789;202;631;406;617 ~~~~~~~~~~~~~~~~~~~~~~~~~~~~~~ 07-20
16071496;17062073U;16315833;09080100313;30041995;14111789;203;374 ~~~~~~~~~~~~~~~~~~~~~~~~~~~~~~~~~~~~~~ 07-21
17071496;18062073U;17315833;10080100313;31041995;15111789;204;713;413;617 ~~~~~~~~~~~~~~~~~~~~~~~~~~~~~~ 07-22
18071496;19062073U;18315833;11080100313;01051995;16111789;205;714;617 ~~~~~~~~~~~~~~~~~~~~~~~~~~~~~~~~~~ 07-23
19071496;20062073U;19315833;12080100313;02051995;17111789;206;617 ~~~~~~~~~~~~~~~~~~~~~~~~~~~~~~~~~~~~~~ 07-24
20071496;21062073U;20315833;13080100313;03051995;18111789;207;513;406;617 ~~~~~~~~~~~~~~~~~~~~~~~~~~~~~~ 07-25
21071496;22062073U;21315833;14080100313;04051995;19111789;208;398;821;617 ~~~~~~~~~~~~~~~~~~~~~~~~~~~~~~ 07-26
22071496;23062073U;22315833;15080100313;05051995;20111789;209;712;715;421 ~~~~~~~~~~~~~~~~~~~~~~~~~~~~~~ 07-27
23071496;24062073U;23315833;16080100313;06051995;21111789;210;716;617 ~~~~~~~~~~~~~~~~~~~~~~~~~~~~~~~~~~ 07-28
24071496;25062073U;24315833;17080100313;07051995;22111789;211 ~~~~~~~~~~~~~~~~~~~~~~~~~~~~~~~~~~~~~~~~~~ 07-29
25071496;26062073U;25315833;18080100313;08051995;23111789;212;878;617 ~~~~~~~~~~~~~~~~~~~~~~~~~~~~~~~~~~ 07-30
26071496;27062073U;26315833;19080100313;09051995;24111789;213;819 ~~~~~~~~~~~~~~~~~~~~~~~~~~~~~~~~~~~~~~ 07-31
27071496;28062073U;27315833;00090100313;10051995;25111789;214;718;433;509;618 ~~~~~~~~~~~~~~~~~~~~~~~~~~ 08-01
28071496;29062073U;28315833;01090100313;11051995;26111789;215 ~~~~~~~~~~~~~~~~~~~~~~~~~~~~~~~~~~~~~~~~~~ 08-02
29071496;30062073U;29315833;02090100313;12051995;27111789;216;380;930;953;618 ~~~~~~~~~~~~~~~~~~~~~~~~~~ 08-03
30071496;01072073U;01325833;03090100313;13051995;28111789;217;719;406 ~~~~~~~~~~~~~~~~~~~~~~~~~~~~~~~~~~ 08-04
01081496;02072073U;02325833;04090100313;14051995;29111789;218;637;720;618 ~~~~~~~~~~~~~~~~~~~~~~~~~~~~~~ 08-05
02081496;03072073U;03325833;05090100313;15051995;30111789;219;717;514;579 ~~~~~~~~~~~~~~~~~~~~~~~~~~~~~~ 08-06
03081496;04072073U;04325833;06090100313;16051995;01121789;220;415;618 ~~~~~~~~~~~~~~~~~~~~~~~~~~~~~~~~~~ 08-07
04081496;05072073U;05325833;07090100313;17051995;02121789;221;891 ~~~~~~~~~~~~~~~~~~~~~~~~~~~~~~~~~~~~~~ 08-08
05081496;06072073U;06325833;08090100313;18051995;03121789;222;722;406;618 ~~~~~~~~~~~~~~~~~~~~~~~~~~~~~~ 08-09
06081496;07072073U;07325833;09090100313;19051995;04121789;223;397;572 ~~~~~~~~~~~~~~~~~~~~~~~~~~~~~~~~~~ 08-10
07081496;08072073U;08325833;10090100313;20051995;05121789;224;938;618 ~~~~~~~~~~~~~~~~~~~~~~~~~~~~~~~~~~ 08-11
08081496;09072073U;09325833;11090100313;21051995;06121789;225;723 ~~~~~~~~~~~~~~~~~~~~~~~~~~~~~~~~~~~~~~ 08-12
09081496;10072073U;10325833;12090100313;22051995;07121789;226;721;833;926;618 ~~~~~~~~~~~~~~~~~~~~~~~~~~ 08-13
10081496;11072073U;11325833;13090100313;23051995;08121789;227 ~~~~~~~~~~~~~~~~~~~~~~~~~~~~~~~~~~~~~~~~~~ 08-14
11081496;12072073U;12325833;14090100313;24051995;09121789;228;618 ~~~~~~~~~~~~~~~~~~~~~~~~~~~~~~~~~~~~~~ 08-15
12081496;13072073U;13325833;15090100313;25051995;10121789;229 ~~~~~~~~~~~~~~~~~~~~~~~~~~~~~~~~~~~~~~~~~~ 08-16
13081496;14072073U;14325833;16090100313;26051995;11121789;230;388;541;556;909;910;925;949;567;618 ~~~~~~ 08-17
14081496;15072073U;15325833;17090100313;27051995;12121789;231;512;567 ~~~~~~~~~~~~~~~~~~~~~~~~~~~~~~~~~~ 08-18
15081496;16072073U;16325833;18090100313;28051995;13121789;232;724;406;618 ~~~~~~~~~~~~~~~~~~~~~~~~~~~~~~ 08-19
16081496;17072073U;17325833;19090100313;29051995;14121789;233;875 ~~~~~~~~~~~~~~~~~~~~~~~~~~~~~~~~~~~~~~ 08-20
17081496;18072073U;18325833;00100100313;30051995;15121789;234;618 ~~~~~~~~~~~~~~~~~~~~~~~~~~~~~~~~~~~~~~ 08-21
18081496;19072073U;19325833;01100100313;31051995;16121789;235;513 ~~~~~~~~~~~~~~~~~~~~~~~~~~~~~~~~~~~~~~ 08-22
19081496;20072073U;20325833;02100100313;01061995;17121789;236;831;375;415;618 ~~~~~~~~~~~~~~~~~~~~~~~~~~ 08-23
20081496;21072073U;21325833;03100100313;02061995;18121789;237;817;406 ~~~~~~~~~~~~~~~~~~~~~~~~~~~~~~~~~~ 08-24
21081496;22072073U;22325833;04100100313;03061995;19121789;238;427;398;618 ~~~~~~~~~~~~~~~~~~~~~~~~~~~~~~ 08-25
22081496;23072073U;23325833;05100100313;04061995;20121789;239;725;883;421 ~~~~~~~~~~~~~~~~~~~~~~~~~~~~~~ 08-26
23081496;24072073U;24325833;06100100313;05061995;21121789;240;428;725;618 ~~~~~~~~~~~~~~~~~~~~~~~~~~~~~~ 08-27
24081496;25072073U;25325833;07100100313;06061995;22121789;241;796 ~~~~~~~~~~~~~~~~~~~~~~~~~~~~~~~~~~~~~~ 08-28
25081496;26072073U;26325833;08100100313;07061995;23121789;242;594;503;406;618 ~~~~~~~~~~~~~~~~~~~~~~~~~~ 08-29
26081496;27072073U;27325833;09100100313;08061995;24121789;243;595 ~~~~~~~~~~~~~~~~~~~~~~~~~~~~~~~~~~~~~~ 08-30
27081496;28072073U;28325833;10100100313;09061995;25121789;244;415;618 ~~~~~~~~~~~~~~~~~~~~~~~~~~~~~~~~~~ 08-31
28081496;29072073U;29325833;11100100313;10061995;26121789;245;596;727;380 ~~~~~~~~~~~~~~~~~~~~~~~~~~~~~~ 09-01
29081496;01082073U;30325833;12100100313;11061995;27121789;246;429;637;728;619 ~~~~~~~~~~~~~~~~~~~~~~~~~~ 09-02
01091496;02082073U;01335833;13100100313;12061995;28121789;247;430;514;504;406 ~~~~~~~~~~~~~~~~~~~~~~~~~~ 09-03
02091496;03082073U;02335833;14100100313;13061995;29121789;248;434;597;619 ~~~~~~~~~~~~~~~~~~~~~~~~~~~~~~ 09-04
03091496;04082073U;03335833;15100100313;14061995;30121789;249;435;550;421;505;619 ~~~~~~~~~~~~~~~~~~~~~~ 09-05
04091496;05082073U;04335833;16100100313;15061995;01131789;250;915;619 ~~~~~~~~~~~~~~~~~~~~~~~~~~~~~~~~~~ 09-06
05091496;06082073U;05335833;17100100313;16061995;02131789;251;619 ~~~~~~~~~~~~~~~~~~~~~~~~~~~~~~~~~~~~~~ 09-07
06091496;07082073U;06335833;18100100313;17061995;03131789;252;397;908;406;619 ~~~~~~~~~~~~~~~~~~~~~~~~~~ 09-08
07091496;08082073U;07335833;19100100313;18061995;04131789;253;619 ~~~~~~~~~~~~~~~~~~~~~~~~~~~~~~~~~~~~~~ 09-09
08091496;09082073U;08335833;00110100313;19061995;05131789;254;455;845;416;619 ~~~~~~~~~~~~~~~~~~~~~~~~~~ 09-10
09091496;10082073U;09335833;01110100313;20061995;01011790;255;729;846;619 ~~~~~~~~~~~~~~~~~~~~~~~~~~~~~~ 09-11
10091496;11082073U;10335833;02110100313;21061995;02011790;256;847;903;619 ~~~~~~~~~~~~~~~~~~~~~~~~~~~~~~ 09-12
11091496;12082073U;11335833;03110100313;22061995;03011790;257;726;813;897;406 ~~~~~~~~~~~~~~~~~~~~~~~~~~ 09-13
12091496;13082073U;12335833;04110100313;23061995;04011790;258;730;432;619 ~~~~~~~~~~~~~~~~~~~~~~~~~~~~~~ 09-14
13091496;14082073U;13335833;05110100313;24061995;05011790;259;734;520;551;619 ~~~~~~~~~~~~~~~~~~~~~~~~~~ 09-15
14091496;15082073U;14335833;06110100313;25061995;06011790;260;735;389;390;534;570;619 ~~~~~~~~~~~~~~~~~~ 09-16
15091496;16082073U;15335833;07110100313;26061995;07011790;261;731;907;505;848 ~~~~~~~~~~~~~~~~~~~~~~~~~~ 09-17
16091496;17082073U;16335833;08110100313;27061995;08011790;262;406;619 ~~~~~~~~~~~~~~~~~~~~~~~~~~~~~~~~~~ 09-18
17091496;18082073U;17335833;09110100313;28061995;09011790;263;732;513;848 ~~~~~~~~~~~~~~~~~~~~~~~~~~~~~~ 09-19
18091496;19082073U;18335833;10110100313;29061995;10011790;264;619 ~~~~~~~~~~~~~~~~~~~~~~~~~~~~~~~~~~~~~~ 09-20
19091496;20082073U;19335833;11110100313;30061995;11011790;265;733;462;505;619;848 ~~~~~~~~~~~~~~~~~~~~~~ 09-21
20091496;21082073U;20335833;12110100313;31061995;12011790;266;738;423;619 ~~~~~~~~~~~~~~~~~~~~~~~~~~~~~~ 09-22
21091496;22082073U;21335833;13110100313;01071995;13011790;267;739;463;406 ~~~~~~~~~~~~~~~~~~~~~~~~~~~~~~ 09-23
22091496;23082073U;22335833;14110100313;02071995;14011790;268;740;398;436;619 ~~~~~~~~~~~~~~~~~~~~~~~~~~ 09-24
23091496;24082073U;23335833;15110100313;03071995;15011790;269;736;421;505 ~~~~~~~~~~~~~~~~~~~~~~~~~~~~~~ 09-25
24091496;25082073U;24335833;16110100313;04071995;16011790;270;737;619 ~~~~~~~~~~~~~~~~~~~~~~~~~~~~~~~~~~ 09-26
25091496;26082073U;25335833;17110100313;05071995;17011790;271;742;790;868;869 ~~~~~~~~~~~~~~~~~~~~~~~~~~ 09-27
26091496;27082073U;26335833;18110100313;06071995;18011790;272;741;790;619 ~~~~~~~~~~~~~~~~~~~~~~~~~~~~~~ 09-28
27091496;28082073U;27335833;19110100313;07071995;19011790;273;790;507;508;619 ~~~~~~~~~~~~~~~~~~~~~~~~~~ 09-29
28091496;29082073U;28335833;00120100313;08071995;20011790;274;743;790;467;853;619 ~~~~~~~~~~~~~~~~~~~~~~ 09-30
29091496;01092073U;29335833;01120100313;09071995;21011790;275;790;380;514;920;521;853;848 ~~~~~~~~~~~~~~ 10-01
30091496;02092073U;01015834;02120100313;10071995;22011790;276;744;790;895;506;521;853;620 ~~~~~~~~~~~~~~ 10-02
01101496;03092073U;02015834;03120100313;11071995;23011790;277;745;790;502;521;848 ~~~~~~~~~~~~~~~~~~~~~~ 10-03
02101496;04092073U;03015834;04120100313;12071995;24011790;278;746;620 ~~~~~~~~~~~~~~~~~~~~~~~~~~~~~~~~~~ 10-04
03101496;05092073U;04015834;05120100313;13071995;25011790;279;747;421;620 ~~~~~~~~~~~~~~~~~~~~~~~~~~~~~~ 10-05
04101496;06092073U;05015834;06120100313;14071995;26011790;280;748;620 ~~~~~~~~~~~~~~~~~~~~~~~~~~~~~~~~~~ 10-06
05101496;07092073U;06015834;07120100313;15071995;27011790;281;637;397;399;918;848 ~~~~~~~~~~~~~~~~~~~~~~ 10-07
06101496;08092073U;07015834;08120100313;16071995;28011790;282;750;749;548;919;406;620 ~~~~~~~~~~~~~~~~~~ 10-08
07101496;09092073U;08015834;09120100313;17071995;29011790;283;751;885;563;620 ~~~~~~~~~~~~~~~~~~~~~~~~~~ 10-09
08101496;10092073U;09015834;10120100313;18071995;30011790;284;791;367;549;560;620 ~~~~~~~~~~~~~~~~~~~~~~ 10-10
09101496;11092073U;10015834;11120100313;19071995;01021790;285;752;368;899;527;620 ~~~~~~~~~~~~~~~~~~~~~~ 10-11
10101496;12092073U;11015834;12120100313;20071995;02021790;286;753;620 ~~~~~~~~~~~~~~~~~~~~~~~~~~~~~~~~~~ 10-12
11101496;13092073U;12015834;13120100313;21071995;03021790;287;406;848 ~~~~~~~~~~~~~~~~~~~~~~~~~~~~~~~~~~ 10-13
12101496;14092073U;13015834;14120100313;22071995;04021790;288;754;620 ~~~~~~~~~~~~~~~~~~~~~~~~~~~~~~~~~~ 10-14
13101496;15092073U;14015834;15120100313;23071995;05021790;289;393;532;882;922 ~~~~~~~~~~~~~~~~~~~~~~~~~~ 10-15
14101496;16092073U;15015834;16120100313;24071995;06021790;290;755;513;523;620 ~~~~~~~~~~~~~~~~~~~~~~~~~~ 10-16
15101496;17092073U;16015834;17120100313;25071995;07021790;291;756;523;375 ~~~~~~~~~~~~~~~~~~~~~~~~~~~~~~ 10-17
16101496;18092073U;17015834;18120100313;26071995;08021790;292;757;829;523;406;620 ~~~~~~~~~~~~~~~~~~~~~~ 10-18
17101496;19092073U;18015834;19120100313;27071995;09021790;293;631;881;523;400 ~~~~~~~~~~~~~~~~~~~~~~~~~~ 10-19
18101496;20092073U;19015834;00130100313;28071995;10021790;294;523;784;620 ~~~~~~~~~~~~~~~~~~~~~~~~~~~~~~ 10-20
19101496;21092073U;20015834;01130100313;29071995;11021790;295;758;369;812;523;785 ~~~~~~~~~~~~~~~~~~~~~~ 10-21
20101496;22092073U;21015834;02130100313;30071995;12021790;296;417;523;786;400;620 ~~~~~~~~~~~~~~~~~~~~~~ 10-22
21101496;23092073U;22015834;03130100313;01081995;13021790;297;398;499;524;787;406;620 ~~~~~~~~~~~~~~~~~~ 10-23
22101496;24092073U;23015834;04130100313;02081995;14021790;298;371;525;620 ~~~~~~~~~~~~~~~~~~~~~~~~~~~~~~ 10-24
23101496;25092073U;24015834;05130100313;03081995;15021790;299;400;421 ~~~~~~~~~~~~~~~~~~~~~~~~~~~~~~~~~~ 10-25
24101496;26092073U;25015834;06130100313;04081995;16021790;300;620 ~~~~~~~~~~~~~~~~~~~~~~~~~~~~~~~~~~~~~~ 10-26
25101496;27092073U;26015834;07130100313;05081995;17021790;301;849;558;825;911 ~~~~~~~~~~~~~~~~~~~~~~~~~~ 10-27
26101496;28092073U;27015834;08130100313;06081995;18021790;302;759;401;433;779;784;406;620 ~~~~~~~~~~~~~~ 10-28
27101496;29092073U;28015834;09130100313;07081995;19021790;303;780;785 ~~~~~~~~~~~~~~~~~~~~~~~~~~~~~~~~~~ 10-29
28101496;30092073U;29015834;10130100313;08081995;20021790;304;380;431;514;781;786;893;620 ~~~~~~~~~~~~~~ 10-30
29101496;01102073U;30015834;11130100313;09081995;21021790;305;782;787 ~~~~~~~~~~~~~~~~~~~~~~~~~~~~~~~~~~ 10-31
01111496;02102073U;01025834;12130100313;10081995;22021790;306;761;535;783;788;621 ~~~~~~~~~~~~~~~~~~~~~~ 11-01
02111496;03102073U;02025834;13130100313;11081995;23021790;307;762 ~~~~~~~~~~~~~~~~~~~~~~~~~~~~~~~~~~~~~~ 11-02
03111496;04102073U;03025834;14130100313;12081995;24021790;308;621 ~~~~~~~~~~~~~~~~~~~~~~~~~~~~~~~~~~~~~~ 11-03
04111496;05102073U;04025834;15130100313;13081995;25021790;309;637;763;437 ~~~~~~~~~~~~~~~~~~~~~~~~~~~~~~ 11-04
05111496;06102073U;05025834;16130100313;14081995;26021790;310;543;621 ~~~~~~~~~~~~~~~~~~~~~~~~~~~~~~~~~~ 11-05
06111496;07102073U;06025834;17130100313;15081995;27021790;311;760;397 ~~~~~~~~~~~~~~~~~~~~~~~~~~~~~~~~~~ 11-06
07111496;08102073U;07025834;18130100313;16081995;28021790;312;621 ~~~~~~~~~~~~~~~~~~~~~~~~~~~~~~~~~~~~~~ 11-07
08111496;09102073U;08025834;19130100313;17081995;29021790;313;375 ~~~~~~~~~~~~~~~~~~~~~~~~~~~~~~~~~~~~~~ 11-08
09111496;10102073U;09025834;00140100313;18081995;30021790;314;764;879;418;621 ~~~~~~~~~~~~~~~~~~~~~~~~~~ 11-09
10111496;11102073U;10025834;01140100313;19081995;01031790;315;547 ~~~~~~~~~~~~~~~~~~~~~~~~~~~~~~~~~~~~~~ 11-10
11111496;12102073U;11025834;02140100313;20081995;02031790;316;934;621 ~~~~~~~~~~~~~~~~~~~~~~~~~~~~~~~~~~ 11-11
12111496;13102073U;12025834;03140100313;21081995;03031790;317;513 ~~~~~~~~~~~~~~~~~~~~~~~~~~~~~~~~~~~~~~ 11-12
13111496;14102073U;13025834;04140100313;22081995;04031790;318;621 ~~~~~~~~~~~~~~~~~~~~~~~~~~~~~~~~~~~~~~ 11-13
14111496;15102073U;14025834;05140100313;23081995;05031790;319;392;880 ~~~~~~~~~~~~~~~~~~~~~~~~~~~~~~~~~~ 11-14
15111496;16102073U;15025834;06140100313;24081995;06031790;320;621 ~~~~~~~~~~~~~~~~~~~~~~~~~~~~~~~~~~~~~~ 11-15
16111496;17102073U;16025834;07140100313;25081995;07031790;321;766 ~~~~~~~~~~~~~~~~~~~~~~~~~~~~~~~~~~~~~~ 11-16
17111496;18102073U;17025834;08140100313;26081995;08031790;322;406;621 ~~~~~~~~~~~~~~~~~~~~~~~~~~~~~~~~~~ 11-17
18111496;19102073U;18025834;09140100313;27081995;09031790;323;767 ~~~~~~~~~~~~~~~~~~~~~~~~~~~~~~~~~~~~~~ 11-18
19111496;20102073U;19025834;10140100313;28081995;10031790;324;765;621 ~~~~~~~~~~~~~~~~~~~~~~~~~~~~~~~~~~ 11-19
20111496;21102073U;20025834;11140100313;29081995;11031790;325 ~~~~~~~~~~~~~~~~~~~~~~~~~~~~~~~~~~~~~~~~~~ 11-20
21111496;22102073U;21025834;12140100313;30081995;12031790;326;621 ~~~~~~~~~~~~~~~~~~~~~~~~~~~~~~~~~~~~~~ 11-21
22111496;23102073U;22025834;13140100313;01091995;13031790;327;769;398;876;788;406 ~~~~~~~~~~~~~~~~~~~~~~ 11-22
23111496;24102073U;23025834;14140100313;02091995;14031790;328;440;621 ~~~~~~~~~~~~~~~~~~~~~~~~~~~~~~~~~~ 11-23
24111496;25102073U;24025834;15140100313;03091995;15031790;329;441;421 ~~~~~~~~~~~~~~~~~~~~~~~~~~~~~~~~~~ 11-24
25111496;26102073U;25025834;16140100313;04091995;16031790;330;770;768;936;621 ~~~~~~~~~~~~~~~~~~~~~~~~~~ 11-25
26111496;27102073U;26025834;17140100313;05091995;17031790;331 ~~~~~~~~~~~~~~~~~~~~~~~~~~~~~~~~~~~~~~~~~~ 11-26
27111496;28102073U;27025834;18140100313;06091995;18031790;332;442;514;418;621 ~~~~~~~~~~~~~~~~~~~~~~~~~~ 11-27
28111496;29102073U;28025834;19140100313;07091995;19031790;333;771;380;369 ~~~~~~~~~~~~~~~~~~~~~~~~~~~~~~ 11-28
29111496;01112073U;29025834;00150100313;08091995;20031790;334;772;408;621 ~~~~~~~~~~~~~~~~~~~~~~~~~~~~~~ 11-29
30111496;02112073U;30025834;01150100313;09091995;21031790;335;375 ~~~~~~~~~~~~~~~~~~~~~~~~~~~~~~~~~~~~~~ 11-30
01121496;03112073U;01035834;02150100313;10091995;22031790;336;774;622 ~~~~~~~~~~~~~~~~~~~~~~~~~~~~~~~~~~ 12-01
02121496;04112073U;02035834;03150100313;11091995;23031790;337;637;775;370;406 ~~~~~~~~~~~~~~~~~~~~~~~~~~ 12-02
03121496;05112073U;03035834;04150100313;12091995;24031790;338;944;589;622 ~~~~~~~~~~~~~~~~~~~~~~~~~~~~~~ 12-03
04121496;06112073U;04035834;05150100313;13091995;25031790;339;421 ~~~~~~~~~~~~~~~~~~~~~~~~~~~~~~~~~~~~~~ 12-04
05121496;07112073U;05035834;06150100313;14091995;26031790;340;773;409;622 ~~~~~~~~~~~~~~~~~~~~~~~~~~~~~~ 12-05
06121496;08112073U;06035834;07150100313;15091995;27031790;341;397;418 ~~~~~~~~~~~~~~~~~~~~~~~~~~~~~~~~~~ 12-06
07121496;09112073U;07035834;08150100313;16091995;28031790;342;406;622 ~~~~~~~~~~~~~~~~~~~~~~~~~~~~~~~~~~ 12-07
08121496;10112073U;08035834;09150100313;17091995;29031790;343 ~~~~~~~~~~~~~~~~~~~~~~~~~~~~~~~~~~~~~~~~~~ 12-08
09121496;11112073U;09035834;10150100313;18091995;30031790;344;776;513;501;622 ~~~~~~~~~~~~~~~~~~~~~~~~~~ 12-09
10121496;12112073U;10035834;11150100313;19091995;01041790;345;777;557;890;590;500 ~~~~~~~~~~~~~~~~~~~~~~ 12-10
11121496;13112073U;11035834;12150100313;20091995;02041790;346;432;500;375;622 ~~~~~~~~~~~~~~~~~~~~~~~~~~ 12-11
12121496;14112073U;12035834;13150100313;21091995;03041790;347 ~~~~~~~~~~~~~~~~~~~~~~~~~~~~~~~~~~~~~~~~~~ 12-12
13121496;15112073U;13035834;14150100313;22091995;04041790;348;500;622 ~~~~~~~~~~~~~~~~~~~~~~~~~~~~~~~~~~ 12-13
14121496;16112073U;14035834;15150100313;23091995;05041790;349;395;545;887;500 ~~~~~~~~~~~~~~~~~~~~~~~~~~ 12-14
15121496;17112073U;15035834;16150100313;24091995;06041790;350;778;418;622 ~~~~~~~~~~~~~~~~~~~~~~~~~~~~~~ 12-15
16121496;18112073U;16035834;17150100313;25091995;07041790;351 ~~~~~~~~~~~~~~~~~~~~~~~~~~~~~~~~~~~~~~~~~~ 12-16
17121496;19112073U;17035834;18150100313;26091995;08041790;352;591;406;409;622 ~~~~~~~~~~~~~~~~~~~~~~~~~~ 12-17
18121496;20112073U;18035834;19150100313;27091995;09041790;353;841 ~~~~~~~~~~~~~~~~~~~~~~~~~~~~~~~~~~~~~~ 12-18
19121496;21112073U;19035834;00160100313;28091995;10041790;354;422;622 ~~~~~~~~~~~~~~~~~~~~~~~~~~~~~~~~~~ 12-19
20121496;22112073U;20035834;01160100313;29091995;11041790;355;371;466 ~~~~~~~~~~~~~~~~~~~~~~~~~~~~~~~~~~ 12-20
21121496;23112073U;21035834;02160100313;30091995;12041790;356;398;426;622 ~~~~~~~~~~~~~~~~~~~~~~~~~~~~~~ 12-21
22121496;24112073U;22035834;03160100313;01101995;13041790;357;465;406 ~~~~~~~~~~~~~~~~~~~~~~~~~~~~~~~~~~ 12-22
23121496;25112073U;23035834;04160100313;02101995;14041790;358;409;622 ~~~~~~~~~~~~~~~~~~~~~~~~~~~~~~~~~~ 12-23
24121496;26112073U;24035834;05160100313;03101995;15041790;359;917;592;842 ~~~~~~~~~~~~~~~~~~~~~~~~~~~~~~ 12-24
25121496;27112073U;25035834;06160100313;04101995;16041790;360;376;514;554;516;622 ~~~~~~~~~~~~~~~~~~~~~~ 12-25
26121496;28112073U;26035834;07160100313;05101995;17041790;361;516 ~~~~~~~~~~~~~~~~~~~~~~~~~~~~~~~~~~~~~~ 12-26
27121496;29112073U;27035834;08160100313;06101995;18041790;362;516;622 ~~~~~~~~~~~~~~~~~~~~~~~~~~~~~~~~~~ 12-27
28121496;30112073U;28035834;09160100313;07101995;19041790;363;380;516 ~~~~~~~~~~~~~~~~~~~~~~~~~~~~~~~~~~ 12-28
29121496;01122073U;29035834;10160100313;08101995;20041790;364;516;409;622 ~~~~~~~~~~~~~~~~~~~~~~~~~~~~~~ 12-29
30121496;02122073U;30035834;11160100313;09101995;21041790;365 ~~~~~~~~~~~~~~~~~~~~~~~~~~~~~~~~~~~~~~~~~~ 12-30
01011497;03122073U;01045834;12160100313;10101995;22041790;366;495;516;622 ~~~~~~~~~~~~~~~~~~~~~~~~~~~~~~ 12-31
