02061477;04122054B;01045815;11110200213;11101976;23041771;001;516;611 ~~~~~~~~~~~~~~~~~~~~~~~~~~~~~~~~~~ 01-01
03061477;05122054B;02045815;12110200213;12101976;24041771;002;637;516 ~~~~~~~~~~~~~~~~~~~~~~~~~~~~~~~~~~ 01-02
04061477;06122054B;03045815;13110200213;13101976;25041771;003;513;516;611 ~~~~~~~~~~~~~~~~~~~~~~~~~~~~~~ 01-03
05061477;07122054B;04045815;14110200213;14101976;26041771;004 ~~~~~~~~~~~~~~~~~~~~~~~~~~~~~~~~~~~~~~~~~~ 01-04
06061477;08122054B;05045815;15110200213;15101976;27041771;005;397;372;436;611 ~~~~~~~~~~~~~~~~~~~~~~~~~~ 01-05
07061477;09122054B;06045815;16110200213;16101976;28041771;006;406 ~~~~~~~~~~~~~~~~~~~~~~~~~~~~~~~~~~~~~~ 01-06
08061477;10122054B;07045815;17110200213;17101976;29041771;007;611 ~~~~~~~~~~~~~~~~~~~~~~~~~~~~~~~~~~~~~~ 01-07
09061477;11122054B;08045815;18110200213;18101976;30041771;008 ~~~~~~~~~~~~~~~~~~~~~~~~~~~~~~~~~~~~~~~~~~ 01-08
10061477;12122054B;09045815;19110200213;19101976;01051771;009;626;905;611 ~~~~~~~~~~~~~~~~~~~~~~~~~~~~~~ 01-09
11061477;13122054B;10045815;00120200213;20101976;02051771;010;627 ~~~~~~~~~~~~~~~~~~~~~~~~~~~~~~~~~~~~~~ 01-10
12061477;14122054B;11045815;01120200213;21101976;03051771;011;628;406;611 ~~~~~~~~~~~~~~~~~~~~~~~~~~~~~~ 01-11
13061477;15122054B;12045815;02120200213;22101976;04051771;012;629;399 ~~~~~~~~~~~~~~~~~~~~~~~~~~~~~~~~~~ 01-12
14061477;16122054B;13045815;03120200213;23101976;05051771;013;381;904;611 ~~~~~~~~~~~~~~~~~~~~~~~~~~~~~~ 01-13
15061477;17122054B;14045815;04120200213;24101976;06051771;014;433 ~~~~~~~~~~~~~~~~~~~~~~~~~~~~~~~~~~~~~~ 01-14
16061477;18122054B;15045815;05120200213;25101976;07051771;015;514;400;611 ~~~~~~~~~~~~~~~~~~~~~~~~~~~~~~ 01-15
17061477;19122054B;16045815;06120200213;26101976;08051771;016;630;916;406 ~~~~~~~~~~~~~~~~~~~~~~~~~~~~~~ 01-16
18061477;20122054B;17045815;07120200213;27101976;09051771;017;625;611 ~~~~~~~~~~~~~~~~~~~~~~~~~~~~~~~~~~ 01-17
19061477;21122054B;18045815;08120200213;28101976;10051771;018;492;414;400 ~~~~~~~~~~~~~~~~~~~~~~~~~~~~~~ 01-18
20061477;22122054B;19045815;09120200213;29101976;11051771;019;398;611 ~~~~~~~~~~~~~~~~~~~~~~~~~~~~~~~~~~ 01-19
21061477;23122054B;20045815;10120200213;30101976;12051771;020 ~~~~~~~~~~~~~~~~~~~~~~~~~~~~~~~~~~~~~~~~~~ 01-20
22061477;24122054B;21045815;11120200213;01111976;13051771;021;631;400;406;611 ~~~~~~~~~~~~~~~~~~~~~~~~~~ 01-21
23061477;25122054B;22045815;12120200213;02111976;14051771;022 ~~~~~~~~~~~~~~~~~~~~~~~~~~~~~~~~~~~~~~~~~~ 01-22
24061477;26122054B;23045815;13120200213;03111976;15051771;023;407;923;611 ~~~~~~~~~~~~~~~~~~~~~~~~~~~~~~ 01-23
25061477;27122054B;24045815;14120200213;04111976;16051771;024;400 ~~~~~~~~~~~~~~~~~~~~~~~~~~~~~~~~~~~~~~ 01-24
26061477;28122054B;25045815;15120200213;05111976;17051771;025;636;611 ~~~~~~~~~~~~~~~~~~~~~~~~~~~~~~~~~~ 01-25
27061477;29122054B;26045815;16120200213;06111976;18051771;026;415;580 ~~~~~~~~~~~~~~~~~~~~~~~~~~~~~~~~~~ 01-26
28061477;30122054B;27045815;17120200213;07111976;19051771;027;632;380;888;929;952;400;611 ~~~~~~~~~~~~~~ 01-27
29061477;01012055C;28045815;18120200213;08111976;20051771;028;479;490;418 ~~~~~~~~~~~~~~~~~~~~~~~~~~~~~~ 01-28
01071477;02012055C;29045815;19120200213;09111976;21051771;029;633;566;479;490;611 ~~~~~~~~~~~~~~~~~~~~~~ 01-29
02071477;03012055C;01055815;00130200213;10111976;22051771;030;634;566;400 ~~~~~~~~~~~~~~~~~~~~~~~~~~~~~~ 01-30
03071477;04012055C;02055815;01130200213;11111976;23051771;031;635;513;566;611 ~~~~~~~~~~~~~~~~~~~~~~~~~~ 01-31
04071477;05012055C;03055815;01130200213;12111976;24051771;032;863;940;566 ~~~~~~~~~~~~~~~~~~~~~~~~~~~~~~ 02-01
05071477;06012055C;04055815;02130200213;13111976;25051771;033;401;612 ~~~~~~~~~~~~~~~~~~~~~~~~~~~~~~~~~~ 02-02
06071477;07012055C;05055815;03130200213;14111976;26051771;034;415 ~~~~~~~~~~~~~~~~~~~~~~~~~~~~~~~~~~~~~~ 02-03
07071477;08012055C;06055815;04130200213;15111976;27051771;035;638;397;914;612 ~~~~~~~~~~~~~~~~~~~~~~~~~~ 02-04
08071477;09012055C;07055815;05130200213;16111976;28051771;036;639;536 ~~~~~~~~~~~~~~~~~~~~~~~~~~~~~~~~~~ 02-05
09071477;10012055C;08055815;06130200213;17111976;29051771;037;637;640;612 ~~~~~~~~~~~~~~~~~~~~~~~~~~~~~~ 02-06
10071477;11012055C;09055815;07130200213;18111976;30051771;038 ~~~~~~~~~~~~~~~~~~~~~~~~~~~~~~~~~~~~~~~~~~ 02-07
11071477;12012055C;10055815;08130200213;19111976;01061771;039;641;873;612 ~~~~~~~~~~~~~~~~~~~~~~~~~~~~~~ 02-08
12071477;13012055C;11055815;09130200213;20111976;02061771;040 ~~~~~~~~~~~~~~~~~~~~~~~~~~~~~~~~~~~~~~~~~~ 02-09
13071477;14012055C;12055815;10130200213;21111976;03061771;041;612 ~~~~~~~~~~~~~~~~~~~~~~~~~~~~~~~~~~~~~~ 02-10
14071477;15012055C;13055815;11130200213;22111976;04061771;042;642;382;884;949 ~~~~~~~~~~~~~~~~~~~~~~~~~~ 02-11
15071477;16012055C;14055815;12130200213;23111976;05061771;043;514;541;612 ~~~~~~~~~~~~~~~~~~~~~~~~~~~~~~ 02-12
16071477;17012055C;15055815;13130200213;24111976;06061771;044;643;419 ~~~~~~~~~~~~~~~~~~~~~~~~~~~~~~~~~~ 02-13
17071477;18012055C;16055815;14130200213;25111976;07061771;045;581;612 ~~~~~~~~~~~~~~~~~~~~~~~~~~~~~~~~~~ 02-14
18071477;19012055C;17055815;15130200213;26111976;08061771;046;450;437;835 ~~~~~~~~~~~~~~~~~~~~~~~~~~~~~~ 02-15
19071477;20012055C;18055815;16130200213;27111976;09061771;047;612 ~~~~~~~~~~~~~~~~~~~~~~~~~~~~~~~~~~~~~~ 02-16
20071477;21012055C;19055815;17130200213;28111976;10061771;048;379;854 ~~~~~~~~~~~~~~~~~~~~~~~~~~~~~~~~~~ 02-17
21071477;22012055C;20055815;18130200213;29111976;11061771;049;644;398;854;612 ~~~~~~~~~~~~~~~~~~~~~~~~~~ 02-18
22071477;23012055C;21055815;19130200213;30111976;12061771;050;645;415 ~~~~~~~~~~~~~~~~~~~~~~~~~~~~~~~~~~ 02-19
23071477;24012055C;22055815;00140200213;01121976;13061771;051;612 ~~~~~~~~~~~~~~~~~~~~~~~~~~~~~~~~~~~~~~ 02-20
24071477;25012055C;23055815;01140200213;02121976;14061771;052 ~~~~~~~~~~~~~~~~~~~~~~~~~~~~~~~~~~~~~~~~~~ 02-21
25071477;26012055C;24055815;02140200213;03121976;15061771;053;943;612 ~~~~~~~~~~~~~~~~~~~~~~~~~~~~~~~~~~ 02-22
26071477;27012055C;25055815;03140200213;04121976;16061771;054;646 ~~~~~~~~~~~~~~~~~~~~~~~~~~~~~~~~~~~~~~ 02-23
27071477;28012055C;26055815;04140200213;05121976;17061771;055;886;509;612 ~~~~~~~~~~~~~~~~~~~~~~~~~~~~~~ 02-24
28071477;29012055C;27055815;05140200213;06121976;18061771;056;647;648;378 ~~~~~~~~~~~~~~~~~~~~~~~~~~~~~~ 02-25
29071477;01022055C;28055815;06140200213;07121976;19061771;057;649;380;612 ~~~~~~~~~~~~~~~~~~~~~~~~~~~~~~ 02-26
30071477;02022055C;29055815;07140200213;08121976;20061771;058;432;513;415 ~~~~~~~~~~~~~~~~~~~~~~~~~~~~~~ 02-27
01081477;03022055C;30055815;08140200213;09121976;21061771;059;650;612 ~~~~~~~~~~~~~~~~~~~~~~~~~~~~~~~~~~ 02-28
02081477;04022055C;01065815;12140200213;10121976;22061771;061 ~~~~~~~~~~~~~~~~~~~~~~~~~~~~~~~~~~~~~~~~~~ 03-01
03081477;05022055C;02065815;13140200213;11121976;23061771;062;443;613 ~~~~~~~~~~~~~~~~~~~~~~~~~~~~~~~~~~ 03-02
04081477;06022055C;03065815;14140200213;12121976;24061771;063;444;613 ~~~~~~~~~~~~~~~~~~~~~~~~~~~~~~~~~~ 03-03
05081477;07022055C;04065815;15140200213;13121976;25061771;064;653;613 ~~~~~~~~~~~~~~~~~~~~~~~~~~~~~~~~~~ 03-04
06081477;08022055C;05065815;16140200213;14121976;26061771;065;654;613 ~~~~~~~~~~~~~~~~~~~~~~~~~~~~~~~~~~ 03-05
07081477;09022055C;06065815;17140200213;15121976;27061771;066;637;397;613 ~~~~~~~~~~~~~~~~~~~~~~~~~~~~~~ 03-06
08081477;10022055C;07065815;18140200213;16121976;28061771;067;655;415 ~~~~~~~~~~~~~~~~~~~~~~~~~~~~~~~~~~ 03-07
09081477;11022055C;08065815;19140200213;17121976;29061771;068;613 ~~~~~~~~~~~~~~~~~~~~~~~~~~~~~~~~~~~~~~ 03-08
10081477;12022055C;09065815;00150200213;18121976;30061771;069;517;613 ~~~~~~~~~~~~~~~~~~~~~~~~~~~~~~~~~~ 03-09
11081477;13022055C;10065815;01150200213;19121976;01071771;070;613 ~~~~~~~~~~~~~~~~~~~~~~~~~~~~~~~~~~~~~~ 03-10
12081477;14022055C;11065815;02150200213;20121976;02071771;071;656;613 ~~~~~~~~~~~~~~~~~~~~~~~~~~~~~~~~~~ 03-11
13081477;15022055C;12065815;03150200213;21121976;03071771;072;544;623;613 ~~~~~~~~~~~~~~~~~~~~~~~~~~~~~~ 03-12
14081477;16022055C;13065815;04150200213;22121976;04071771;073;383;514;598;906;512;613 ~~~~~~~~~~~~~~~~~~ 03-13
15081477;17022055C;14065815;05150200213;23121976;05071771;074;562;519;613 ~~~~~~~~~~~~~~~~~~~~~~~~~~~~~~ 03-14
16081477;18022055C;15065815;06150200213;24121976;06071771;075;562;415 ~~~~~~~~~~~~~~~~~~~~~~~~~~~~~~~~~~ 03-15
17081477;19022055C;16065815;07150200213;25121976;07071771;076;657;562;613 ~~~~~~~~~~~~~~~~~~~~~~~~~~~~~~ 03-16
18081477;20022055C;17065815;08150200213;26121976;08071771;077 ~~~~~~~~~~~~~~~~~~~~~~~~~~~~~~~~~~~~~~~~~~ 03-17
19081477;21022055C;18065815;09150200213;27121976;09071771;078;658;830;613 ~~~~~~~~~~~~~~~~~~~~~~~~~~~~~~ 03-18
20081477;22022055C;19065815;10150200213;28121976;10071771;079;398;466 ~~~~~~~~~~~~~~~~~~~~~~~~~~~~~~~~~~ 03-19
21081477;23022055C;20065815;11150200213;29121976;11071771;080;533;924;424;613 ~~~~~~~~~~~~~~~~~~~~~~~~~~ 03-20
22081477;24022055C;21065815;12150200213;30121976;12071771;081;459;613 ~~~~~~~~~~~~~~~~~~~~~~~~~~~~~~~~~~ 03-21
23081477;25022055C;22065815;13150200213;01011977;13071771;082;851;613 ~~~~~~~~~~~~~~~~~~~~~~~~~~~~~~~~~~ 03-22
24081477;26022055C;23065815;14150200213;02011977;14071771;083;659;900;415 ~~~~~~~~~~~~~~~~~~~~~~~~~~~~~~ 03-23
25081477;27022055C;24065815;15150200213;03011977;15071771;084;613 ~~~~~~~~~~~~~~~~~~~~~~~~~~~~~~~~~~~~~~ 03-24
26081477;28022055C;25065815;16150200213;04011977;16071771;085 ~~~~~~~~~~~~~~~~~~~~~~~~~~~~~~~~~~~~~~~~~~ 03-25
27081477;29022055C;26065815;17150200213;05011977;17071771;086;513;613 ~~~~~~~~~~~~~~~~~~~~~~~~~~~~~~~~~~ 03-26
28081477;30022055C;27065815;18150200213;06011977;18071771;087;613 ~~~~~~~~~~~~~~~~~~~~~~~~~~~~~~~~~~~~~~ 03-27
29081477;01032055C;28065815;19150200213;07011977;19071771;088;380;613 ~~~~~~~~~~~~~~~~~~~~~~~~~~~~~~~~~~ 03-28
01091477;02032055C;29065815;00160200213;08011977;20071771;089;652;538;559;935;504;613 ~~~~~~~~~~~~~~~~~~ 03-29
02091477;03032055C;01075815;01160200213;09011977;21071771;090;852;613 ~~~~~~~~~~~~~~~~~~~~~~~~~~~~~~~~~~ 03-30
03091477;04032055C;02075815;02160200213;10011977;22071771;091;660;555;577;505 ~~~~~~~~~~~~~~~~~~~~~~~~~~ 03-31
04091477;05032055C;03075815;03160200213;11011977;23071771;092;614 ~~~~~~~~~~~~~~~~~~~~~~~~~~~~~~~~~~~~~~ 04-01
05091477;06032055C;04075815;04160200213;12011977;24071771;093;596;838;505 ~~~~~~~~~~~~~~~~~~~~~~~~~~~~~~ 04-02
06091477;07032055C;05075815;05160200213;13011977;25071771;094;637;661;945;614 ~~~~~~~~~~~~~~~~~~~~~~~~~~ 04-03
07091477;08032055C;06075815;06160200213;14011977;26071771;095;662;397;571;614 ~~~~~~~~~~~~~~~~~~~~~~~~~~ 04-04
08091477;09032055C;07075815;07160200213;15011977;27071771;096;651;614 ~~~~~~~~~~~~~~~~~~~~~~~~~~~~~~~~~~ 04-05
09091477;10032055C;08075815;08160200213;16011977;28071771;097;576;651;933;505 ~~~~~~~~~~~~~~~~~~~~~~~~~~ 04-06
10091477;11032055C;09075815;09160200213;17011977;29071771;098;663;651;614 ~~~~~~~~~~~~~~~~~~~~~~~~~~~~~~ 04-07
11091477;12032055C;10075815;10160200213;18011977;30071771;099;877;505;651;614 ~~~~~~~~~~~~~~~~~~~~~~~~~~ 04-08
12091477;13032055C;11075815;11160200213;19011977;01081771;100;651;614 ~~~~~~~~~~~~~~~~~~~~~~~~~~~~~~~~~~ 04-09
13091477;14032055C;12075815;12160200213;20011977;02081771;101;514;651 ~~~~~~~~~~~~~~~~~~~~~~~~~~~~~~~~~~ 04-10
14091477;15032055C;13075815;13160200213;21011977;03081771;102;493;384;539;575;614 ~~~~~~~~~~~~~~~~~~~~~~ 04-11
15091477;16032055C;14075815;14160200213;22011977;04081771;103;433;505 ~~~~~~~~~~~~~~~~~~~~~~~~~~~~~~~~~~ 04-12
16091477;17032055C;15075815;15160200213;23011977;05081771;104;868;515;614 ~~~~~~~~~~~~~~~~~~~~~~~~~~~~~~ 04-13
17091477;18032055C;16075815;16160200213;24011977;06081771;105;833 ~~~~~~~~~~~~~~~~~~~~~~~~~~~~~~~~~~~~~~ 04-14
18091477;19032055C;17075815;17160200213;25011977;07081771;106;631;664;614 ~~~~~~~~~~~~~~~~~~~~~~~~~~~~~~ 04-15
19091477;20032055C;18075815;18160200213;26011977;08081771;107;445;665;415 ~~~~~~~~~~~~~~~~~~~~~~~~~~~~~~ 04-16
20091477;21032055C;19075815;19160200213;27011977;09081771;108;446;666;614 ~~~~~~~~~~~~~~~~~~~~~~~~~~~~~~ 04-17
21091477;22032055C;20075815;00170200213;28011977;10081771;109;447;398 ~~~~~~~~~~~~~~~~~~~~~~~~~~~~~~~~~~ 04-18
22091477;23032055C;21075815;01170200213;29011977;11081771;110;448;794;614 ~~~~~~~~~~~~~~~~~~~~~~~~~~~~~~ 04-19
23091477;24032055C;22075815;02170200213;30011977;12081771;111;614 ~~~~~~~~~~~~~~~~~~~~~~~~~~~~~~~~~~~~~~ 04-20
24091477;25032055C;23075815;03170200213;01021977;13081771;112;614 ~~~~~~~~~~~~~~~~~~~~~~~~~~~~~~~~~~~~~~ 04-21
25091477;26032055C;24075815;04170200213;02021977;14081771;113;667;939;505;614 ~~~~~~~~~~~~~~~~~~~~~~~~~~ 04-22
26091477;27032055C;25075815;05170200213;03021977;15081771;114;507;513;614 ~~~~~~~~~~~~~~~~~~~~~~~~~~~~~~ 04-23
27091477;28032055C;26075815;06170200213;04021977;16081771;115;668;408;508;415;505;614 ~~~~~~~~~~~~~~~~~~ 04-24
28091477;29032055C;27075815;07170200213;05021977;17081771;116;669;526;614 ~~~~~~~~~~~~~~~~~~~~~~~~~~~~~~ 04-25
29091477;30032055C;28075815;08170200213;06021977;18081771;117;380;928 ~~~~~~~~~~~~~~~~~~~~~~~~~~~~~~~~~~ 04-26
30091477;01042055C;29075815;09170200213;07021977;19081771;118;436;506;614 ~~~~~~~~~~~~~~~~~~~~~~~~~~~~~~ 04-27
01101477;02042055C;30075815;10170200213;08021977;20081771;119;670;502 ~~~~~~~~~~~~~~~~~~~~~~~~~~~~~~~~~~ 04-28
02101477;03042055C;01085815;11170200213;09021977;21081771;120;510;902;614 ~~~~~~~~~~~~~~~~~~~~~~~~~~~~~~ 04-29
03101477;04042055C;02085815;12170200213;10021977;22081771;121;671;409 ~~~~~~~~~~~~~~~~~~~~~~~~~~~~~~~~~~ 04-30
04101477;05042055C;03085815;13170200213;11021977;23081771;122;637;672;615 ~~~~~~~~~~~~~~~~~~~~~~~~~~~~~~ 05-01
05101477;06042055C;04085815;14170200213;12021977;24081771;123;673;528;415 ~~~~~~~~~~~~~~~~~~~~~~~~~~~~~~ 05-02
06101477;07042055C;05085815;15170200213;13021977;25081771;124;674;553;529;615 ~~~~~~~~~~~~~~~~~~~~~~~~~~ 05-03
07101477;08042055C;06085815;16170200213;14021977;26081771;125;675;397 ~~~~~~~~~~~~~~~~~~~~~~~~~~~~~~~~~~ 05-04
08101477;09042055C;07085815;17170200213;15021977;27081771;126;676;927;615 ~~~~~~~~~~~~~~~~~~~~~~~~~~~~~~ 05-05
09101477;10042055C;08085815;18170200213;16021977;28081771;127;677;374;409 ~~~~~~~~~~~~~~~~~~~~~~~~~~~~~~ 05-06
10101477;11042055C;09085815;19170200213;17021977;29081771;128;679;678;889;615 ~~~~~~~~~~~~~~~~~~~~~~~~~~ 05-07
11101477;12042055C;10085815;00000300213;18021977;30081771;129;681;680;399;514 ~~~~~~~~~~~~~~~~~~~~~~~~~~ 05-08
12101477;13042055C;11085815;01000300213;19021977;01091771;130;451;894;615 ~~~~~~~~~~~~~~~~~~~~~~~~~~~~~~ 05-09
13101477;14042055C;12085815;02000300213;20021977;02091771;131;682;385;415 ~~~~~~~~~~~~~~~~~~~~~~~~~~~~~~ 05-10
14101477;15042055C;13085815;03000300213;21021977;03091771;132;537;892;937;400;615 ~~~~~~~~~~~~~~~~~~~~~~ 05-11
15101477;16042055C;14085815;04000300213;22021977;04091771;133;683;409 ~~~~~~~~~~~~~~~~~~~~~~~~~~~~~~~~~~ 05-12
16101477;17042055C;15085815;05000300213;23021977;05091771;134;615 ~~~~~~~~~~~~~~~~~~~~~~~~~~~~~~~~~~~~~~ 05-13
17101477;18042055C;16085815;06000300213;24021977;06091771;135;400 ~~~~~~~~~~~~~~~~~~~~~~~~~~~~~~~~~~~~~~ 05-14
18101477;19042055C;17085815;07000300213;25021977;07091771;136;687;568;615 ~~~~~~~~~~~~~~~~~~~~~~~~~~~~~~ 05-15
19101477;20042055C;18085815;08000300213;26021977;08091771;137;684;518;568 ~~~~~~~~~~~~~~~~~~~~~~~~~~~~~~ 05-16
20101477;21042055C;19085815;09000300213;27021977;09091771;138;375;615 ~~~~~~~~~~~~~~~~~~~~~~~~~~~~~~~~~~ 05-17
21101477;22042055C;20085815;10000300213;28021977;10091771;139;398 ~~~~~~~~~~~~~~~~~~~~~~~~~~~~~~~~~~~~~~ 05-18
22101477;23042055C;21085815;11000300213;29021977;11091771;140;685;615 ~~~~~~~~~~~~~~~~~~~~~~~~~~~~~~~~~~ 05-19
23101477;24042055C;22085815;12000300213;30021977;12091771;141;797;513;400 ~~~~~~~~~~~~~~~~~~~~~~~~~~~~~~ 05-20
24101477;25042055C;23085815;13000300213;31021977;13091771;142;686;855;573;615 ~~~~~~~~~~~~~~~~~~~~~~~~~~ 05-21
25101477;26042055C;24085815;14000300213;01031977;14091771;143;530;573 ~~~~~~~~~~~~~~~~~~~~~~~~~~~~~~~~~~ 05-22
26101477;27042055C;25085815;15000300213;02031977;15091771;144;798;573;624;400;615 ~~~~~~~~~~~~~~~~~~~~~~ 05-23
27101477;28042055C;26085815;16000300213;03031977;16091771;145;789;624 ~~~~~~~~~~~~~~~~~~~~~~~~~~~~~~~~~~ 05-24
28101477;29042055C;27085815;17000300213;04031977;17091771;146;624;615 ~~~~~~~~~~~~~~~~~~~~~~~~~~~~~~~~~~ 05-25
29101477;01052055C;28085815;18000300213;05031977;18091771;147;688;380;432;866;921;942;624;415 ~~~~~~~~~~ 05-26
01111477;02052055C;29085815;19000300213;06031977;19091771;148;494;624;615 ~~~~~~~~~~~~~~~~~~~~~~~~~~~~~~ 05-27
02111477;03052055C;01095815;00010300213;07031977;20091771;149;689;624 ~~~~~~~~~~~~~~~~~~~~~~~~~~~~~~~~~~ 05-28
03111477;04052055C;02095815;01010300213;08031977;21091771;150;439;624;615 ~~~~~~~~~~~~~~~~~~~~~~~~~~~~~~ 05-29
04111477;05052055C;03095815;02010300213;09031977;22091771;151;439;564;409 ~~~~~~~~~~~~~~~~~~~~~~~~~~~~~~ 05-30
05111477;06052055C;04095815;03010300213;10031977;23091771;152;438;615 ~~~~~~~~~~~~~~~~~~~~~~~~~~~~~~~~~~ 05-31
06111477;07052055C;05095815;04010300213;11031977;24091771;153;401 ~~~~~~~~~~~~~~~~~~~~~~~~~~~~~~~~~~~~~~ 06-01
07111477;08052055C;06095815;05010300213;12031977;25091771;154;691;694;397;522;616 ~~~~~~~~~~~~~~~~~~~~~~ 06-02
08111477;09052055C;07095815;06010300213;13031977;26091771;155;616 ~~~~~~~~~~~~~~~~~~~~~~~~~~~~~~~~~~~~~~ 06-03
09111477;10052055C;08095815;07010300213;14031977;27091771;156;692;552;616 ~~~~~~~~~~~~~~~~~~~~~~~~~~~~~~ 06-04
10111477;11052055C;09095815;08010300213;15031977;28091771;157;637;693;514;896;409;616 ~~~~~~~~~~~~~~~~~~ 06-05
11111477;12052055C;10095815;09010300213;16031977;29091771;158;449;690;616 ~~~~~~~~~~~~~~~~~~~~~~~~~~~~~~ 06-06
12111477;13052055C;11095815;10010300213;17031977;30091771;159 ~~~~~~~~~~~~~~~~~~~~~~~~~~~~~~~~~~~~~~~~~~ 06-07
13111477;14052055C;12095815;11010300213;18031977;01101771;160;696;616 ~~~~~~~~~~~~~~~~~~~~~~~~~~~~~~~~~~ 06-08
14111477;15052055C;13095815;12010300213;19031977;02101771;161;386;874;941;616 ~~~~~~~~~~~~~~~~~~~~~~~~~~ 06-09
15111477;16052055C;14095815;13010300213;20031977;03101771;162;616 ~~~~~~~~~~~~~~~~~~~~~~~~~~~~~~~~~~~~~~ 06-10
16111477;17052055C;15095815;14010300213;21031977;04101771;163;596;569;409;616 ~~~~~~~~~~~~~~~~~~~~~~~~~~ 06-11
17111477;18052055C;16095815;15010300213;22031977;05101771;164;697;799;569;616 ~~~~~~~~~~~~~~~~~~~~~~~~~~ 06-12
18111477;19052055C;17095815;16010300213;23031977;06101771;165;695 ~~~~~~~~~~~~~~~~~~~~~~~~~~~~~~~~~~~~~~ 06-13
19111477;20052055C;18095815;17010300213;24031977;07101771;166;437;616 ~~~~~~~~~~~~~~~~~~~~~~~~~~~~~~~~~~ 06-14
20111477;21052055C;19095815;18010300213;25031977;08101771;167 ~~~~~~~~~~~~~~~~~~~~~~~~~~~~~~~~~~~~~~~~~~ 06-15
21111477;22052055C;20095815;19010300213;26031977;09101771;168;398;420;616 ~~~~~~~~~~~~~~~~~~~~~~~~~~~~~~ 06-16
22111477;23052055C;21095815;00020300213;27031977;10101771;169;698;513;409;616 ~~~~~~~~~~~~~~~~~~~~~~~~~~ 06-17
23111477;24052055C;22095815;01020300213;28031977;11101771;170;701;699;416;700;616 ~~~~~~~~~~~~~~~~~~~~~~ 06-18
24111477;25052055C;23095815;02020300213;29031977;12101771;171 ~~~~~~~~~~~~~~~~~~~~~~~~~~~~~~~~~~~~~~~~~~ 06-19
25111477;26052055C;24095815;03020300213;30031977;13101771;172;452;452;946;460;616 ~~~~~~~~~~~~~~~~~~~~~~ 06-20
26111477;27052055C;25095815;04020300213;31031977;14101771;173;821;425;616 ~~~~~~~~~~~~~~~~~~~~~~~~~~~~~~ 06-21
27111477;28052055C;26095815;05020300213;01041977;15101771;174;461;616 ~~~~~~~~~~~~~~~~~~~~~~~~~~~~~~~~~~ 06-22
28111477;29052055C;27095815;06020300213;02041977;16101771;175;616 ~~~~~~~~~~~~~~~~~~~~~~~~~~~~~~~~~~~~~~ 06-23
29111477;30052055C;28095815;07020300213;03041977;17101771;176;380;457;616 ~~~~~~~~~~~~~~~~~~~~~~~~~~~~~~ 06-24
30111477;01062055C;29095815;08020300213;04041977;18101771;177;703;616 ~~~~~~~~~~~~~~~~~~~~~~~~~~~~~~~~~~ 06-25
01121477;02062055C;30095815;09020300213;05041977;19101771;178;702;870;616 ~~~~~~~~~~~~~~~~~~~~~~~~~~~~~~ 06-26
02121477;03062055C;01105815;10020300213;06041977;20101771;179 ~~~~~~~~~~~~~~~~~~~~~~~~~~~~~~~~~~~~~~~~~~ 06-27
03121477;04062055C;02105815;11020300213;07041977;21101771;180;616 ~~~~~~~~~~~~~~~~~~~~~~~~~~~~~~~~~~~~~~ 06-28
04121477;05062055C;03105815;12020300213;08041977;22101771;181;409 ~~~~~~~~~~~~~~~~~~~~~~~~~~~~~~~~~~~~~~ 06-29
05121477;06062055C;04105815;13020300213;09041977;23101771;182;704;514;865;375;616 ~~~~~~~~~~~~~~~~~~~~~~ 06-30
06121477;07062055C;05105815;14020300213;10041977;24101771;183;397 ~~~~~~~~~~~~~~~~~~~~~~~~~~~~~~~~~~~~~~ 07-01
07121477;08062055C;06105815;15020300213;11041977;25101771;184;565;617 ~~~~~~~~~~~~~~~~~~~~~~~~~~~~~~~~~~ 07-02
08121477;09062055C;07105815;16020300213;12041977;26101771;185;637;705;840;565 ~~~~~~~~~~~~~~~~~~~~~~~~~~ 07-03
09121477;10062055C;08105815;17020300213;13041977;27101771;186;795;373;501;617 ~~~~~~~~~~~~~~~~~~~~~~~~~~ 07-04
10121477;11062055C;09105815;18020300213;14041977;28101771;187;546;500;409 ~~~~~~~~~~~~~~~~~~~~~~~~~~~~~~ 07-05
11121477;12062055C;10105815;19020300213;15041977;29101771;188;500;421;617 ~~~~~~~~~~~~~~~~~~~~~~~~~~~~~~ 07-06
12121477;13062055C;11105815;00030300213;16041977;30101771;189;617 ~~~~~~~~~~~~~~~~~~~~~~~~~~~~~~~~~~~~~~ 07-07
13121477;14062055C;12105815;01030300213;17041977;01111771;190;387;531;561;500;617 ~~~~~~~~~~~~~~~~~~~~~~ 07-08
14121477;15062055C;13105815;02030300213;18041977;02111771;191;433;500;617 ~~~~~~~~~~~~~~~~~~~~~~~~~~~~~~ 07-09
15121477;16062055C;14105815;03030300213;19041977;03111771;192;706;617 ~~~~~~~~~~~~~~~~~~~~~~~~~~~~~~~~~~ 07-10
16121477;17062055C;15105815;04030300213;20041977;04111771;193;375;617 ~~~~~~~~~~~~~~~~~~~~~~~~~~~~~~~~~~ 07-11
17121477;18062055C;16105815;05030300213;21041977;05111771;194;707;617 ~~~~~~~~~~~~~~~~~~~~~~~~~~~~~~~~~~ 07-12
18121477;19062055C;17105815;06030300213;22041977;06111771;195;402;841;617 ~~~~~~~~~~~~~~~~~~~~~~~~~~~~~~ 07-13
19121477;20062055C;18105815;07030300213;23041977;07111771;196;617 ~~~~~~~~~~~~~~~~~~~~~~~~~~~~~~~~~~~~~~ 07-14
20121477;21062055C;19105815;08030300213;24041977;08111771;197;631;513 ~~~~~~~~~~~~~~~~~~~~~~~~~~~~~~~~~~ 07-15
21121477;22062055C;20105815;09030300213;25041977;09111771;198;398;617 ~~~~~~~~~~~~~~~~~~~~~~~~~~~~~~~~~~ 07-16
22121477;23062055C;21105815;10030300213;26041977;10111771;199;708 ~~~~~~~~~~~~~~~~~~~~~~~~~~~~~~~~~~~~~~ 07-17
23121477;24062055C;22105815;11030300213;27041977;11111771;200;709;617 ~~~~~~~~~~~~~~~~~~~~~~~~~~~~~~~~~~ 07-18
24121477;25062055C;23105815;12030300213;28041977;12111771;201;710;842;617 ~~~~~~~~~~~~~~~~~~~~~~~~~~~~~~ 07-19
25121477;26062055C;24105815;13030300213;29041977;13111771;202;878;617 ~~~~~~~~~~~~~~~~~~~~~~~~~~~~~~~~~~ 07-20
26121477;27062055C;25105815;14030300213;30041977;14111771;203;711;411 ~~~~~~~~~~~~~~~~~~~~~~~~~~~~~~~~~~ 07-21
27121477;28062055C;26105815;15030300213;31041977;15111771;204;712;617 ~~~~~~~~~~~~~~~~~~~~~~~~~~~~~~~~~~ 07-22
28121477;29062055C;27105815;16030300213;01051977;16111771;205 ~~~~~~~~~~~~~~~~~~~~~~~~~~~~~~~~~~~~~~~~~~ 07-23
29121477;01262055C;28105815;17030300213;02051977;17111771;206;713;380;930;953;617 ~~~~~~~~~~~~~~~~~~~~~~ 07-24
30121477;02262055C;29105815;18030300213;03051977;18111771;207;714;403 ~~~~~~~~~~~~~~~~~~~~~~~~~~~~~~~~~~ 07-25
01011478;03262055C;01115815;19030300213;04051977;19111771;208;495;617 ~~~~~~~~~~~~~~~~~~~~~~~~~~~~~~~~~~ 07-26
02011478;04262055C;02115815;00040300213;05051977;20111771;209;514;579;617 ~~~~~~~~~~~~~~~~~~~~~~~~~~~~~~ 07-27
03011478;05262055C;03115815;01040300213;06051977;21111771;210;891;412;496;617 ~~~~~~~~~~~~~~~~~~~~~~~~~~ 07-28
04011478;06262055C;04115815;02040300213;07051977;22111771;211;715;617 ~~~~~~~~~~~~~~~~~~~~~~~~~~~~~~~~~~ 07-29
05011478;07262055C;05115815;03040300213;08051977;23111771;212;716;397;617 ~~~~~~~~~~~~~~~~~~~~~~~~~~~~~~ 07-30
06011478;08262055C;06115815;04040300213;09051977;24111771;213 ~~~~~~~~~~~~~~~~~~~~~~~~~~~~~~~~~~~~~~~~~~ 07-31
07011478;09262055C;07115815;05040300213;10051977;25111771;214;717;618 ~~~~~~~~~~~~~~~~~~~~~~~~~~~~~~~~~~ 08-01
08011478;10262055C;08115815;06040300213;11051977;26111771;215;375 ~~~~~~~~~~~~~~~~~~~~~~~~~~~~~~~~~~~~~~ 08-02
09011478;11262055C;09115815;07040300213;12051977;27111771;216;718;926;618 ~~~~~~~~~~~~~~~~~~~~~~~~~~~~~~ 08-03
10011478;12262055C;10115815;08040300213;13051977;28111771;217;864;498;409;412 ~~~~~~~~~~~~~~~~~~~~~~~~~~ 08-04
11011478;13262055C;11115815;09040300213;14051977;29111771;218;618 ~~~~~~~~~~~~~~~~~~~~~~~~~~~~~~~~~~~~~~ 08-05
12011478;14262055C;12115815;10040300213;15051977;30111771;219;719;938;403 ~~~~~~~~~~~~~~~~~~~~~~~~~~~~~~ 08-06
13011478;15262055C;13115815;11040300213;16051977;01121771;220;637;720;388;540;556;909;910;925;947 ~~~~~~ 08-07
14011478;16262055C;14115815;12040300213;17051977;02121771;221;721 ~~~~~~~~~~~~~~~~~~~~~~~~~~~~~~~~~~~~~~ 08-08
15011478;17262055C;15115815;13040300213;18051977;03121771;222;496;618 ~~~~~~~~~~~~~~~~~~~~~~~~~~~~~~~~~~ 08-09
16011478;18262055C;16115815;14040300213;19051977;04121771;223;875;403;409 ~~~~~~~~~~~~~~~~~~~~~~~~~~~~~~ 08-10
17011478;19262055C;17115815;15040300213;20051977;05121771;224;722;412;618 ~~~~~~~~~~~~~~~~~~~~~~~~~~~~~~ 08-11
18011478;20262055C;18115815;16040300213;21051977;06121771;225;513 ~~~~~~~~~~~~~~~~~~~~~~~~~~~~~~~~~~~~~~ 08-12
19011478;21262055C;19115815;17040300213;22051977;07121771;226;375;496;618 ~~~~~~~~~~~~~~~~~~~~~~~~~~~~~~ 08-13
20011478;22262055C;20115815;18040300213;23051977;08121771;227;723;403 ~~~~~~~~~~~~~~~~~~~~~~~~~~~~~~~~~~ 08-14
21011478;23262055C;21115815;19040300213;24051977;09121771;228;398;872;421;618 ~~~~~~~~~~~~~~~~~~~~~~~~~~ 08-15
22011478;24262055C;22115815;00050300213;25051977;10121771;229;871;409 ~~~~~~~~~~~~~~~~~~~~~~~~~~~~~~~~~~ 08-16
23011478;25262055C;23115815;01050300213;26051977;11121771;230;618 ~~~~~~~~~~~~~~~~~~~~~~~~~~~~~~~~~~~~~~ 08-17
24011478;26262055C;24115815;02050300213;27051977;12121771;231;403;412 ~~~~~~~~~~~~~~~~~~~~~~~~~~~~~~~~~~ 08-18
25011478;27262055C;25115815;03050300213;28051977;13121771;232;503;618 ~~~~~~~~~~~~~~~~~~~~~~~~~~~~~~~~~~ 08-19
26011478;28262055C;26115815;04050300213;29051977;14121771;233 ~~~~~~~~~~~~~~~~~~~~~~~~~~~~~~~~~~~~~~~~~~ 08-20
27011478;29262055C;27115815;05050300213;30051977;15121771;234;724;618 ~~~~~~~~~~~~~~~~~~~~~~~~~~~~~~~~~~ 08-21
28011478;30262055C;28115815;06050300213;31051977;16121771;235;380;432;403;409 ~~~~~~~~~~~~~~~~~~~~~~~~~~ 08-22
29011478;01072055C;29115815;07050300213;01061977;17121771;236;618 ~~~~~~~~~~~~~~~~~~~~~~~~~~~~~~~~~~~~~~ 08-23
30011478;02072055C;30115815;08050300213;02061977;18121771;237;514;497 ~~~~~~~~~~~~~~~~~~~~~~~~~~~~~~~~~~ 08-24
01021478;03072055C;01125815;09050300213;03061977;19121771;238;404;410;436;550;597;412;618 ~~~~~~~~~~~~~~ 08-25
02021478;04072055C;02125815;10050300213;04061977;20121771;239;915 ~~~~~~~~~~~~~~~~~~~~~~~~~~~~~~~~~~~~~~ 08-26
03021478;05072055C;03125815;11050300213;05061977;21121771;240;427;805;618 ~~~~~~~~~~~~~~~~~~~~~~~~~~~~~~ 08-27
04021478;06072055C;04125815;12050300213;06061977;22121771;241;725 ~~~~~~~~~~~~~~~~~~~~~~~~~~~~~~~~~~~~~~ 08-28
05021478;07072055C;05125815;13050300213;07061977;23121771;242;428;725;397;908;572;618 ~~~~~~~~~~~~~~~~~~ 08-29
06021478;08072055C;06125815;14050300213;08061977;24121771;243;796 ~~~~~~~~~~~~~~~~~~~~~~~~~~~~~~~~~~~~~~ 08-30
07021478;09072055C;07125815;15050300213;09061977;25121771;244;594;618 ~~~~~~~~~~~~~~~~~~~~~~~~~~~~~~~~~~ 08-31
08021478;10072055C;08125815;16050300213;10061977;26121771;245;595;903 ~~~~~~~~~~~~~~~~~~~~~~~~~~~~~~~~~~ 09-01
09021478;11072055C;09125815;17050300213;11061977;27121771;246;619 ~~~~~~~~~~~~~~~~~~~~~~~~~~~~~~~~~~~~~~ 09-02
10021478;12072055C;10125815;18050300213;12061977;28121771;247;596;596;727;897;619 ~~~~~~~~~~~~~~~~~~~~~~ 09-03
11021478;13072055C;11125815;19050300213;13061977;29121771;248;429;637;728;520;551;421;619 ~~~~~~~~~~~~~~ 09-04
12021478;14072055C;12125815;00060300213;14061977;30121771;249;430;845;389;534;567 ~~~~~~~~~~~~~~~~~~~~~~ 09-05
13021478;15072055C;13125815;01060300213;15061977;01131771;250;434;846;907;567;619 ~~~~~~~~~~~~~~~~~~~~~~ 09-06
14021478;16072055C;14125815;02060300213;16061977;02131771;251;435;619 ~~~~~~~~~~~~~~~~~~~~~~~~~~~~~~~~~~ 09-07
15021478;17072055C;15125815;03060300213;17061977;03131771;252;399;513;412;619 ~~~~~~~~~~~~~~~~~~~~~~~~~~ 09-08
16021478;18072055C;16125815;04060300213;18061977;04131771;253;730;467;865 ~~~~~~~~~~~~~~~~~~~~~~~~~~~~~~ 09-09
17021478;19072055C;17125815;05060300213;19061977;05131771;254;619 ~~~~~~~~~~~~~~~~~~~~~~~~~~~~~~~~~~~~~~ 09-10
18021478;20072055C;18125815;06060300213;20061977;06131771;255 ~~~~~~~~~~~~~~~~~~~~~~~~~~~~~~~~~~~~~~~~~~ 09-11
19021478;21072055C;19125815;07060300213;21061977;01011772;256;455;847;417;816;619 ~~~~~~~~~~~~~~~~~~~~~~ 09-12
20021478;22072055C;20125815;08060300213;22061977;02011772;257;729;726;398;844 ~~~~~~~~~~~~~~~~~~~~~~~~~~ 09-13
21021478;23072055C;21125815;09060300213;23061977;03011772;258;400;619 ~~~~~~~~~~~~~~~~~~~~~~~~~~~~~~~~~~ 09-14
22021478;24072055C;22125815;10060300213;24061977;04011772;259;412;619 ~~~~~~~~~~~~~~~~~~~~~~~~~~~~~~~~~~ 09-15
23021478;25072055C;23125815;11060300213;25061977;05011772;260;733;619 ~~~~~~~~~~~~~~~~~~~~~~~~~~~~~~~~~~ 09-16
24021478;26072055C;24125815;12060300213;26061977;06011772;261;734;869;848 ~~~~~~~~~~~~~~~~~~~~~~~~~~~~~~ 09-17
25021478;27072055C;25125815;13060300213;27061977;07011772;262;735;619 ~~~~~~~~~~~~~~~~~~~~~~~~~~~~~~~~~~ 09-18
26021478;28072055C;26125815;14060300213;28061977;08011772;263;731 ~~~~~~~~~~~~~~~~~~~~~~~~~~~~~~~~~~~~~~ 09-19
27021478;29072055C;27125815;15060300213;29061977;09011772;264;380;920;400;619 ~~~~~~~~~~~~~~~~~~~~~~~~~~ 09-20
28021478;01082055C;28125815;16060300213;30061977;10011772;265;732;514;895;619;848 ~~~~~~~~~~~~~~~~~~~~~~ 09-21
29021478;02082055C;29125815;17060300213;31061977;11011772;266;462;521;412;619 ~~~~~~~~~~~~~~~~~~~~~~~~~~ 09-22
01031478;03082055C;01015816;18060300213;01071977;12011772;267;423;521;400;848 ~~~~~~~~~~~~~~~~~~~~~~~~~~ 09-23
02031478;04082055C;02015816;19060300213;02071977;13011772;268;738;463;521;421;619 ~~~~~~~~~~~~~~~~~~~~~~ 09-24
03031478;05082055C;03015816;00070300213;03071977;14011772;269;739;743 ~~~~~~~~~~~~~~~~~~~~~~~~~~~~~~~~~~ 09-25
04031478;06082055C;04015816;01070300213;04071977;15011772;270;740;619 ~~~~~~~~~~~~~~~~~~~~~~~~~~~~~~~~~~ 09-26
05031478;07082055C;05015816;02070300213;05071977;16011772;271;736;397;918 ~~~~~~~~~~~~~~~~~~~~~~~~~~~~~~ 09-27
06031478;08082055C;06015816;03070300213;06071977;17011772;272;737;548;885;919;619 ~~~~~~~~~~~~~~~~~~~~~~ 09-28
07031478;09082055C;07015816;04070300213;07071977;18011772;273;742;790;549;560;861;400;412;619;848 ~~~~~~ 09-29
08031478;10082055C;08015816;05070300213;08071977;19011772;274;741;790;401;853;418;619 ~~~~~~~~~~~~~~~~~~ 09-30
09031478;11082055C;09015816;06070300213;09071977;20011772;275;748;790;899;853;848 ~~~~~~~~~~~~~~~~~~~~~~ 10-01
10031478;12082055C;10015816;07070300213;10071977;21011772;276;637;790;376;527;853;620 ~~~~~~~~~~~~~~~~~~ 10-02
11031478;13082055C;11015816;08070300213;11071977;22011772;277;749;790;620 ~~~~~~~~~~~~~~~~~~~~~~~~~~~~~~ 10-03
12031478;14082055C;12015816;09070300213;12071977;23011772;278;744;790;511;421;620 ~~~~~~~~~~~~~~~~~~~~~~ 10-04
13031478;15082055C;13015816;10070300213;13071977;24011772;279;745;790;391;390;433;513;532;882;922;570 ~~ 10-05
14031478;16082055C;14015816;11070300213;14071977;25011772;280;746;810;620 ~~~~~~~~~~~~~~~~~~~~~~~~~~~~~~ 10-06
15031478;17082055C;15015816;12070300213;15071977;26011772;281;747;437;523;620 ~~~~~~~~~~~~~~~~~~~~~~~~~~ 10-07
16031478;18082055C;16015816;13070300213;16071977;27011772;282;523;620 ~~~~~~~~~~~~~~~~~~~~~~~~~~~~~~~~~~ 10-08
17031478;19082055C;17015816;14070300213;17071977;28011772;283;754;881;511;523;418 ~~~~~~~~~~~~~~~~~~~~~~ 10-09
18031478;20082055C;18015816;15070300213;18071977;29011772;284;750;523;620 ~~~~~~~~~~~~~~~~~~~~~~~~~~~~~~ 10-10
19031478;21082055C;19015816;16070300213;19071977;30011772;285;751;367;523;843 ~~~~~~~~~~~~~~~~~~~~~~~~~~ 10-11
20031478;22082055C;20015816;17070300213;20071977;01021772;286;791;368;523;620 ~~~~~~~~~~~~~~~~~~~~~~~~~~ 10-12
21031478;23082055C;21015816;18070300213;21071977;02021772;287;752;398;499;523;412 ~~~~~~~~~~~~~~~~~~~~~~ 10-13
22031478;24082055C;22015816;19070300213;22071977;03021772;288;753;867;524;620 ~~~~~~~~~~~~~~~~~~~~~~~~~~ 10-14
23031478;25082055C;23015816;00080300213;23071977;04021772;289;525;620 ~~~~~~~~~~~~~~~~~~~~~~~~~~~~~~~~~~ 10-15
24031478;26082055C;24015816;01080300213;24071977;05021772;290;758;911;620 ~~~~~~~~~~~~~~~~~~~~~~~~~~~~~~ 10-16
25031478;27082055C;25015816;02080300213;25071977;06021772;291;554;558;779;620 ~~~~~~~~~~~~~~~~~~~~~~~~~~ 10-17
26031478;28082055C;26015816;03080300213;26071977;07021772;292;755;780;784;785;418;620 ~~~~~~~~~~~~~~~~~~ 10-18
27031478;29082055C;27015816;04080300213;27071977;08021772;293;756;514;781;786;893;620;574 ~~~~~~~~~~~~~~ 10-19
28031478;01092055C;28015816;05080300213;28071977;09021772;294;757;792;380;782;787;784;412;620 ~~~~~~~~~~ 10-20
29031478;02092055C;29015816;06080300213;29071977;10021772;295;631;535;783;788;785 ~~~~~~~~~~~~~~~~~~~~~~ 10-21
30031478;03092055C;30015816;07080300213;30071977;11021772;296;369;786;620 ~~~~~~~~~~~~~~~~~~~~~~~~~~~~~~ 10-22
01041478;04092055C;01025816;08080300213;01081977;12021772;297;759;787 ~~~~~~~~~~~~~~~~~~~~~~~~~~~~~~~~~~ 10-23
02041478;05092055C;02025816;09080300213;02081977;13021772;298;620 ~~~~~~~~~~~~~~~~~~~~~~~~~~~~~~~~~~~~~~ 10-24
03041478;06092055C;03025816;10080300213;03081977;14021772;299;371;543;856;620 ~~~~~~~~~~~~~~~~~~~~~~~~~~ 10-25
04041478;07092055C;04025816;11080300213;04081977;15021772;300;431;620 ~~~~~~~~~~~~~~~~~~~~~~~~~~~~~~~~~~ 10-26
05041478;08092055C;05025816;12080300213;05081977;16021772;301;397;412;418 ~~~~~~~~~~~~~~~~~~~~~~~~~~~~~~ 10-27
06041478;09092055C;06025816;13080300213;06081977;17021772;302;563;620 ~~~~~~~~~~~~~~~~~~~~~~~~~~~~~~~~~~ 10-28
07041478;10092055C;07025816;14080300213;07081977;18021772;303;849;879;620 ~~~~~~~~~~~~~~~~~~~~~~~~~~~~~~ 10-29
08041478;11092055C;08025816;15080300213;08081977;19021772;304;620 ~~~~~~~~~~~~~~~~~~~~~~~~~~~~~~~~~~~~~~ 10-30
09041478;12092055C;09025816;16080300213;09081977;20021772;305;547 ~~~~~~~~~~~~~~~~~~~~~~~~~~~~~~~~~~~~~~ 10-31
10041478;13092055C;10025816;17080300213;10081977;21021772;306;760;513;934;621 ~~~~~~~~~~~~~~~~~~~~~~~~~~ 11-01
11041478;14092055C;11025816;18080300213;11081977;22021772;307 ~~~~~~~~~~~~~~~~~~~~~~~~~~~~~~~~~~~~~~~~~~ 11-02
12041478;15092055C;12025816;19080300213;12081977;23021772;308;761;621 ~~~~~~~~~~~~~~~~~~~~~~~~~~~~~~~~~~ 11-03
13041478;16092055C;13025816;00090300213;13081977;24021772;309;762;392;880 ~~~~~~~~~~~~~~~~~~~~~~~~~~~~~~ 11-04
14041478;17092055C;14025816;01090300213;14081977;25021772;310;621 ~~~~~~~~~~~~~~~~~~~~~~~~~~~~~~~~~~~~~~ 11-05
15041478;18092055C;15025816;02090300213;15081977;26021772;311;637;763 ~~~~~~~~~~~~~~~~~~~~~~~~~~~~~~~~~~ 11-06
16041478;19092055C;16025816;03090300213;16081977;27021772;312;621 ~~~~~~~~~~~~~~~~~~~~~~~~~~~~~~~~~~~~~~ 11-07
17041478;20092055C;17025816;04090300213;17081977;28021772;313 ~~~~~~~~~~~~~~~~~~~~~~~~~~~~~~~~~~~~~~~~~~ 11-08
18041478;21092055C;18025816;05090300213;18081977;29021772;314;621 ~~~~~~~~~~~~~~~~~~~~~~~~~~~~~~~~~~~~~~ 11-09
19041478;22092055C;19025816;06090300213;19081977;30021772;315;412 ~~~~~~~~~~~~~~~~~~~~~~~~~~~~~~~~~~~~~~ 11-10
20041478;23092055C;20025816;07090300213;20081977;01031772;316;764;398;621 ~~~~~~~~~~~~~~~~~~~~~~~~~~~~~~ 11-11
21041478;24092055C;21025816;08090300213;21081977;02031772;317;876 ~~~~~~~~~~~~~~~~~~~~~~~~~~~~~~~~~~~~~~ 11-12
22041478;25092055C;22025816;09090300213;22081977;03031772;318;621 ~~~~~~~~~~~~~~~~~~~~~~~~~~~~~~~~~~~~~~ 11-13
23041478;26092055C;23025816;10090300213;23081977;04031772;319 ~~~~~~~~~~~~~~~~~~~~~~~~~~~~~~~~~~~~~~~~~~ 11-14
24041478;27092055C;24025816;11090300213;24081977;05031772;320;936;621 ~~~~~~~~~~~~~~~~~~~~~~~~~~~~~~~~~~ 11-15
25041478;28092055C;25025816;12090300213;25081977;06031772;321 ~~~~~~~~~~~~~~~~~~~~~~~~~~~~~~~~~~~~~~~~~~ 11-16
26041478;29092055C;26025816;13090300213;26081977;07031772;322;514;412;621 ~~~~~~~~~~~~~~~~~~~~~~~~~~~~~~ 11-17
27041478;30092055C;27025816;14090300213;27081977;08031772;323;766;380;432 ~~~~~~~~~~~~~~~~~~~~~~~~~~~~~~ 11-18
28041478;01102055C;28025816;15090300213;28081977;09031772;324;621 ~~~~~~~~~~~~~~~~~~~~~~~~~~~~~~~~~~~~~~ 11-19
29041478;02102055C;29025816;16090300213;29081977;10031772;325;767 ~~~~~~~~~~~~~~~~~~~~~~~~~~~~~~~~~~~~~~ 11-20
01051478;03102055C;01035816;17090300213;30081977;11031772;326;765;621 ~~~~~~~~~~~~~~~~~~~~~~~~~~~~~~~~~~ 11-21
02051478;04102055C;02035816;18090300213;01091977;12031772;327;836;788 ~~~~~~~~~~~~~~~~~~~~~~~~~~~~~~~~~~ 11-22
03051478;05102055C;03035816;19090300213;02091977;13031772;328;944;418;621 ~~~~~~~~~~~~~~~~~~~~~~~~~~~~~~ 11-23
04051478;06102055C;04035816;00100300213;03091977;14031772;329;769;868 ~~~~~~~~~~~~~~~~~~~~~~~~~~~~~~~~~~ 11-24
05051478;07102055C;05035816;01100300213;04091977;15031772;330;440;397;621 ~~~~~~~~~~~~~~~~~~~~~~~~~~~~~~ 11-25
06051478;08102055C;06035816;02100300213;05091977;16031772;331;441 ~~~~~~~~~~~~~~~~~~~~~~~~~~~~~~~~~~~~~~ 11-26
07051478;09102055C;07035816;03100300213;06091977;17031772;332;770;768;621 ~~~~~~~~~~~~~~~~~~~~~~~~~~~~~~ 11-27
08051478;10102055C;08035816;04100300213;07091977;18031772;333;422;589 ~~~~~~~~~~~~~~~~~~~~~~~~~~~~~~~~~~ 11-28
09051478;11102055C;09035816;05100300213;08091977;19031772;334;442;369;513;557;890;621 ~~~~~~~~~~~~~~~~~~ 11-29
10051478;12102055C;10035816;06100300213;09091977;20031772;335;771;453 ~~~~~~~~~~~~~~~~~~~~~~~~~~~~~~~~~~ 11-30
11051478;13102055C;11035816;07100300213;10091977;21031772;336;772;412;622 ~~~~~~~~~~~~~~~~~~~~~~~~~~~~~~ 12-01
12051478;14102055C;12035816;08100300213;11091977;22031772;337;418 ~~~~~~~~~~~~~~~~~~~~~~~~~~~~~~~~~~~~~~ 12-02
13051478;15102055C;13035816;09100300213;12091977;23031772;338;596;774;395;370;545;622 ~~~~~~~~~~~~~~~~~~ 12-03
14051478;16102055C;14035816;10100300213;13091977;24031772;339;637;775;887 ~~~~~~~~~~~~~~~~~~~~~~~~~~~~~~ 12-04
15051478;17102055C;15035816;11100300213;14091977;25031772;340;590;622 ~~~~~~~~~~~~~~~~~~~~~~~~~~~~~~~~~~ 12-05
16051478;18102055C;16035816;12100300213;15091977;26031772;341;413 ~~~~~~~~~~~~~~~~~~~~~~~~~~~~~~~~~~~~~~ 12-06
17051478;19102055C;17035816;13100300213;16091977;27031772;342;773;622 ~~~~~~~~~~~~~~~~~~~~~~~~~~~~~~~~~~ 12-07
18051478;20102055C;18035816;14100300213;17091977;28031772;343 ~~~~~~~~~~~~~~~~~~~~~~~~~~~~~~~~~~~~~~~~~~ 12-08
19051478;21102055C;19035816;15100300213;18091977;29031772;344;622 ~~~~~~~~~~~~~~~~~~~~~~~~~~~~~~~~~~~~~~ 12-09
20051478;22102055C;20035816;16100300213;19091977;30031772;345 ~~~~~~~~~~~~~~~~~~~~~~~~~~~~~~~~~~~~~~~~~~ 12-10
21051478;23102055C;21035816;17100300213;20091977;01041772;346;776;398;418;622 ~~~~~~~~~~~~~~~~~~~~~~~~~~ 12-11
22051478;24102055C;22035816;18100300213;21091977;02041772;347;777;591 ~~~~~~~~~~~~~~~~~~~~~~~~~~~~~~~~~~ 12-12
23051478;25102055C;23035816;19100300213;22091977;03041772;348;622 ~~~~~~~~~~~~~~~~~~~~~~~~~~~~~~~~~~~~~~ 12-13
24051478;26102055C;24035816;00110300213;23091977;04041772;349;917 ~~~~~~~~~~~~~~~~~~~~~~~~~~~~~~~~~~~~~~ 12-14
25051478;27102055C;25035816;01110300213;24091977;05041772;350;514;516;622 ~~~~~~~~~~~~~~~~~~~~~~~~~~~~~~ 12-15
26051478;28102055C;26035816;02110300213;25091977;06041772;351;819;516 ~~~~~~~~~~~~~~~~~~~~~~~~~~~~~~~~~~ 12-16
27051478;29102055C;27035816;03110300213;26091977;07041772;352;778;516;622 ~~~~~~~~~~~~~~~~~~~~~~~~~~~~~~ 12-17
28051478;01112055C;28035816;04110300213;27091977;08041772;353;380;516 ~~~~~~~~~~~~~~~~~~~~~~~~~~~~~~~~~~ 12-18
29051478;02112055C;29035816;05110300213;28091977;09041772;354;592;516;622 ~~~~~~~~~~~~~~~~~~~~~~~~~~~~~~ 12-19
30051478;03112055C;30035816;06110300213;29091977;10041772;355;371;436;418 ~~~~~~~~~~~~~~~~~~~~~~~~~~~~~~ 12-20
01061478;04112055C;01045816;07110300213;30091977;11041772;356;466;516;622 ~~~~~~~~~~~~~~~~~~~~~~~~~~~~~~ 12-21
02061478;05112055C;02045816;08110300213;01101977;12041772;357;426;516 ~~~~~~~~~~~~~~~~~~~~~~~~~~~~~~~~~~ 12-22
03061478;06112055C;03045816;09110300213;02101977;13041772;358;465;516;622 ~~~~~~~~~~~~~~~~~~~~~~~~~~~~~~ 12-23
04061478;07112055C;04045816;10110300213;03101977;14041772;359 ~~~~~~~~~~~~~~~~~~~~~~~~~~~~~~~~~~~~~~~~~~ 12-24
05061478;08112055C;05045816;11110300213;04101977;15041772;360;397;622 ~~~~~~~~~~~~~~~~~~~~~~~~~~~~~~~~~~ 12-25
06061478;09112055C;06045816;12110300213;05101977;16041772;361 ~~~~~~~~~~~~~~~~~~~~~~~~~~~~~~~~~~~~~~~~~~ 12-26
07061478;10112055C;07045816;13110300213;06101977;17041772;362;399;513;622 ~~~~~~~~~~~~~~~~~~~~~~~~~~~~~~ 12-27
08061478;11112055C;08045816;14110300213;07101977;18041772;363 ~~~~~~~~~~~~~~~~~~~~~~~~~~~~~~~~~~~~~~~~~~ 12-28
09061478;12112055C;09045816;15110300213;08101977;19041772;364;905;622 ~~~~~~~~~~~~~~~~~~~~~~~~~~~~~~~~~~ 12-29
10061478;13112055C;10045816;16110300213;09101977;20041772;365 ~~~~~~~~~~~~~~~~~~~~~~~~~~~~~~~~~~~~~~~~~~ 12-30
11061478;14112055C;11045816;17110300213;10101977;21041772;366;622 ~~~~~~~~~~~~~~~~~~~~~~~~~~~~~~~~~~~~~~ 12-31
