22071448;24112026h;22245787;04041400013;11101948;23041743;001;611 ~~~~~~~~~~~~~~~~~~~~~~~~~~~~~~~~~~~~~~ 01-01
23071448;25112026h;23245787;05041400013;12101948;24041743;002;637 ~~~~~~~~~~~~~~~~~~~~~~~~~~~~~~~~~~~~~~ 01-02
24071448;26112026h;24245787;06041400013;13101948;25041743;003;372;867;917 ~~~~~~~~~~~~~~~~~~~~~~~~~~~~~~ 01-03
25071448;27112026h;25245787;07041400013;14101948;26041743;004;611 ~~~~~~~~~~~~~~~~~~~~~~~~~~~~~~~~~~~~~~ 01-04
26071448;28112026h;26245787;08041400013;15101948;27041743;005;403 ~~~~~~~~~~~~~~~~~~~~~~~~~~~~~~~~~~~~~~ 01-05
27071448;29112026h;27245787;09041400013;16101948;28041743;006;376;509 ~~~~~~~~~~~~~~~~~~~~~~~~~~~~~~~~~~ 01-06
28071448;30112026h;28245787;10041400013;17101948;29041743;007;380;513 ~~~~~~~~~~~~~~~~~~~~~~~~~~~~~~~~~~ 01-07
29071448;01122026h;29245787;11041400013;18101948;30041743;008;378;611 ~~~~~~~~~~~~~~~~~~~~~~~~~~~~~~~~~~ 01-08
30071448;02122026h;01255787;12041400013;19101948;01051743;009;626;403;415 ~~~~~~~~~~~~~~~~~~~~~~~~~~~~~~ 01-09
01081448;03122026h;02255787;13041400013;20101948;02051743;010;627;405 ~~~~~~~~~~~~~~~~~~~~~~~~~~~~~~~~~~ 01-10
02081448;04122026h;03255787;14041400013;21101948;03051743;011;628 ~~~~~~~~~~~~~~~~~~~~~~~~~~~~~~~~~~~~~~ 01-11
03081448;05122026h;04255787;15041400013;22101948;04051743;012;629;611 ~~~~~~~~~~~~~~~~~~~~~~~~~~~~~~~~~~ 01-12
04081448;06122026h;05255787;16041400013;23101948;05051743;013;403 ~~~~~~~~~~~~~~~~~~~~~~~~~~~~~~~~~~~~~~ 01-13
05081448;07122026h;06255787;17041400013;24101948;06051743;014;611 ~~~~~~~~~~~~~~~~~~~~~~~~~~~~~~~~~~~~~~ 01-14
06081448;08122026h;07255787;18041400013;25101948;07051743;015;397;406 ~~~~~~~~~~~~~~~~~~~~~~~~~~~~~~~~~~ 01-15
07081448;09122026h;08255787;19041400013;26101948;08051743;016;630;611 ~~~~~~~~~~~~~~~~~~~~~~~~~~~~~~~~~~ 01-16
08081448;10122026h;09255787;00051400013;27101948;09051743;017;625;403 ~~~~~~~~~~~~~~~~~~~~~~~~~~~~~~~~~~ 01-17
09081448;11122026h;10255787;01051400013;28101948;10051743;018;492;905 ~~~~~~~~~~~~~~~~~~~~~~~~~~~~~~~~~~ 01-18
10081448;12122026h;11255787;02051400013;29101948;11051743;019;554 ~~~~~~~~~~~~~~~~~~~~~~~~~~~~~~~~~~~~~~ 01-19
11081448;13122026h;12255787;03051400013;30101948;12051743;020;611 ~~~~~~~~~~~~~~~~~~~~~~~~~~~~~~~~~~~~~~ 01-20
12081448;14122026h;13255787;04051400013;01111948;13051743;021;631;514;403 ~~~~~~~~~~~~~~~~~~~~~~~~~~~~~~ 01-21
13081448;15122026h;14255787;05051400013;02111948;14051743;022;381;904 ~~~~~~~~~~~~~~~~~~~~~~~~~~~~~~~~~~ 01-22
14081448;16122026h;15255787;06051400013;03111948;15051743;023;512;611 ~~~~~~~~~~~~~~~~~~~~~~~~~~~~~~~~~~ 01-23
15081448;17122026h;16255787;07051400013;04111948;16051743;024;611 ~~~~~~~~~~~~~~~~~~~~~~~~~~~~~~~~~~~~~~ 01-24
16081448;18122026h;17255787;08051400013;05111948;17051743;025;636;916;403;409 ~~~~~~~~~~~~~~~~~~~~~~~~~~ 01-25
17081448;19122026h;18255787;09051400013;06111948;18051743;026;580 ~~~~~~~~~~~~~~~~~~~~~~~~~~~~~~~~~~~~~~ 01-26
18081448;20122026h;19255787;10051400013;07111948;19051743;027;632 ~~~~~~~~~~~~~~~~~~~~~~~~~~~~~~~~~~~~~~ 01-27
19081448;21122026h;20255787;11051400013;08111948;20051743;028;611 ~~~~~~~~~~~~~~~~~~~~~~~~~~~~~~~~~~~~~~ 01-28
20081448;22122026h;21255787;12051400013;09111948;21051743;029;633;398 ~~~~~~~~~~~~~~~~~~~~~~~~~~~~~~~~~~ 01-29
21081448;23122026h;22255787;13051400013;10111948;22051743;030;634 ~~~~~~~~~~~~~~~~~~~~~~~~~~~~~~~~~~~~~~ 01-30
22081448;24122026h;23255787;14051400013;11111948;23051743;031;635 ~~~~~~~~~~~~~~~~~~~~~~~~~~~~~~~~~~~~~~ 01-31
23081448;25122026h;24255787;14051400013;12111948;24051743;032;612 ~~~~~~~~~~~~~~~~~~~~~~~~~~~~~~~~~~~~~~ 02-01
24081448;26122026h;25255787;15051400013;13111948;25051743;033;923;403 ~~~~~~~~~~~~~~~~~~~~~~~~~~~~~~~~~~ 02-02
25081448;27122026h;26255787;16051400013;14111948;26051743;034;436;513;612 ~~~~~~~~~~~~~~~~~~~~~~~~~~~~~~ 02-03
26081448;28122026h;27255787;17051400013;15111948;27051743;035;638 ~~~~~~~~~~~~~~~~~~~~~~~~~~~~~~~~~~~~~~ 02-04
27081448;29122026h;28255787;18051400013;16111948;28051743;036;596;639;612 ~~~~~~~~~~~~~~~~~~~~~~~~~~~~~~ 02-05
28081448;01012027i;29255787;19051400013;17111948;29051743;037;637;640;380;433;888;932;950;479;490;409 ~~ 02-06
29081448;02012027i;30255787;00061400013;18111948;30051743;038;566;479;490 ~~~~~~~~~~~~~~~~~~~~~~~~~~~~~~ 02-07
01091448;03012027i;01265787;01061400013;19111948;01061743;039;641;416;504;566 ~~~~~~~~~~~~~~~~~~~~~~~~~~ 02-08
02091448;04012027i;02265787;02061400013;20111948;02061743;040;443;399;566;406;612 ~~~~~~~~~~~~~~~~~~~~~~ 02-09
03091448;05012027i;03265787;03061400013;21111948;03061743;041;444;566;403;505 ~~~~~~~~~~~~~~~~~~~~~~~~~~ 02-10
04091448;06012027i;04265787;04061400013;22111948;04061743;042;642;457;940 ~~~~~~~~~~~~~~~~~~~~~~~~~~~~~~ 02-11
05091448;07012027i;05265787;05061400013;23111948;05061743;043;400;409;612 ~~~~~~~~~~~~~~~~~~~~~~~~~~~~~~ 02-12
06091448;08012027i;06265787;06061400013;24111948;06061743;044;643;397;914 ~~~~~~~~~~~~~~~~~~~~~~~~~~~~~~ 02-13
07091448;09012027i;07265787;07061400013;25111948;07061743;045;536;403;406;505;581 ~~~~~~~~~~~~~~~~~~~~~~ 02-14
08091448;10012027i;08265787;08061400013;26111948;08061743;046;450;400;612 ~~~~~~~~~~~~~~~~~~~~~~~~~~~~~~ 02-15
09091448;11012027i;09265787;09061400013;27111948;09061743;047;612 ~~~~~~~~~~~~~~~~~~~~~~~~~~~~~~~~~~~~~~ 02-16
10091448;12012027i;10265787;10061400013;28111948;10061743;048;873;854;612 ~~~~~~~~~~~~~~~~~~~~~~~~~~~~~~ 02-17
11091448;13012027i;11265787;11061400013;29111948;11061743;049;644;854;400;403;409;505 ~~~~~~~~~~~~~~~~~~ 02-18
12091448;14012027i;12265787;12061400013;30111948;12061743;050;645;514;857;612 ~~~~~~~~~~~~~~~~~~~~~~~~~~ 02-19
13091448;15012027i;13265787;13061400013;01121948;13061743;051;382;858;884;948 ~~~~~~~~~~~~~~~~~~~~~~~~~~ 02-20
14091448;16012027i;14265787;14061400013;02121948;14061743;052;542;612 ~~~~~~~~~~~~~~~~~~~~~~~~~~~~~~~~~~ 02-21
15091448;17012027i;15265787;15061400013;03121948;15061743;053;403 ~~~~~~~~~~~~~~~~~~~~~~~~~~~~~~~~~~~~~~ 02-22
16091448;18012027i;16265787;16061400013;04121948;16061743;054;646;612 ~~~~~~~~~~~~~~~~~~~~~~~~~~~~~~~~~~ 02-23
17091448;19012027i;17265787;17061400013;05121948;17061743;055;409 ~~~~~~~~~~~~~~~~~~~~~~~~~~~~~~~~~~~~~~ 02-24
18091448;20012027i;18265787;18061400013;06121948;18061743;056;647;648;612 ~~~~~~~~~~~~~~~~~~~~~~~~~~~~~~ 02-25
19091448;21012027i;19265787;19061400013;07121948;19061743;057;649;505 ~~~~~~~~~~~~~~~~~~~~~~~~~~~~~~~~~~ 02-26
20091448;22012027i;20265787;00071400013;08121948;20061743;058;398;400 ~~~~~~~~~~~~~~~~~~~~~~~~~~~~~~~~~~ 02-27
21091448;23012027i;21265787;01071400013;09121948;21061743;059;650;612 ~~~~~~~~~~~~~~~~~~~~~~~~~~~~~~~~~~ 02-28
22091448;24012027i;22265787;05071400013;10121948;22061743;061;793;406;613 ~~~~~~~~~~~~~~~~~~~~~~~~~~~~~~ 03-01
23091448;25012027i;23265787;06071400013;11121948;23061743;062;400;403 ~~~~~~~~~~~~~~~~~~~~~~~~~~~~~~~~~~ 03-02
24091448;26012027i;24265787;07071400013;12121948;24061743;063;401;513;613 ~~~~~~~~~~~~~~~~~~~~~~~~~~~~~~ 03-03
25091448;27012027i;25265787;08071400013;13121948;25061743;064;653;943 ~~~~~~~~~~~~~~~~~~~~~~~~~~~~~~~~~~ 03-04
26091448;28012027i;26265787;09071400013;14121948;26061743;065;654;507;855;613 ~~~~~~~~~~~~~~~~~~~~~~~~~~ 03-05
27091448;29012027i;27265787;10071400013;15121948;27061743;066;637;886;508;406 ~~~~~~~~~~~~~~~~~~~~~~~~~~ 03-06
28091448;30012027i;28265787;11071400013;16121948;28061743;067;655;834;613 ~~~~~~~~~~~~~~~~~~~~~~~~~~~~~~ 03-07
29091448;01022027i;29265787;12071400013;17121948;29061743;068;380;928 ~~~~~~~~~~~~~~~~~~~~~~~~~~~~~~~~~~ 03-08
30091448;02022027i;30265787;13071400013;18121948;30061743;069;506;613 ~~~~~~~~~~~~~~~~~~~~~~~~~~~~~~~~~~ 03-09
01101448;03022027i;01275787;14071400013;19121948;01071743;070;502;403 ~~~~~~~~~~~~~~~~~~~~~~~~~~~~~~~~~~ 03-10
02101448;04022027i;02275787;15071400013;20121948;02071743;071;656;406 ~~~~~~~~~~~~~~~~~~~~~~~~~~~~~~~~~~ 03-11
03101448;05022027i;03275787;16071400013;21121948;03071743;072;613 ~~~~~~~~~~~~~~~~~~~~~~~~~~~~~~~~~~~~~~ 03-12
04101448;06022027i;04275787;17071400013;22121948;04071743;073;613 ~~~~~~~~~~~~~~~~~~~~~~~~~~~~~~~~~~~~~~ 03-13
05101448;07022027i;05275787;18071400013;23121948;05071743;074;403;409 ~~~~~~~~~~~~~~~~~~~~~~~~~~~~~~~~~~ 03-14
06101448;08022027i;06275787;19071400013;24121948;06071743;075;397;613 ~~~~~~~~~~~~~~~~~~~~~~~~~~~~~~~~~~ 03-15
07101448;09022027i;07275787;00081400013;25121948;07071743;076;657 ~~~~~~~~~~~~~~~~~~~~~~~~~~~~~~~~~~~~~~ 03-16
08101448;10022027i;08275787;01081400013;26121948;08071743;077;437;613 ~~~~~~~~~~~~~~~~~~~~~~~~~~~~~~~~~~ 03-17
09101448;11022027i;09275787;02081400013;27121948;09071743;078;658;517 ~~~~~~~~~~~~~~~~~~~~~~~~~~~~~~~~~~ 03-18
10101448;12022027i;10275787;03081400013;28121948;10071743;079;514;613 ~~~~~~~~~~~~~~~~~~~~~~~~~~~~~~~~~~ 03-19
11101448;13022027i;11275787;04081400013;29121948;11071743;080;466 ~~~~~~~~~~~~~~~~~~~~~~~~~~~~~~~~~~~~~~ 03-20
12101448;14022027i;12275787;05081400013;30121948;12071743;081;493;544;623;424;406;613 ~~~~~~~~~~~~~~~~~~ 03-21
13101448;15022027i;13275787;06081400013;01011949;13071743;082;383;432;598;906;459;851;403 ~~~~~~~~~~~~~~ 03-22
14101448;16022027i;14275787;07081400013;02011949;14071743;083;659;562;519;613 ~~~~~~~~~~~~~~~~~~~~~~~~~~ 03-23
15101448;17022027i;15275787;08081400013;03011949;15071743;084;562 ~~~~~~~~~~~~~~~~~~~~~~~~~~~~~~~~~~~~~~ 03-24
16101448;18022027i;16275787;09081400013;04011949;16071743;085;562;613 ~~~~~~~~~~~~~~~~~~~~~~~~~~~~~~~~~~ 03-25
17101448;19022027i;17275787;10081400013;05011949;17071743;086;445;403;406 ~~~~~~~~~~~~~~~~~~~~~~~~~~~~~~ 03-26
18101448;20022027i;18275787;11081400013;06011949;18071743;087;446;613 ~~~~~~~~~~~~~~~~~~~~~~~~~~~~~~~~~~ 03-27
19101448;21022027i;19275787;12081400013;07011949;19071743;088;447 ~~~~~~~~~~~~~~~~~~~~~~~~~~~~~~~~~~~~~~ 03-28
20101448;22022027i;20275787;13081400013;08011949;20071743;089;448;652;398;613 ~~~~~~~~~~~~~~~~~~~~~~~~~~ 03-29
21101448;23022027i;21275787;14081400013;09011949;21071743;090;533;924;852;403 ~~~~~~~~~~~~~~~~~~~~~~~~~~ 03-30
22101448;24022027i;22275787;15081400013;10011949;22071743;091;660;513;613 ~~~~~~~~~~~~~~~~~~~~~~~~~~~~~~ 03-31
23101448;25022027i;23275787;16081400013;11011949;23071743;092;407;409 ~~~~~~~~~~~~~~~~~~~~~~~~~~~~~~~~~~ 04-01
24101448;26022027i;24275787;17081400013;12011949;24071743;093;900;614 ~~~~~~~~~~~~~~~~~~~~~~~~~~~~~~~~~~ 04-02
25101448;27022027i;25275787;18081400013;13011949;25071743;094;637;661;403 ~~~~~~~~~~~~~~~~~~~~~~~~~~~~~~ 04-03
26101448;28022027i;26275787;19081400013;14011949;26071743;095;662;614 ~~~~~~~~~~~~~~~~~~~~~~~~~~~~~~~~~~ 04-04
27101448;29022027i;27275787;00091400013;15011949;27071743;096;571;651 ~~~~~~~~~~~~~~~~~~~~~~~~~~~~~~~~~~ 04-05
28101448;30022027i;28275787;01091400013;16011949;28071743;097;380;651;614 ~~~~~~~~~~~~~~~~~~~~~~~~~~~~~~ 04-06
29101448;01032027i;29275787;02091400013;17011949;29071743;098;663;538;651;559;935;403;409 ~~~~~~~~~~~~~~ 04-07
01111448;02032027i;01285787;03091400013;18011949;30071743;099;651;614 ~~~~~~~~~~~~~~~~~~~~~~~~~~~~~~~~~~ 04-08
02111448;03032027i;02285787;04091400013;19011949;01081743;100;555;651;577 ~~~~~~~~~~~~~~~~~~~~~~~~~~~~~~ 04-09
03111448;04032027i;03285787;05091400013;20011949;02081743;101;614;651 ~~~~~~~~~~~~~~~~~~~~~~~~~~~~~~~~~~ 04-10
04111448;05032027i;04285787;06091400013;21011949;03081743;102;821;403;614 ~~~~~~~~~~~~~~~~~~~~~~~~~~~~~~ 04-11
05111448;06032027i;05285787;07091400013;22011949;04081743;103;945;614 ~~~~~~~~~~~~~~~~~~~~~~~~~~~~~~~~~~ 04-12
06111448;07032027i;06285787;08091400013;23011949;05081743;104;397;410 ~~~~~~~~~~~~~~~~~~~~~~~~~~~~~~~~~~ 04-13
07111448;08032027i;07285787;09091400013;24011949;06081743;105;514;614 ~~~~~~~~~~~~~~~~~~~~~~~~~~~~~~~~~~ 04-14
08111448;09032027i;08285787;10091400013;25011949;07081743;106;631;664;576;933;403 ~~~~~~~~~~~~~~~~~~~~~~ 04-15
09111448;10032027i;09285787;11091400013;26011949;08081743;107;665;614 ~~~~~~~~~~~~~~~~~~~~~~~~~~~~~~~~~~ 04-16
10111448;11032027i;10285787;12091400013;27011949;09081743;108;666;864;877 ~~~~~~~~~~~~~~~~~~~~~~~~~~~~~~ 04-17
11111448;12032027i;11285787;13091400013;28011949;10081743;109;614 ~~~~~~~~~~~~~~~~~~~~~~~~~~~~~~~~~~~~~~ 04-18
12111448;13032027i;12285787;14091400013;29011949;11081743;110;794;403 ~~~~~~~~~~~~~~~~~~~~~~~~~~~~~~~~~~ 04-19
13111448;14032027i;13285787;15091400013;30011949;12081743;111;384;539;575;614 ~~~~~~~~~~~~~~~~~~~~~~~~~~ 04-20
14111448;15032027i;14285787;16091400013;01021949;13081743;112;614 ~~~~~~~~~~~~~~~~~~~~~~~~~~~~~~~~~~~~~~ 04-21
15111448;16032027i;15285787;17091400013;02021949;14081743;113;667;515;614 ~~~~~~~~~~~~~~~~~~~~~~~~~~~~~~ 04-22
16111448;17032027i;16285787;18091400013;03021949;15081743;114;403 ~~~~~~~~~~~~~~~~~~~~~~~~~~~~~~~~~~~~~~ 04-23
17111448;18032027i;17285787;19091400013;04021949;16081743;115;668;833;614 ~~~~~~~~~~~~~~~~~~~~~~~~~~~~~~ 04-24
18111448;19032027i;18285787;00101400013;05021949;17081743;116;669 ~~~~~~~~~~~~~~~~~~~~~~~~~~~~~~~~~~~~~~ 04-25
19111448;20032027i;19285787;01101400013;06021949;18081743;117;614 ~~~~~~~~~~~~~~~~~~~~~~~~~~~~~~~~~~~~~~ 04-26
20111448;21032027i;20285787;02101400013;07021949;19081743;118;513 ~~~~~~~~~~~~~~~~~~~~~~~~~~~~~~~~~~~~~~ 04-27
21111448;22032027i;21285787;03101400013;08021949;20081743;119;670;398;614 ~~~~~~~~~~~~~~~~~~~~~~~~~~~~~~ 04-28
22111448;23032027i;22285787;04101400013;09021949;21081743;120;614 ~~~~~~~~~~~~~~~~~~~~~~~~~~~~~~~~~~~~~~ 04-29
23111448;24032027i;23285787;05101400013;10021949;22081743;121;671 ~~~~~~~~~~~~~~~~~~~~~~~~~~~~~~~~~~~~~~ 04-30
24111448;25032027i;24285787;06101400013;11021949;23081743;122;637;672;615 ~~~~~~~~~~~~~~~~~~~~~~~~~~~~~~ 05-01
25111448;26032027i;25285787;07101400013;12021949;24081743;123;673;939;624 ~~~~~~~~~~~~~~~~~~~~~~~~~~~~~~ 05-02
26111448;27032027i;26285787;08101400013;13021949;25081743;124;674;526;624;615 ~~~~~~~~~~~~~~~~~~~~~~~~~~ 05-03
27111448;28032027i;27285787;09101400013;14021949;26081743;125;675;624 ~~~~~~~~~~~~~~~~~~~~~~~~~~~~~~~~~~ 05-04
28111448;29032027i;28285787;10101400013;15021949;27081743;126;676;433;624;403;615 ~~~~~~~~~~~~~~~~~~~~~~ 05-05
29111448;01042027i;29285787;11101400013;16021949;28081743;127;494;677;380;624 ~~~~~~~~~~~~~~~~~~~~~~~~~~ 05-06
30111448;02042027i;30285787;12101400013;17021949;29081743;128;679;678;624;615 ~~~~~~~~~~~~~~~~~~~~~~~~~~ 05-07
01121448;03042027i;01295787;13101400013;18021949;30081743;129;681;680;420;835;902;624 ~~~~~~~~~~~~~~~~~~ 05-08
02121448;04042027i;02295787;14101400013;19021949;01091743;130;451;510;514;403 ~~~~~~~~~~~~~~~~~~~~~~~~~~ 05-09
03121448;05042027i;03295787;15101400013;20021949;02091743;131;682;615 ~~~~~~~~~~~~~~~~~~~~~~~~~~~~~~~~~~ 05-10
04121448;06042027i;04295787;16101400013;21021949;03091743;132;824;528;615 ~~~~~~~~~~~~~~~~~~~~~~~~~~~~~~ 05-11
05121448;07042027i;05295787;17101400013;22021949;04091743;133;683;397;553;529;615 ~~~~~~~~~~~~~~~~~~~~~~ 05-12
06121448;08042027i;06295787;18101400013;23021949;05091743;134;403;615 ~~~~~~~~~~~~~~~~~~~~~~~~~~~~~~~~~~ 05-13
07121448;09042027i;07295787;19101400013;24021949;06091743;135;830;927 ~~~~~~~~~~~~~~~~~~~~~~~~~~~~~~~~~~ 05-14
08121448;10042027i;08295787;00111400013;25021949;07091743;136;687;568;615 ~~~~~~~~~~~~~~~~~~~~~~~~~~~~~~ 05-15
09121448;11042027i;09295787;01111400013;26021949;08091743;137;449;684;889;501;568 ~~~~~~~~~~~~~~~~~~~~~~ 05-16
10121448;12042027i;10295787;02111400013;27021949;09091743;138;500;615 ~~~~~~~~~~~~~~~~~~~~~~~~~~~~~~~~~~ 05-17
11121448;13042027i;11295787;03111400013;28021949;10091743;139;894;500 ~~~~~~~~~~~~~~~~~~~~~~~~~~~~~~~~~~ 05-18
12121448;14042027i;12295787;04111400013;29021949;11091743;140;685;615 ~~~~~~~~~~~~~~~~~~~~~~~~~~~~~~~~~~ 05-19
13121448;15042027i;13295787;05111400013;30021949;12091743;141;797;385;537;937;500 ~~~~~~~~~~~~~~~~~~~~~~ 05-20
14121448;16042027i;14295787;06111400013;31021949;13091743;142;686;892;500;573;403;615 ~~~~~~~~~~~~~~~~~~ 05-21
15121448;17042027i;15295787;07111400013;01031949;14091743;143;573;615 ~~~~~~~~~~~~~~~~~~~~~~~~~~~~~~~~~~ 05-22
16121448;18042027i;16295787;08111400013;02031949;15091743;144;798;573 ~~~~~~~~~~~~~~~~~~~~~~~~~~~~~~~~~~ 05-23
17121448;19042027i;17295787;09111400013;03031949;16091743;145;789;615 ~~~~~~~~~~~~~~~~~~~~~~~~~~~~~~~~~~ 05-24
18121448;20042027i;18295787;10111400013;04031949;17091743;146;513;841;518;403;615 ~~~~~~~~~~~~~~~~~~~~~~ 05-25
19121448;21042027i;19295787;11111400013;05031949;18091743;147;688;615 ~~~~~~~~~~~~~~~~~~~~~~~~~~~~~~~~~~ 05-26
20121448;22042027i;20295787;12111400013;06031949;19091743;148;615 ~~~~~~~~~~~~~~~~~~~~~~~~~~~~~~~~~~~~~~ 05-27
21121448;23042027i;21295787;13111400013;07031949;20091743;149;689;398;436;421 ~~~~~~~~~~~~~~~~~~~~~~~~~~ 05-28
22121448;24042027i;22295787;14111400013;08031949;21091743;150;439;403 ~~~~~~~~~~~~~~~~~~~~~~~~~~~~~~~~~~ 05-29
23121448;25042027i;23295787;15111400013;09031949;22091743;151;439;615 ~~~~~~~~~~~~~~~~~~~~~~~~~~~~~~~~~~ 05-30
24121448;26042027i;24295787;16111400013;10031949;23091743;152;438;842 ~~~~~~~~~~~~~~~~~~~~~~~~~~~~~~~~~~ 05-31
25121448;27042027i;25295787;17111400013;11031949;24091743;153;530;616 ~~~~~~~~~~~~~~~~~~~~~~~~~~~~~~~~~~ 06-01
26121448;28042027i;26295787;18111400013;12031949;25091743;154;691;694 ~~~~~~~~~~~~~~~~~~~~~~~~~~~~~~~~~~ 06-02
27121448;29042027i;27295787;19111400013;13031949;26091743;155;616 ~~~~~~~~~~~~~~~~~~~~~~~~~~~~~~~~~~~~~~ 06-03
28121448;30042027i;28295787;00121400013;14031949;27091743;156;692;380;921;942 ~~~~~~~~~~~~~~~~~~~~~~~~~~ 06-04
29121448;01052027i;29295787;01121400013;15031949;28091743;157;637;693;616 ~~~~~~~~~~~~~~~~~~~~~~~~~~~~~~ 06-05
01011449;02052027i;01305787;02121400013;16031949;29091743;158;690;514;495;403 ~~~~~~~~~~~~~~~~~~~~~~~~~~ 06-06
02011449;03052027i;02305787;03121400013;17031949;30091743;159;616;605 ~~~~~~~~~~~~~~~~~~~~~~~~~~~~~~~~~~ 06-07
03011449;04052027i;03305787;04121400013;18031949;01101743;160;696;496 ~~~~~~~~~~~~~~~~~~~~~~~~~~~~~~~~~~ 06-08
04011449;05052027i;04305787;05121400013;19031949;02101743;161;564;616 ~~~~~~~~~~~~~~~~~~~~~~~~~~~~~~~~~~ 06-09
05011449;06052027i;05305787;06121400013;20031949;03101743;162;399;403;496 ~~~~~~~~~~~~~~~~~~~~~~~~~~~~~~ 06-10
06011449;07052027i;06305787;07121400013;21031949;04101743;163;596;397;522;569;616 ~~~~~~~~~~~~~~~~~~~~~~ 06-11
07011449;08052027i;07305787;08121400013;22031949;05101743;164;697;799;569 ~~~~~~~~~~~~~~~~~~~~~~~~~~~~~~ 06-12
08011449;09052027i;08305787;09121400013;23031949;06101743;165;695;552;836;400;616 ~~~~~~~~~~~~~~~~~~~~~~ 06-13
09011449;10052027i;09305787;10121400013;24031949;07101743;166;896;403;496 ~~~~~~~~~~~~~~~~~~~~~~~~~~~~~~ 06-14
10011449;11052027i;10305787;11121400013;25031949;08101743;167;498;616 ~~~~~~~~~~~~~~~~~~~~~~~~~~~~~~~~~~ 06-15
11011449;12052027i;11305787;12121400013;26031949;09101743;168;400 ~~~~~~~~~~~~~~~~~~~~~~~~~~~~~~~~~~~~~~ 06-16
12011449;13052027i;12305787;13121400013;27031949;10101743;169;698;421;616 ~~~~~~~~~~~~~~~~~~~~~~~~~~~~~~ 06-17
13011449;14052027i;13305787;14121400013;28031949;11101743;170;701;699;386;432;874;941;700;403;496 ~~~~~~ 06-18
14011449;15052027i;14305787;15121400013;29031949;12101743;171;400;616 ~~~~~~~~~~~~~~~~~~~~~~~~~~~~~~~~~~ 06-19
15011449;16052027i;15305787;16121400013;30031949;13101743;172;452;452;460 ~~~~~~~~~~~~~~~~~~~~~~~~~~~~~~ 06-20
16011449;17052027i;16305787;17121400013;31031949;14101743;173;425;616 ~~~~~~~~~~~~~~~~~~~~~~~~~~~~~~~~~~ 06-21
17011449;18052027i;17305787;18121400013;01041949;15101743;174;513;461;400 ~~~~~~~~~~~~~~~~~~~~~~~~~~~~~~ 06-22
18011449;19052027i;18305787;19121400013;02041949;16101743;175;616 ~~~~~~~~~~~~~~~~~~~~~~~~~~~~~~~~~~~~~~ 06-23
19011449;20052027i;19305787;00131400013;03041949;17101743;176;616 ~~~~~~~~~~~~~~~~~~~~~~~~~~~~~~~~~~~~~~ 06-24
20011449;21052027i;20305787;01131400013;04041949;18101743;177;703;578;400;616 ~~~~~~~~~~~~~~~~~~~~~~~~~~ 06-25
21011449;22052027i;21305787;02131400013;05041949;19101743;178;702;398;403;496 ~~~~~~~~~~~~~~~~~~~~~~~~~~ 06-26
22011449;23052027i;22305787;03131400013;06041949;20101743;179;421;616 ~~~~~~~~~~~~~~~~~~~~~~~~~~~~~~~~~~ 06-27
23011449;24052027i;23305787;04131400013;07041949;21101743;180;400;496 ~~~~~~~~~~~~~~~~~~~~~~~~~~~~~~~~~~ 06-28
24011449;25052027i;24305787;05131400013;08041949;22101743;181;616 ~~~~~~~~~~~~~~~~~~~~~~~~~~~~~~~~~~~~~~ 06-29
25011449;26052027i;25305787;06131400013;09041949;23101743;182;704;946 ~~~~~~~~~~~~~~~~~~~~~~~~~~~~~~~~~~ 06-30
26011449;27052027i;26305787;07131400013;10041949;24101743;183;400;617 ~~~~~~~~~~~~~~~~~~~~~~~~~~~~~~~~~~ 07-01
27011449;28052027i;27305787;08131400013;11041949;25101743;184;565 ~~~~~~~~~~~~~~~~~~~~~~~~~~~~~~~~~~~~~~ 07-02
28011449;29052027i;28305787;09131400013;12041949;26101743;185;637;705;840;380;565 ~~~~~~~~~~~~~~~~~~~~~~ 07-03
29011449;01062027i;29305787;10131400013;13041949;27101743;186;795;401;514 ~~~~~~~~~~~~~~~~~~~~~~~~~~~~~~ 07-04
30011449;02062027i;30305787;11131400013;14041949;28101743;187;373;870;497;617 ~~~~~~~~~~~~~~~~~~~~~~~~~~ 07-05
01021449;03062027i;01315787;12131400013;15041949;29101743;188;617 ~~~~~~~~~~~~~~~~~~~~~~~~~~~~~~~~~~~~~~ 07-06
02021449;04062027i;02315787;13131400013;16041949;30101743;189;617 ~~~~~~~~~~~~~~~~~~~~~~~~~~~~~~~~~~~~~~ 07-07
03021449;05062027i;03315787;14131400013;17041949;01111743;190;403 ~~~~~~~~~~~~~~~~~~~~~~~~~~~~~~~~~~~~~~ 07-08
04021449;06062027i;04315787;15131400013;18041949;02111743;191;417;617 ~~~~~~~~~~~~~~~~~~~~~~~~~~~~~~~~~~ 07-09
05021449;07062027i;05315787;16131400013;19041949;03111743;192;706;397 ~~~~~~~~~~~~~~~~~~~~~~~~~~~~~~~~~~ 07-10
06021449;08062027i;06315787;17131400013;20041949;04111743;193;617 ~~~~~~~~~~~~~~~~~~~~~~~~~~~~~~~~~~~~~~ 07-11
07021449;09062027i;07315787;18131400013;21041949;05111743;194;707;403 ~~~~~~~~~~~~~~~~~~~~~~~~~~~~~~~~~~ 07-12
08021449;10062027i;08315787;19131400013;22041949;06111743;195;617 ~~~~~~~~~~~~~~~~~~~~~~~~~~~~~~~~~~~~~~ 07-13
09021449;11062027i;09315787;00141400013;23041949;07111743;196;546 ~~~~~~~~~~~~~~~~~~~~~~~~~~~~~~~~~~~~~~ 07-14
10021449;12062027i;10315787;01141400013;24041949;08111743;197;631;617 ~~~~~~~~~~~~~~~~~~~~~~~~~~~~~~~~~~ 07-15
11021449;13062027i;11315787;02141400013;25041949;09111743;198;437;403 ~~~~~~~~~~~~~~~~~~~~~~~~~~~~~~~~~~ 07-16
12021449;14062027i;12315787;03141400013;26041949;10111743;199;708;617 ~~~~~~~~~~~~~~~~~~~~~~~~~~~~~~~~~~ 07-17
13021449;15062027i;13315787;04141400013;27041949;11111743;200;709;387;379;531;561;948 ~~~~~~~~~~~~~~~~~~ 07-18
14021449;16062027i;14315787;05141400013;28041949;12111743;201;710;513;617 ~~~~~~~~~~~~~~~~~~~~~~~~~~~~~~ 07-19
15021449;17062027i;15315787;06141400013;29041949;13111743;202;617 ~~~~~~~~~~~~~~~~~~~~~~~~~~~~~~~~~~~~~~ 07-20
16021449;18062027i;16315787;07141400013;30041949;14111743;203;711 ~~~~~~~~~~~~~~~~~~~~~~~~~~~~~~~~~~~~~~ 07-21
17021449;19062027i;17315787;08141400013;31041949;15111743;204;712 ~~~~~~~~~~~~~~~~~~~~~~~~~~~~~~~~~~~~~~ 07-22
18021449;20062027i;18315787;09141400013;01051949;16111743;205;617 ~~~~~~~~~~~~~~~~~~~~~~~~~~~~~~~~~~~~~~ 07-23
19021449;21062027i;19315787;10141400013;02051949;17111743;206;713;403 ~~~~~~~~~~~~~~~~~~~~~~~~~~~~~~~~~~ 07-24
20021449;22062027i;20315787;11141400013;03051949;18111743;207;714;801;844;617 ~~~~~~~~~~~~~~~~~~~~~~~~~~ 07-25
21021449;23062027i;21315787;12141400013;04051949;19111743;208;398 ~~~~~~~~~~~~~~~~~~~~~~~~~~~~~~~~~~~~~~ 07-26
22021449;24062027i;22315787;13141400013;05051949;20111743;209;418;617 ~~~~~~~~~~~~~~~~~~~~~~~~~~~~~~~~~~ 07-27
23021449;25062027i;23315787;14141400013;06051949;21111743;210;403 ~~~~~~~~~~~~~~~~~~~~~~~~~~~~~~~~~~~~~~ 07-28
24021449;26062027i;24315787;15141400013;07051949;22111743;211;715;467;878;617 ~~~~~~~~~~~~~~~~~~~~~~~~~~ 07-29
25021449;27062027i;25315787;16141400013;08051949;23111743;212;716;554 ~~~~~~~~~~~~~~~~~~~~~~~~~~~~~~~~~~ 07-30
26021449;28062027i;26315787;17141400013;09051949;24111743;213;617 ~~~~~~~~~~~~~~~~~~~~~~~~~~~~~~~~~~~~~~ 07-31
27021449;29062027i;27315787;18141400013;10051949;25111743;214;717;433;618 ~~~~~~~~~~~~~~~~~~~~~~~~~~~~~~ 08-01
28021449;01072027i;28315787;19141400013;11051949;26111743;215;380;514;928;930;953 ~~~~~~~~~~~~~~~~~~~~~~ 08-02
29021449;02072027i;29315787;00151400013;12051949;27111743;216;718 ~~~~~~~~~~~~~~~~~~~~~~~~~~~~~~~~~~~~~~ 08-03
01031449;03072027i;01325787;01151400013;13051949;28111743;217;579;618 ~~~~~~~~~~~~~~~~~~~~~~~~~~~~~~~~~~ 08-04
02031449;04072027i;02325787;02151400013;14051949;29111743;218;403;418 ~~~~~~~~~~~~~~~~~~~~~~~~~~~~~~~~~~ 08-05
03031449;05072027i;03325787;03151400013;15051949;30111743;219;719;891 ~~~~~~~~~~~~~~~~~~~~~~~~~~~~~~~~~~ 08-06
04031449;06072027i;04325787;04151400013;16051949;01121743;220;637;720;868;618 ~~~~~~~~~~~~~~~~~~~~~~~~~~ 08-07
05031449;07072027i;05325787;05151400013;17051949;02121743;221;721;397;374;572;618 ~~~~~~~~~~~~~~~~~~~~~~ 08-08
06031449;08072027i;06325787;06151400013;18051949;03121743;222;411;403 ~~~~~~~~~~~~~~~~~~~~~~~~~~~~~~~~~~ 08-09
07031449;09072027i;07325787;07151400013;19051949;04121743;223;618 ~~~~~~~~~~~~~~~~~~~~~~~~~~~~~~~~~~~~~~ 08-10
08031449;10072027i;08325787;08151400013;20051949;05121743;224;722 ~~~~~~~~~~~~~~~~~~~~~~~~~~~~~~~~~~~~~~ 08-11
09031449;11072027i;09325787;09151400013;21051949;06121743;225;926;618 ~~~~~~~~~~~~~~~~~~~~~~~~~~~~~~~~~~ 08-12
10031449;12072027i;10325787;10151400013;22051949;07121743;226;596;938;618 ~~~~~~~~~~~~~~~~~~~~~~~~~~~~~~ 08-13
11031449;13072027i;11325787;11151400013;23051949;08121743;227;723;418 ~~~~~~~~~~~~~~~~~~~~~~~~~~~~~~~~~~ 08-14
12031449;14072027i;12325787;12151400013;24051949;09121743;228;513;511;567 ~~~~~~~~~~~~~~~~~~~~~~~~~~~~~~ 08-15
13031449;15072027i;13325787;13151400013;25051949;10121743;229;567;412;421;843;618 ~~~~~~~~~~~~~~~~~~~~~~ 08-16
14031449;16072027i;14325787;14151400013;26051949;11121743;230;388;542;556;909;910;925;948 ~~~~~~~~~~~~~~ 08-17
15031449;17072027i;15325787;15151400013;27051949;12121743;231;618 ~~~~~~~~~~~~~~~~~~~~~~~~~~~~~~~~~~~~~~ 08-18
16031449;18072027i;16325787;16151400013;28051949;13121743;232;618 ~~~~~~~~~~~~~~~~~~~~~~~~~~~~~~~~~~~~~~ 08-19
17031449;19072027i;17325787;17151400013;29051949;14121743;233;875;511;843;618 ~~~~~~~~~~~~~~~~~~~~~~~~~~ 08-20
18031449;20072027i;18325787;18151400013;30051949;15121743;234;724;403;618 ~~~~~~~~~~~~~~~~~~~~~~~~~~~~~~ 08-21
19031449;21072027i;19325787;19151400013;31051949;16121743;235;843 ~~~~~~~~~~~~~~~~~~~~~~~~~~~~~~~~~~~~~~ 08-22
20031449;22072027i;20325787;00161400013;01061949;17121743;236;412;418;618 ~~~~~~~~~~~~~~~~~~~~~~~~~~~~~~ 08-23
21031449;23072027i;21325787;01161400013;02061949;18121743;237;398;817;843 ~~~~~~~~~~~~~~~~~~~~~~~~~~~~~~ 08-24
22031449;24072027i;22325787;02161400013;03061949;19121743;238;883 ~~~~~~~~~~~~~~~~~~~~~~~~~~~~~~~~~~~~~~ 08-25
23031449;25072027i;23325787;03161400013;04061949;20121743;239;618 ~~~~~~~~~~~~~~~~~~~~~~~~~~~~~~~~~~~~~~ 08-26
24031449;26072027i;24325787;04161400013;05061949;21121743;240;427;618 ~~~~~~~~~~~~~~~~~~~~~~~~~~~~~~~~~~ 08-27
25031449;27072027i;25325787;05161400013;06061949;22121743;241;725;503 ~~~~~~~~~~~~~~~~~~~~~~~~~~~~~~~~~~ 08-28
26031449;28072027i;26325787;06161400013;07061949;23121743;242;428;725 ~~~~~~~~~~~~~~~~~~~~~~~~~~~~~~~~~~ 08-29
27031449;29072027i;27325787;07161400013;08061949;24121743;243;796;514;375;618 ~~~~~~~~~~~~~~~~~~~~~~~~~~ 08-30
28031449;30072027i;28325787;08161400013;09061949;25121743;244;594;380 ~~~~~~~~~~~~~~~~~~~~~~~~~~~~~~~~~~ 08-31
29031449;01082027i;29325787;09161400013;10061949;26121743;245;595;418 ~~~~~~~~~~~~~~~~~~~~~~~~~~~~~~~~~~ 09-01
30031449;02082027i;30325787;10161400013;11061949;27121743;246;619 ~~~~~~~~~~~~~~~~~~~~~~~~~~~~~~~~~~~~~~ 09-02
01041449;03082027i;01335787;11161400013;12061949;28121743;247;596;727;597;619 ~~~~~~~~~~~~~~~~~~~~~~~~~~ 09-03
02041449;04082027i;02335787;12161400013;13061949;29121743;248;429;637;728;550;915 ~~~~~~~~~~~~~~~~~~~~~~ 09-04
03041449;05082027i;03335787;13161400013;14061949;30121743;249;430;845;619 ~~~~~~~~~~~~~~~~~~~~~~~~~~~~~~ 09-05
04041449;06082027i;04335787;14161400013;15061949;01131743;250;434;846;403;412 ~~~~~~~~~~~~~~~~~~~~~~~~~~ 09-06
05041449;07082027i;05335787;15161400013;16061949;02131743;251;435;397;619 ~~~~~~~~~~~~~~~~~~~~~~~~~~~~~~ 09-07
06041449;08082027i;06335787;16161400013;17061949;03131743;252;908 ~~~~~~~~~~~~~~~~~~~~~~~~~~~~~~~~~~~~~~ 09-08
07041449;09082027i;07335787;17161400013;18061949;04131743;253;730;619 ~~~~~~~~~~~~~~~~~~~~~~~~~~~~~~~~~~ 09-09
08041449;10082027i;08335787;18161400013;19061949;05131743;254;375 ~~~~~~~~~~~~~~~~~~~~~~~~~~~~~~~~~~~~~~ 09-10
09041449;11082027i;09335787;19161400013;20061949;06131743;255;513;903;619 ~~~~~~~~~~~~~~~~~~~~~~~~~~~~~~ 09-11
10041449;12082027i;10335787;00171400013;21061949;01011744;256;455;847;897 ~~~~~~~~~~~~~~~~~~~~~~~~~~~~~~ 09-12
11041449;13082027i;11335787;01171400013;22061949;02011744;257;729;726;619 ~~~~~~~~~~~~~~~~~~~~~~~~~~~~~~ 09-13
12041449;14082027i;12335787;02171400013;23061949;03011744;258;432;520;551 ~~~~~~~~~~~~~~~~~~~~~~~~~~~~~~ 09-14
13041449;15082027i;13335787;03171400013;24061949;04011744;259;389;390;414;534;570;421;619 ~~~~~~~~~~~~~~ 09-15
14041449;16082027i;14335787;04171400013;25061949;05011744;260;733;907 ~~~~~~~~~~~~~~~~~~~~~~~~~~~~~~~~~~ 09-16
15041449;17082027i;15335787;05171400013;26061949;06011744;261;734;619;848 ~~~~~~~~~~~~~~~~~~~~~~~~~~~~~~ 09-17
16041449;18082027i;16335787;06171400013;27061949;07011744;262;735;403 ~~~~~~~~~~~~~~~~~~~~~~~~~~~~~~~~~~ 09-18
17041449;19082027i;17335787;07171400013;28061949;08011744;263;731;619;848 ~~~~~~~~~~~~~~~~~~~~~~~~~~~~~~ 09-19
18041449;20082027i;18335787;08171400013;29061949;09011744;264;412 ~~~~~~~~~~~~~~~~~~~~~~~~~~~~~~~~~~~~~~ 09-20
19041449;21082027i;19335787;09171400013;30061949;10011744;265;732;619 ~~~~~~~~~~~~~~~~~~~~~~~~~~~~~~~~~~ 09-21
20041449;22082027i;20335787;10171400013;31061949;11011744;266;462 ~~~~~~~~~~~~~~~~~~~~~~~~~~~~~~~~~~~~~~ 09-22
21041449;23082027i;21335787;11171400013;01071949;12011744;267;398;423;415;619;848 ~~~~~~~~~~~~~~~~~~~~~~ 09-23
22041449;24082027i;22335787;12171400013;02071949;13011744;268;738;436;463 ~~~~~~~~~~~~~~~~~~~~~~~~~~~~~~ 09-24
23041449;25082027i;23335787;13171400013;03071949;14011744;269;739;743;619;848 ~~~~~~~~~~~~~~~~~~~~~~~~~~ 09-25
24041449;26082027i;24335787;14171400013;04071949;15011744;270;740;869;403 ~~~~~~~~~~~~~~~~~~~~~~~~~~~~~~ 09-26
25041449;27082027i;25335787;15171400013;05071949;16011744;271;736;514;412;619;848 ~~~~~~~~~~~~~~~~~~~~~~ 09-27
26041449;28082027i;26335787;16171400013;06071949;17011744;272;737;453 ~~~~~~~~~~~~~~~~~~~~~~~~~~~~~~~~~~ 09-28
27041449;29082027i;27335787;17171400013;07071949;18011744;273;742;790;380;920;619 ~~~~~~~~~~~~~~~~~~~~~~ 09-29
28041449;01092027i;28335787;18171400013;08071949;19011744;274;741;790;895;853;403;574 ~~~~~~~~~~~~~~~~~~ 09-30
29041449;02092027i;29335787;19171400013;09071949;20011744;275;748;790;521;853;415;848 ~~~~~~~~~~~~~~~~~~ 10-01
01051449;03092027i;01015788;00001500013;10071949;21011744;276;637;790;521;853;375 ~~~~~~~~~~~~~~~~~~~~~~ 10-02
02051449;04092027i;02015788;01001500013;11071949;22011744;277;749;790;521;620 ~~~~~~~~~~~~~~~~~~~~~~~~~~ 10-03
03051449;05092027i;03015788;02001500013;12071949;23011744;278;744;790;403 ~~~~~~~~~~~~~~~~~~~~~~~~~~~~~~ 10-04
04051449;06092027i;04015788;03001500013;13071949;24011744;279;745;790;620 ~~~~~~~~~~~~~~~~~~~~~~~~~~~~~~ 10-05
05051449;07092027i;05015788;04001500013;14071949;25011744;280;746;918 ~~~~~~~~~~~~~~~~~~~~~~~~~~~~~~~~~~ 10-06
06051449;08092027i;06015788;05001500013;15071949;26011744;281;747;397;399;548;919;620;848 ~~~~~~~~~~~~~~ 10-07
07051449;09092027i;07015788;06001500013;16071949;27011744;282;596;885;563;403 ~~~~~~~~~~~~~~~~~~~~~~~~~~ 10-08
08051449;10092027i;08015788;07001500013;17071949;28011744;283;754;513;549;560;620;848 ~~~~~~~~~~~~~~~~~~ 10-09
09051449;11092027i;09015788;08001500013;18071949;29011744;284;750;367;825 ~~~~~~~~~~~~~~~~~~~~~~~~~~~~~~ 10-10
10051449;12092027i;10015788;09001500013;19071949;30011744;285;751;368;899;527;620;848 ~~~~~~~~~~~~~~~~~~ 10-11
11051449;13092027i;11015788;10001500013;20071949;01021744;286;791;403;620 ~~~~~~~~~~~~~~~~~~~~~~~~~~~~~~ 10-12
12051449;14092027i;12015788;11001500013;21071949;02021744;287;752;375;400;620 ~~~~~~~~~~~~~~~~~~~~~~~~~~ 10-13
13051449;15092027i;13015788;12001500013;22071949;03021744;288;753;882;922 ~~~~~~~~~~~~~~~~~~~~~~~~~~~~~~ 10-14
14051449;16092027i;14015788;13001500013;23071949;04021744;289;391;532;620 ~~~~~~~~~~~~~~~~~~~~~~~~~~~~~~ 10-15
15051449;17092027i;15015788;14001500013;24071949;05021744;290;758;523;400;403;418 ~~~~~~~~~~~~~~~~~~~~~~ 10-16
16051449;18092027i;16015788;15001500013;25071949;06021744;291;523;620 ~~~~~~~~~~~~~~~~~~~~~~~~~~~~~~~~~~ 10-17
17051449;19092027i;17015788;16001500013;26071949;07021744;292;755;422;861;881;523;412 ~~~~~~~~~~~~~~~~~~ 10-18
18051449;20092027i;18015788;17001500013;27071949;08021744;293;756;431;523;400;620 ~~~~~~~~~~~~~~~~~~~~~~ 10-19
19051449;21092027i;19015788;18001500013;28071949;09021744;294;757;523;784;403 ~~~~~~~~~~~~~~~~~~~~~~~~~~ 10-20
20051449;22092027i;20015788;19001500013;29071949;10021744;295;631;523;785;620 ~~~~~~~~~~~~~~~~~~~~~~~~~~ 10-21
21051449;23092027i;21015788;00011500013;30071949;11021744;296;398;369;499;523;786;400 ~~~~~~~~~~~~~~~~~~ 10-22
22051449;24092027i;22015788;01011500013;01081949;12021744;297;759;524;787;620 ~~~~~~~~~~~~~~~~~~~~~~~~~~ 10-23
23051449;25092027i;23015788;02011500013;02081949;13021744;298;525;403 ~~~~~~~~~~~~~~~~~~~~~~~~~~~~~~~~~~ 10-24
24051449;26092027i;24015788;03011500013;03081949;14021744;299;371;514;911;412;415;620 ~~~~~~~~~~~~~~~~~~ 10-25
25051449;27092027i;25015788;04011500013;04081949;15021744;300;558 ~~~~~~~~~~~~~~~~~~~~~~~~~~~~~~~~~~~~~~ 10-26
26051449;28092027i;26015788;05011500013;05081949;16021744;301;779;784;785;620 ~~~~~~~~~~~~~~~~~~~~~~~~~~ 10-27
27051449;29092027i;27015788;06011500013;06081949;17021744;302;401;433;780;893;403 ~~~~~~~~~~~~~~~~~~~~~~ 10-28
28051449;01102027i;28015788;07011500013;07081949;18021744;303;849;380;781;786;620 ~~~~~~~~~~~~~~~~~~~~~~ 10-29
29051449;02102027i;29015788;08011500013;08081949;19021744;304;782;787 ~~~~~~~~~~~~~~~~~~~~~~~~~~~~~~~~~~ 10-30
30051449;03102027i;30015788;09011500013;09081949;20021744;305;535;783;788;620 ~~~~~~~~~~~~~~~~~~~~~~~~~~ 10-31
01061449;04102027i;01025788;10011500013;10081949;21021744;306;760;403;412 ~~~~~~~~~~~~~~~~~~~~~~~~~~~~~~ 11-01
02061449;05102027i;02025788;11011500013;11081949;22021744;307;415;621 ~~~~~~~~~~~~~~~~~~~~~~~~~~~~~~~~~~ 11-02
03061449;06102027i;03025788;12011500013;12081949;23021744;308;761 ~~~~~~~~~~~~~~~~~~~~~~~~~~~~~~~~~~~~~~ 11-03
04061449;07102027i;04025788;13011500013;13081949;24021744;309;762;437;543;375;621 ~~~~~~~~~~~~~~~~~~~~~~ 11-04
05061449;08102027i;05025788;14011500013;14081949;25021744;310;403 ~~~~~~~~~~~~~~~~~~~~~~~~~~~~~~~~~~~~~~ 11-05
06061449;09102027i;06025788;15011500013;15081949;26021744;311;637;763;397;513;621 ~~~~~~~~~~~~~~~~~~~~~~ 11-06
07061449;10102027i;07025788;16011500013;16081949;27021744;312;621 ~~~~~~~~~~~~~~~~~~~~~~~~~~~~~~~~~~~~~~ 11-07
08061449;11102027i;08025788;17011500013;17081949;28021744;313;879;412 ~~~~~~~~~~~~~~~~~~~~~~~~~~~~~~~~~~ 11-08
09061449;12102027i;09025788;18011500013;18081949;29021744;314;403;621 ~~~~~~~~~~~~~~~~~~~~~~~~~~~~~~~~~~ 11-09
10061449;13102027i;10025788;19011500013;19081949;30021744;315;547;415 ~~~~~~~~~~~~~~~~~~~~~~~~~~~~~~~~~~ 11-10
11061449;14102027i;11025788;00021500013;20081949;01031744;316;764;934 ~~~~~~~~~~~~~~~~~~~~~~~~~~~~~~~~~~ 11-11
12061449;15102027i;12025788;01021500013;21081949;02031744;317;621 ~~~~~~~~~~~~~~~~~~~~~~~~~~~~~~~~~~~~~~ 11-12
13061449;16102027i;13025788;02021500013;22081949;03031744;318;392;403;621 ~~~~~~~~~~~~~~~~~~~~~~~~~~~~~~ 11-13
14061449;17102027i;14025788;03021500013;23081949;04031744;319;880;621 ~~~~~~~~~~~~~~~~~~~~~~~~~~~~~~~~~~ 11-14
15061449;18102027i;15025788;04021500013;24081949;05031744;320;375;412;621 ~~~~~~~~~~~~~~~~~~~~~~~~~~~~~~ 11-15
16061449;19102027i;16025788;05021500013;25081949;06031744;321;621 ~~~~~~~~~~~~~~~~~~~~~~~~~~~~~~~~~~~~~~ 11-16
17061449;20102027i;17025788;06021500013;26081949;07031744;322;621 ~~~~~~~~~~~~~~~~~~~~~~~~~~~~~~~~~~~~~~ 11-17
18061449;21102027i;18025788;07021500013;27081949;08031744;323;766;621 ~~~~~~~~~~~~~~~~~~~~~~~~~~~~~~~~~~ 11-18
19061449;22102027i;19025788;08021500013;28081949;09031744;324;514;621 ~~~~~~~~~~~~~~~~~~~~~~~~~~~~~~~~~~ 11-19
20061449;23102027i;20025788;09021500013;29081949;10031744;325;767;398;876 ~~~~~~~~~~~~~~~~~~~~~~~~~~~~~~ 11-20
21061449;24102027i;21025788;10021500013;30081949;11031744;326;765;403;418 ~~~~~~~~~~~~~~~~~~~~~~~~~~~~~~ 11-21
22061449;25102027i;22025788;11021500013;01091949;12031744;327;788;621 ~~~~~~~~~~~~~~~~~~~~~~~~~~~~~~~~~~ 11-22
23061449;26102027i;23025788;12021500013;02091949;13031744;328;621 ~~~~~~~~~~~~~~~~~~~~~~~~~~~~~~~~~~~~~~ 11-23
24061449;27102027i;24025788;13021500013;03091949;14031744;329;769;936 ~~~~~~~~~~~~~~~~~~~~~~~~~~~~~~~~~~ 11-24
25061449;28102027i;25025788;14021500013;04091949;15031744;330;440;832;403 ~~~~~~~~~~~~~~~~~~~~~~~~~~~~~~ 11-25
26061449;29102027i;26025788;15021500013;05091949;16031744;331;441;375;415;621 ~~~~~~~~~~~~~~~~~~~~~~~~~~ 11-26
27061449;30102027i;27025788;16021500013;06091949;17031744;332;770;768;380;864;621 ~~~~~~~~~~~~~~~~~~~~~~ 11-27
28061449;01112027i;28025788;17021500013;07091949;18031744;333;369;589;621 ~~~~~~~~~~~~~~~~~~~~~~~~~~~~~~ 11-28
29061449;02112027i;29025788;18021500013;08091949;19031744;334;442;403;412 ~~~~~~~~~~~~~~~~~~~~~~~~~~~~~~ 11-29
01071449;03112027i;30025788;19021500013;09091949;20031744;335;771;838;418 ~~~~~~~~~~~~~~~~~~~~~~~~~~~~~~ 11-30
02071449;04112027i;01035788;00031500013;10091949;21031744;336;772;622 ~~~~~~~~~~~~~~~~~~~~~~~~~~~~~~~~~~ 12-01
03071449;05112027i;02035788;01031500013;11091949;22031744;337;370 ~~~~~~~~~~~~~~~~~~~~~~~~~~~~~~~~~~~~~~ 12-02
04071449;06112027i;03035788;02031500013;12091949;23031744;338;774;944;403 ~~~~~~~~~~~~~~~~~~~~~~~~~~~~~~ 12-03
05071449;07112027i;04035788;03031500013;13091949;24031744;339;637;775;513 ~~~~~~~~~~~~~~~~~~~~~~~~~~~~~~ 12-04
06071449;08112027i;05035788;04031500013;14091949;25031744;340;397;590;622 ~~~~~~~~~~~~~~~~~~~~~~~~~~~~~~ 12-05
07071449;09112027i;06035788;05031500013;15091949;26031744;341;412;622 ~~~~~~~~~~~~~~~~~~~~~~~~~~~~~~~~~~ 12-06
08071449;10112027i;07035788;06031500013;16091949;27031744;342;773;375;403;622 ~~~~~~~~~~~~~~~~~~~~~~~~~~ 12-07
09071449;11112027i;08035788;07031500013;17091949;28031744;343;622 ~~~~~~~~~~~~~~~~~~~~~~~~~~~~~~~~~~~~~~ 12-08
10071449;12112027i;09035788;08031500013;18091949;29031744;344;557;890;418;622 ~~~~~~~~~~~~~~~~~~~~~~~~~~ 12-09
11071449;13112027i;10035788;09031500013;19091949;30031744;345;622 ~~~~~~~~~~~~~~~~~~~~~~~~~~~~~~~~~~~~~~ 12-10
12071449;14112027i;11035788;10031500013;20091949;01041744;346;776;432;622 ~~~~~~~~~~~~~~~~~~~~~~~~~~~~~~ 12-11
13071449;15112027i;12035788;11031500013;21091949;02041744;347;777;591;415;622 ~~~~~~~~~~~~~~~~~~~~~~~~~~ 12-12
14071449;16112027i;13035788;12031500013;22091949;03041744;348;395;545;887 ~~~~~~~~~~~~~~~~~~~~~~~~~~~~~~ 12-13
15071449;17112027i;14035788;13031500013;23091949;04041744;349;622 ~~~~~~~~~~~~~~~~~~~~~~~~~~~~~~~~~~~~~~ 12-14
16071449;18112027i;15035788;14031500013;24091949;05041744;350;419;403;622 ~~~~~~~~~~~~~~~~~~~~~~~~~~~~~~ 12-15
17071449;19112027i;16035788;15031500013;25091949;06041744;351;514 ~~~~~~~~~~~~~~~~~~~~~~~~~~~~~~~~~~~~~~ 12-16
18071449;20112027i;17035788;16031500013;26091949;07041744;352;778;622 ~~~~~~~~~~~~~~~~~~~~~~~~~~~~~~~~~~ 12-17
19071449;21112027i;18035788;17031500013;27091949;08041744;353;622 ~~~~~~~~~~~~~~~~~~~~~~~~~~~~~~~~~~~~~~ 12-18
20071449;22112027i;19035788;18031500013;28091949;09041744;354;592 ~~~~~~~~~~~~~~~~~~~~~~~~~~~~~~~~~~~~~~ 12-19
21071449;23112027i;20035788;19031500013;29091949;10041744;355;398;371 ~~~~~~~~~~~~~~~~~~~~~~~~~~~~~~~~~~ 12-20
22071449;24112027i;21035788;00041500013;30091949;11041744;356;466 ~~~~~~~~~~~~~~~~~~~~~~~~~~~~~~~~~~~~~~ 12-21
23071449;25112027i;22035788;01041500013;01101949;12041744;357;426;622 ~~~~~~~~~~~~~~~~~~~~~~~~~~~~~~~~~~ 12-22
24071449;26112027i;23035788;02041500013;02101949;13041744;358;917;465;403 ~~~~~~~~~~~~~~~~~~~~~~~~~~~~~~ 12-23
25071449;27112027i;24035788;03041500013;03101949;14041744;359;413;622 ~~~~~~~~~~~~~~~~~~~~~~~~~~~~~~~~~~ 12-24
26071449;28112027i;25035788;04041500013;04101949;15041744;360;834;516 ~~~~~~~~~~~~~~~~~~~~~~~~~~~~~~~~~~ 12-25
27071449;29112027i;26035788;05041500013;05101949;16041744;361;509;516;622 ~~~~~~~~~~~~~~~~~~~~~~~~~~~~~~ 12-26
28071449;30112027i;27035788;06041500013;06101949;17041744;362;380;928;516;403;622 ~~~~~~~~~~~~~~~~~~~~~~ 12-27
29071449;01122027i;28035788;07041500013;07101949;18041744;363;516;622 ~~~~~~~~~~~~~~~~~~~~~~~~~~~~~~~~~~ 12-28
30071449;02122027i;29035788;08041500013;08101949;19041744;364;516;622 ~~~~~~~~~~~~~~~~~~~~~~~~~~~~~~~~~~ 12-29
01081449;03122027i;30035788;09041500013;09101949;20041744;365;622 ~~~~~~~~~~~~~~~~~~~~~~~~~~~~~~~~~~~~~~ 12-30
02081449;04122027i;01045788;10041500013;10101949;21041744;366;516 ~~~~~~~~~~~~~~~~~~~~~~~~~~~~~~~~~~~~~~ 12-31
