24061479;26112056D;25245817;02120400213;11101978;23041773;001;917;611 ~~~~~~~~~~~~~~~~~~~~~~~~~~~~~~~~~~ 01-01
25061479;27112056D;26245817;03120400213;12101978;24041773;002 ~~~~~~~~~~~~~~~~~~~~~~~~~~~~~~~~~~~~~~~~~~ 01-02
26061479;28112056D;27245817;04120400213;13101978;25041773;003;372;514;611 ~~~~~~~~~~~~~~~~~~~~~~~~~~~~~~ 01-03
27061479;29112056D;28245817;05120400213;14101978;26041773;004 ~~~~~~~~~~~~~~~~~~~~~~~~~~~~~~~~~~~~~~~~~~ 01-04
28061479;01122056D;29245817;06120400213;15101978;27041773;005;380;930;953;611 ~~~~~~~~~~~~~~~~~~~~~~~~~~ 01-05
29061479;02122056D;01255817;07120400213;16101978;28041773;006;637 ~~~~~~~~~~~~~~~~~~~~~~~~~~~~~~~~~~~~~~ 01-06
01071479;03122056D;02255817;08120400213;17101978;29041773;007;611 ~~~~~~~~~~~~~~~~~~~~~~~~~~~~~~~~~~~~~~ 01-07
02071479;04122056D;03255817;09120400213;18101978;30041773;008;628 ~~~~~~~~~~~~~~~~~~~~~~~~~~~~~~~~~~~~~~ 01-08
03071479;05122056D;04255817;10120400213;19101978;01051773;009;629;611 ~~~~~~~~~~~~~~~~~~~~~~~~~~~~~~~~~~ 01-09
04071479;06122056D;05255817;11120400213;20101978;02051773;010;437 ~~~~~~~~~~~~~~~~~~~~~~~~~~~~~~~~~~~~~~ 01-10
05071479;07122056D;06255817;12120400213;21101978;03051773;011;406;611 ~~~~~~~~~~~~~~~~~~~~~~~~~~~~~~~~~~ 01-11
06071479;08122056D;07255817;13120400213;22101978;04051773;012;397 ~~~~~~~~~~~~~~~~~~~~~~~~~~~~~~~~~~~~~~ 01-12
07071479;09122056D;08255817;14120400213;23101978;05051773;013;626;611 ~~~~~~~~~~~~~~~~~~~~~~~~~~~~~~~~~~ 01-13
08071479;10122056D;09255817;15120400213;24101978;06051773;014;627 ~~~~~~~~~~~~~~~~~~~~~~~~~~~~~~~~~~~~~~ 01-14
09071479;11122056D;10255817;16120400213;25101978;07051773;015;492;513;611 ~~~~~~~~~~~~~~~~~~~~~~~~~~~~~~ 01-15
10071479;12122056D;11255817;17120400213;26101978;08051773;016;905 ~~~~~~~~~~~~~~~~~~~~~~~~~~~~~~~~~~~~~~ 01-16
11071479;13122056D;12255817;18120400213;27101978;09051773;017;611 ~~~~~~~~~~~~~~~~~~~~~~~~~~~~~~~~~~~~~~ 01-17
12071479;14122056D;13255817;19120400213;28101978;10051773;018;631 ~~~~~~~~~~~~~~~~~~~~~~~~~~~~~~~~~~~~~~ 01-18
13071479;15122056D;14255817;00130400213;29101978;11051773;019;596;418;611 ~~~~~~~~~~~~~~~~~~~~~~~~~~~~~~ 01-19
14071479;16122056D;15255817;01130400213;30101978;12051773;020;630;381;904 ~~~~~~~~~~~~~~~~~~~~~~~~~~~~~~ 01-20
15071479;17122056D;16255817;02130400213;01111978;13051773;021;625;858;406;611 ~~~~~~~~~~~~~~~~~~~~~~~~~~ 01-21
16071479;18122056D;17255817;03130400213;02111978;14051773;022 ~~~~~~~~~~~~~~~~~~~~~~~~~~~~~~~~~~~~~~~~~~ 01-22
17071479;19122056D;18255817;04130400213;03111978;15051773;023;611 ~~~~~~~~~~~~~~~~~~~~~~~~~~~~~~~~~~~~~~ 01-23
18071479;20122056D;19255817;05130400213;04111978;16051773;024;632;857;916 ~~~~~~~~~~~~~~~~~~~~~~~~~~~~~~ 01-24
19071479;21122056D;20255817;06130400213;05111978;17051773;025;611 ~~~~~~~~~~~~~~~~~~~~~~~~~~~~~~~~~~~~~~ 01-25
20071479;22122056D;21255817;07130400213;06111978;18051773;026;633;406 ~~~~~~~~~~~~~~~~~~~~~~~~~~~~~~~~~~ 01-26
21071479;23122056D;22255817;08130400213;07111978;19051773;027;634;398;414;611 ~~~~~~~~~~~~~~~~~~~~~~~~~~ 01-27
22071479;24122056D;23255817;09130400213;08111978;20051773;028;635;418 ~~~~~~~~~~~~~~~~~~~~~~~~~~~~~~~~~~ 01-28
23071479;25122056D;24255817;10130400213;09111978;21051773;029;636;611 ~~~~~~~~~~~~~~~~~~~~~~~~~~~~~~~~~~ 01-29
24071479;26122056D;25255817;11130400213;10111978;22051773;030;580 ~~~~~~~~~~~~~~~~~~~~~~~~~~~~~~~~~~~~~~ 01-30
25071479;27122056D;26255817;12130400213;11111978;23051773;031;432;514;923;406;611 ~~~~~~~~~~~~~~~~~~~~~~ 01-31
26071479;28122056D;27255817;12130400213;12111978;24051773;032;638 ~~~~~~~~~~~~~~~~~~~~~~~~~~~~~~~~~~~~~~ 02-01
27071479;29122056D;28255817;13130400213;13111978;25051773;033;639;509;612 ~~~~~~~~~~~~~~~~~~~~~~~~~~~~~~ 02-02
28071479;30122056D;29255817;14130400213;14111978;26051773;034;637;640;380;888 ~~~~~~~~~~~~~~~~~~~~~~~~~~ 02-03
29071479;01012057E;30255817;15130400213;15111978;27051773;035;479;490;415;612 ~~~~~~~~~~~~~~~~~~~~~~~~~~ 02-04
30071479;02012057E;01265817;16130400213;16111978;28051773;036;566;479;490 ~~~~~~~~~~~~~~~~~~~~~~~~~~~~~~ 02-05
01081479;03012057E;02265817;17130400213;17111978;29051773;037;566;418;612 ~~~~~~~~~~~~~~~~~~~~~~~~~~~~~~ 02-06
02081479;04012057E;03265817;18130400213;18111978;30051773;038;865;566 ~~~~~~~~~~~~~~~~~~~~~~~~~~~~~~~~~~ 02-07
03081479;05012057E;04265817;19130400213;19111978;01061773;039;642;940;566;612 ~~~~~~~~~~~~~~~~~~~~~~~~~~ 02-08
04081479;06012057E;05265817;00140400213;20111978;02061773;040 ~~~~~~~~~~~~~~~~~~~~~~~~~~~~~~~~~~~~~~~~~~ 02-09
05081479;07012057E;06265817;01140400213;21111978;03061773;041;643;914;612 ~~~~~~~~~~~~~~~~~~~~~~~~~~~~~~ 02-10
06081479;08012057E;07265817;02140400213;22111978;04061773;042;397;536;581 ~~~~~~~~~~~~~~~~~~~~~~~~~~~~~~ 02-11
07081479;09012057E;08265817;03140400213;23111978;05061773;043;641;513;415;612 ~~~~~~~~~~~~~~~~~~~~~~~~~~ 02-12
08081479;10012057E;09265817;04140400213;24111978;06061773;044 ~~~~~~~~~~~~~~~~~~~~~~~~~~~~~~~~~~~~~~~~~~ 02-13
09081479;11012057E;10265817;05140400213;25111978;07061773;045;612 ~~~~~~~~~~~~~~~~~~~~~~~~~~~~~~~~~~~~~~ 02-14
10081479;12012057E;11265817;06140400213;26111978;08061773;046;644;873;406;418 ~~~~~~~~~~~~~~~~~~~~~~~~~~ 02-15
11081479;13012057E;12265817;07140400213;27111978;09061773;047;645;868;612 ~~~~~~~~~~~~~~~~~~~~~~~~~~~~~~ 02-16
12081479;14012057E;13265817;08140400213;28111978;10061773;048;419;854 ~~~~~~~~~~~~~~~~~~~~~~~~~~~~~~~~~~ 02-17
13081479;15012057E;14265817;09140400213;29111978;11061773;049;854;612 ~~~~~~~~~~~~~~~~~~~~~~~~~~~~~~~~~~ 02-18
14081479;16012057E;15265817;10140400213;30111978;12061773;050;450;382;884;512 ~~~~~~~~~~~~~~~~~~~~~~~~~~ 02-19
15081479;17012057E;16265817;11140400213;01121978;13061773;051;402;406;612 ~~~~~~~~~~~~~~~~~~~~~~~~~~~~~~ 02-20
16081479;18012057E;17265817;12140400213;02121978;14061773;052 ~~~~~~~~~~~~~~~~~~~~~~~~~~~~~~~~~~~~~~~~~~ 02-21
17081479;19012057E;18265817;13140400213;03121978;15061773;053;647;648;612 ~~~~~~~~~~~~~~~~~~~~~~~~~~~~~~ 02-22
18081479;20012057E;19265817;14140400213;04121978;16061773;054;649 ~~~~~~~~~~~~~~~~~~~~~~~~~~~~~~~~~~~~~~ 02-23
19081479;21012057E;20265817;15140400213;05121978;17061773;055;403;612 ~~~~~~~~~~~~~~~~~~~~~~~~~~~~~~~~~~ 02-24
20081479;22012057E;21265817;16140400213;06121978;18061773;056 ~~~~~~~~~~~~~~~~~~~~~~~~~~~~~~~~~~~~~~~~~~ 02-25
21081479;23012057E;22265817;17140400213;07121978;19061773;057;398;514;612 ~~~~~~~~~~~~~~~~~~~~~~~~~~~~~~ 02-26
22081479;24012057E;23265817;18140400213;08121978;20061773;058;646 ~~~~~~~~~~~~~~~~~~~~~~~~~~~~~~~~~~~~~~ 02-27
23081479;25012057E;24265817;19140400213;09121978;21061773;059;650;403;612 ~~~~~~~~~~~~~~~~~~~~~~~~~~~~~~ 02-28
24081479;26012057E;25265817;03150400213;10121978;22061773;061;653;943 ~~~~~~~~~~~~~~~~~~~~~~~~~~~~~~~~~~ 03-01
25081479;27012057E;26265817;04150400213;11121978;23061773;062;654;613 ~~~~~~~~~~~~~~~~~~~~~~~~~~~~~~~~~~ 03-02
26081479;28012057E;27265817;05150400213;12121978;24061773;063;637;886;613 ~~~~~~~~~~~~~~~~~~~~~~~~~~~~~~ 03-03
27081479;29012057E;28265817;06150400213;13121978;25061773;064;655;407;613 ~~~~~~~~~~~~~~~~~~~~~~~~~~~~~~ 03-04
28081479;01022057E;29265817;07150400213;14121978;26061773;065;380;928;613 ~~~~~~~~~~~~~~~~~~~~~~~~~~~~~~ 03-05
29081479;02022057E;30265817;08150400213;15121978;27061773;066;443;613 ~~~~~~~~~~~~~~~~~~~~~~~~~~~~~~~~~~ 03-06
01091479;03022057E;01275817;09150400213;16121978;28061773;067;444;504 ~~~~~~~~~~~~~~~~~~~~~~~~~~~~~~~~~~ 03-07
02091479;04022057E;02275817;10150400213;17121978;29061773;068;656;403;415;613 ~~~~~~~~~~~~~~~~~~~~~~~~~~ 03-08
03091479;05022057E;03275817;11150400213;18121978;30061773;069 ~~~~~~~~~~~~~~~~~~~~~~~~~~~~~~~~~~~~~~~~~~ 03-09
04091479;06022057E;04275817;12150400213;19121978;01071773;070;613 ~~~~~~~~~~~~~~~~~~~~~~~~~~~~~~~~~~~~~~ 03-10
05091479;07022057E;05275817;13150400213;20121978;02071773;071;613 ~~~~~~~~~~~~~~~~~~~~~~~~~~~~~~~~~~~~~~ 03-11
06091479;08022057E;06275817;14150400213;21121978;03071773;072;513;403;613 ~~~~~~~~~~~~~~~~~~~~~~~~~~~~~~ 03-12
07091479;09022057E;07275817;15150400213;22121978;04071773;073;397;613 ~~~~~~~~~~~~~~~~~~~~~~~~~~~~~~~~~~ 03-13
08091479;10022057E;08275817;16150400213;23121978;05071773;074;613 ~~~~~~~~~~~~~~~~~~~~~~~~~~~~~~~~~~~~~~ 03-14
09091479;11022057E;09275817;17150400213;24121978;06071773;075;658;505;613 ~~~~~~~~~~~~~~~~~~~~~~~~~~~~~~ 03-15
10091479;12022057E;10275817;18150400213;25121978;07071773;076;433;613 ~~~~~~~~~~~~~~~~~~~~~~~~~~~~~~~~~~ 03-16
11091479;13022057E;11275817;19150400213;26121978;08071773;077;517;613 ~~~~~~~~~~~~~~~~~~~~~~~~~~~~~~~~~~ 03-17
12091479;14022057E;12275817;00160400213;27121978;09071773;078;613 ~~~~~~~~~~~~~~~~~~~~~~~~~~~~~~~~~~~~~~ 03-18
13091479;15022057E;13275817;01160400213;28121978;10071773;079;466;505;613 ~~~~~~~~~~~~~~~~~~~~~~~~~~~~~~ 03-19
14091479;16022057E;14275817;02160400213;29121978;11071773;080;657;383;544;623;801;906;424;519;403 ~~~~~~ 03-20
15091479;17022057E;15275817;03160400213;30121978;12071773;081;598;459;613 ~~~~~~~~~~~~~~~~~~~~~~~~~~~~~~ 03-21
16091479;18022057E;16275817;04160400213;01011979;13071773;082;562;851;613 ~~~~~~~~~~~~~~~~~~~~~~~~~~~~~~ 03-22
17091479;19022057E;17275817;05160400213;02011979;14071773;083;436;562;505 ~~~~~~~~~~~~~~~~~~~~~~~~~~~~~~ 03-23
18091479;20022057E;18275817;06160400213;03011979;15071773;084;514;562;415;613 ~~~~~~~~~~~~~~~~~~~~~~~~~~ 03-24
19091479;21022057E;19275817;07160400213;04011979;16071773;085;613 ~~~~~~~~~~~~~~~~~~~~~~~~~~~~~~~~~~~~~~ 03-25
20091479;22022057E;20275817;08160400213;05011979;17071773;086;613 ~~~~~~~~~~~~~~~~~~~~~~~~~~~~~~~~~~~~~~ 03-26
21091479;23022057E;21275817;09160400213;06011979;18071773;087;659;398;533;924;505;613 ~~~~~~~~~~~~~~~~~~ 03-27
22091479;24022057E;22275817;10160400213;07011979;19071773;088;660;613 ~~~~~~~~~~~~~~~~~~~~~~~~~~~~~~~~~~ 03-28
23091479;25022057E;23275817;11160400213;08011979;20071773;089;652;505;613 ~~~~~~~~~~~~~~~~~~~~~~~~~~~~~~ 03-29
24091479;26022057E;24275817;12160400213;09011979;21071773;090;852;613 ~~~~~~~~~~~~~~~~~~~~~~~~~~~~~~~~~~ 03-30
25091479;27022057E;25275817;13160400213;10011979;22071773;091;399;900;505 ~~~~~~~~~~~~~~~~~~~~~~~~~~~~~~ 03-31
26091479;28022057E;26275817;14160400213;11011979;23071773;092;662;403;415;614 ~~~~~~~~~~~~~~~~~~~~~~~~~~ 04-01
27091479;29022057E;27275817;15160400213;12011979;24071773;093;651;508;505 ~~~~~~~~~~~~~~~~~~~~~~~~~~~~~~ 04-02
28091479;30022057E;28275817;16160400213;13011979;25071773;094;380;651;404;400;614 ~~~~~~~~~~~~~~~~~~~~~~ 04-03
29091479;01032057E;29275817;17160400213;14011979;26071773;095;663;571;651 ~~~~~~~~~~~~~~~~~~~~~~~~~~~~~~ 04-04
30091479;02032057E;01285817;18160400213;15011979;27071773;096;538;559;935;651;506;614 ~~~~~~~~~~~~~~~~~~ 04-05
01101479;03032057E;02285817;19160400213;16011979;28071773;097;507;502;400;651;614 ~~~~~~~~~~~~~~~~~~~~~~ 04-06
02101479;04032057E;03285817;00170400213;17011979;29071773;098;637;661;555;577;855;651;614 ~~~~~~~~~~~~~~ 04-07
03101479;05032057E;04285817;01170400213;18011979;30071773;099;614 ~~~~~~~~~~~~~~~~~~~~~~~~~~~~~~~~~~~~~~ 04-08
04101479;06032057E;05285817;02170400213;19011979;01081773;100;513;400;415;614 ~~~~~~~~~~~~~~~~~~~~~~~~~~ 04-09
05101479;07032057E;06285817;03170400213;20011979;02081773;101;945 ~~~~~~~~~~~~~~~~~~~~~~~~~~~~~~~~~~~~~~ 04-10
06101479;08032057E;07285817;04170400213;21011979;03081773;102;397;838;614 ~~~~~~~~~~~~~~~~~~~~~~~~~~~~~~ 04-11
07101479;09032057E;08285817;05170400213;22011979;04081773;103 ~~~~~~~~~~~~~~~~~~~~~~~~~~~~~~~~~~~~~~~~~~ 04-12
08101479;10032057E;09285817;06170400213;23011979;05081773;104;576;933;614 ~~~~~~~~~~~~~~~~~~~~~~~~~~~~~~ 04-13
09101479;11032057E;10285817;07170400213;24011979;06081773;105;865;614 ~~~~~~~~~~~~~~~~~~~~~~~~~~~~~~~~~~ 04-14
10101479;12032057E;11285817;08170400213;25011979;07081773;106;493;877;400;614 ~~~~~~~~~~~~~~~~~~~~~~~~~~ 04-15
11101479;13032057E;12285817;09170400213;26011979;08081773;107;794 ~~~~~~~~~~~~~~~~~~~~~~~~~~~~~~~~~~~~~~ 04-16
12101479;14032057E;13285817;10170400213;27011979;09081773;108;614 ~~~~~~~~~~~~~~~~~~~~~~~~~~~~~~~~~~~~~~ 04-17
13101479;15032057E;14285817;11170400213;28011979;10081773;109;400 ~~~~~~~~~~~~~~~~~~~~~~~~~~~~~~~~~~~~~~ 04-18
14101479;16032057E;15285817;12170400213;29011979;11081773;110;631;664;384;539;575;515;614 ~~~~~~~~~~~~~~ 04-19
15101479;17032057E;16285817;13170400213;30011979;12081773;111;445;665;614 ~~~~~~~~~~~~~~~~~~~~~~~~~~~~~~ 04-20
16101479;18032057E;17285817;14170400213;01021979;13081773;112;446;666;514;400;614 ~~~~~~~~~~~~~~~~~~~~~~ 04-21
17101479;19032057E;18285817;15170400213;02021979;14081773;113;447;614 ~~~~~~~~~~~~~~~~~~~~~~~~~~~~~~~~~~ 04-22
18101479;20032057E;19285817;16170400213;03021979;15081773;114;448;401;614 ~~~~~~~~~~~~~~~~~~~~~~~~~~~~~~ 04-23
19101479;21032057E;20285817;17170400213;04021979;16081773;115 ~~~~~~~~~~~~~~~~~~~~~~~~~~~~~~~~~~~~~~~~~~ 04-24
20101479;22032057E;21285817;18170400213;05021979;17081773;116;670;398;614 ~~~~~~~~~~~~~~~~~~~~~~~~~~~~~~ 04-25
21101479;23032057E;22285817;19170400213;06021979;18081773;117;667;614 ~~~~~~~~~~~~~~~~~~~~~~~~~~~~~~~~~~ 04-26
22101479;24032057E;23285817;00000500213;07021979;19081773;118;671;614 ~~~~~~~~~~~~~~~~~~~~~~~~~~~~~~~~~~ 04-27
23101479;25032057E;24285817;01000500213;08021979;20081773;119;668;614 ~~~~~~~~~~~~~~~~~~~~~~~~~~~~~~~~~~ 04-28
24101479;26032057E;25285817;02000500213;09021979;21081773;120;669;432;939;624;614 ~~~~~~~~~~~~~~~~~~~~~~ 04-29
25101479;27032057E;26285817;03000500213;10021979;22081773;121;526;624 ~~~~~~~~~~~~~~~~~~~~~~~~~~~~~~~~~~ 04-30
26101479;28032057E;27285817;04000500213;11021979;23081773;122;675;624;615 ~~~~~~~~~~~~~~~~~~~~~~~~~~~~~~ 05-01
27101479;29032057E;28285817;05000500213;12021979;24081773;123;676;624 ~~~~~~~~~~~~~~~~~~~~~~~~~~~~~~~~~~ 05-02
28101479;30032057E;29285817;06000500213;13021979;25081773;124;677;380;624;415;615 ~~~~~~~~~~~~~~~~~~~~~~ 05-03
29101479;01042057E;30285817;07000500213;14021979;26081773;125;679;624 ~~~~~~~~~~~~~~~~~~~~~~~~~~~~~~~~~~ 05-04
01111479;02042057E;01295817;08000500213;15021979;27081773;126;637;672;624;615 ~~~~~~~~~~~~~~~~~~~~~~~~~~ 05-05
02111479;03042057E;02295817;09000500213;16021979;28081773;127;673;510;513;902 ~~~~~~~~~~~~~~~~~~~~~~~~~~ 05-06
03111479;04042057E;03295817;10000500213;17021979;29081773;128;674;437;615 ~~~~~~~~~~~~~~~~~~~~~~~~~~~~~~ 05-07
04111479;05042057E;04295817;11000500213;18021979;30081773;129;528 ~~~~~~~~~~~~~~~~~~~~~~~~~~~~~~~~~~~~~~ 05-08
05111479;06042057E;05295817;12000500213;19021979;01091773;130;683;529;615 ~~~~~~~~~~~~~~~~~~~~~~~~~~~~~~ 05-09
06111479;07042057E;06295817;13000500213;20021979;02091773;131 ~~~~~~~~~~~~~~~~~~~~~~~~~~~~~~~~~~~~~~~~~~ 05-10
07111479;08042057E;07295817;14000500213;21021979;03091773;132;678;397;553;615 ~~~~~~~~~~~~~~~~~~~~~~~~~~ 05-11
08111479;09042057E;08295817;15000500213;22021979;04091773;133;681;680;568 ~~~~~~~~~~~~~~~~~~~~~~~~~~~~~~ 05-12
09111479;10042057E;09295817;16000500213;23021979;05091773;134;451;927;568;615 ~~~~~~~~~~~~~~~~~~~~~~~~~~ 05-13
10111479;11042057E;10295817;17000500213;24021979;06091773;135;682;823 ~~~~~~~~~~~~~~~~~~~~~~~~~~~~~~~~~~ 05-14
11111479;12042057E;11295817;18000500213;25021979;07091773;136;889;615 ~~~~~~~~~~~~~~~~~~~~~~~~~~~~~~~~~~ 05-15
12111479;13042057E;12295817;19000500213;26021979;08091773;137;685 ~~~~~~~~~~~~~~~~~~~~~~~~~~~~~~~~~~~~~~ 05-16
13111479;14042057E;13295817;00010500213;27021979;09091773;138;797;894;615 ~~~~~~~~~~~~~~~~~~~~~~~~~~~~~~ 05-17
14111479;15042057E;14295817;01010500213;28021979;10091773;139;686;385;374;537;818;937;573 ~~~~~~~~~~~~~~ 05-18
15111479;16042057E;15295817;02010500213;29021979;11091773;140;687;514;892;573;615 ~~~~~~~~~~~~~~~~~~~~~~ 05-19
16111479;17042057E;16295817;03010500213;30021979;12091773;141;684;573 ~~~~~~~~~~~~~~~~~~~~~~~~~~~~~~~~~~ 05-20
17111479;18042057E;17295817;04010500213;31021979;13091773;142;789;615 ~~~~~~~~~~~~~~~~~~~~~~~~~~~~~~~~~~ 05-21
18111479;19042057E;18295817;05010500213;01031979;14091773;143;867;518 ~~~~~~~~~~~~~~~~~~~~~~~~~~~~~~~~~~ 05-22
19111479;20042057E;19295817;06010500213;02031979;15091773;144;798;615 ~~~~~~~~~~~~~~~~~~~~~~~~~~~~~~~~~~ 05-23
20111479;21042057E;20295817;07010500213;03031979;16091773;145 ~~~~~~~~~~~~~~~~~~~~~~~~~~~~~~~~~~~~~~~~~~ 05-24
21111479;22042057E;21295817;08010500213;04031979;17091773;146;689;398;615 ~~~~~~~~~~~~~~~~~~~~~~~~~~~~~~ 05-25
22111479;23042057E;22295817;09010500213;05031979;18091773;147;439 ~~~~~~~~~~~~~~~~~~~~~~~~~~~~~~~~~~~~~~ 05-26
23111479;24042057E;23295817;10010500213;06031979;19091773;148;439;803;415;615 ~~~~~~~~~~~~~~~~~~~~~~~~~~ 05-27
24111479;25042057E;24295817;11010500213;07031979;20091773;149;438;530 ~~~~~~~~~~~~~~~~~~~~~~~~~~~~~~~~~~ 05-28
25111479;26042057E;25295817;12010500213;08031979;21091773;150;615 ~~~~~~~~~~~~~~~~~~~~~~~~~~~~~~~~~~~~~~ 05-29
26111479;27042057E;26295817;13010500213;09031979;22091773;151;688 ~~~~~~~~~~~~~~~~~~~~~~~~~~~~~~~~~~~~~~ 05-30
27111479;28042057E;27295817;14010500213;10031979;23091773;152;494;615 ~~~~~~~~~~~~~~~~~~~~~~~~~~~~~~~~~~ 05-31
28111479;29042057E;28295817;15010500213;11031979;24091773;153;692;694;942 ~~~~~~~~~~~~~~~~~~~~~~~~~~~~~~ 06-01
29111479;01052057E;29295817;16010500213;12031979;25091773;154;637;693;380;921;616 ~~~~~~~~~~~~~~~~~~~~~~ 06-02
30111479;02052057E;01305817;17010500213;13031979;26091773;155;690;513;616 ~~~~~~~~~~~~~~~~~~~~~~~~~~~~~~ 06-03
01121479;03052057E;02305817;18010500213;14031979;27091773;156;616;605 ~~~~~~~~~~~~~~~~~~~~~~~~~~~~~~~~~~ 06-04
02121479;04052057E;03305817;19010500213;15031979;28091773;157;616 ~~~~~~~~~~~~~~~~~~~~~~~~~~~~~~~~~~~~~~ 06-05
03121479;05052057E;04305817;00020500213;16031979;29091773;158;691;564;616 ~~~~~~~~~~~~~~~~~~~~~~~~~~~~~~ 06-06
04121479;06052057E;05305817;01020500213;17031979;30091773;159;835;616 ~~~~~~~~~~~~~~~~~~~~~~~~~~~~~~~~~~ 06-07
05121479;07052057E;06305817;02020500213;18031979;01101773;160;864;522;616 ~~~~~~~~~~~~~~~~~~~~~~~~~~~~~~ 06-08
06121479;08052057E;07305817;03020500213;19031979;02101773;161;697;799;830;375;616 ~~~~~~~~~~~~~~~~~~~~~~ 06-09
07121479;09052057E;08305817;04020500213;20031979;03101773;162;449;695;397;377;616 ~~~~~~~~~~~~~~~~~~~~~~ 06-10
08121479;10052057E;09305817;05020500213;21031979;04101773;163;569;616 ~~~~~~~~~~~~~~~~~~~~~~~~~~~~~~~~~~ 06-11
09121479;11052057E;10305817;06020500213;22031979;05101773;164;696;433;552;501;569;415;616 ~~~~~~~~~~~~~~ 06-12
10121479;12052057E;11305817;07020500213;23031979;06101773;165;896;500;616 ~~~~~~~~~~~~~~~~~~~~~~~~~~~~~~ 06-13
11121479;13052057E;12305817;08020500213;24031979;07101773;166;500;616 ~~~~~~~~~~~~~~~~~~~~~~~~~~~~~~~~~~ 06-14
12121479;14052057E;13305817;09020500213;25031979;08101773;167;701;699 ~~~~~~~~~~~~~~~~~~~~~~~~~~~~~~~~~~ 06-15
13121479;15052057E;14305817;10020500213;26031979;09101773;168;386;514;941;500;616 ~~~~~~~~~~~~~~~~~~~~~~ 06-16
14121479;16052057E;15305817;11020500213;27031979;10101773;169;452;452;540;874;947;500;616 ~~~~~~~~~~~~~~ 06-17
15121479;17052057E;16305817;12020500213;28031979;11101773;170;616 ~~~~~~~~~~~~~~~~~~~~~~~~~~~~~~~~~~~~~~ 06-18
16121479;18052057E;17305817;13020500213;29031979;12101773;171;420;616 ~~~~~~~~~~~~~~~~~~~~~~~~~~~~~~~~~~ 06-19
17121479;19052057E;18305817;14020500213;30031979;13101773;172;460;415;616 ~~~~~~~~~~~~~~~~~~~~~~~~~~~~~~ 06-20
18121479;20052057E;19305817;15020500213;31031979;14101773;173;698;425;841 ~~~~~~~~~~~~~~~~~~~~~~~~~~~~~~ 06-21
19121479;21052057E;20305817;16020500213;01041979;15101773;174;596;461;700;616 ~~~~~~~~~~~~~~~~~~~~~~~~~~ 06-22
20121479;22052057E;21305817;17020500213;02041979;16101773;175;702;398 ~~~~~~~~~~~~~~~~~~~~~~~~~~~~~~~~~~ 06-23
21121479;23052057E;22305817;18020500213;03041979;17101773;176;616 ~~~~~~~~~~~~~~~~~~~~~~~~~~~~~~~~~~~~~~ 06-24
22121479;24052057E;23305817;19020500213;04041979;18101773;177;616 ~~~~~~~~~~~~~~~~~~~~~~~~~~~~~~~~~~~~~~ 06-25
23121479;25052057E;24305817;00030500213;05041979;19101773;178;616 ~~~~~~~~~~~~~~~~~~~~~~~~~~~~~~~~~~~~~~ 06-26
24121479;26052057E;25305817;01030500213;06041979;20101773;179;704;416;946;842 ~~~~~~~~~~~~~~~~~~~~~~~~~~ 06-27
25121479;27052057E;26305817;02030500213;07041979;21101773;180;616 ~~~~~~~~~~~~~~~~~~~~~~~~~~~~~~~~~~~~~~ 06-28
26121479;28052057E;27305817;03030500213;08041979;22101773;181;703;421 ~~~~~~~~~~~~~~~~~~~~~~~~~~~~~~~~~~ 06-29
27121479;29052057E;28305817;04030500213;09041979;23101773;182;513;616 ~~~~~~~~~~~~~~~~~~~~~~~~~~~~~~~~~~ 06-30
28121479;30052057E;29305817;05030500213;10041979;24101773;183;795;380;950 ~~~~~~~~~~~~~~~~~~~~~~~~~~~~~~ 07-01
29121479;01062057E;30305817;06030500213;11041979;25101773;184;932;617 ~~~~~~~~~~~~~~~~~~~~~~~~~~~~~~~~~~ 07-02
01011480;02062057E;01315817;07030500213;12041979;26101773;185;495 ~~~~~~~~~~~~~~~~~~~~~~~~~~~~~~~~~~~~~~ 07-03
02011480;03062057E;02315817;08030500213;13041979;27101773;186;373;870;617 ~~~~~~~~~~~~~~~~~~~~~~~~~~~~~~ 07-04
03011480;04062057E;03315817;09030500213;14041979;28101773;187;617 ~~~~~~~~~~~~~~~~~~~~~~~~~~~~~~~~~~~~~~ 07-05
04011480;05062057E;04315817;10030500213;15041979;29101773;188;408;565;617 ~~~~~~~~~~~~~~~~~~~~~~~~~~~~~~ 07-06
05011480;06062057E;05315817;11030500213;16041979;30101773;189;637;705;840;565 ~~~~~~~~~~~~~~~~~~~~~~~~~~ 07-07
06011480;07062057E;06315817;12030500213;17041979;01111773;190;826;617 ~~~~~~~~~~~~~~~~~~~~~~~~~~~~~~~~~~ 07-08
07011480;08062057E;07315817;13030500213;18041979;02111773;191;707;397;421;496;617 ~~~~~~~~~~~~~~~~~~~~~~ 07-09
08011480;09062057E;08315817;14030500213;19041979;03111773;192;617 ~~~~~~~~~~~~~~~~~~~~~~~~~~~~~~~~~~~~~~ 07-10
09011480;10062057E;09315817;15030500213;20041979;04111773;193;617 ~~~~~~~~~~~~~~~~~~~~~~~~~~~~~~~~~~~~~~ 07-11
10011480;11062057E;10315817;16030500213;21041979;05111773;194;546;498;409;617 ~~~~~~~~~~~~~~~~~~~~~~~~~~ 07-12
11011480;12062057E;11315817;17030500213;22041979;06111773;195;554;617 ~~~~~~~~~~~~~~~~~~~~~~~~~~~~~~~~~~ 07-13
12011480;13062057E;12315817;18030500213;23041979;07111773;196;706;833;617 ~~~~~~~~~~~~~~~~~~~~~~~~~~~~~~ 07-14
13011480;14062057E;13315817;19030500213;24041979;08111773;197;709;514 ~~~~~~~~~~~~~~~~~~~~~~~~~~~~~~~~~~ 07-15
14011480;15062057E;14315817;00040500213;25041979;09111773;198;710;387;531;561;617 ~~~~~~~~~~~~~~~~~~~~~~ 07-16
15011480;16062057E;15315817;01040500213;26041979;10111773;199 ~~~~~~~~~~~~~~~~~~~~~~~~~~~~~~~~~~~~~~~~~~ 07-17
16011480;17062057E;16315817;02040500213;27041979;11111773;200;711;617 ~~~~~~~~~~~~~~~~~~~~~~~~~~~~~~~~~~ 07-18
17011480;18062057E;17315817;03040500213;28041979;12111773;201;631;421 ~~~~~~~~~~~~~~~~~~~~~~~~~~~~~~~~~~ 07-19
18011480;19062057E;18315817;04040500213;29041979;13111773;202;436;617 ~~~~~~~~~~~~~~~~~~~~~~~~~~~~~~~~~~ 07-20
19011480;20062057E;19315817;05040500213;30041979;14111773;203;708;496 ~~~~~~~~~~~~~~~~~~~~~~~~~~~~~~~~~~ 07-21
20011480;21062057E;20315817;06040500213;31041979;15111773;204;714;617 ~~~~~~~~~~~~~~~~~~~~~~~~~~~~~~~~~~ 07-22
21011480;22062057E;21315817;07040500213;01051979;16111773;205;398;617 ~~~~~~~~~~~~~~~~~~~~~~~~~~~~~~~~~~ 07-23
22011480;23062057E;22315817;08040500213;02051979;17111773;206;617 ~~~~~~~~~~~~~~~~~~~~~~~~~~~~~~~~~~~~~~ 07-24
23011480;24062057E;23315817;09040500213;03051979;18111773;207;617 ~~~~~~~~~~~~~~~~~~~~~~~~~~~~~~~~~~~~~~ 07-25
24011480;25062057E;24315817;10040500213;04051979;19111773;208;712;715;432;617 ~~~~~~~~~~~~~~~~~~~~~~~~~~ 07-26
25011480;26062057E;25315817;11040500213;05051979;20111773;209;716;513;878;496 ~~~~~~~~~~~~~~~~~~~~~~~~~~ 07-27
26011480;27062057E;26315817;12040500213;06051979;21111773;210;713;617 ~~~~~~~~~~~~~~~~~~~~~~~~~~~~~~~~~~ 07-28
27011480;28062057E;27315817;13040500213;07051979;22111773;211;496 ~~~~~~~~~~~~~~~~~~~~~~~~~~~~~~~~~~~~~~ 07-29
28011480;29062057E;28315817;14040500213;08051979;23111773;212;409;617 ~~~~~~~~~~~~~~~~~~~~~~~~~~~~~~~~~~ 07-30
29011480;01072057E;29315817;15040500213;09051979;24111773;213;380 ~~~~~~~~~~~~~~~~~~~~~~~~~~~~~~~~~~~~~~ 07-31
30011480;02072057E;01325817;16040500213;10051979;25111773;214;497;618 ~~~~~~~~~~~~~~~~~~~~~~~~~~~~~~~~~~ 08-01
01021480;03072057E;02325817;17040500213;11051979;26111773;215 ~~~~~~~~~~~~~~~~~~~~~~~~~~~~~~~~~~~~~~~~~~ 08-02
02021480;04072057E;03325817;18040500213;12051979;27111773;216;719;399;579;375;618 ~~~~~~~~~~~~~~~~~~~~~~ 08-03
03021480;05072057E;04325817;19040500213;13051979;28111773;217;637;720 ~~~~~~~~~~~~~~~~~~~~~~~~~~~~~~~~~~ 08-04
04021480;06072057E;05325817;00050500213;14051979;29111773;218;717;891;618 ~~~~~~~~~~~~~~~~~~~~~~~~~~~~~~ 08-05
05021480;07072057E;06325817;01050500213;15051979;30111773;219;572;400 ~~~~~~~~~~~~~~~~~~~~~~~~~~~~~~~~~~ 08-06
06021480;08072057E;07325817;02050500213;16051979;01121773;220;718;397;618 ~~~~~~~~~~~~~~~~~~~~~~~~~~~~~~ 08-07
07021480;09072057E;08325817;03050500213;17051979;02121773;221;722;421 ~~~~~~~~~~~~~~~~~~~~~~~~~~~~~~~~~~ 08-08
08021480;10072057E;09325817;04050500213;18051979;03121773;222;400;618 ~~~~~~~~~~~~~~~~~~~~~~~~~~~~~~~~~~ 08-09
09021480;11072057E;10325817;05050500213;19051979;04121773;223;938 ~~~~~~~~~~~~~~~~~~~~~~~~~~~~~~~~~~~~~~ 08-10
10021480;12072057E;11325817;06050500213;20051979;05121773;224;723;926;409;618 ~~~~~~~~~~~~~~~~~~~~~~~~~~ 08-11
11021480;13072057E;12325817;07050500213;21051979;06121773;225;721;514 ~~~~~~~~~~~~~~~~~~~~~~~~~~~~~~~~~~ 08-12
12021480;14072057E;13325817;08050500213;22051979;07121773;226;567;618 ~~~~~~~~~~~~~~~~~~~~~~~~~~~~~~~~~~ 08-13
13021480;15072057E;14325817;09050500213;23051979;08121773;227;388;556;909;910;925;567 ~~~~~~~~~~~~~~~~~~ 08-14
14021480;16072057E;15325817;10050500213;24051979;09121773;228;400;618 ~~~~~~~~~~~~~~~~~~~~~~~~~~~~~~~~~~ 08-15
15021480;17072057E;16325817;11050500213;25051979;10121773;229 ~~~~~~~~~~~~~~~~~~~~~~~~~~~~~~~~~~~~~~~~~~ 08-16
16021480;18072057E;17325817;12050500213;26051979;11121773;230;411;875;618 ~~~~~~~~~~~~~~~~~~~~~~~~~~~~~~ 08-17
17021480;19072057E;18325817;13050500213;27051979;12121773;231;724;400;421 ~~~~~~~~~~~~~~~~~~~~~~~~~~~~~~ 08-18
18021480;20072057E;19325817;14050500213;28051979;13121773;232;618 ~~~~~~~~~~~~~~~~~~~~~~~~~~~~~~~~~~~~~~ 08-19
19021480;21072057E;20325817;15050500213;29051979;14121773;233 ~~~~~~~~~~~~~~~~~~~~~~~~~~~~~~~~~~~~~~~~~~ 08-20
20021480;22072057E;21325817;16050500213;30051979;15121773;234;398;844;400;618 ~~~~~~~~~~~~~~~~~~~~~~~~~~ 08-21
21021480;23072057E;22325817;17050500213;31051979;16121773;235;883 ~~~~~~~~~~~~~~~~~~~~~~~~~~~~~~~~~~~~~~ 08-22
22021480;24072057E;23325817;18050500213;01061979;17121773;236;409;618 ~~~~~~~~~~~~~~~~~~~~~~~~~~~~~~~~~~ 08-23
23021480;25072057E;24325817;19050500213;02061979;18121773;237;427;513;412 ~~~~~~~~~~~~~~~~~~~~~~~~~~~~~~ 08-24
24021480;26072057E;25325817;00060500213;03061979;19121773;238;725;503;618 ~~~~~~~~~~~~~~~~~~~~~~~~~~~~~~ 08-25
25021480;27072057E;26325817;01060500213;04061979;20121773;239;428;725 ~~~~~~~~~~~~~~~~~~~~~~~~~~~~~~~~~~ 08-26
26021480;28072057E;27325817;02060500213;05061979;21121773;240;796;401;618 ~~~~~~~~~~~~~~~~~~~~~~~~~~~~~~ 08-27
27021480;29072057E;28325817;03060500213;06061979;22121773;241;594 ~~~~~~~~~~~~~~~~~~~~~~~~~~~~~~~~~~~~~~ 08-28
28021480;30072057E;29325817;04060500213;07061979;23121773;242;595;380;409;618 ~~~~~~~~~~~~~~~~~~~~~~~~~~ 08-29
29021480;01082057E;30325817;05060500213;08061979;24121773;243 ~~~~~~~~~~~~~~~~~~~~~~~~~~~~~~~~~~~~~~~~~~ 08-30
01031480;02082057E;01335817;06060500213;09061979;25121773;244;596;618 ~~~~~~~~~~~~~~~~~~~~~~~~~~~~~~~~~~ 08-31
02031480;03082057E;02335817;07060500213;10061979;26121773;245;429;637;728 ~~~~~~~~~~~~~~~~~~~~~~~~~~~~~~ 09-01
03031480;04082057E;03335817;08060500213;11061979;27121773;246;430;550;597;619 ~~~~~~~~~~~~~~~~~~~~~~~~~~ 09-02
04031480;05082057E;04335817;09060500213;12061979;28121773;247;434;437;915;619 ~~~~~~~~~~~~~~~~~~~~~~~~~~ 09-03
05031480;06082057E;05335817;10060500213;13061979;29121773;248;435;457;409;619 ~~~~~~~~~~~~~~~~~~~~~~~~~~ 09-04
06031480;07082057E;06335817;11060500213;14061979;30121773;249;816 ~~~~~~~~~~~~~~~~~~~~~~~~~~~~~~~~~~~~~~ 09-05
07031480;08082057E;07335817;12060500213;15061979;01131773;250;397;908;619 ~~~~~~~~~~~~~~~~~~~~~~~~~~~~~~ 09-06
08031480;09082057E;08335817;13060500213;16061979;02131773;251;727 ~~~~~~~~~~~~~~~~~~~~~~~~~~~~~~~~~~~~~~ 09-07
09031480;10082057E;09335817;14060500213;17061979;03131773;252;433;514;619 ~~~~~~~~~~~~~~~~~~~~~~~~~~~~~~ 09-08
10031480;11082057E;10335817;15060500213;18061979;04131773;253;455;845;903;619 ~~~~~~~~~~~~~~~~~~~~~~~~~~ 09-09
11031480;12082057E;11335817;16060500213;19061979;05131773;254;729;846;897;409;619 ~~~~~~~~~~~~~~~~~~~~~~ 09-10
12031480;13082057E;12335817;17060500213;20061979;01011774;255;467;511 ~~~~~~~~~~~~~~~~~~~~~~~~~~~~~~~~~~ 09-11
13031480;14082057E;13335817;18060500213;21061979;02011774;256;847;389;390;520;551;619 ~~~~~~~~~~~~~~~~~~ 09-12
14031480;15082057E;14335817;19060500213;22061979;03011774;257;730;726;534;907;570;619 ~~~~~~~~~~~~~~~~~~ 09-13
15031480;16082057E;15335817;00070500213;23061979;04011774;258;412;843;619 ~~~~~~~~~~~~~~~~~~~~~~~~~~~~~~ 09-14
16031480;17082057E;16335817;01070500213;24061979;05011774;259;735 ~~~~~~~~~~~~~~~~~~~~~~~~~~~~~~~~~~~~~~ 09-15
17031480;18082057E;17335817;02070500213;25061979;06011774;260;731;378;417;511;375;409;843;619 ~~~~~~~~~~ 09-16
18031480;19082057E;18335817;03070500213;26061979;07011774;261 ~~~~~~~~~~~~~~~~~~~~~~~~~~~~~~~~~~~~~~~~~~ 09-17
19031480;20082057E;19335817;04070500213;27061979;08011774;262;732;619 ~~~~~~~~~~~~~~~~~~~~~~~~~~~~~~~~~~ 09-18
20031480;21082057E;20335817;05070500213;28061979;09011774;263;619;848 ~~~~~~~~~~~~~~~~~~~~~~~~~~~~~~~~~~ 09-19
21031480;22082057E;21335817;06070500213;29061979;10011774;264;733;398;619 ~~~~~~~~~~~~~~~~~~~~~~~~~~~~~~ 09-20
22031480;23082057E;22335817;07070500213;30061979;11011774;265;734;513;462;412;619 ~~~~~~~~~~~~~~~~~~~~~~ 09-21
23031480;24082057E;23335817;08070500213;31061979;12011774;266;739;423;409;843;619 ~~~~~~~~~~~~~~~~~~~~~~ 09-22
24031480;25082057E;24335817;09070500213;01071979;13011774;267;740;463;619 ~~~~~~~~~~~~~~~~~~~~~~~~~~~~~~ 09-23
25031480;26082057E;25335817;10070500213;02071979;14011774;268;736;869;619 ~~~~~~~~~~~~~~~~~~~~~~~~~~~~~~ 09-24
26031480;27082057E;26335817;11070500213;03071979;15011774;269;737;418;619;848 ~~~~~~~~~~~~~~~~~~~~~~~~~~ 09-25
27031480;28082057E;27335817;12070500213;04071979;16011774;270;742;790;619 ~~~~~~~~~~~~~~~~~~~~~~~~~~~~~~ 09-26
28031480;29082057E;28335817;13070500213;05071979;17011774;271;741;790 ~~~~~~~~~~~~~~~~~~~~~~~~~~~~~~~~~~ 09-27
29031480;01092057E;29335817;14070500213;06071979;18011774;272;738;790;380;868;920;521;409;412;619 ~~~~~~ 09-28
30031480;02092057E;01015818;15070500213;07071979;19011774;273;743;790;895;521;848 ~~~~~~~~~~~~~~~~~~~~~~ 09-29
01041480;03092057E;02015818;16070500213;08071979;20011774;274;790;521;853;619 ~~~~~~~~~~~~~~~~~~~~~~~~~~ 09-30
02041480;04092057E;03015818;17070500213;09071979;21011774;275;744;790;853 ~~~~~~~~~~~~~~~~~~~~~~~~~~~~~~ 10-01
03041480;05092057E;04015818;18070500213;10071979;22011774;276;745;790;826;853;620 ~~~~~~~~~~~~~~~~~~~~~~ 10-02
04041480;06092057E;05015818;19070500213;11071979;23011774;277;746;514;620;848 ~~~~~~~~~~~~~~~~~~~~~~~~~~ 10-03
05041480;07092057E;06015818;00080500213;12071979;24011774;278;747;918;409;620 ~~~~~~~~~~~~~~~~~~~~~~~~~~ 10-04
06041480;08092057E;07015818;01080500213;13071979;25011774;279;596;748;397;548;919;412;848 ~~~~~~~~~~~~~~ 10-05
07041480;09092057E;08015818;02080500213;14071979;26011774;280;637;885;563;620 ~~~~~~~~~~~~~~~~~~~~~~~~~~ 10-06
08041480;10092057E;09015818;03080500213;15071979;27011774;281;749;549;560 ~~~~~~~~~~~~~~~~~~~~~~~~~~~~~~ 10-07
09041480;11092057E;10015818;04080500213;16071979;28011774;282;751;899;527;620 ~~~~~~~~~~~~~~~~~~~~~~~~~~ 10-08
10041480;12092057E;11015818;05080500213;17071979;29011774;283;791 ~~~~~~~~~~~~~~~~~~~~~~~~~~~~~~~~~~~~~~ 10-09
11041480;13092057E;12015818;06080500213;18071979;30011774;284;752;367;409;620 ~~~~~~~~~~~~~~~~~~~~~~~~~~ 10-10
12041480;14092057E;13015818;07080500213;19071979;01021774;285;753;368;882;922;620 ~~~~~~~~~~~~~~~~~~~~~~ 10-11
13041480;15092057E;14015818;08080500213;20071979;02021774;286;393;532;620 ~~~~~~~~~~~~~~~~~~~~~~~~~~~~~~ 10-12
14041480;16092057E;15015818;09080500213;21071979;03021774;287;754;523;418 ~~~~~~~~~~~~~~~~~~~~~~~~~~~~~~ 10-13
15041480;17092057E;16015818;10080500213;22071979;04021774;288;750;803;523;620 ~~~~~~~~~~~~~~~~~~~~~~~~~~ 10-14
16041480;18092057E;17015818;11080500213;23071979;05021774;289;755;523;620 ~~~~~~~~~~~~~~~~~~~~~~~~~~~~~~ 10-15
17041480;19092057E;18015818;12080500213;24071979;06021774;290;756;376;881;523;409;620 ~~~~~~~~~~~~~~~~~~ 10-16
18041480;20092057E;19015818;13080500213;25071979;07021774;291;757;523;620 ~~~~~~~~~~~~~~~~~~~~~~~~~~~~~~ 10-17
19041480;21092057E;20015818;14080500213;26071979;08021774;292;631;513;523;620 ~~~~~~~~~~~~~~~~~~~~~~~~~~ 10-18
20041480;22092057E;21015818;15080500213;27071979;09021774;293;523;412 ~~~~~~~~~~~~~~~~~~~~~~~~~~~~~~~~~~ 10-19
21041480;23092057E;22015818;16080500213;28071979;10021774;294;758;398;499;524;784;620 ~~~~~~~~~~~~~~~~~~ 10-20
22041480;24092057E;23015818;17080500213;29071979;11021774;295;369;525;785 ~~~~~~~~~~~~~~~~~~~~~~~~~~~~~~ 10-21
23041480;25092057E;24015818;18080500213;30071979;12021774;296;432;786;620 ~~~~~~~~~~~~~~~~~~~~~~~~~~~~~~ 10-22
24041480;26092057E;25015818;19080500213;01081979;13021774;297;787 ~~~~~~~~~~~~~~~~~~~~~~~~~~~~~~~~~~~~~~ 10-23
25041480;27092057E;26015818;00090500213;02081979;14021774;298;371;558;911;620 ~~~~~~~~~~~~~~~~~~~~~~~~~~ 10-24
26041480;28092057E;27015818;01090500213;03081979;15021774;299;779;784;861 ~~~~~~~~~~~~~~~~~~~~~~~~~~~~~~ 10-25
27041480;29092057E;28015818;02090500213;04081979;16021774;300;849;431;780;785;412;620 ~~~~~~~~~~~~~~~~~~ 10-26
28041480;30092057E;29015818;03090500213;05081979;17021774;301;759;380;781;786;893;620 ~~~~~~~~~~~~~~~~~~ 10-27
29041480;01102057E;30015818;04090500213;06081979;18021774;302;782;787;620 ~~~~~~~~~~~~~~~~~~~~~~~~~~~~~~ 10-28
01051480;02102057E;01025818;05090500213;07081979;19021774;303;535;783;788 ~~~~~~~~~~~~~~~~~~~~~~~~~~~~~~ 10-29
02051480;03102057E;02025818;06090500213;08081979;20021774;304;514;620 ~~~~~~~~~~~~~~~~~~~~~~~~~~~~~~~~~~ 10-30
03051480;04102057E;03025818;07090500213;09081979;21021774;305;836;418 ~~~~~~~~~~~~~~~~~~~~~~~~~~~~~~~~~~ 10-31
04051480;05102057E;04025818;08090500213;10081979;22021774;306;762;621 ~~~~~~~~~~~~~~~~~~~~~~~~~~~~~~~~~~ 11-01
05051480;06102057E;05025818;09090500213;11081979;23021774;307;410;543;412 ~~~~~~~~~~~~~~~~~~~~~~~~~~~~~~ 11-02
06051480;07102057E;06025818;10090500213;12081979;24021774;308;637;763;397;621 ~~~~~~~~~~~~~~~~~~~~~~~~~~ 11-03
07051480;08102057E;07025818;11090500213;13081979;25021774;309 ~~~~~~~~~~~~~~~~~~~~~~~~~~~~~~~~~~~~~~~~~~ 11-04
08051480;09102057E;08025818;12090500213;14081979;26021774;310;760;820;621 ~~~~~~~~~~~~~~~~~~~~~~~~~~~~~~ 11-05
09051480;10102057E;09025818;13090500213;15081979;27021774;311;879;421 ~~~~~~~~~~~~~~~~~~~~~~~~~~~~~~~~~~ 11-06
10051480;11102057E;10025818;14090500213;16081979;28021774;312;761;547;621 ~~~~~~~~~~~~~~~~~~~~~~~~~~~~~~ 11-07
11051480;12102057E;11025818;15090500213;17081979;29021774;313;764;934 ~~~~~~~~~~~~~~~~~~~~~~~~~~~~~~~~~~ 11-08
12051480;13102057E;12025818;16090500213;18081979;30021774;314;621 ~~~~~~~~~~~~~~~~~~~~~~~~~~~~~~~~~~~~~~ 11-09
13051480;14102057E;13025818;17090500213;19081979;01031774;315;392 ~~~~~~~~~~~~~~~~~~~~~~~~~~~~~~~~~~~~~~ 11-10
14051480;15102057E;14025818;18090500213;20081979;02031774;316;880;621 ~~~~~~~~~~~~~~~~~~~~~~~~~~~~~~~~~~ 11-11
15051480;16102057E;15025818;19090500213;21081979;03031774;317 ~~~~~~~~~~~~~~~~~~~~~~~~~~~~~~~~~~~~~~~~~~ 11-12
16051480;17102057E;16025818;00100500213;22081979;04031774;318;621 ~~~~~~~~~~~~~~~~~~~~~~~~~~~~~~~~~~~~~~ 11-13
17051480;18102057E;17025818;01100500213;23081979;05031774;319;436 ~~~~~~~~~~~~~~~~~~~~~~~~~~~~~~~~~~~~~~ 11-14
18051480;19102057E;18025818;02100500213;24081979;06031774;320;766;513;621 ~~~~~~~~~~~~~~~~~~~~~~~~~~~~~~ 11-15
19051480;20102057E;19025818;03100500213;25081979;07031774;321;412;421 ~~~~~~~~~~~~~~~~~~~~~~~~~~~~~~~~~~ 11-16
20051480;21102057E;20025818;04100500213;26081979;08031774;322;767;621 ~~~~~~~~~~~~~~~~~~~~~~~~~~~~~~~~~~ 11-17
21051480;22102057E;21025818;05100500213;27081979;09031774;323;765;418 ~~~~~~~~~~~~~~~~~~~~~~~~~~~~~~~~~~ 11-18
22051480;23102057E;22025818;06100500213;28081979;10031774;324;398;876;621 ~~~~~~~~~~~~~~~~~~~~~~~~~~~~~~ 11-19
23051480;24102057E;23025818;07100500213;29081979;11031774;325 ~~~~~~~~~~~~~~~~~~~~~~~~~~~~~~~~~~~~~~~~~~ 11-20
24051480;25102057E;24025818;08100500213;30081979;12031774;326;769;621 ~~~~~~~~~~~~~~~~~~~~~~~~~~~~~~~~~~ 11-21
25051480;26102057E;25025818;09100500213;01091979;13031774;327;440;936;788 ~~~~~~~~~~~~~~~~~~~~~~~~~~~~~~ 11-22
26051480;27102057E;26025818;10100500213;02091979;14031774;328;441;412;621 ~~~~~~~~~~~~~~~~~~~~~~~~~~~~~~ 11-23
27051480;28102057E;27025818;11100500213;03091979;15031774;329;770;768;399 ~~~~~~~~~~~~~~~~~~~~~~~~~~~~~~ 11-24
28051480;29102057E;28025818;12100500213;04091979;16031774;330;621 ~~~~~~~~~~~~~~~~~~~~~~~~~~~~~~~~~~~~~~ 11-25
29051480;01112057E;29025818;13100500213;05091979;17031774;331;442;380;928 ~~~~~~~~~~~~~~~~~~~~~~~~~~~~~~ 11-26
30051480;02112057E;30025818;14100500213;06091979;18031774;332;771;514;820;400;621 ~~~~~~~~~~~~~~~~~~~~~~ 11-27
01061480;03112057E;01035818;15100500213;07091979;19031774;333;772;369 ~~~~~~~~~~~~~~~~~~~~~~~~~~~~~~~~~~ 11-28
02061480;04112057E;02035818;16100500213;08091979;20031774;334;621 ~~~~~~~~~~~~~~~~~~~~~~~~~~~~~~~~~~~~~~ 11-29
03061480;05112057E;03035818;17100500213;09091979;21031774;335;422;944;412 ~~~~~~~~~~~~~~~~~~~~~~~~~~~~~~ 11-30
04061480;06112057E;04035818;18100500213;10091979;22031774;336;637;775;622 ~~~~~~~~~~~~~~~~~~~~~~~~~~~~~~ 12-01
05061480;07112057E;05035818;19100500213;11091979;23031774;337;397;370;589 ~~~~~~~~~~~~~~~~~~~~~~~~~~~~~~ 12-02
06061480;08112057E;06035818;00110500213;12091979;24031774;338;400;622 ~~~~~~~~~~~~~~~~~~~~~~~~~~~~~~~~~~ 12-03
07061480;09112057E;07035818;01110500213;13091979;25031774;339;773;453 ~~~~~~~~~~~~~~~~~~~~~~~~~~~~~~~~~~ 12-04
08061480;10112057E;08035818;02110500213;14091979;26031774;340;433;622 ~~~~~~~~~~~~~~~~~~~~~~~~~~~~~~~~~~ 12-05
09061480;11112057E;09035818;03110500213;15091979;27031774;341;557;890;400 ~~~~~~~~~~~~~~~~~~~~~~~~~~~~~~ 12-06
10061480;12112057E;10035818;04110500213;16091979;28031774;342;596;774;803;622 ~~~~~~~~~~~~~~~~~~~~~~~~~~ 12-07
11061480;13112057E;11035818;05110500213;17091979;29031774;343;776 ~~~~~~~~~~~~~~~~~~~~~~~~~~~~~~~~~~~~~~ 12-08
12061480;14112057E;12035818;06110500213;18091979;30031774;344;777;590;622 ~~~~~~~~~~~~~~~~~~~~~~~~~~~~~~ 12-09
13061480;15112057E;13035818;07110500213;19091979;01041774;345;395;545;887 ~~~~~~~~~~~~~~~~~~~~~~~~~~~~~~ 12-10
14061480;16112057E;14035818;08110500213;20091979;02041774;346;540;947;622 ~~~~~~~~~~~~~~~~~~~~~~~~~~~~~~ 12-11
15061480;17112057E;15035818;09110500213;21091979;03041774;347;400 ~~~~~~~~~~~~~~~~~~~~~~~~~~~~~~~~~~~~~~ 12-12
16061480;18112057E;16035818;10110500213;22091979;04041774;348;513;622 ~~~~~~~~~~~~~~~~~~~~~~~~~~~~~~~~~~ 12-13
17061480;19112057E;17035818;11110500213;23091979;05041774;349;401;412 ~~~~~~~~~~~~~~~~~~~~~~~~~~~~~~~~~~ 12-14
18061480;20112057E;18035818;12110500213;24091979;06041774;350;622 ~~~~~~~~~~~~~~~~~~~~~~~~~~~~~~~~~~~~~~ 12-15
19061480;21112057E;19035818;13110500213;25091979;07041774;351;591 ~~~~~~~~~~~~~~~~~~~~~~~~~~~~~~~~~~~~~~ 12-16
20061480;22112057E;20035818;14110500213;26091979;08041774;352;622 ~~~~~~~~~~~~~~~~~~~~~~~~~~~~~~~~~~~~~~ 12-17
21061480;23112057E;21035818;15110500213;27091979;09041774;353;398;856 ~~~~~~~~~~~~~~~~~~~~~~~~~~~~~~~~~~ 12-18
22061480;24112057E;22035818;16110500213;28091979;10041774;354;622 ~~~~~~~~~~~~~~~~~~~~~~~~~~~~~~~~~~~~~~ 12-19
23061480;25112057E;23035818;17110500213;29091979;11041774;355;371;466 ~~~~~~~~~~~~~~~~~~~~~~~~~~~~~~~~~~ 12-20
24061480;26112057E;24035818;18110500213;30091979;12041774;356;778;426;412;622 ~~~~~~~~~~~~~~~~~~~~~~~~~~ 12-21
25061480;27112057E;25035818;19110500213;01101979;13041774;357;917;465;516 ~~~~~~~~~~~~~~~~~~~~~~~~~~~~~~ 12-22
26061480;28112057E;26035818;00120500213;02101979;14041774;358;437;592;516;622 ~~~~~~~~~~~~~~~~~~~~~~~~~~ 12-23
27061480;29112057E;27035818;01120500213;03101979;15041774;359;516;418 ~~~~~~~~~~~~~~~~~~~~~~~~~~~~~~~~~~ 12-24
28061480;30112057E;28035818;02120500213;04101979;16041774;360;380;516;622 ~~~~~~~~~~~~~~~~~~~~~~~~~~~~~~ 12-25
29061480;01122057E;29035818;03120500213;05101979;17041774;361;514;930;953;516 ~~~~~~~~~~~~~~~~~~~~~~~~~~ 12-26
01071480;02122057E;30035818;04120500213;06101979;18041774;362;622 ~~~~~~~~~~~~~~~~~~~~~~~~~~~~~~~~~~~~~~ 12-27
02071480;03122057E;01045818;05120500213;07101979;19041774;363;516;412 ~~~~~~~~~~~~~~~~~~~~~~~~~~~~~~~~~~ 12-28
03071480;04122057E;02045818;06120500213;08101979;20041774;364;516;622 ~~~~~~~~~~~~~~~~~~~~~~~~~~~~~~~~~~ 12-29
04071480;05122057E;03045818;07120500213;09101979;21041774;365;516 ~~~~~~~~~~~~~~~~~~~~~~~~~~~~~~~~~~~~~~ 12-30
05071480;06122057E;04045818;08120500213;10101979;22041774;366;413;622 ~~~~~~~~~~~~~~~~~~~~~~~~~~~~~~~~~~ 12-31
