22041507;24112083e;23245844;04011200313;11102005;22041800;001;637;611 ~~~~~~~~~~~~~~~~~~~~~~~~~~~~~~~~~~ 01-01
23041507;25112083e;24245844;05011200313;12102005;23041800;002 ~~~~~~~~~~~~~~~~~~~~~~~~~~~~~~~~~~~~~~~~~~ 01-02
24041507;26112083e;25245844;06011200313;13102005;24041800;003;372;611 ~~~~~~~~~~~~~~~~~~~~~~~~~~~~~~~~~~ 01-03
25041507;27112083e;26245844;07011200313;14102005;25041800;004;917 ~~~~~~~~~~~~~~~~~~~~~~~~~~~~~~~~~~~~~~ 01-04
26041507;28112083e;27245844;08011200313;15102005;26041800;005;611 ~~~~~~~~~~~~~~~~~~~~~~~~~~~~~~~~~~~~~~ 01-05
27041507;29112083e;28245844;09011200313;16102005;27041800;006;514 ~~~~~~~~~~~~~~~~~~~~~~~~~~~~~~~~~~~~~~ 01-06
28041507;30112083e;29245844;10011200313;17102005;28041800;007;380;929;952;409;611 ~~~~~~~~~~~~~~~~~~~~~~ 01-07
29041507;01122083e;01255844;11011200313;18102005;29041800;008;626 ~~~~~~~~~~~~~~~~~~~~~~~~~~~~~~~~~~~~~~ 01-08
01051507;02122083e;02255844;12011200313;19102005;30041800;009;627;611 ~~~~~~~~~~~~~~~~~~~~~~~~~~~~~~~~~~ 01-09
02051507;03122083e;03255844;13011200313;20102005;01051800;010;628;418 ~~~~~~~~~~~~~~~~~~~~~~~~~~~~~~~~~~ 01-10
03051507;04122083e;04255844;14011200313;21102005;02051800;011;629;817;611 ~~~~~~~~~~~~~~~~~~~~~~~~~~~~~~ 01-11
04051507;05122083e;05255844;15011200313;22102005;03051800;012 ~~~~~~~~~~~~~~~~~~~~~~~~~~~~~~~~~~~~~~~~~~ 01-12
05051507;06122083e;06255844;16011200313;23102005;04051800;013;611 ~~~~~~~~~~~~~~~~~~~~~~~~~~~~~~~~~~~~~~ 01-13
06051507;07122083e;07255844;17011200313;24102005;05051800;014;397 ~~~~~~~~~~~~~~~~~~~~~~~~~~~~~~~~~~~~~~ 01-14
07051507;08122083e;08255844;18011200313;25102005;06051800;015;630;611 ~~~~~~~~~~~~~~~~~~~~~~~~~~~~~~~~~~ 01-15
08051507;09122083e;09255844;19011200313;26102005;07051800;016;625 ~~~~~~~~~~~~~~~~~~~~~~~~~~~~~~~~~~~~~~ 01-16
09051507;10122083e;10255844;00021200313;27102005;08051800;017;492;611 ~~~~~~~~~~~~~~~~~~~~~~~~~~~~~~~~~~ 01-17
10051507;11122083e;11255844;01021200313;28102005;09051800;018;905 ~~~~~~~~~~~~~~~~~~~~~~~~~~~~~~~~~~~~~~ 01-18
11051507;12122083e;12255844;02021200313;29102005;10051800;019;513;409;418;611 ~~~~~~~~~~~~~~~~~~~~~~~~~~ 01-19
12051507;13122083e;13255844;03021200313;30102005;11051800;020;631 ~~~~~~~~~~~~~~~~~~~~~~~~~~~~~~~~~~~~~~ 01-20
13051507;14122083e;14255844;04021200313;01112005;12051800;021;611 ~~~~~~~~~~~~~~~~~~~~~~~~~~~~~~~~~~~~~~ 01-21
14051507;15122083e;15255844;05021200313;02112005;13051800;022;381;904;949 ~~~~~~~~~~~~~~~~~~~~~~~~~~~~~~ 01-22
15051507;16122083e;16255844;06021200313;03112005;14051800;023;432;541;611 ~~~~~~~~~~~~~~~~~~~~~~~~~~~~~~ 01-23
16051507;17122083e;17255844;07021200313;04112005;15051800;024 ~~~~~~~~~~~~~~~~~~~~~~~~~~~~~~~~~~~~~~~~~~ 01-24
17051507;18122083e;18255844;08021200313;05112005;16051800;025;410;580;611 ~~~~~~~~~~~~~~~~~~~~~~~~~~~~~~ 01-25
18051507;19122083e;19255844;09021200313;06112005;17051800;026;632;835;916 ~~~~~~~~~~~~~~~~~~~~~~~~~~~~~~ 01-26
19051507;20122083e;20255844;10021200313;07112005;18051800;027;611 ~~~~~~~~~~~~~~~~~~~~~~~~~~~~~~~~~~~~~~ 01-27
20051507;21122083e;21255844;11021200313;08112005;19051800;028;596;633;418 ~~~~~~~~~~~~~~~~~~~~~~~~~~~~~~ 01-28
21051507;22122083e;22255844;12021200313;09112005;20051800;029;634;611 ~~~~~~~~~~~~~~~~~~~~~~~~~~~~~~~~~~ 01-29
22051507;23122083e;23255844;13021200313;10112005;21051800;030;635;398;453 ~~~~~~~~~~~~~~~~~~~~~~~~~~~~~~ 01-30
23051507;24122083e;24255844;14021200313;11112005;22051800;031;636;611 ~~~~~~~~~~~~~~~~~~~~~~~~~~~~~~~~~~ 01-31
24051507;25122083e;25255844;14021200313;12112005;23051800;032;376 ~~~~~~~~~~~~~~~~~~~~~~~~~~~~~~~~~~~~~~ 02-01
25051507;26122083e;26255844;15021200313;13112005;24051800;033;923;612 ~~~~~~~~~~~~~~~~~~~~~~~~~~~~~~~~~~ 02-02
26051507;27122083e;27255844;16021200313;14112005;25051800;034;638 ~~~~~~~~~~~~~~~~~~~~~~~~~~~~~~~~~~~~~~ 02-03
27051507;28122083e;28255844;17021200313;15112005;26051800;035;639;514;612 ~~~~~~~~~~~~~~~~~~~~~~~~~~~~~~ 02-04
28051507;29122083e;29255844;18021200313;16112005;27051800;036;637;640;380 ~~~~~~~~~~~~~~~~~~~~~~~~~~~~~~ 02-05
29051507;01012084f;30255844;19021200313;17112005;28051800;037;888;479;490;418;612 ~~~~~~~~~~~~~~~~~~~~~~ 02-06
30051507;02012084f;01265844;00031200313;18112005;29051800;038;566;479;490 ~~~~~~~~~~~~~~~~~~~~~~~~~~~~~~ 02-07
01061507;03012084f;02265844;01031200313;19112005;30051800;039;443;566;612 ~~~~~~~~~~~~~~~~~~~~~~~~~~~~~~ 02-08
02061507;04012084f;03265844;02031200313;20112005;01061800;040;444;566 ~~~~~~~~~~~~~~~~~~~~~~~~~~~~~~~~~~ 02-09
03061507;05012084f;04265844;03031200313;21112005;02061800;041;642;940;566;612 ~~~~~~~~~~~~~~~~~~~~~~~~~~ 02-10
04061507;06012084f;05265844;04031200313;22112005;03061800;042;596 ~~~~~~~~~~~~~~~~~~~~~~~~~~~~~~~~~~~~~~ 02-11
05061507;07012084f;06265844;05031200313;23112005;04061800;043;643;914;612 ~~~~~~~~~~~~~~~~~~~~~~~~~~~~~~ 02-12
06061507;08012084f;07265844;06031200313;24112005;05061800;044;397;536;581 ~~~~~~~~~~~~~~~~~~~~~~~~~~~~~~ 02-13
07061507;09012084f;08265844;07031200313;25112005;06061800;045;641;612 ~~~~~~~~~~~~~~~~~~~~~~~~~~~~~~~~~~ 02-14
08061507;10012084f;09265844;08031200313;26112005;07061800;046;513 ~~~~~~~~~~~~~~~~~~~~~~~~~~~~~~~~~~~~~~ 02-15
09061507;11012084f;10265844;09031200313;27112005;08061800;047;612 ~~~~~~~~~~~~~~~~~~~~~~~~~~~~~~~~~~~~~~ 02-16
10061507;12012084f;11265844;10031200313;28112005;09061800;048;644;873;854 ~~~~~~~~~~~~~~~~~~~~~~~~~~~~~~ 02-17
11061507;13012084f;12265844;11031200313;29112005;10061800;049;645;854;612 ~~~~~~~~~~~~~~~~~~~~~~~~~~~~~~ 02-18
12061507;14012084f;13265844;12031200313;30112005;11061800;050 ~~~~~~~~~~~~~~~~~~~~~~~~~~~~~~~~~~~~~~~~~~ 02-19
13061507;15012084f;14265844;13031200313;01122005;12061800;051;612 ~~~~~~~~~~~~~~~~~~~~~~~~~~~~~~~~~~~~~~ 02-20
14061507;16012084f;15265844;14031200313;02122005;13061800;052;450;382;884 ~~~~~~~~~~~~~~~~~~~~~~~~~~~~~~ 02-21
15061507;17012084f;16265844;15031200313;03122005;14061800;053;612 ~~~~~~~~~~~~~~~~~~~~~~~~~~~~~~~~~~~~~~ 02-22
16061507;18012084f;17265844;16031200313;04122005;15061800;054 ~~~~~~~~~~~~~~~~~~~~~~~~~~~~~~~~~~~~~~~~~~ 02-23
17061507;19012084f;18265844;17031200313;05122005;16061800;055;647;648;418;612 ~~~~~~~~~~~~~~~~~~~~~~~~~~ 02-24
18061507;20012084f;19265844;18031200313;06122005;17061800;056;649 ~~~~~~~~~~~~~~~~~~~~~~~~~~~~~~~~~~~~~~ 02-25
19061507;21012084f;20265844;19031200313;07122005;18061800;057;612 ~~~~~~~~~~~~~~~~~~~~~~~~~~~~~~~~~~~~~~ 02-26
20061507;22012084f;21265844;00041200313;08122005;19061800;058 ~~~~~~~~~~~~~~~~~~~~~~~~~~~~~~~~~~~~~~~~~~ 02-27
21061507;23012084f;22265844;01041200313;09122005;20061800;059;398;612 ~~~~~~~~~~~~~~~~~~~~~~~~~~~~~~~~~~ 02-28
22061507;24012084f;23265844;02041200313;10122005;21061800;060;646;650;823 ~~~~~~~~~~~~~~~~~~~~~~~~~~~~~~ 02-29
23061507;25012084f;24265844;05041200313;11122005;22061800;061;613 ~~~~~~~~~~~~~~~~~~~~~~~~~~~~~~~~~~~~~~ 03-01
24061507;26012084f;25265844;06041200313;12122005;23061800;062;653;514;943 ~~~~~~~~~~~~~~~~~~~~~~~~~~~~~~ 03-02
25061507;27012084f;26265844;07041200313;13122005;24061800;063;654;554;613 ~~~~~~~~~~~~~~~~~~~~~~~~~~~~~~ 03-03
26061507;28012084f;27265844;08041200313;14122005;25061800;064;637 ~~~~~~~~~~~~~~~~~~~~~~~~~~~~~~~~~~~~~~ 03-04
27061507;29012084f;28265844;09041200313;15122005;26061800;065;655;866;886;613 ~~~~~~~~~~~~~~~~~~~~~~~~~~ 03-05
28061507;30012084f;29265844;10041200313;16122005;27061800;066;380;928 ~~~~~~~~~~~~~~~~~~~~~~~~~~~~~~~~~~ 03-06
29061507;01022084f;30265844;11041200313;17122005;28061800;067;433;613 ~~~~~~~~~~~~~~~~~~~~~~~~~~~~~~~~~~ 03-07
01071507;02022084f;01275844;12041200313;18122005;29061800;068 ~~~~~~~~~~~~~~~~~~~~~~~~~~~~~~~~~~~~~~~~~~ 03-08
02071507;03022084f;02275844;13041200313;19122005;30061800;069;656;613 ~~~~~~~~~~~~~~~~~~~~~~~~~~~~~~~~~~ 03-09
03071507;04022084f;03275844;14041200313;20122005;01071800;070 ~~~~~~~~~~~~~~~~~~~~~~~~~~~~~~~~~~~~~~~~~~ 03-10
04071507;05022084f;04275844;15041200313;21122005;02071800;071;436;810;613 ~~~~~~~~~~~~~~~~~~~~~~~~~~~~~~ 03-11
05071507;06022084f;05275844;16041200313;22122005;03071800;072;868 ~~~~~~~~~~~~~~~~~~~~~~~~~~~~~~~~~~~~~~ 03-12
06071507;07022084f;06275844;17041200313;23122005;04071800;073;613 ~~~~~~~~~~~~~~~~~~~~~~~~~~~~~~~~~~~~~~ 03-13
07071507;08022084f;07275844;18041200313;24122005;05071800;074;397;513;830;863 ~~~~~~~~~~~~~~~~~~~~~~~~~~ 03-14
08071507;09022084f;08275844;19041200313;25122005;06071800;075;613 ~~~~~~~~~~~~~~~~~~~~~~~~~~~~~~~~~~~~~~ 03-15
09071507;10022084f;09275844;00051200313;26122005;07071800;076;658 ~~~~~~~~~~~~~~~~~~~~~~~~~~~~~~~~~~~~~~ 03-16
10071507;11022084f;10275844;01051200313;27122005;08071800;077;613 ~~~~~~~~~~~~~~~~~~~~~~~~~~~~~~~~~~~~~~ 03-17
11071507;12022084f;11275844;02051200313;28122005;09071800;078;399;517;466 ~~~~~~~~~~~~~~~~~~~~~~~~~~~~~~ 03-18
12071507;13022084f;12275844;03051200313;29122005;10071800;079;493;424;613 ~~~~~~~~~~~~~~~~~~~~~~~~~~~~~~ 03-19
13071507;14022084f;13275844;04051200313;30122005;11071800;080;459 ~~~~~~~~~~~~~~~~~~~~~~~~~~~~~~~~~~~~~~ 03-20
14071507;15022084f;14275844;05051200313;01012006;12071800;081;657;383;544;623;519;851;400;613 ~~~~~~~~~~ 03-21
15071507;16022084f;15275844;06051200313;02012006;13071800;082;598;906;418 ~~~~~~~~~~~~~~~~~~~~~~~~~~~~~~ 03-22
16071507;17022084f;16275844;07051200313;03012006;14071800;083;562;613 ~~~~~~~~~~~~~~~~~~~~~~~~~~~~~~~~~~ 03-23
17071507;18022084f;17275844;08051200313;04012006;15071800;084;445;562;400 ~~~~~~~~~~~~~~~~~~~~~~~~~~~~~~ 03-24
18071507;19022084f;18275844;09051200313;05012006;16071800;085;446;562;613 ~~~~~~~~~~~~~~~~~~~~~~~~~~~~~~ 03-25
19071507;20022084f;19275844;10051200313;06012006;17071800;086;447 ~~~~~~~~~~~~~~~~~~~~~~~~~~~~~~~~~~~~~~ 03-26
20071507;21022084f;20275844;11051200313;07012006;18071800;087;448;514;613 ~~~~~~~~~~~~~~~~~~~~~~~~~~~~~~ 03-27
21071507;22022084f;21275844;12051200313;08012006;19071800;088;659;652;398 ~~~~~~~~~~~~~~~~~~~~~~~~~~~~~~ 03-28
22071507;23022084f;22275844;13051200313;09012006;20071800;089;660;533;924;852;613 ~~~~~~~~~~~~~~~~~~~~~~ 03-29
23071507;24022084f;23275844;14051200313;10012006;21071800;090;400 ~~~~~~~~~~~~~~~~~~~~~~~~~~~~~~~~~~~~~~ 03-30
24071507;25022084f;24275844;15051200313;11012006;22071800;091;418;613 ~~~~~~~~~~~~~~~~~~~~~~~~~~~~~~~~~~ 03-31
25071507;26022084f;25275844;16051200313;12012006;23071800;092;637;661;900 ~~~~~~~~~~~~~~~~~~~~~~~~~~~~~~ 04-01
26071507;27022084f;26275844;17051200313;13012006;24071800;093;662;400;614 ~~~~~~~~~~~~~~~~~~~~~~~~~~~~~~ 04-02
27071507;28022084f;27275844;18051200313;14012006;25071800;094;651;571;509 ~~~~~~~~~~~~~~~~~~~~~~~~~~~~~~ 04-03
28071507;29022084f;28275844;19051200313;15012006;26071800;095;380;651;614 ~~~~~~~~~~~~~~~~~~~~~~~~~~~~~~ 04-04
29071507;01032084f;29275844;00061200313;16012006;27071800;096;663;400;651 ~~~~~~~~~~~~~~~~~~~~~~~~~~~~~~ 04-05
30071507;02032084f;01285844;01061200313;17012006;28071800;097;538;559;935;651;614 ~~~~~~~~~~~~~~~~~~~~~~ 04-06
01081507;03032084f;02285844;02061200313;18012006;29071800;098;651 ~~~~~~~~~~~~~~~~~~~~~~~~~~~~~~~~~~~~~~ 04-07
02081507;04032084f;03285844;03061200313;19012006;30071800;099;555;651;577;400;614 ~~~~~~~~~~~~~~~~~~~~~~ 04-08
03081507;05032084f;04285844;04061200313;20012006;01081800;100 ~~~~~~~~~~~~~~~~~~~~~~~~~~~~~~~~~~~~~~~~~~ 04-09
04081507;06032084f;05285844;05061200313;21012006;02081800;101;401;865;614 ~~~~~~~~~~~~~~~~~~~~~~~~~~~~~~ 04-10
05081507;07032084f;06285844;06061200313;22012006;03081800;102;513;945 ~~~~~~~~~~~~~~~~~~~~~~~~~~~~~~~~~~ 04-11
06081507;08032084f;07285844;07061200313;23012006;04081800;103;397;614 ~~~~~~~~~~~~~~~~~~~~~~~~~~~~~~~~~~ 04-12
07081507;09032084f;08285844;08061200313;24012006;05081800;104 ~~~~~~~~~~~~~~~~~~~~~~~~~~~~~~~~~~~~~~~~~~ 04-13
08081507;10032084f;09285844;09061200313;25012006;06081800;105;576;933;614 ~~~~~~~~~~~~~~~~~~~~~~~~~~~~~~ 04-14
09081507;11032084f;10285844;10061200313;26012006;07081800;106;666 ~~~~~~~~~~~~~~~~~~~~~~~~~~~~~~~~~~~~~~ 04-15
10081507;12032084f;11285844;11061200313;27012006;08081800;107;816;877;614 ~~~~~~~~~~~~~~~~~~~~~~~~~~~~~~ 04-16
11081507;13032084f;12285844;12061200313;28012006;09081800;108;794 ~~~~~~~~~~~~~~~~~~~~~~~~~~~~~~~~~~~~~~ 04-17
12081507;14032084f;13285844;13061200313;29012006;10081800;109;419;614 ~~~~~~~~~~~~~~~~~~~~~~~~~~~~~~~~~~ 04-18
13081507;15032084f;14285844;14061200313;30012006;11081800;110 ~~~~~~~~~~~~~~~~~~~~~~~~~~~~~~~~~~~~~~~~~~ 04-19
14081507;16032084f;15285844;15061200313;31012006;12081800;111;631;664;384;432;539;575;512;515;614 ~~~~~~ 04-20
15081507;17032084f;16285844;16061200313;01022006;13081800;112;665 ~~~~~~~~~~~~~~~~~~~~~~~~~~~~~~~~~~~~~~ 04-21
16081507;18032084f;17285844;17061200313;02022006;14081800;113;614 ~~~~~~~~~~~~~~~~~~~~~~~~~~~~~~~~~~~~~~ 04-22
17081507;19032084f;18285844;18061200313;03022006;15081800;114;514 ~~~~~~~~~~~~~~~~~~~~~~~~~~~~~~~~~~~~~~ 04-23
18081507;20032084f;19285844;19061200313;04022006;16081800;115;402;437;614 ~~~~~~~~~~~~~~~~~~~~~~~~~~~~~~ 04-24
19081507;21032084f;20285844;00071200313;05022006;17081800;116 ~~~~~~~~~~~~~~~~~~~~~~~~~~~~~~~~~~~~~~~~~~ 04-25
20081507;22032084f;21285844;01071200313;06022006;18081800;117;670;614 ~~~~~~~~~~~~~~~~~~~~~~~~~~~~~~~~~~ 04-26
21081507;23032084f;22285844;02071200313;07022006;19081800;118;667;398 ~~~~~~~~~~~~~~~~~~~~~~~~~~~~~~~~~~ 04-27
22081507;24032084f;23285844;03071200313;08022006;20081800;119;671;614 ~~~~~~~~~~~~~~~~~~~~~~~~~~~~~~~~~~ 04-28
23081507;25032084f;24285844;04071200313;09022006;21081800;120;668 ~~~~~~~~~~~~~~~~~~~~~~~~~~~~~~~~~~~~~~ 04-29
24081507;26032084f;25285844;05071200313;10022006;22081800;121;669;939;624;614 ~~~~~~~~~~~~~~~~~~~~~~~~~~ 04-30
25081507;27032084f;26285844;06071200313;11022006;23081800;122;674;526;624 ~~~~~~~~~~~~~~~~~~~~~~~~~~~~~~ 05-01
26081507;28032084f;27285844;07071200313;12022006;24081800;123;675;624;403;615 ~~~~~~~~~~~~~~~~~~~~~~~~~~ 05-02
27081507;29032084f;28285844;08071200313;13022006;25081800;124;676;624 ~~~~~~~~~~~~~~~~~~~~~~~~~~~~~~~~~~ 05-03
28081507;30032084f;29285844;09071200313;14022006;26081800;125;494;677;380;624;615 ~~~~~~~~~~~~~~~~~~~~~~ 05-04
29081507;01042084f;30285844;10071200313;15022006;27081800;126;596;679;624 ~~~~~~~~~~~~~~~~~~~~~~~~~~~~~~ 05-05
01091507;02042084f;01295844;11071200313;16022006;28081800;127;637;672;504;624;403;615 ~~~~~~~~~~~~~~~~~~ 05-06
02091507;03042084f;02295844;12071200313;17022006;29081800;128;673;510;902;615 ~~~~~~~~~~~~~~~~~~~~~~~~~~ 05-07
03091507;04042084f;03295844;13071200313;18022006;30081800;129;682;615 ~~~~~~~~~~~~~~~~~~~~~~~~~~~~~~~~~~ 05-08
04091507;05042084f;04295844;14071200313;19022006;01091800;130;513;528 ~~~~~~~~~~~~~~~~~~~~~~~~~~~~~~~~~~ 05-09
05091507;06042084f;05295844;15071200313;20022006;02091800;131;683;529;615 ~~~~~~~~~~~~~~~~~~~~~~~~~~~~~~ 05-10
06091507;07042084f;06295844;16071200313;21022006;03091800;132;615 ~~~~~~~~~~~~~~~~~~~~~~~~~~~~~~~~~~~~~~ 05-11
07091507;08042084f;07295844;17071200313;22022006;04091800;133;678;397;553;615 ~~~~~~~~~~~~~~~~~~~~~~~~~~ 05-12
08091507;09042084f;08295844;18071200313;23022006;05091800;134;681;680;615 ~~~~~~~~~~~~~~~~~~~~~~~~~~~~~~ 05-13
09091507;10042084f;09295844;19071200313;24022006;06091800;135;449;451;927;403;615 ~~~~~~~~~~~~~~~~~~~~~~ 05-14
10091507;11042084f;10295844;00081200313;25022006;07091800;136 ~~~~~~~~~~~~~~~~~~~~~~~~~~~~~~~~~~~~~~~~~~ 05-15
11091507;12042084f;11295844;01081200313;26022006;08091800;137;818;889;505;615 ~~~~~~~~~~~~~~~~~~~~~~~~~~ 05-16
12091507;13042084f;12295844;02081200313;27022006;09091800;138;685;615 ~~~~~~~~~~~~~~~~~~~~~~~~~~~~~~~~~~ 05-17
13091507;14042084f;13295844;03081200313;28022006;10091800;139;797;894;403;505;615 ~~~~~~~~~~~~~~~~~~~~~~ 05-18
14091507;15042084f;14295844;04081200313;29022006;11091800;140;686;385;573 ~~~~~~~~~~~~~~~~~~~~~~~~~~~~~~ 05-19
15091507;16042084f;15295844;05081200313;30022006;12091800;141;687;537;892;937;573;505;615 ~~~~~~~~~~~~~~ 05-20
16091507;17042084f;16295844;06081200313;31022006;13091800;142;684;514;573;615 ~~~~~~~~~~~~~~~~~~~~~~~~~~ 05-21
17091507;18042084f;17295844;07081200313;01032006;14091800;143;798;789;403;615 ~~~~~~~~~~~~~~~~~~~~~~~~~~ 05-22
18091507;19042084f;18295844;08081200313;02032006;15091800;144;518 ~~~~~~~~~~~~~~~~~~~~~~~~~~~~~~~~~~~~~~ 05-23
19091507;20042084f;19295844;09081200313;03032006;16091800;145;615 ~~~~~~~~~~~~~~~~~~~~~~~~~~~~~~~~~~~~~~ 05-24
20091507;21042084f;20295844;10081200313;04032006;17091800;146;414 ~~~~~~~~~~~~~~~~~~~~~~~~~~~~~~~~~~~~~~ 05-25
21091507;22042084f;21295844;11081200313;05032006;18091800;147;689;398;403;615 ~~~~~~~~~~~~~~~~~~~~~~~~~~ 05-26
22091507;23042084f;22295844;12081200313;06032006;19091800;148;439 ~~~~~~~~~~~~~~~~~~~~~~~~~~~~~~~~~~~~~~ 05-27
23091507;24042084f;23295844;13081200313;07032006;20091800;149;439;615 ~~~~~~~~~~~~~~~~~~~~~~~~~~~~~~~~~~ 05-28
24091507;25042084f;24295844;14081200313;08032006;21091800;150;438;615 ~~~~~~~~~~~~~~~~~~~~~~~~~~~~~~~~~~ 05-29
25091507;26042084f;25295844;15081200313;09032006;22091800;151;530;505;615 ~~~~~~~~~~~~~~~~~~~~~~~~~~~~~~ 05-30
26091507;27042084f;26295844;16081200313;10032006;23091800;152;688 ~~~~~~~~~~~~~~~~~~~~~~~~~~~~~~~~~~~~~~ 05-31
27091507;28042084f;27295844;17081200313;11032006;24091800;153;508;616 ~~~~~~~~~~~~~~~~~~~~~~~~~~~~~~~~~~ 06-01
28091507;29042084f;28295844;18081200313;12032006;25091800;154;692;694;507;942 ~~~~~~~~~~~~~~~~~~~~~~~~~~ 06-02
29091507;01052084f;29295844;19081200313;13032006;26091800;155;637;693;380;433;921;403;616 ~~~~~~~~~~~~~~ 06-03
30091507;02052084f;01305844;00091200313;14032006;27091800;156;690;506 ~~~~~~~~~~~~~~~~~~~~~~~~~~~~~~~~~~ 06-04
01101507;03052084f;02305844;01091200313;15032006;28091800;157;513;502;616 ~~~~~~~~~~~~~~~~~~~~~~~~~~~~~~ 06-05
02101507;04052084f;03305844;02091200313;16032006;29091800;158;404 ~~~~~~~~~~~~~~~~~~~~~~~~~~~~~~~~~~~~~~ 06-06
03101507;05052084f;04305844;03091200313;17032006;30091800;159;691;564;616 ~~~~~~~~~~~~~~~~~~~~~~~~~~~~~~ 06-07
04101507;06052084f;05305844;04091200313;18032006;01101800;160 ~~~~~~~~~~~~~~~~~~~~~~~~~~~~~~~~~~~~~~~~~~ 06-08
05101507;07052084f;06305844;05091200313;19032006;02101800;161;522;616 ~~~~~~~~~~~~~~~~~~~~~~~~~~~~~~~~~~ 06-09
06101507;08052084f;07305844;06091200313;20032006;03101800;162;697;799;569 ~~~~~~~~~~~~~~~~~~~~~~~~~~~~~~ 06-10
07101507;09052084f;08305844;07091200313;21032006;04101800;163;695;397;569;616 ~~~~~~~~~~~~~~~~~~~~~~~~~~ 06-11
08101507;10052084f;09305844;08091200313;22032006;05101800;164 ~~~~~~~~~~~~~~~~~~~~~~~~~~~~~~~~~~~~~~~~~~ 06-12
09101507;11052084f;10305844;09091200313;23032006;06101800;165;696;552;815;616 ~~~~~~~~~~~~~~~~~~~~~~~~~~ 06-13
10101507;12052084f;11305844;10091200313;24032006;07101800;166;793;896 ~~~~~~~~~~~~~~~~~~~~~~~~~~~~~~~~~~ 06-14
11101507;13052084f;12305844;11091200313;25032006;08101800;167;698;554;616 ~~~~~~~~~~~~~~~~~~~~~~~~~~~~~~ 06-15
12101507;14052084f;13305844;12091200313;26032006;09101800;168;701;699 ~~~~~~~~~~~~~~~~~~~~~~~~~~~~~~~~~~ 06-16
13101507;15052084f;14305844;13091200313;27032006;10101800;169;616 ~~~~~~~~~~~~~~~~~~~~~~~~~~~~~~~~~~~~~~ 06-17
14101507;16052084f;15305844;14091200313;28032006;11101800;170;452;452;386;514;874;941 ~~~~~~~~~~~~~~~~~~ 06-18
15101507;17052084f;16305844;15091200313;29032006;12101800;171;865;460;616 ~~~~~~~~~~~~~~~~~~~~~~~~~~~~~~ 06-19
16101507;18052084f;17305844;16091200313;30032006;13101800;172;425 ~~~~~~~~~~~~~~~~~~~~~~~~~~~~~~~~~~~~~~ 06-20
17101507;19052084f;18305844;17091200313;31032006;14101800;173;461;616 ~~~~~~~~~~~~~~~~~~~~~~~~~~~~~~~~~~ 06-21
18101507;20052084f;19305844;18091200313;01042006;15101800;174 ~~~~~~~~~~~~~~~~~~~~~~~~~~~~~~~~~~~~~~~~~~ 06-22
19101507;21052084f;20305844;19091200313;02042006;16101800;175;700;616 ~~~~~~~~~~~~~~~~~~~~~~~~~~~~~~~~~~ 06-23
20101507;22052084f;21305844;00101200313;03042006;17101800;176;702;398 ~~~~~~~~~~~~~~~~~~~~~~~~~~~~~~~~~~ 06-24
21101507;23052084f;22305844;01101200313;04042006;18101800;177;616 ~~~~~~~~~~~~~~~~~~~~~~~~~~~~~~~~~~~~~~ 06-25
22101507;24052084f;23305844;02101200313;05042006;19101800;178 ~~~~~~~~~~~~~~~~~~~~~~~~~~~~~~~~~~~~~~~~~~ 06-26
23101507;25052084f;24305844;03101200313;06042006;20101800;179;616 ~~~~~~~~~~~~~~~~~~~~~~~~~~~~~~~~~~~~~~ 06-27
24101507;26052084f;25305844;04101200313;07042006;21101800;180;704;946 ~~~~~~~~~~~~~~~~~~~~~~~~~~~~~~~~~~ 06-28
25101507;27052084f;26305844;05101200313;08042006;22101800;181;616 ~~~~~~~~~~~~~~~~~~~~~~~~~~~~~~~~~~~~~~ 06-29
26101507;28052084f;27305844;06101200313;09042006;23101800;182;596;703 ~~~~~~~~~~~~~~~~~~~~~~~~~~~~~~~~~~ 06-30
27101507;29052084f;28305844;07101200313;10042006;24101800;183;637;705;840;617 ~~~~~~~~~~~~~~~~~~~~~~~~~~ 07-01
28101507;30052084f;29305844;08101200313;11042006;25101800;184;795;380 ~~~~~~~~~~~~~~~~~~~~~~~~~~~~~~~~~~ 07-02
29101507;01062084f;30305844;09101200313;12042006;26101800;185;513;864;932;950;617 ~~~~~~~~~~~~~~~~~~~~~~ 07-03
01111507;02062084f;01315844;10101200313;13042006;27101800;186;373;415 ~~~~~~~~~~~~~~~~~~~~~~~~~~~~~~~~~~ 07-04
02111507;03062084f;02315844;11101200313;14042006;28101800;187;821;870;617 ~~~~~~~~~~~~~~~~~~~~~~~~~~~~~~ 07-05
03111507;04062084f;03315844;12101200313;15042006;29101800;188 ~~~~~~~~~~~~~~~~~~~~~~~~~~~~~~~~~~~~~~~~~~ 07-06
04111507;05062084f;04315844;13101200313;16042006;30101800;189;436;565;617 ~~~~~~~~~~~~~~~~~~~~~~~~~~~~~~ 07-07
05111507;06062084f;05315844;14101200313;17042006;01111800;190;706;565 ~~~~~~~~~~~~~~~~~~~~~~~~~~~~~~~~~~ 07-08
06111507;07062084f;06315844;15101200313;18042006;02111800;191;617 ~~~~~~~~~~~~~~~~~~~~~~~~~~~~~~~~~~~~~~ 07-09
07111507;08062084f;07315844;16101200313;19042006;03111800;192;707;397 ~~~~~~~~~~~~~~~~~~~~~~~~~~~~~~~~~~ 07-10
08111507;09062084f;08315844;17101200313;20042006;04111800;193;617 ~~~~~~~~~~~~~~~~~~~~~~~~~~~~~~~~~~~~~~ 07-11
09111507;10062084f;09315844;18101200313;21042006;05111800;194 ~~~~~~~~~~~~~~~~~~~~~~~~~~~~~~~~~~~~~~~~~~ 07-12
10111507;11062084f;10315844;19101200313;22042006;06111800;195;617 ~~~~~~~~~~~~~~~~~~~~~~~~~~~~~~~~~~~~~~ 07-13
11111507;12062084f;11315844;00111200313;23042006;07111800;196;411;546 ~~~~~~~~~~~~~~~~~~~~~~~~~~~~~~~~~~ 07-14
12111507;13062084f;12315844;01111200313;24042006;08111800;197;708;617 ~~~~~~~~~~~~~~~~~~~~~~~~~~~~~~~~~~ 07-15
13111507;14062084f;13315844;02111200313;25042006;09111800;198;709;859 ~~~~~~~~~~~~~~~~~~~~~~~~~~~~~~~~~~ 07-16
14111507;15062084f;14315844;03111200313;26042006;10111800;199;710;387;432;514;531;540;561;947;617 ~~~~~~ 07-17
15111507;16062084f;15315844;04111200313;27042006;11111800;200;420 ~~~~~~~~~~~~~~~~~~~~~~~~~~~~~~~~~~~~~~ 07-18
16111507;17062084f;16315844;05111200313;28042006;12111800;201;711;617 ~~~~~~~~~~~~~~~~~~~~~~~~~~~~~~~~~~ 07-19
17111507;18062084f;17315844;06111200313;29042006;13111800;202;631 ~~~~~~~~~~~~~~~~~~~~~~~~~~~~~~~~~~~~~~ 07-20
18111507;19062084f;18315844;07111200313;30042006;14111800;203;399;617 ~~~~~~~~~~~~~~~~~~~~~~~~~~~~~~~~~~ 07-21
19111507;20062084f;19315844;08111200313;31042006;15111800;204;713 ~~~~~~~~~~~~~~~~~~~~~~~~~~~~~~~~~~~~~~ 07-22
20111507;21062084f;20315844;09111200313;01052006;16111800;205;714;617 ~~~~~~~~~~~~~~~~~~~~~~~~~~~~~~~~~~ 07-23
21111507;22062084f;21315844;10111200313;02052006;17111800;206;398 ~~~~~~~~~~~~~~~~~~~~~~~~~~~~~~~~~~~~~~ 07-24
22111507;23062084f;22315844;11111200313;03052006;18111800;207;867;617 ~~~~~~~~~~~~~~~~~~~~~~~~~~~~~~~~~~ 07-25
23111507;24062084f;23315844;12111200313;04052006;19111800;208;378 ~~~~~~~~~~~~~~~~~~~~~~~~~~~~~~~~~~~~~~ 07-26
24111507;25062084f;24315844;13111200313;05052006;20111800;209;712;715;400;617 ~~~~~~~~~~~~~~~~~~~~~~~~~~ 07-27
25111507;26062084f;25315844;14111200313;06052006;21111800;210;716;878;412 ~~~~~~~~~~~~~~~~~~~~~~~~~~~~~~ 07-28
26111507;27062084f;26315844;15111200313;07052006;22111800;211;617 ~~~~~~~~~~~~~~~~~~~~~~~~~~~~~~~~~~~~~~ 07-29
27111507;28062084f;27315844;16111200313;08052006;23111800;212;513;400 ~~~~~~~~~~~~~~~~~~~~~~~~~~~~~~~~~~ 07-30
28111507;29062084f;28315844;17111200313;09052006;24111800;213;617 ~~~~~~~~~~~~~~~~~~~~~~~~~~~~~~~~~~~~~~ 07-31
29111507;30062084f;29315844;18111200313;10052006;25111800;214;718;380 ~~~~~~~~~~~~~~~~~~~~~~~~~~~~~~~~~~ 08-01
30111507;01072084f;01325844;19111200313;11052006;26111800;215;400;618 ~~~~~~~~~~~~~~~~~~~~~~~~~~~~~~~~~~ 08-02
01121507;02072084f;02325844;00121200313;12052006;27111800;216 ~~~~~~~~~~~~~~~~~~~~~~~~~~~~~~~~~~~~~~~~~~ 08-03
02121507;03072084f;03325844;01121200313;13052006;28111800;217;719;579;412;618 ~~~~~~~~~~~~~~~~~~~~~~~~~~ 08-04
03121507;04072084f;04325844;02121200313;14052006;29111800;218;637;720;400;415;618 ~~~~~~~~~~~~~~~~~~~~~~ 08-05
04121507;05072084f;05325844;03121200313;15052006;30111800;219;717;891;618 ~~~~~~~~~~~~~~~~~~~~~~~~~~~~~~ 08-06
05121507;06072084f;06325844;04121200313;16052006;01121800;220;618 ~~~~~~~~~~~~~~~~~~~~~~~~~~~~~~~~~~~~~~ 08-07
06121507;07072084f;07325844;05121200313;17052006;02121800;221;572;400;618 ~~~~~~~~~~~~~~~~~~~~~~~~~~~~~~ 08-08
07121507;08072084f;08325844;06121200313;18052006;03121800;222;722;397 ~~~~~~~~~~~~~~~~~~~~~~~~~~~~~~~~~~ 08-09
08121507;09072084f;09325844;07121200313;19052006;04121800;223;811;618 ~~~~~~~~~~~~~~~~~~~~~~~~~~~~~~~~~~ 08-10
09121507;10072084f;10325844;08121200313;20052006;05121800;224;838;938;501;400;412 ~~~~~~~~~~~~~~~~~~~~~~ 08-11
10121507;11072084f;11325844;09121200313;21052006;06121800;225;723;926;500;618 ~~~~~~~~~~~~~~~~~~~~~~~~~~ 08-12
11121507;12072084f;12325844;10121200313;22052006;07121800;226;721;831;500 ~~~~~~~~~~~~~~~~~~~~~~~~~~~~~~ 08-13
12121507;13072084f;13325844;11121200313;23052006;08121800;227;401;514;618 ~~~~~~~~~~~~~~~~~~~~~~~~~~~~~~ 08-14
13121507;14072084f;14325844;12121200313;24052006;09121800;228;388;556;909;910;925;500;567;618 ~~~~~~~~~~ 08-15
14121507;15072084f;15325844;13121200313;25052006;10121800;229;500;567;618 ~~~~~~~~~~~~~~~~~~~~~~~~~~~~~~ 08-16
15121507;16072084f;16325844;14121200313;26052006;11121800;230;421;618 ~~~~~~~~~~~~~~~~~~~~~~~~~~~~~~~~~~ 08-17
16121507;17072084f;17325844;15121200313;27052006;12121800;231;875;618 ~~~~~~~~~~~~~~~~~~~~~~~~~~~~~~~~~~ 08-18
17121507;18072084f;18325844;16121200313;28052006;13121800;232;724;618 ~~~~~~~~~~~~~~~~~~~~~~~~~~~~~~~~~~ 08-19
18121507;19072084f;19325844;17121200313;29052006;14121800;233;841;618 ~~~~~~~~~~~~~~~~~~~~~~~~~~~~~~~~~~ 08-20
19121507;20072084f;20325844;18121200313;30052006;15121800;234;415 ~~~~~~~~~~~~~~~~~~~~~~~~~~~~~~~~~~~~~~ 08-21
20121507;21072084f;21325844;19121200313;31052006;16121800;235;398;437;618 ~~~~~~~~~~~~~~~~~~~~~~~~~~~~~~ 08-22
21121507;22072084f;22325844;00131200313;01062006;17121800;236;821;883 ~~~~~~~~~~~~~~~~~~~~~~~~~~~~~~~~~~ 08-23
22121507;23072084f;23325844;01131200313;02062006;18121800;237;618 ~~~~~~~~~~~~~~~~~~~~~~~~~~~~~~~~~~~~~~ 08-24
23121507;24072084f;24325844;02131200313;03062006;19121800;238;427 ~~~~~~~~~~~~~~~~~~~~~~~~~~~~~~~~~~~~~~ 08-25
24121507;25072084f;25325844;03131200313;04062006;20121800;239;725;503;513;842;618 ~~~~~~~~~~~~~~~~~~~~~~ 08-26
25121507;26072084f;26325844;04131200313;05062006;21121800;240;428;725;421;618 ~~~~~~~~~~~~~~~~~~~~~~~~~~ 08-27
26121507;27072084f;27325844;05131200313;06062006;22121800;241;796;618 ~~~~~~~~~~~~~~~~~~~~~~~~~~~~~~~~~~ 08-28
27121507;28072084f;28325844;06131200313;07062006;23121800;242;594;415 ~~~~~~~~~~~~~~~~~~~~~~~~~~~~~~~~~~ 08-29
28121507;29072084f;29325844;07131200313;08062006;24121800;243;595;433;618 ~~~~~~~~~~~~~~~~~~~~~~~~~~~~~~ 08-30
29121507;01082084f;30325844;08131200313;09062006;25121800;244;380 ~~~~~~~~~~~~~~~~~~~~~~~~~~~~~~~~~~~~~~ 08-31
30121507;02082084f;01335844;09131200313;10062006;26121800;245;596;727;619 ~~~~~~~~~~~~~~~~~~~~~~~~~~~~~~ 09-01
01011508;03082084f;02335844;10131200313;11062006;27121800;246;429;637;728;495 ~~~~~~~~~~~~~~~~~~~~~~~~~~ 09-02
02011508;04082084f;03335844;11131200313;12062006;28121800;247;430;597;619 ~~~~~~~~~~~~~~~~~~~~~~~~~~~~~~ 09-03
03011508;05082084f;04335844;12131200313;13062006;29121800;248;434;550 ~~~~~~~~~~~~~~~~~~~~~~~~~~~~~~~~~~ 09-04
04011508;06082084f;05335844;13131200313;14062006;30121800;249;435;915;619 ~~~~~~~~~~~~~~~~~~~~~~~~~~~~~~ 09-05
05011508;07082084f;06335844;14131200313;15062006;01131800;250;421 ~~~~~~~~~~~~~~~~~~~~~~~~~~~~~~~~~~~~~~ 09-06
06011508;08082084f;07335844;15131200313;16062006;02131800;251;397;908;619 ~~~~~~~~~~~~~~~~~~~~~~~~~~~~~~ 09-07
07011508;09082084f;08335844;16131200313;17062006;03131800;252;496 ~~~~~~~~~~~~~~~~~~~~~~~~~~~~~~~~~~~~~~ 09-08
08011508;10082084f;09335844;17131200313;18062006;04131800;253;374;619 ~~~~~~~~~~~~~~~~~~~~~~~~~~~~~~~~~~ 09-09
09011508;11082084f;10335844;18131200313;19062006;05131800;254;455;845;903 ~~~~~~~~~~~~~~~~~~~~~~~~~~~~~~ 09-10
10011508;12082084f;11335844;19131200313;20062006;01011801;255;729;846;514;897;498;619 ~~~~~~~~~~~~~~~~~~ 09-11
11011508;13082084f;12335844;00141200313;21062006;02011801;256;726;847;496 ~~~~~~~~~~~~~~~~~~~~~~~~~~~~~~ 09-12
12011508;14082084f;13335844;01141200313;22062006;03011801;257;520;551;619 ~~~~~~~~~~~~~~~~~~~~~~~~~~~~~~ 09-13
13011508;15082084f;14335844;02141200313;23062006;04011801;258;730;389;390;534;907;570;415 ~~~~~~~~~~~~~~ 09-14
14011508;16082084f;15335844;03141200313;24062006;05011801;259;734;833;412;619 ~~~~~~~~~~~~~~~~~~~~~~~~~~ 09-15
15011508;17082084f;16335844;04141200313;25062006;06011801;260;735 ~~~~~~~~~~~~~~~~~~~~~~~~~~~~~~~~~~~~~~ 09-16
16011508;18082084f;17335844;05141200313;26062006;07011801;261;731;848;619 ~~~~~~~~~~~~~~~~~~~~~~~~~~~~~~ 09-17
17011508;19082084f;18335844;06141200313;27062006;08011801;262 ~~~~~~~~~~~~~~~~~~~~~~~~~~~~~~~~~~~~~~~~~~ 09-18
18011508;20082084f;19335844;07141200313;28062006;09011801;263;732;619;848 ~~~~~~~~~~~~~~~~~~~~~~~~~~~~~~ 09-19
19011508;21082084f;20335844;08141200313;29062006;10011801;264;496 ~~~~~~~~~~~~~~~~~~~~~~~~~~~~~~~~~~~~~~ 09-20
20011508;22082084f;21335844;09141200313;30062006;11011801;265;733;398;462;619 ~~~~~~~~~~~~~~~~~~~~~~~~~~ 09-21
21011508;23082084f;22335844;10141200313;31062006;12011801;266;738;861;423;412;415 ~~~~~~~~~~~~~~~~~~~~~~ 09-22
22011508;24082084f;23335844;11141200313;01072006;13011801;267;739;513;463;848;619 ~~~~~~~~~~~~~~~~~~~~~~ 09-23
23011508;25082084f;24335844;12141200313;02072006;14011801;268;740 ~~~~~~~~~~~~~~~~~~~~~~~~~~~~~~~~~~~~~~ 09-24
24011508;26082084f;25335844;13141200313;03072006;15011801;269;736;869;619 ~~~~~~~~~~~~~~~~~~~~~~~~~~~~~~ 09-25
25011508;27082084f;26335844;14141200313;04072006;16011801;270;737;496 ~~~~~~~~~~~~~~~~~~~~~~~~~~~~~~~~~~ 09-26
26011508;28082084f;27335844;15141200313;05072006;17011801;271;742;790;848;619 ~~~~~~~~~~~~~~~~~~~~~~~~~~ 09-27
27011508;29082084f;28335844;16141200313;06072006;18011801;272;741;790;574 ~~~~~~~~~~~~~~~~~~~~~~~~~~~~~~ 09-28
28011508;30082084f;29335844;17141200313;07072006;19011801;273;790;380;920;521;412;619 ~~~~~~~~~~~~~~~~~~ 09-29
29011508;01092084f;01015845;18141200313;08072006;20011801;274;743;790;895;521;853;415 ~~~~~~~~~~~~~~~~~~ 09-30
30011508;02092084f;02015845;19141200313;09072006;21011801;275;790;497;521;853;848;620 ~~~~~~~~~~~~~~~~~~ 10-01
01021508;03092084f;03015845;00151200313;10072006;22011801;276;744;790;853 ~~~~~~~~~~~~~~~~~~~~~~~~~~~~~~ 10-02
02021508;04092084f;04015845;01151200313;11072006;23011801;277;745;790;620 ~~~~~~~~~~~~~~~~~~~~~~~~~~~~~~ 10-03
03021508;05092084f;05015845;02151200313;12072006;24011801;278;746;405 ~~~~~~~~~~~~~~~~~~~~~~~~~~~~~~~~~~ 10-04
04021508;06092084f;06015845;03151200313;13072006;25011801;279;747;620 ~~~~~~~~~~~~~~~~~~~~~~~~~~~~~~~~~~ 10-05
05021508;07092084f;07015845;04151200313;14072006;26011801;280;748;397;918;412;421 ~~~~~~~~~~~~~~~~~~~~~~ 10-06
06021508;08092084f;08015845;05151200313;15072006;27011801;281;637;548;885;919;620;848 ~~~~~~~~~~~~~~~~~~ 10-07
07021508;09092084f;09015845;06151200313;16072006;28011801;282;750;749;514;549;560;563;415 ~~~~~~~~~~~~~~ 10-08
08021508;10092084f;10015845;07151200313;17072006;29011801;283;751;527;620 ~~~~~~~~~~~~~~~~~~~~~~~~~~~~~~ 10-09
09021508;11092084f;11015845;08151200313;18072006;30011801;284;791;367;899 ~~~~~~~~~~~~~~~~~~~~~~~~~~~~~~ 10-10
10021508;12092084f;12015845;09151200313;19072006;01021801;285;752;368;620 ~~~~~~~~~~~~~~~~~~~~~~~~~~~~~~ 10-11
11021508;13092084f;13015845;10151200313;20072006;02021801;286;753;432;467;375 ~~~~~~~~~~~~~~~~~~~~~~~~~~ 10-12
12021508;14092084f;14015845;11151200313;21072006;03021801;287;391;532;882;922;412;620 ~~~~~~~~~~~~~~~~~~ 10-13
13021508;15092084f;15015845;12151200313;22072006;04021801;288;754;523;406 ~~~~~~~~~~~~~~~~~~~~~~~~~~~~~~ 10-14
14021508;16092084f;16015845;13151200313;23072006;05021801;289;523;620 ~~~~~~~~~~~~~~~~~~~~~~~~~~~~~~~~~~ 10-15
15021508;17092084f;17015845;14151200313;24072006;06021801;290;755;523 ~~~~~~~~~~~~~~~~~~~~~~~~~~~~~~~~~~ 10-16
16021508;18092084f;18015845;15151200313;25072006;07021801;291;756;881;523;620 ~~~~~~~~~~~~~~~~~~~~~~~~~~ 10-17
17021508;19092084f;19015845;16151200313;26072006;08021801;292;757;523 ~~~~~~~~~~~~~~~~~~~~~~~~~~~~~~~~~~ 10-18
18021508;20092084f;20015845;17151200313;27072006;09021801;293;631;523;406;620 ~~~~~~~~~~~~~~~~~~~~~~~~~~ 10-19
19021508;21092084f;21015845;18151200313;28072006;10021801;294;523;784;412 ~~~~~~~~~~~~~~~~~~~~~~~~~~~~~~ 10-20
20021508;22092084f;22015845;19151200313;29072006;11021801;295;758;398;369;499;513;844;524;785;620 ~~~~~~ 10-21
21021508;23092084f;23015845;00161200313;30072006;12021801;296;525;786 ~~~~~~~~~~~~~~~~~~~~~~~~~~~~~~~~~~ 10-22
22021508;24092084f;24015845;01161200313;01082006;13021801;297;868;787;620 ~~~~~~~~~~~~~~~~~~~~~~~~~~~~~~ 10-23
23021508;25092084f;25015845;02161200313;02082006;14021801;298;371;406;415 ~~~~~~~~~~~~~~~~~~~~~~~~~~~~~~ 10-24
24021508;26092084f;26015845;03161200313;03082006;15021801;299;558;911;620 ~~~~~~~~~~~~~~~~~~~~~~~~~~~~~~ 10-25
25021508;27092084f;27015845;04161200313;04082006;16021801;300;779;784 ~~~~~~~~~~~~~~~~~~~~~~~~~~~~~~~~~~ 10-26
26021508;28092084f;28015845;05161200313;05082006;17021801;301;849;416;780;785;412;620 ~~~~~~~~~~~~~~~~~~ 10-27
27021508;29092084f;29015845;06161200313;06082006;18021801;302;759;781;786;893 ~~~~~~~~~~~~~~~~~~~~~~~~~~ 10-28
28021508;01102084f;30015845;07161200313;07082006;19021801;303;380;782;787;406;620 ~~~~~~~~~~~~~~~~~~~~~~ 10-29
29021508;02102084f;01025845;08161200313;08082006;20021801;304;535;783;788 ~~~~~~~~~~~~~~~~~~~~~~~~~~~~~~ 10-30
01031508;03102084f;02025845;09161200313;09082006;21021801;305;620 ~~~~~~~~~~~~~~~~~~~~~~~~~~~~~~~~~~~~~~ 10-31
02031508;04102084f;03025845;10161200313;10082006;22021801;306;761;408 ~~~~~~~~~~~~~~~~~~~~~~~~~~~~~~~~~~ 11-01
03031508;05102084f;04025845;11161200313;11082006;23021801;307;762;431;436;514;858;621 ~~~~~~~~~~~~~~~~~~ 11-02
04031508;06102084f;05025845;12161200313;12082006;24021801;308;543;375 ~~~~~~~~~~~~~~~~~~~~~~~~~~~~~~~~~~ 11-03
05031508;07102084f;06025845;13161200313;13082006;25021801;309;637;763;397;621 ~~~~~~~~~~~~~~~~~~~~~~~~~~ 11-04
06031508;08102084f;07025845;14161200313;14082006;26021801;310 ~~~~~~~~~~~~~~~~~~~~~~~~~~~~~~~~~~~~~~~~~~ 11-05
07031508;09102084f;08025845;15161200313;15082006;27021801;311;760;621 ~~~~~~~~~~~~~~~~~~~~~~~~~~~~~~~~~~ 11-06
08031508;10102084f;09025845;16161200313;16082006;28021801;312;850;879 ~~~~~~~~~~~~~~~~~~~~~~~~~~~~~~~~~~ 11-07
09031508;11102084f;10025845;17161200313;17082006;29021801;313;547;406;621 ~~~~~~~~~~~~~~~~~~~~~~~~~~~~~~ 11-08
10031508;12102084f;11025845;18161200313;18082006;30021801;314;764;934 ~~~~~~~~~~~~~~~~~~~~~~~~~~~~~~~~~~ 11-09
11031508;13102084f;12025845;19161200313;19082006;01031801;315;857;621 ~~~~~~~~~~~~~~~~~~~~~~~~~~~~~~~~~~ 11-10
12031508;14102084f;13025845;00171200313;20082006;02031801;316;511 ~~~~~~~~~~~~~~~~~~~~~~~~~~~~~~~~~~~~~~ 11-11
13031508;15102084f;14025845;01171200313;21082006;03031801;317;394;399;880;843;621 ~~~~~~~~~~~~~~~~~~~~~~ 11-12
14031508;16102084f;15025845;02171200313;22082006;04031801;318;409 ~~~~~~~~~~~~~~~~~~~~~~~~~~~~~~~~~~~~~~ 11-13
15031508;17102084f;16025845;03171200313;23082006;05031801;319;621 ~~~~~~~~~~~~~~~~~~~~~~~~~~~~~~~~~~~~~~ 11-14
16031508;18102084f;17025845;04171200313;24082006;06031801;320;417;400;421;621 ~~~~~~~~~~~~~~~~~~~~~~~~~~ 11-15
17031508;19102084f;18025845;05171200313;25082006;07031801;321;766;511;621 ~~~~~~~~~~~~~~~~~~~~~~~~~~~~~~ 11-16
18031508;20102084f;19025845;06171200313;26082006;08031801;322;412 ~~~~~~~~~~~~~~~~~~~~~~~~~~~~~~~~~~~~~~ 11-17
19031508;21102084f;20025845;07171200313;27082006;09031801;323;767;513;400;406;621 ~~~~~~~~~~~~~~~~~~~~~~ 11-18
20031508;22102084f;21025845;08171200313;28082006;10031801;324;765;409;621 ~~~~~~~~~~~~~~~~~~~~~~~~~~~~~~ 11-19
21031508;23102084f;22025845;09171200313;29082006;11031801;325;398;876;843;621 ~~~~~~~~~~~~~~~~~~~~~~~~~~ 11-20
22031508;24102084f;23025845;10171200313;30082006;12031801;326;400;621 ~~~~~~~~~~~~~~~~~~~~~~~~~~~~~~~~~~ 11-21
23031508;25102084f;24025845;11171200313;01092006;13031801;327;769;788;621 ~~~~~~~~~~~~~~~~~~~~~~~~~~~~~~ 11-22
24031508;26102084f;25025845;12171200313;02092006;14031801;328;440;406;621 ~~~~~~~~~~~~~~~~~~~~~~~~~~~~~~ 11-23
25031508;27102084f;26025845;13171200313;03092006;15031801;329;441;936;400;418;621 ~~~~~~~~~~~~~~~~~~~~~~ 11-24
26031508;28102084f;27025845;14171200313;04092006;16031801;330;770;768;433;375;409;421 ~~~~~~~~~~~~~~~~~~ 11-25
27031508;29102084f;28025845;15171200313;05092006;17031801;331;621 ~~~~~~~~~~~~~~~~~~~~~~~~~~~~~~~~~~~~~~ 11-26
28031508;30102084f;29025845;16171200313;06092006;18031801;332;442;380;928;400;621 ~~~~~~~~~~~~~~~~~~~~~~ 11-27
29031508;01112084f;30025845;17171200313;07092006;19031801;333;771;369;621 ~~~~~~~~~~~~~~~~~~~~~~~~~~~~~~ 11-28
30031508;02112084f;01035845;18171200313;08092006;20031801;334;772;413;514 ~~~~~~~~~~~~~~~~~~~~~~~~~~~~~~ 11-29
01041508;03112084f;02035845;19171200313;09092006;21031801;335;621 ~~~~~~~~~~~~~~~~~~~~~~~~~~~~~~~~~~~~~~ 11-30
02041508;04112084f;03035845;00001300313;10092006;22031801;336;774 ~~~~~~~~~~~~~~~~~~~~~~~~~~~~~~~~~~~~~~ 12-01
03041508;05112084f;04035845;01001300313;11092006;23031801;337;637;775;370;401;944;622 ~~~~~~~~~~~~~~~~~~ 12-02
04041508;06112084f;05035845;02001300313;12092006;24031801;338;589;406;418;622 ~~~~~~~~~~~~~~~~~~~~~~~~~~ 12-03
05041508;07112084f;06035845;03001300313;13092006;25031801;339;397;622 ~~~~~~~~~~~~~~~~~~~~~~~~~~~~~~~~~~ 12-04
06041508;08112084f;07035845;04001300313;14092006;26031801;340;773;622 ~~~~~~~~~~~~~~~~~~~~~~~~~~~~~~~~~~ 12-05
07041508;09112084f;08035845;05001300313;15092006;27031801;341;622 ~~~~~~~~~~~~~~~~~~~~~~~~~~~~~~~~~~~~~~ 12-06
08041508;10112084f;09035845;06001300313;16092006;28031801;342;557;890;622 ~~~~~~~~~~~~~~~~~~~~~~~~~~~~~~ 12-07
09041508;11112084f;10035845;07001300313;17092006;29031801;343;406;622 ~~~~~~~~~~~~~~~~~~~~~~~~~~~~~~~~~~ 12-08
10041508;12112084f;11035845;08001300313;18092006;30031801;344;776;622 ~~~~~~~~~~~~~~~~~~~~~~~~~~~~~~~~~~ 12-09
11041508;13112084f;12035845;09001300313;19092006;01041801;345;777;825;590;622 ~~~~~~~~~~~~~~~~~~~~~~~~~~ 12-10
12041508;14112084f;13035845;10001300313;20092006;02041801;346;395;437;545;622 ~~~~~~~~~~~~~~~~~~~~~~~~~~ 12-11
13041508;15112084f;14035845;11001300313;21092006;03041801;347;887;418;622 ~~~~~~~~~~~~~~~~~~~~~~~~~~~~~~ 12-12
14041508;16112084f;15035845;12001300313;22092006;04041801;348;407;409;622 ~~~~~~~~~~~~~~~~~~~~~~~~~~~~~~ 12-13
15041508;17112084f;16035845;13001300313;23092006;05041801;349;622 ~~~~~~~~~~~~~~~~~~~~~~~~~~~~~~~~~~~~~~ 12-14
16041508;18112084f;17035845;14001300313;24092006;06041801;350;778;513;421 ~~~~~~~~~~~~~~~~~~~~~~~~~~~~~~ 12-15
17041508;19112084f;18035845;15001300313;25092006;07041801;351;622 ~~~~~~~~~~~~~~~~~~~~~~~~~~~~~~~~~~~~~~ 12-16
18041508;20112084f;19035845;16001300313;26092006;08041801;352;591;375 ~~~~~~~~~~~~~~~~~~~~~~~~~~~~~~~~~~ 12-17
19041508;21112084f;20035845;17001300313;27092006;09041801;353;805;622 ~~~~~~~~~~~~~~~~~~~~~~~~~~~~~~~~~~ 12-18
20041508;22112084f;21035845;18001300313;28092006;10041801;354;409;622 ~~~~~~~~~~~~~~~~~~~~~~~~~~~~~~~~~~ 12-19
21041508;23112084f;22035845;19001300313;29092006;11041801;355;398;371;466;622 ~~~~~~~~~~~~~~~~~~~~~~~~~~ 12-20
22041508;24112084f;23035845;00011300313;30092006;12041801;356;426;622 ~~~~~~~~~~~~~~~~~~~~~~~~~~~~~~~~~~ 12-21
23041508;25112084f;24035845;01011300313;01102006;13041801;357;465;622 ~~~~~~~~~~~~~~~~~~~~~~~~~~~~~~~~~~ 12-22
24041508;26112084f;25035845;02011300313;02102006;14041801;358;917;516;622 ~~~~~~~~~~~~~~~~~~~~~~~~~~~~~~ 12-23
25041508;27112084f;26035845;03011300313;03102006;15041801;359;825;592;516;622 ~~~~~~~~~~~~~~~~~~~~~~~~~~ 12-24
26041508;28112084f;27035845;04011300313;04102006;16041801;360;516;421;622 ~~~~~~~~~~~~~~~~~~~~~~~~~~~~~~ 12-25
27041508;29112084f;28035845;05011300313;05102006;17041801;361;516;622 ~~~~~~~~~~~~~~~~~~~~~~~~~~~~~~~~~~ 12-31
28041508;01122084f;29035845;06011300313;06102006;18041801;362;380;930;953;516;622 ~~~~~~~~~~~~~~~~~~~~~~ 12-27
29041508;02122084f;30035845;07011300313;07102006;19041801;363;514;622 ~~~~~~~~~~~~~~~~~~~~~~~~~~~~~~~~~~ 12-28
01051508;03122084f;01045845;08011300313;08102006;20041801;364;516;622 ~~~~~~~~~~~~~~~~~~~~~~~~~~~~~~~~~~ 12-29
02051508;04122084f;02045845;09011300313;09102006;21041801;365;422;516;622 ~~~~~~~~~~~~~~~~~~~~~~~~~~~~~~ 12-30
03051508;05122084f;03045845;10011300313;10102006;22041801;366;457;516 ~~~~~~~~~~~~~~~~~~~~~~~~~~~~~~~~~~ 12-31
