05121460;07122038t;05045799;07070600113;11101960;23041755;001;637;397;611 ~~~~~~~~~~~~~~~~~~~~~~~~~~~~~~ 01-01
06121460;08122038t;06045799;08070600113;12101960;24041755;002 ~~~~~~~~~~~~~~~~~~~~~~~~~~~~~~~~~~~~~~~~~~ 01-02
07121460;09122038t;07045799;09070600113;13101960;25041755;003;611 ~~~~~~~~~~~~~~~~~~~~~~~~~~~~~~~~~~~~~~ 01-03
08121460;10122038t;08045799;10070600113;14101960;26041755;004 ~~~~~~~~~~~~~~~~~~~~~~~~~~~~~~~~~~~~~~~~~~ 01-04
09121460;11122038t;09045799;11070600113;15101960;27041755;005;372;513;501;611 ~~~~~~~~~~~~~~~~~~~~~~~~~~ 01-05
10121460;12122038t;10045799;12070600113;16101960;28041755;006;905;500 ~~~~~~~~~~~~~~~~~~~~~~~~~~~~~~~~~~ 01-06
11121460;13122038t;11045799;13070600113;17101960;29041755;007;500;611 ~~~~~~~~~~~~~~~~~~~~~~~~~~~~~~~~~~ 01-07
12121460;14122038t;12045799;14070600113;18101960;30041755;008;626;411;419;432 ~~~~~~~~~~~~~~~~~~~~~~~~~~ 01-08
13121460;15122038t;13045799;15070600113;19101960;01051755;009;627;500;415;611 ~~~~~~~~~~~~~~~~~~~~~~~~~~ 01-09
14121460;16122038t;14045799;16070600113;20101960;02051755;010;628;381;904;500 ~~~~~~~~~~~~~~~~~~~~~~~~~~ 01-10
15121460;17122038t;15045799;17070600113;21101960;03051755;011;629;803;611 ~~~~~~~~~~~~~~~~~~~~~~~~~~~~~~ 01-11
16121460;18122038t;16045799;18070600113;22101960;04051755;012 ~~~~~~~~~~~~~~~~~~~~~~~~~~~~~~~~~~~~~~~~~~ 01-12
17121460;19122038t;17045799;19070600113;23101960;05051755;013;916;611 ~~~~~~~~~~~~~~~~~~~~~~~~~~~~~~~~~~ 01-13
18121460;20122038t;18045799;00080600113;24101960;06051755;014;596;841 ~~~~~~~~~~~~~~~~~~~~~~~~~~~~~~~~~~ 01-14
19121460;21122038t;19045799;01080600113;25101960;07051755;015;630;377;412;611 ~~~~~~~~~~~~~~~~~~~~~~~~~~ 01-15
20121460;22122038t;20045799;02080600113;26101960;08051755;016;625 ~~~~~~~~~~~~~~~~~~~~~~~~~~~~~~~~~~~~~~ 01-16
21121460;23122038t;21045799;03080600113;27101960;09051755;017;492;398;838;611 ~~~~~~~~~~~~~~~~~~~~~~~~~~ 01-17
22121460;24122038t;22045799;04080600113;28101960;10051755;018 ~~~~~~~~~~~~~~~~~~~~~~~~~~~~~~~~~~~~~~~~~~ 01-18
23121460;25122038t;23045799;05080600113;29101960;11051755;019;409;611 ~~~~~~~~~~~~~~~~~~~~~~~~~~~~~~~~~~ 01-19
24121460;26122038t;24045799;06080600113;30101960;12051755;020;631;923;842 ~~~~~~~~~~~~~~~~~~~~~~~~~~~~~~ 01-20
25121460;27122038t;25045799;07080600113;01111960;13051755;021;514;611 ~~~~~~~~~~~~~~~~~~~~~~~~~~~~~~~~~~ 01-21
26121460;28122038t;26045799;08080600113;02111960;14051755;022;412 ~~~~~~~~~~~~~~~~~~~~~~~~~~~~~~~~~~~~~~ 01-22
27121460;29122038t;27045799;09080600113;03111960;15051755;023;834;611 ~~~~~~~~~~~~~~~~~~~~~~~~~~~~~~~~~~ 01-23
28121460;01012039u;28045799;10080600113;04111960;16051755;024;380;888;479;490 ~~~~~~~~~~~~~~~~~~~~~~~~~~ 01-24
29121460;02012039u;29045799;11080600113;05111960;17051755;025;566;479;490;409;580;611 ~~~~~~~~~~~~~~~~~~ 01-25
01011461;03012039u;01055799;12080600113;06111960;18051755;026;632;495;566 ~~~~~~~~~~~~~~~~~~~~~~~~~~~~~~ 01-26
02011461;04012039u;02055799;13080600113;07111960;19051755;027;566;611 ~~~~~~~~~~~~~~~~~~~~~~~~~~~~~~~~~~ 01-27
03011461;05012039u;03055799;14080600113;08111960;20051755;028;633;829;566;496 ~~~~~~~~~~~~~~~~~~~~~~~~~~ 01-28
04011461;06012039u;04055799;15080600113;09111960;21051755;029;634;940;412;611 ~~~~~~~~~~~~~~~~~~~~~~~~~~ 01-29
05011461;07012039u;05055799;16080600113;10111960;22051755;030;635 ~~~~~~~~~~~~~~~~~~~~~~~~~~~~~~~~~~~~~~ 01-30
06011461;08012039u;06055799;17080600113;11111960;23051755;031;636;397;914;409;611 ~~~~~~~~~~~~~~~~~~~~~~ 01-31
07011461;09012039u;07055799;17080600113;12111960;24051755;032;536;496 ~~~~~~~~~~~~~~~~~~~~~~~~~~~~~~~~~~ 02-01
08011461;10012039u;08055799;18080600113;13111960;25051755;033;513;415;612 ~~~~~~~~~~~~~~~~~~~~~~~~~~~~~~ 02-02
09011461;11012039u;09055799;19080600113;14111960;26051755;034;638;496 ~~~~~~~~~~~~~~~~~~~~~~~~~~~~~~~~~~ 02-03
10011461;12012039u;10055799;00090600113;15111960;27051755;035;639;873;498;612 ~~~~~~~~~~~~~~~~~~~~~~~~~~ 02-04
11011461;13012039u;11055799;01090600113;16111960;28051755;036;637;640;412 ~~~~~~~~~~~~~~~~~~~~~~~~~~~~~~ 02-05
12011461;14012039u;12055799;02090600113;17111960;29051755;037;409;612 ~~~~~~~~~~~~~~~~~~~~~~~~~~~~~~~~~~ 02-06
13011461;15012039u;13055799;03090600113;18111960;30051755;038 ~~~~~~~~~~~~~~~~~~~~~~~~~~~~~~~~~~~~~~~~~~ 02-07
14011461;16012039u;14055799;04090600113;19111960;01061755;039;382;612 ~~~~~~~~~~~~~~~~~~~~~~~~~~~~~~~~~~ 02-08
15011461;17012039u;15055799;05090600113;20111960;02061755;040;884 ~~~~~~~~~~~~~~~~~~~~~~~~~~~~~~~~~~~~~~ 02-09
16011461;18012039u;16055799;06090600113;21111960;03061755;041;642;612 ~~~~~~~~~~~~~~~~~~~~~~~~~~~~~~~~~~ 02-10
17011461;19012039u;17055799;07090600113;22111960;04061755;042;496 ~~~~~~~~~~~~~~~~~~~~~~~~~~~~~~~~~~~~~~ 02-11
18011461;20012039u;18055799;08090600113;23111960;05061755;043;643;412;612 ~~~~~~~~~~~~~~~~~~~~~~~~~~~~~~ 02-12
19011461;21012039u;19055799;09090600113;24111960;06061755;044;817;496;581 ~~~~~~~~~~~~~~~~~~~~~~~~~~~~~~ 02-13
20011461;22012039u;20055799;10090600113;25111960;07061755;045;641;612 ~~~~~~~~~~~~~~~~~~~~~~~~~~~~~~~~~~ 02-14
21011461;23012039u;21055799;11090600113;26111960;08061755;046;398;457;514;496 ~~~~~~~~~~~~~~~~~~~~~~~~~~ 02-15
22011461;24012039u;22055799;12090600113;27111960;09061755;047;612 ~~~~~~~~~~~~~~~~~~~~~~~~~~~~~~~~~~~~~~ 02-16
23011461;25012039u;23055799;13090600113;28111960;10061755;048;644;854;496 ~~~~~~~~~~~~~~~~~~~~~~~~~~~~~~ 02-17
24011461;26012039u;24055799;14090600113;29111960;11061755;049;645;854;415;612 ~~~~~~~~~~~~~~~~~~~~~~~~~~ 02-18
25011461;27012039u;25055799;15090600113;30111960;12061755;050;943 ~~~~~~~~~~~~~~~~~~~~~~~~~~~~~~~~~~~~~~ 02-19
26011461;28012039u;26055799;16090600113;01121960;13061755;051;612 ~~~~~~~~~~~~~~~~~~~~~~~~~~~~~~~~~~~~~~ 02-20
27011461;29012039u;27055799;17090600113;02121960;14061755;052;450;433;886;496 ~~~~~~~~~~~~~~~~~~~~~~~~~~ 02-21
28011461;30012039u;28055799;18090600113;03121960;15061755;053;443;646;380;436;612 ~~~~~~~~~~~~~~~~~~~~~~ 02-22
29011461;01022039u;29055799;19090600113;04121960;16061755;054;444 ~~~~~~~~~~~~~~~~~~~~~~~~~~~~~~~~~~~~~~ 02-23
30011461;02022039u;30055799;00100600113;05121960;17061755;055;647;648;497;409;612 ~~~~~~~~~~~~~~~~~~~~~~ 02-24
01021461;03022039u;01065799;01100600113;06121960;18061755;056;649 ~~~~~~~~~~~~~~~~~~~~~~~~~~~~~~~~~~~~~~ 02-25
02021461;04022039u;02065799;02100600113;07121960;19061755;057;412;415;612 ~~~~~~~~~~~~~~~~~~~~~~~~~~~~~~ 02-26
03021461;05022039u;03065799;03100600113;08121960;20061755;058 ~~~~~~~~~~~~~~~~~~~~~~~~~~~~~~~~~~~~~~~~~~ 02-27
04021461;06022039u;04065799;04100600113;09121960;21061755;059;650;612 ~~~~~~~~~~~~~~~~~~~~~~~~~~~~~~~~~~ 02-28
05021461;07022039u;05065799;08100600113;10121960;22061755;061;399;513 ~~~~~~~~~~~~~~~~~~~~~~~~~~~~~~~~~~ 03-01
06021461;08022039u;06065799;09100600113;11121960;23061755;062;397;613 ~~~~~~~~~~~~~~~~~~~~~~~~~~~~~~~~~~ 03-02
07021461;09022039u;07065799;10100600113;12121960;24061755;063;653;613 ~~~~~~~~~~~~~~~~~~~~~~~~~~~~~~~~~~ 03-03
08021461;10022039u;08065799;11100600113;13121960;25061755;064;654;376;400;613 ~~~~~~~~~~~~~~~~~~~~~~~~~~ 03-04
09021461;11022039u;09065799;12100600113;14121960;26061755;065;637;412 ~~~~~~~~~~~~~~~~~~~~~~~~~~~~~~~~~~ 03-05
10021461;12022039u;10065799;13100600113;15121960;27061755;066;655;517;613 ~~~~~~~~~~~~~~~~~~~~~~~~~~~~~~ 03-06
11021461;13022039u;11065799;14100600113;16121960;28061755;067;400 ~~~~~~~~~~~~~~~~~~~~~~~~~~~~~~~~~~~~~~ 03-07
12021461;14022039u;12065799;15100600113;17121960;29061755;068;409;613 ~~~~~~~~~~~~~~~~~~~~~~~~~~~~~~~~~~ 03-08
13021461;15022039u;13065799;16100600113;18121960;30061755;069;613 ~~~~~~~~~~~~~~~~~~~~~~~~~~~~~~~~~~~~~~ 03-09
14021461;16022039u;14065799;17100600113;19121960;01071755;070;656;383;544;623;906;519;400;613 ~~~~~~~~~~ 03-10
15021461;17022039u;15065799;18100600113;20121960;02071755;071;598 ~~~~~~~~~~~~~~~~~~~~~~~~~~~~~~~~~~~~~~ 03-11
16021461;18022039u;16065799;19100600113;21121960;03071755;072;562;412;613 ~~~~~~~~~~~~~~~~~~~~~~~~~~~~~~ 03-12
17021461;19022039u;17065799;00110600113;22121960;04071755;073;514;562;400;613 ~~~~~~~~~~~~~~~~~~~~~~~~~~ 03-13
18021461;20022039u;18065799;01110600113;23121960;05071755;074;562;613 ~~~~~~~~~~~~~~~~~~~~~~~~~~~~~~~~~~ 03-14
19021461;21022039u;19065799;02110600113;24121960;06071755;075;657;613 ~~~~~~~~~~~~~~~~~~~~~~~~~~~~~~~~~~ 03-15
20021461;22022039u;20065799;03110600113;25121960;07071755;076;833;861;844;400;613 ~~~~~~~~~~~~~~~~~~~~~~ 03-16
21021461;23022039u;21065799;04110600113;26121960;08071755;077;658;398;533;830;924 ~~~~~~~~~~~~~~~~~~~~~~ 03-17
22021461;24022039u;22065799;05110600113;27121960;09071755;078;613 ~~~~~~~~~~~~~~~~~~~~~~~~~~~~~~~~~~~~~~ 03-18
23021461;25022039u;23065799;06110600113;28121960;10071755;079;400;412;613 ~~~~~~~~~~~~~~~~~~~~~~~~~~~~~~ 03-19
24021461;26022039u;24065799;07110600113;29121960;11071755;080;900;466;409;613 ~~~~~~~~~~~~~~~~~~~~~~~~~~ 03-20
25021461;27022039u;25065799;08110600113;30121960;12071755;081;424 ~~~~~~~~~~~~~~~~~~~~~~~~~~~~~~~~~~~~~~ 03-21
26021461;28022039u;26065799;09110600113;01011961;13071755;082;659;459;851;400;415;613 ~~~~~~~~~~~~~~~~~~ 03-22
27021461;29022039u;27065799;10110600113;02011961;14071755;083;401 ~~~~~~~~~~~~~~~~~~~~~~~~~~~~~~~~~~~~~~ 03-23
28021461;30022039u;28065799;11110600113;03011961;15071755;084;380;613 ~~~~~~~~~~~~~~~~~~~~~~~~~~~~~~~~~~ 03-24
29021461;01032039u;29065799;12110600113;04011961;16071755;085;538;559;935;613 ~~~~~~~~~~~~~~~~~~~~~~~~~~ 03-25
01031461;02032039u;01075799;13110600113;05011961;17071755;086;409;613 ~~~~~~~~~~~~~~~~~~~~~~~~~~~~~~~~~~ 03-26
02031461;03032039u;02075799;14110600113;06011961;18071755;087;555;577 ~~~~~~~~~~~~~~~~~~~~~~~~~~~~~~~~~~ 03-27
03031461;04032039u;03075799;15110600113;07011961;19071755;088;613 ~~~~~~~~~~~~~~~~~~~~~~~~~~~~~~~~~~~~~~ 03-28
04031461;05032039u;04075799;16110600113;08011961;20071755;089;652;513 ~~~~~~~~~~~~~~~~~~~~~~~~~~~~~~~~~~ 03-29
05031461;06032039u;05075799;17110600113;09011961;21071755;090;660;814;852;613 ~~~~~~~~~~~~~~~~~~~~~~~~~~ 03-30
06031461;07032039u;06075799;18110600113;10011961;22071755;091;945 ~~~~~~~~~~~~~~~~~~~~~~~~~~~~~~~~~~~~~~ 03-31
07031461;08032039u;07075799;19110600113;11011961;23071755;092;397;416;614 ~~~~~~~~~~~~~~~~~~~~~~~~~~~~~~ 04-01
08031461;09032039u;08075799;00120600113;12011961;24071755;093;637;661;863 ~~~~~~~~~~~~~~~~~~~~~~~~~~~~~~ 04-02
09031461;10032039u;09075799;01120600113;13011961;25071755;094;493;662;576;933;614 ~~~~~~~~~~~~~~~~~~~~~~ 04-03
10031461;11032039u;10075799;02120600113;14011961;26071755;095;614;651 ~~~~~~~~~~~~~~~~~~~~~~~~~~~~~~~~~~ 04-04
11031461;12032039u;11075799;03120600113;15011961;27071755;096;877;571;651;843;614 ~~~~~~~~~~~~~~~~~~~~~~ 04-05
12031461;13032039u;12075799;04120600113;16011961;28071755;097;663;432;437;651;511 ~~~~~~~~~~~~~~~~~~~~~~ 04-06
13031461;14032039u;13075799;05120600113;17011961;29071755;098;409;651;614 ~~~~~~~~~~~~~~~~~~~~~~~~~~~~~~ 04-07
14031461;15032039u;14075799;06120600113;18011961;30071755;099;445;384;651;614 ~~~~~~~~~~~~~~~~~~~~~~~~~~ 04-08
15031461;16032039u;15075799;07120600113;19011961;01081755;100;446;539;575;515;843;651;614 ~~~~~~~~~~~~~~ 04-09
16031461;17032039u;16075799;08120600113;20011961;02081755;101;447;514;614 ~~~~~~~~~~~~~~~~~~~~~~~~~~~~~~ 04-10
17031461;18032039u;17075799;09120600113;21011961;03081755;102;448;511;614 ~~~~~~~~~~~~~~~~~~~~~~~~~~~~~~ 04-11
18031461;19032039u;18075799;10120600113;22011961;04081755;103 ~~~~~~~~~~~~~~~~~~~~~~~~~~~~~~~~~~~~~~~~~~ 04-12
19031461;20032039u;19075799;11120600113;23011961;05081755;104;409;843;614 ~~~~~~~~~~~~~~~~~~~~~~~~~~~~~~ 04-13
20031461;21032039u;20075799;12120600113;24011961;06081755;105 ~~~~~~~~~~~~~~~~~~~~~~~~~~~~~~~~~~~~~~~~~~ 04-14
21031461;22032039u;21075799;13120600113;25011961;07081755;106;665;398;868;843;614 ~~~~~~~~~~~~~~~~~~~~~~ 04-15
22031461;23032039u;22075799;14120600113;26011961;08081755;107;666;614 ~~~~~~~~~~~~~~~~~~~~~~~~~~~~~~~~~~ 04-16
23031461;24032039u;23075799;15120600113;27011961;09081755;108;410;843;614 ~~~~~~~~~~~~~~~~~~~~~~~~~~~~~~ 04-17
24031461;25032039u;24075799;16120600113;28011961;10081755;109;794 ~~~~~~~~~~~~~~~~~~~~~~~~~~~~~~~~~~~~~~ 04-18
25031461;26032039u;25075799;17120600113;29011961;11081755;110;817;939;614 ~~~~~~~~~~~~~~~~~~~~~~~~~~~~~~ 04-19
26031461;27032039u;26075799;18120600113;30011961;12081755;111;526 ~~~~~~~~~~~~~~~~~~~~~~~~~~~~~~~~~~~~~~ 04-20
27031461;28032039u;27075799;19120600113;01021961;13081755;112;631;664;614 ~~~~~~~~~~~~~~~~~~~~~~~~~~~~~~ 04-21
28031461;29032039u;28075799;00130600113;02021961;14081755;113 ~~~~~~~~~~~~~~~~~~~~~~~~~~~~~~~~~~~~~~~~~~ 04-22
29031461;01042039u;29075799;01130600113;03021961;15081755;114;380;412;614 ~~~~~~~~~~~~~~~~~~~~~~~~~~~~~~ 04-23
30031461;02042039u;30075799;02130600113;04021961;16081755;115;669 ~~~~~~~~~~~~~~~~~~~~~~~~~~~~~~~~~~~~~~ 04-24
01041461;03042039u;01085799;03130600113;05021961;17081755;116;614 ~~~~~~~~~~~~~~~~~~~~~~~~~~~~~~~~~~~~~~ 04-25
02041461;04042039u;02085799;04130600113;06021961;18081755;117;793;510;513;902 ~~~~~~~~~~~~~~~~~~~~~~~~~~ 04-26
03041461;05042039u;03085799;05130600113;07021961;19081755;118;670;614 ~~~~~~~~~~~~~~~~~~~~~~~~~~~~~~~~~~ 04-27
04041461;06042039u;04085799;06130600113;08021961;20081755;119;667;528;614 ~~~~~~~~~~~~~~~~~~~~~~~~~~~~~~ 04-28
05041461;07042039u;05085799;07130600113;09021961;21081755;120;671;529;614 ~~~~~~~~~~~~~~~~~~~~~~~~~~~~~~ 04-29
06041461;08042039u;06085799;08130600113;10021961;22081755;121;668;553;412 ~~~~~~~~~~~~~~~~~~~~~~~~~~~~~~ 04-30
07041461;09042039u;07085799;09130600113;11021961;23081755;122;673;397;615 ~~~~~~~~~~~~~~~~~~~~~~~~~~~~~~ 05-01
08041461;10042039u;08085799;10130600113;12021961;24081755;123;674;927 ~~~~~~~~~~~~~~~~~~~~~~~~~~~~~~~~~~ 05-02
09041461;11042039u;09085799;11130600113;13021961;25081755;124;675;615 ~~~~~~~~~~~~~~~~~~~~~~~~~~~~~~~~~~ 05-03
10041461;12042039u;10085799;12130600113;14021961;26081755;125;676;889 ~~~~~~~~~~~~~~~~~~~~~~~~~~~~~~~~~~ 05-04
11041461;13042039u;11085799;13130600113;15021961;27081755;126;677;554;818;821;615 ~~~~~~~~~~~~~~~~~~~~~~ 05-05
12041461;14042039u;12085799;14130600113;16021961;28081755;127;679;678 ~~~~~~~~~~~~~~~~~~~~~~~~~~~~~~~~~~ 05-06
13041461;15042039u;13085799;15130600113;17021961;29081755;128;637;672;680;894;615 ~~~~~~~~~~~~~~~~~~~~~~ 05-07
14041461;16042039u;14085799;16130600113;18021961;30081755;129;451;385;537;937 ~~~~~~~~~~~~~~~~~~~~~~~~~~ 05-08
15041461;17042039u;15085799;17130600113;19021961;01091755;130;682;514;892;615 ~~~~~~~~~~~~~~~~~~~~~~~~~~ 05-09
16041461;18042039u;16085799;18130600113;20021961;02091755;131 ~~~~~~~~~~~~~~~~~~~~~~~~~~~~~~~~~~~~~~~~~~ 05-10
17041461;19042039u;17085799;19130600113;21021961;03091755;132;683;615 ~~~~~~~~~~~~~~~~~~~~~~~~~~~~~~~~~~ 05-11
18041461;20042039u;18085799;00140600113;22021961;04091755;133;518 ~~~~~~~~~~~~~~~~~~~~~~~~~~~~~~~~~~~~~~ 05-12
19041461;21042039u;19085799;01140600113;23021961;05091755;134;615 ~~~~~~~~~~~~~~~~~~~~~~~~~~~~~~~~~~~~~~ 05-13
20041461;22042039u;20085799;02140600113;24021961;06091755;135;681;398;568 ~~~~~~~~~~~~~~~~~~~~~~~~~~~~~~ 05-14
21041461;23042039u;21085799;03140600113;25021961;07091755;136;684;568;615 ~~~~~~~~~~~~~~~~~~~~~~~~~~~~~~ 05-15
22041461;24042039u;22085799;04140600113;26021961;08091755;137 ~~~~~~~~~~~~~~~~~~~~~~~~~~~~~~~~~~~~~~~~~~ 05-16
23041461;25042039u;23085799;05140600113;27021961;09091755;138;615 ~~~~~~~~~~~~~~~~~~~~~~~~~~~~~~~~~~~~~~ 05-17
24041461;26042039u;24085799;06140600113;28021961;10091755;139;685;530 ~~~~~~~~~~~~~~~~~~~~~~~~~~~~~~~~~~ 05-18
25041461;27042039u;25085799;07140600113;29021961;11091755;140;494;797;615 ~~~~~~~~~~~~~~~~~~~~~~~~~~~~~~ 05-19
26041461;28042039u;26085799;08140600113;30021961;12091755;141;596;686;433;573 ~~~~~~~~~~~~~~~~~~~~~~~~~~ 05-20
27041461;29042039u;27085799;09140600113;31021961;13091755;142;687;573;412;615 ~~~~~~~~~~~~~~~~~~~~~~~~~~ 05-21
28041461;30042039u;28085799;10140600113;01031961;14091755;143;380;921;942;573;624 ~~~~~~~~~~~~~~~~~~~~~~ 05-22
29041461;01052039u;29085799;11140600113;02031961;15091755;144;798;789;513;624;615 ~~~~~~~~~~~~~~~~~~~~~~ 05-23
01051461;02052039u;01095799;12140600113;03031961;16091755;145;624 ~~~~~~~~~~~~~~~~~~~~~~~~~~~~~~~~~~~~~~ 05-24
02051461;03052039u;02095799;13140600113;04031961;17091755;146;688;413;624;615 ~~~~~~~~~~~~~~~~~~~~~~~~~~ 05-25
03051461;04052039u;03095799;14140600113;05031961;18091755;147;420;859;624 ~~~~~~~~~~~~~~~~~~~~~~~~~~~~~~ 05-26
04051461;05052039u;04095799;15140600113;06031961;19091755;148;689;564;624;615 ~~~~~~~~~~~~~~~~~~~~~~~~~~ 05-27
05051461;06052039u;05095799;16140600113;07031961;20091755;149;439;624 ~~~~~~~~~~~~~~~~~~~~~~~~~~~~~~~~~~ 05-28
06051461;07052039u;06095799;17140600113;08031961;21091755;150;449;439;522;615 ~~~~~~~~~~~~~~~~~~~~~~~~~~ 05-29
07051461;08052039u;07095799;18140600113;09031961;22091755;151;438;397;866 ~~~~~~~~~~~~~~~~~~~~~~~~~~~~~~ 05-30
08051461;09052039u;08095799;19140600113;10031961;23091755;152;615 ~~~~~~~~~~~~~~~~~~~~~~~~~~~~~~~~~~~~~~ 05-31
09051461;10052039u;09095799;00150600113;11031961;24091755;153;691;836 ~~~~~~~~~~~~~~~~~~~~~~~~~~~~~~~~~~ 06-01
10051461;11052039u;10095799;01150600113;12031961;25091755;154;694;552;616 ~~~~~~~~~~~~~~~~~~~~~~~~~~~~~~ 06-02
11051461;12052039u;11095799;02150600113;13031961;26091755;155;692;896 ~~~~~~~~~~~~~~~~~~~~~~~~~~~~~~~~~~ 06-03
12051461;13052039u;12095799;03150600113;14031961;27091755;156;637;693;616 ~~~~~~~~~~~~~~~~~~~~~~~~~~~~~~ 06-04
13051461;14052039u;13095799;04150600113;15031961;28091755;157;690;421 ~~~~~~~~~~~~~~~~~~~~~~~~~~~~~~~~~~ 06-05
14051461;15052039u;14095799;05150600113;16031961;29091755;158;386;514;540;874;941;947;616;605 ~~~~~~~~~~ 06-06
15051461;16052039u;15095799;06150600113;17031961;30091755;159;616 ~~~~~~~~~~~~~~~~~~~~~~~~~~~~~~~~~~~~~~ 06-07
16051461;17052039u;16095799;07150600113;18031961;01101755;160;616 ~~~~~~~~~~~~~~~~~~~~~~~~~~~~~~~~~~~~~~ 06-08
17051461;18052039u;17095799;08150600113;19031961;02101755;161;810 ~~~~~~~~~~~~~~~~~~~~~~~~~~~~~~~~~~~~~~ 06-09
18051461;19052039u;18095799;09150600113;20031961;03101755;162;616 ~~~~~~~~~~~~~~~~~~~~~~~~~~~~~~~~~~~~~~ 06-10
19051461;20052039u;19095799;10150600113;21031961;04101755;163;697;799;569;616 ~~~~~~~~~~~~~~~~~~~~~~~~~~ 06-11
20051461;21052039u;20095799;11150600113;22031961;05101755;164;695;569;616 ~~~~~~~~~~~~~~~~~~~~~~~~~~~~~~ 06-12
21051461;22052039u;21095799;12150600113;23031961;06101755;165;398;616 ~~~~~~~~~~~~~~~~~~~~~~~~~~~~~~~~~~ 06-13
22051461;23052039u;22095799;13150600113;24031961;07101755;166;696;616 ~~~~~~~~~~~~~~~~~~~~~~~~~~~~~~~~~~ 06-14
23051461;24052039u;23095799;14150600113;25031961;08101755;167;616 ~~~~~~~~~~~~~~~~~~~~~~~~~~~~~~~~~~~~~~ 06-15
24051461;25052039u;24095799;15150600113;26031961;09101755;168;698;616 ~~~~~~~~~~~~~~~~~~~~~~~~~~~~~~~~~~ 06-16
25051461;26052039u;25095799;16150600113;27031961;10101755;169;701;699;946;700 ~~~~~~~~~~~~~~~~~~~~~~~~~~ 06-17
26051461;27052039u;26095799;17150600113;28031961;11101755;170;616 ~~~~~~~~~~~~~~~~~~~~~~~~~~~~~~~~~~~~~~ 06-18
27051461;28052039u;27095799;18150600113;29031961;12101755;171;452;452;436;513 ~~~~~~~~~~~~~~~~~~~~~~~~~~ 06-19
28051461;29052039u;28095799;19150600113;30031961;13101755;172;460;616 ~~~~~~~~~~~~~~~~~~~~~~~~~~~~~~~~~~ 06-20
29051461;30052039u;29095799;00160600113;31031961;14101755;173;380;811;932;950;425;616 ~~~~~~~~~~~~~~~~~~ 06-21
30051461;01252039u;30095799;01160600113;01041961;15101755;174;461;616 ~~~~~~~~~~~~~~~~~~~~~~~~~~~~~~~~~~ 06-22
01061461;02252039u;01105799;02160600113;02041961;16101755;175;813;870 ~~~~~~~~~~~~~~~~~~~~~~~~~~~~~~~~~~ 06-23
02061461;03252039u;02105799;03160600113;03041961;17101755;176;703;616 ~~~~~~~~~~~~~~~~~~~~~~~~~~~~~~~~~~ 06-24
03061461;04252039u;03105799;04160600113;04041961;18101755;177;702;421 ~~~~~~~~~~~~~~~~~~~~~~~~~~~~~~~~~~ 06-25
04061461;05252039u;04105799;05160600113;05041961;19101755;178;824;616 ~~~~~~~~~~~~~~~~~~~~~~~~~~~~~~~~~~ 06-26
05061461;06252039u;05105799;06160600113;06041961;20101755;179;616 ~~~~~~~~~~~~~~~~~~~~~~~~~~~~~~~~~~~~~~ 06-27
06061461;07252039u;06105799;07160600113;07041961;21101755;180;616 ~~~~~~~~~~~~~~~~~~~~~~~~~~~~~~~~~~~~~~ 06-28
07061461;08252039u;07105799;08160600113;08041961;22101755;181;704;397;616 ~~~~~~~~~~~~~~~~~~~~~~~~~~~~~~ 06-29
08061461;09252039u;08105799;09160600113;09041961;23101755;182;616 ~~~~~~~~~~~~~~~~~~~~~~~~~~~~~~~~~~~~~~ 06-30
09061461;10252039u;09105799;10160600113;10041961;24101755;183;565 ~~~~~~~~~~~~~~~~~~~~~~~~~~~~~~~~~~~~~~ 07-01
10061461;11252039u;10105799;11160600113;11041961;25101755;184;637;705;840;399;546;565;617 ~~~~~~~~~~~~~~ 07-02
11061461;12252039u;11105799;12160600113;12041961;26101755;185;795;432 ~~~~~~~~~~~~~~~~~~~~~~~~~~~~~~~~~~ 07-03
12061461;13252039u;12105799;13160600113;13041961;27101755;186;514;865;617 ~~~~~~~~~~~~~~~~~~~~~~~~~~~~~~ 07-04
13061461;14252039u;13105799;14160600113;14041961;28101755;187;387;373;400;617 ~~~~~~~~~~~~~~~~~~~~~~~~~~ 07-05
14061461;15252039u;14105799;15160600113;15041961;29101755;188;531;561;824;617 ~~~~~~~~~~~~~~~~~~~~~~~~~~ 07-06
15061461;16252039u;15105799;16160600113;16041961;30101755;189 ~~~~~~~~~~~~~~~~~~~~~~~~~~~~~~~~~~~~~~~~~~ 07-07
16061461;17252039u;16105799;17160600113;17041961;01111755;190;617 ~~~~~~~~~~~~~~~~~~~~~~~~~~~~~~~~~~~~~~ 07-08
17061461;18252039u;17105799;18160600113;18041961;02111755;191;706;863;617 ~~~~~~~~~~~~~~~~~~~~~~~~~~~~~~ 07-09
18061461;19252039u;18105799;19160600113;19041961;03111755;192;800;617 ~~~~~~~~~~~~~~~~~~~~~~~~~~~~~~~~~~ 07-10
19061461;20252039u;19105799;00170600113;20041961;04111755;193;707;400 ~~~~~~~~~~~~~~~~~~~~~~~~~~~~~~~~~~ 07-11
20061461;21252039u;20105799;01170600113;21041961;05111755;194;398;617 ~~~~~~~~~~~~~~~~~~~~~~~~~~~~~~~~~~ 07-12
21061461;22252039u;21105799;02170600113;22041961;06111755;195;617 ~~~~~~~~~~~~~~~~~~~~~~~~~~~~~~~~~~~~~~ 07-13
22061461;23252039u;22105799;03170600113;23041961;07111755;196;400;617 ~~~~~~~~~~~~~~~~~~~~~~~~~~~~~~~~~~ 07-14
23061461;24252039u;23105799;04170600113;24041961;08111755;197;578 ~~~~~~~~~~~~~~~~~~~~~~~~~~~~~~~~~~~~~~ 07-15
24061461;25252039u;24105799;05170600113;25041961;09111755;198;708;878;617 ~~~~~~~~~~~~~~~~~~~~~~~~~~~~~~ 07-16
25061461;26252039u;25105799;06170600113;26041961;10111755;199;709;513;802;400 ~~~~~~~~~~~~~~~~~~~~~~~~~~ 07-17
26061461;27252039u;26105799;07170600113;27041961;11111755;200;710;402;617 ~~~~~~~~~~~~~~~~~~~~~~~~~~~~~~ 07-18
27061461;28252039u;27105799;08170600113;28041961;12111755;201;617 ~~~~~~~~~~~~~~~~~~~~~~~~~~~~~~~~~~~~~~ 07-19
28061461;29252039u;28105799;09170600113;29041961;13111755;202;711;400;617 ~~~~~~~~~~~~~~~~~~~~~~~~~~~~~~ 07-20
29061461;01062039u;29105799;10170600113;30041961;14111755;203;631;380;617 ~~~~~~~~~~~~~~~~~~~~~~~~~~~~~~ 07-21
01071461;02062039u;01115799;11170600113;31041961;15111755;204;403;617 ~~~~~~~~~~~~~~~~~~~~~~~~~~~~~~~~~~ 07-22
02071461;03062039u;02115799;12170600113;01051961;16111755;205;713;400;617 ~~~~~~~~~~~~~~~~~~~~~~~~~~~~~~ 07-23
03071461;04062039u;03115799;13170600113;02051961;17111755;206;714;579;617 ~~~~~~~~~~~~~~~~~~~~~~~~~~~~~~ 07-24
04071461;05062039u;04115799;14170600113;03051961;18111755;207;617 ~~~~~~~~~~~~~~~~~~~~~~~~~~~~~~~~~~~~~~ 07-25
05071461;06062039u;05115799;15170600113;04051961;19111755;208;891;400;403;617 ~~~~~~~~~~~~~~~~~~~~~~~~~~ 07-26
06071461;07062039u;06115799;16170600113;05051961;20111755;209;401 ~~~~~~~~~~~~~~~~~~~~~~~~~~~~~~~~~~~~~~ 07-27
07071461;08062039u;07115799;17170600113;06051961;21111755;210;712;715;397;617 ~~~~~~~~~~~~~~~~~~~~~~~~~~ 07-28
08071461;09062039u;08115799;18170600113;07051961;22111755;211;716;938;617 ~~~~~~~~~~~~~~~~~~~~~~~~~~~~~~ 07-29
09071461;10062039u;09115799;19170600113;08051961;23111755;212;403;617 ~~~~~~~~~~~~~~~~~~~~~~~~~~~~~~~~~~ 07-30
10071461;11062039u;10115799;00000700113;09051961;24111755;213;926 ~~~~~~~~~~~~~~~~~~~~~~~~~~~~~~~~~~~~~~ 07-31
11071461;12062039u;11115799;01000700113;10051961;25111755;214;514;618 ~~~~~~~~~~~~~~~~~~~~~~~~~~~~~~~~~~ 08-01
12071461;13062039u;12115799;02000700113;11051961;26111755;215;718 ~~~~~~~~~~~~~~~~~~~~~~~~~~~~~~~~~~~~~~ 08-02
13071461;14062039u;13115799;03000700113;12051961;27111755;216;403;618 ~~~~~~~~~~~~~~~~~~~~~~~~~~~~~~~~~~ 08-03
14071461;15062039u;14115799;04000700113;13051961;28111755;217;388;556;909;910;925;421 ~~~~~~~~~~~~~~~~~~ 08-04
15071461;16062039u;15115799;05000700113;14051961;29111755;218;719;437;618 ~~~~~~~~~~~~~~~~~~~~~~~~~~~~~~ 08-05
16071461;17062039u;16115799;06000700113;15051961;30111755;219;637;720;417;864 ~~~~~~~~~~~~~~~~~~~~~~~~~~ 08-06
17071461;18062039u;17115799;07000700113;16051961;01121755;220;717;875;403;618 ~~~~~~~~~~~~~~~~~~~~~~~~~~ 08-07
18071461;19062039u;18115799;08000700113;17051961;02121755;221 ~~~~~~~~~~~~~~~~~~~~~~~~~~~~~~~~~~~~~~~~~~ 08-08
19071461;20062039u;19115799;09000700113;18051961;03121755;222;618 ~~~~~~~~~~~~~~~~~~~~~~~~~~~~~~~~~~~~~~ 08-09
20071461;21062039u;20115799;10000700113;19051961;04121755;223;722 ~~~~~~~~~~~~~~~~~~~~~~~~~~~~~~~~~~~~~~ 08-10
21071461;22062039u;21115799;11000700113;20051961;05121755;224;398;824;872;403;618 ~~~~~~~~~~~~~~~~~~~~~~ 08-11
22071461;23062039u;22115799;12000700113;21051961;06121755;225;871 ~~~~~~~~~~~~~~~~~~~~~~~~~~~~~~~~~~~~~~ 08-12
23071461;24062039u;23115799;13000700113;22051961;07121755;226;723;513;618 ~~~~~~~~~~~~~~~~~~~~~~~~~~~~~~ 08-13
24071461;25062039u;24115799;14000700113;23051961;08121755;227;721;421 ~~~~~~~~~~~~~~~~~~~~~~~~~~~~~~~~~~ 08-14
25071461;26062039u;25115799;15000700113;24051961;09121755;228;503;403;618 ~~~~~~~~~~~~~~~~~~~~~~~~~~~~~~ 08-15
26071461;27062039u;26115799;16000700113;25051961;10121755;229;433;825 ~~~~~~~~~~~~~~~~~~~~~~~~~~~~~~~~~~ 08-16
27071461;28062039u;27115799;17000700113;26051961;11121755;230;509;618 ~~~~~~~~~~~~~~~~~~~~~~~~~~~~~~~~~~ 08-17
28071461;29062039u;28115799;18000700113;27051961;12121755;231;467 ~~~~~~~~~~~~~~~~~~~~~~~~~~~~~~~~~~~~~~ 08-18
29071461;30062039u;29115799;19000700113;28051961;13121755;232;380;618 ~~~~~~~~~~~~~~~~~~~~~~~~~~~~~~~~~~ 08-19
30071461;01072039u;30115799;00010700113;29051961;14121755;233;724 ~~~~~~~~~~~~~~~~~~~~~~~~~~~~~~~~~~~~~~ 08-20
01081461;02072039u;01125799;01010700113;30051961;15121755;234;618 ~~~~~~~~~~~~~~~~~~~~~~~~~~~~~~~~~~~~~~ 08-21
02081461;03072039u;02125799;02010700113;31051961;16121755;235;597 ~~~~~~~~~~~~~~~~~~~~~~~~~~~~~~~~~~~~~~ 08-22
03081461;04072039u;03125799;03010700113;01061961;17121755;236;550;403;618 ~~~~~~~~~~~~~~~~~~~~~~~~~~~~~~ 08-23
04081461;05072039u;04125799;04010700113;02061961;18121755;237;915;421 ~~~~~~~~~~~~~~~~~~~~~~~~~~~~~~~~~~ 08-24
05081461;06072039u;05125799;05010700113;03061961;19121755;238;618 ~~~~~~~~~~~~~~~~~~~~~~~~~~~~~~~~~~~~~~ 08-25
06081461;07072039u;06125799;06010700113;04061961;20121755;239;427;397;572 ~~~~~~~~~~~~~~~~~~~~~~~~~~~~~~ 08-26
07081461;08072039u;07125799;07010700113;05061961;21121755;240;725;908;403;618 ~~~~~~~~~~~~~~~~~~~~~~~~~~ 08-27
08081461;09072039u;08125799;08010700113;06061961;22121755;241;428;725 ~~~~~~~~~~~~~~~~~~~~~~~~~~~~~~~~~~ 08-28
09081461;10072039u;09125799;09010700113;07061961;23121755;242;796;514;618 ~~~~~~~~~~~~~~~~~~~~~~~~~~~~~~ 08-29
10081461;11072039u;10125799;10010700113;08061961;24121755;243;594;404;903 ~~~~~~~~~~~~~~~~~~~~~~~~~~~~~~ 08-30
11081461;12072039u;11125799;11010700113;09061961;25121755;244;595;897;618 ~~~~~~~~~~~~~~~~~~~~~~~~~~~~~~ 08-31
12081461;13072039u;12125799;12010700113;10061961;26121755;245;520;551 ~~~~~~~~~~~~~~~~~~~~~~~~~~~~~~~~~~ 09-01
13081461;14072039u;13125799;13010700113;11061961;27121755;246;596;727;389;534;567;619 ~~~~~~~~~~~~~~~~~~ 09-02
14081461;15072039u;14125799;14010700113;12061961;28121755;247;429;637;728;907;512;567;421 ~~~~~~~~~~~~~~ 09-03
15081461;16072039u;15125799;15010700113;13061961;29121755;248;430;619 ~~~~~~~~~~~~~~~~~~~~~~~~~~~~~~~~~~ 09-04
16081461;17072039u;16125799;16010700113;14061961;30121755;249;434 ~~~~~~~~~~~~~~~~~~~~~~~~~~~~~~~~~~~~~~ 09-05
17081461;18072039u;17125799;17010700113;15061961;01131755;250;435;619 ~~~~~~~~~~~~~~~~~~~~~~~~~~~~~~~~~~ 09-06
18081461;19072039u;18125799;18010700113;16061961;02131755;251 ~~~~~~~~~~~~~~~~~~~~~~~~~~~~~~~~~~~~~~~~~~ 09-07
19081461;20072039u;19125799;19010700113;17061961;03131755;252;730;619 ~~~~~~~~~~~~~~~~~~~~~~~~~~~~~~~~~~ 09-08
20081461;21072039u;20125799;00020700113;18061961;04131755;253 ~~~~~~~~~~~~~~~~~~~~~~~~~~~~~~~~~~~~~~~~~~ 09-09
21081461;22072039u;21125799;01020700113;19061961;05131755;254;398;513;619 ~~~~~~~~~~~~~~~~~~~~~~~~~~~~~~ 09-10
22081461;23072039u;22125799;02020700113;20061961;06131755;255;455;845;418;619 ~~~~~~~~~~~~~~~~~~~~~~~~~~ 09-11
23081461;24072039u;23125799;03020700113;21061961;01011756;256;729;847;846;619 ~~~~~~~~~~~~~~~~~~~~~~~~~~ 09-12
24081461;25072039u;24125799;04020700113;22061961;02011756;257;726;865;421;619 ~~~~~~~~~~~~~~~~~~~~~~~~~~ 09-13
25081461;26072039u;25125799;05020700113;23061961;03011756;258;869;619 ~~~~~~~~~~~~~~~~~~~~~~~~~~~~~~~~~~ 09-14
26081461;27072039u;26125799;06020700113;24061961;04011756;259;733;619 ~~~~~~~~~~~~~~~~~~~~~~~~~~~~~~~~~~ 09-15
27081461;28072039u;27125799;07020700113;25061961;05011756;260;734;619 ~~~~~~~~~~~~~~~~~~~~~~~~~~~~~~~~~~ 09-16
28081461;29072039u;28125799;08020700113;26061961;06011756;261;735;920;619;848 ~~~~~~~~~~~~~~~~~~~~~~~~~~ 09-17
29081461;01082039u;29125799;09020700113;27061961;07011756;262;731;380;521;619 ~~~~~~~~~~~~~~~~~~~~~~~~~~ 09-18
01091461;02082039u;01015800;10020700113;28061961;08011756;263;504;521;619 ~~~~~~~~~~~~~~~~~~~~~~~~~~~~~~ 09-19
02091461;03082039u;02015800;11020700113;29061961;09011756;264;732;521;418;619 ~~~~~~~~~~~~~~~~~~~~~~~~~~ 09-20
03091461;04082039u;03015800;12020700113;30061961;10011756;265 ~~~~~~~~~~~~~~~~~~~~~~~~~~~~~~~~~~~~~~~~~~ 09-21
04091461;05082039u;04015800;13020700113;31061961;11011756;266;462;619 ~~~~~~~~~~~~~~~~~~~~~~~~~~~~~~~~~~ 09-22
05091461;06082039u;05015800;14020700113;01071961;12011756;267;738;514;423;505;619 ~~~~~~~~~~~~~~~~~~~~~~ 09-23
06091461;07082039u;06015800;15020700113;02071961;13011756;268;739;743;397;463;619 ~~~~~~~~~~~~~~~~~~~~~~ 09-24
07091461;08082039u;07015800;16020700113;03071961;14011756;269;740;619 ~~~~~~~~~~~~~~~~~~~~~~~~~~~~~~~~~~ 09-25
08091461;09082039u;08015800;17020700113;04071961;15011756;270;736;619 ~~~~~~~~~~~~~~~~~~~~~~~~~~~~~~~~~~ 09-26
09091461;10082039u;09015800;18020700113;05071961;16011756;271;737;619 ~~~~~~~~~~~~~~~~~~~~~~~~~~~~~~~~~~ 09-27
10091461;11082039u;10015800;19020700113;06071961;17011756;272;742;790;898;527;619 ~~~~~~~~~~~~~~~~~~~~~~ 09-28
11091461;12082039u;11015800;00030700113;07071961;18011756;273;741;790;432;505;619;848 ~~~~~~~~~~~~~~~~~~ 09-29
12091461;13082039u;12015800;01030700113;08071961;19011756;274;790;853;619 ~~~~~~~~~~~~~~~~~~~~~~~~~~~~~~ 09-30
13091461;14082039u;13015800;02030700113;09071961;20011756;275;637;790;853 ~~~~~~~~~~~~~~~~~~~~~~~~~~~~~~ 10-01
14091461;15082039u;14015800;03030700113;10071961;21011756;276;749;790;391;390;570;853;620 ~~~~~~~~~~~~~~ 10-02
15091461;16082039u;15015800;04030700113;11071961;22011756;277;744;790;523;620 ~~~~~~~~~~~~~~~~~~~~~~~~~~ 10-03
16091461;17082039u;16015800;05030700113;12071961;23011756;278;745;790;523;620 ~~~~~~~~~~~~~~~~~~~~~~~~~~ 10-04
17091461;18082039u;17015800;06030700113;13071961;24011756;279;746;523;620 ~~~~~~~~~~~~~~~~~~~~~~~~~~~~~~ 10-05
18091461;19082039u;18015800;07030700113;14071961;25011756;280;747;523;620 ~~~~~~~~~~~~~~~~~~~~~~~~~~~~~~ 10-06
19091461;20082039u;19015800;08030700113;15071961;26011756;281;748;523;620;848 ~~~~~~~~~~~~~~~~~~~~~~~~~~ 10-07
20091461;21082039u;20015800;09030700113;16071961;27011756;282;754;513;523;620 ~~~~~~~~~~~~~~~~~~~~~~~~~~ 10-08
21091461;22082039u;21015800;10030700113;17071961;28011756;283;750;523 ~~~~~~~~~~~~~~~~~~~~~~~~~~~~~~~~~~ 10-09
22091461;23082039u;22015800;11030700113;18071961;29011756;284;751;398;524;620 ~~~~~~~~~~~~~~~~~~~~~~~~~~ 10-10
23091461;24082039u;23015800;12030700113;19071961;30011756;285;791;367;525 ~~~~~~~~~~~~~~~~~~~~~~~~~~~~~~ 10-11
24091461;25082039u;24015800;13030700113;20071961;01021756;286;752;368;620 ~~~~~~~~~~~~~~~~~~~~~~~~~~~~~~ 10-12
25091461;26082039u;25015800;14030700113;21071961;02021756;287;753;901;505;848 ~~~~~~~~~~~~~~~~~~~~~~~~~~ 10-13
26091461;27082039u;26015800;15030700113;22071961;03021756;288;507;554;620 ~~~~~~~~~~~~~~~~~~~~~~~~~~~~~~ 10-14
27091461;28082039u;27015800;16030700113;23071961;04021756;289;758;436;508;505 ~~~~~~~~~~~~~~~~~~~~~~~~~~ 10-15
28091461;29082039u;28015800;17030700113;24071961;05021756;290;574;620 ~~~~~~~~~~~~~~~~~~~~~~~~~~~~~~~~~~ 10-16
29091461;30082039u;29015800;18030700113;25071961;06021756;291;755;380;418 ~~~~~~~~~~~~~~~~~~~~~~~~~~~~~~ 10-17
30091461;01092039u;30015800;19030700113;26071961;07021756;292;756;895;506;620 ~~~~~~~~~~~~~~~~~~~~~~~~~~ 10-18
01101461;02092039u;01025800;00040700113;27071961;08021756;293;757;867;502 ~~~~~~~~~~~~~~~~~~~~~~~~~~~~~~ 10-19
02101461;03092039u;02025800;01040700113;28071961;09021756;294;631;514;784;620 ~~~~~~~~~~~~~~~~~~~~~~~~~~ 10-20
03101461;04092039u;03025800;02040700113;29071961;10021756;295;785 ~~~~~~~~~~~~~~~~~~~~~~~~~~~~~~~~~~~~~~ 10-21
04101461;05092039u;04025800;03040700113;30071961;11021756;296;759;369;374;378;431;918;786;620 ~~~~~~~~~~ 10-22
05101461;06092039u;05025800;04040700113;01081961;12021756;297;919;787;421;620 ~~~~~~~~~~~~~~~~~~~~~~~~~~ 10-23
06101461;07092039u;06025800;05040700113;02081961;13021756;298;397;548;620 ~~~~~~~~~~~~~~~~~~~~~~~~~~~~~~ 10-24
07101461;08092039u;07025800;06040700113;03081961;14021756;299;371;453;885;620 ~~~~~~~~~~~~~~~~~~~~~~~~~~ 10-25
08101461;09092039u;08025800;07040700113;04081961;15021756;300;549;560;563;418;620 ~~~~~~~~~~~~~~~~~~~~~~ 10-26
09101461;10092039u;09025800;08040700113;05081961;16021756;301;399;899;620 ~~~~~~~~~~~~~~~~~~~~~~~~~~~~~~ 10-27
10101461;11092039u;10025800;09040700113;06081961;17021756;302;596;849;800;620 ~~~~~~~~~~~~~~~~~~~~~~~~~~ 10-28
11101461;12092039u;11025800;10040700113;07081961;18021756;303 ~~~~~~~~~~~~~~~~~~~~~~~~~~~~~~~~~~~~~~~~~~ 10-29
12101461;13092039u;12025800;11040700113;08081961;19021756;304;400;620 ~~~~~~~~~~~~~~~~~~~~~~~~~~~~~~~~~~ 10-30
13101461;14092039u;13025800;12040700113;09081961;20021756;305;393;396;396;532;882;922 ~~~~~~~~~~~~~~~~~~ 10-31
14101461;15092039u;14025800;13040700113;10081961;21021756;306;621 ~~~~~~~~~~~~~~~~~~~~~~~~~~~~~~~~~~~~~~ 11-01
15101461;16092039u;15025800;14040700113;11081961;22021756;307;761;831;400;421 ~~~~~~~~~~~~~~~~~~~~~~~~~~ 11-02
16101461;17092039u;16025800;15040700113;12081961;23021756;308;762;621 ~~~~~~~~~~~~~~~~~~~~~~~~~~~~~~~~~~ 11-03
17101461;18092039u;17025800;16040700113;13081961;24021756;309;596;881;418 ~~~~~~~~~~~~~~~~~~~~~~~~~~~~~~ 11-04
18101461;19092039u;18025800;17040700113;14081961;25021756;310;637;763;513;400;621 ~~~~~~~~~~~~~~~~~~~~~~ 11-05
19101461;20092039u;19025800;18040700113;15081961;26021756;311;422 ~~~~~~~~~~~~~~~~~~~~~~~~~~~~~~~~~~~~~~ 11-06
20101461;21092039u;20025800;19040700113;16081961;27021756;312;760;621 ~~~~~~~~~~~~~~~~~~~~~~~~~~~~~~~~~~ 11-07
21101461;22092039u;21025800;00050700113;17081961;28021756;313;398;414;499;400 ~~~~~~~~~~~~~~~~~~~~~~~~~~ 11-08
22101461;23092039u;22025800;01050700113;18081961;29021756;314;621 ~~~~~~~~~~~~~~~~~~~~~~~~~~~~~~~~~~~~~~ 11-09
23101461;24092039u;23025800;02050700113;19081961;30021756;315;764 ~~~~~~~~~~~~~~~~~~~~~~~~~~~~~~~~~~~~~~ 11-10
24101461;25092039u;24025800;03050700113;20081961;01031756;316;621 ~~~~~~~~~~~~~~~~~~~~~~~~~~~~~~~~~~~~~~ 11-11
25101461;26092039u;25025800;04050700113;21081961;02031756;317;433;911 ~~~~~~~~~~~~~~~~~~~~~~~~~~~~~~~~~~ 11-12
26101461;27092039u;26025800;05050700113;22081961;03031756;318;558;779;784;418;621 ~~~~~~~~~~~~~~~~~~~~~~ 11-13
27101461;28092039u;27025800;06050700113;23081961;04031756;319;780;785;400 ~~~~~~~~~~~~~~~~~~~~~~~~~~~~~~ 11-14
28101461;29092039u;28025800;07050700113;24081961;05031756;320;380;781;786;835;893;621 ~~~~~~~~~~~~~~~~~~ 11-15
29101461;01102039u;29025800;08050700113;25081961;06031756;321;401;782;787 ~~~~~~~~~~~~~~~~~~~~~~~~~~~~~~ 11-16
01111461;02102039u;30025800;09050700113;26081961;07031756;322;766;514;535;783;788;621 ~~~~~~~~~~~~~~~~~~ 11-17
02111461;03102039u;01035800;10050700113;27081961;08031756;323 ~~~~~~~~~~~~~~~~~~~~~~~~~~~~~~~~~~~~~~~~~~ 11-18
03111461;04102039u;02035800;11050700113;28081961;09031756;324;767;621 ~~~~~~~~~~~~~~~~~~~~~~~~~~~~~~~~~~ 11-19
04111461;05102039u;03035800;12050700113;29081961;10031756;325;765 ~~~~~~~~~~~~~~~~~~~~~~~~~~~~~~~~~~~~~~ 11-20
05111461;06102039u;04035800;13050700113;30081961;11031756;326;543;621 ~~~~~~~~~~~~~~~~~~~~~~~~~~~~~~~~~~ 11-21
06111461;07102039u;05035800;14050700113;01091961;12031756;327;397;788;418 ~~~~~~~~~~~~~~~~~~~~~~~~~~~~~~ 11-22
07111461;08102039u;06035800;15050700113;02091961;13031756;328;769;405;437;621 ~~~~~~~~~~~~~~~~~~~~~~~~~~ 11-23
08111461;09102039u;07035800;16050700113;03091961;14031756;329;440;375;415 ~~~~~~~~~~~~~~~~~~~~~~~~~~~~~~ 11-24
09111461;10102039u;08035800;17050700113;04091961;15031756;330;441;879;621 ~~~~~~~~~~~~~~~~~~~~~~~~~~~~~~ 11-25
10111461;11102039u;09035800;18050700113;05091961;16031756;331;770;768;547;868 ~~~~~~~~~~~~~~~~~~~~~~~~~~ 11-26
11111461;12102039u;10035800;19050700113;06091961;17031756;332;934;589;621 ~~~~~~~~~~~~~~~~~~~~~~~~~~~~~~ 11-27
12111461;13102039u;11035800;00060700113;07091961;18031756;333;442;369 ~~~~~~~~~~~~~~~~~~~~~~~~~~~~~~~~~~ 11-28
13111461;14102039u;12035800;01060700113;08091961;19031756;334;771;621 ~~~~~~~~~~~~~~~~~~~~~~~~~~~~~~~~~~ 11-29
14111461;15102039u;13035800;02060700113;09091961;20031756;335;772;392;540;880;947 ~~~~~~~~~~~~~~~~~~~~~~ 11-30
15111461;16102039u;14035800;03060700113;10091961;21031756;336;418;622 ~~~~~~~~~~~~~~~~~~~~~~~~~~~~~~~~~~ 12-01
16111461;17102039u;15035800;04060700113;11091961;22031756;337;774;370;513 ~~~~~~~~~~~~~~~~~~~~~~~~~~~~~~ 12-02
17111461;18102039u;16035800;05060700113;12091961;23031756;338;637;775;406;622 ~~~~~~~~~~~~~~~~~~~~~~~~~~ 12-03
18111461;19102039u;17035800;06060700113;13091961;24031756;339;590 ~~~~~~~~~~~~~~~~~~~~~~~~~~~~~~~~~~~~~~ 12-04
19111461;20102039u;18035800;07060700113;14091961;25031756;340;622 ~~~~~~~~~~~~~~~~~~~~~~~~~~~~~~~~~~~~~~ 12-05
20111461;21102039u;19035800;08060700113;15091961;26031756;341;773 ~~~~~~~~~~~~~~~~~~~~~~~~~~~~~~~~~~~~~~ 12-06
21111461;22102039u;20035800;09060700113;16091961;27031756;342;622 ~~~~~~~~~~~~~~~~~~~~~~~~~~~~~~~~~~~~~~ 12-07
22111461;23102039u;21035800;10060700113;17091961;28031756;343;398;876;406 ~~~~~~~~~~~~~~~~~~~~~~~~~~~~~~ 12-08
23111461;24102039u;22035800;11060700113;18091961;29031756;344;622 ~~~~~~~~~~~~~~~~~~~~~~~~~~~~~~~~~~~~~~ 12-09
24111461;25102039u;23035800;12060700113;19091961;30031756;345;776;415 ~~~~~~~~~~~~~~~~~~~~~~~~~~~~~~~~~~ 12-10
25111461;26102039u;24035800;13060700113;20091961;01041756;346;777;591;622 ~~~~~~~~~~~~~~~~~~~~~~~~~~~~~~ 12-11
26111461;27102039u;25035800;14060700113;21091961;02041756;347;936;516 ~~~~~~~~~~~~~~~~~~~~~~~~~~~~~~~~~~ 12-12
27111461;28102039u;26035800;15060700113;22091961;03041756;348;516;406;622 ~~~~~~~~~~~~~~~~~~~~~~~~~~~~~~ 12-13
28111461;29102039u;27035800;16060700113;23091961;04041756;349;516 ~~~~~~~~~~~~~~~~~~~~~~~~~~~~~~~~~~~~~~ 12-14
29111461;30102039u;28035800;17060700113;24091961;05041756;350;380;514;930;953;516;622 ~~~~~~~~~~~~~~~~~~ 12-15
30111461;01112039u;29035800;18060700113;25091961;06041756;351;778;516 ~~~~~~~~~~~~~~~~~~~~~~~~~~~~~~~~~~ 12-16
01121461;02112039u;30035800;19060700113;26091961;07041756;352;622 ~~~~~~~~~~~~~~~~~~~~~~~~~~~~~~~~~~~~~~ 12-17
02121461;03112039u;01045800;00070700113;27091961;08041756;353;592;516 ~~~~~~~~~~~~~~~~~~~~~~~~~~~~~~~~~~ 12-18
03121461;04112039u;02045800;01070700113;28091961;09041756;354;944;516;418;622 ~~~~~~~~~~~~~~~~~~~~~~~~~~ 12-19
04121461;05112039u;03045800;02070700113;29091961;10041756;355;371;516 ~~~~~~~~~~~~~~~~~~~~~~~~~~~~~~~~~~ 12-20
05121461;06112039u;04045800;03070700113;30091961;11041756;356;622 ~~~~~~~~~~~~~~~~~~~~~~~~~~~~~~~~~~~~~~ 12-21
06121461;07112039u;05045800;04070700113;01101961;12041756;357;397;466 ~~~~~~~~~~~~~~~~~~~~~~~~~~~~~~~~~~ 12-22
07121461;08112039u;06045800;05070700113;02101961;13041756;358;426;406;622 ~~~~~~~~~~~~~~~~~~~~~~~~~~~~~~ 12-23
08121461;09112039u;07045800;06070700113;03101961;14041756;359;465 ~~~~~~~~~~~~~~~~~~~~~~~~~~~~~~~~~~~~~~ 12-24
09121461;10112039u;08045800;07070700113;04101961;15041756;360;501;622 ~~~~~~~~~~~~~~~~~~~~~~~~~~~~~~~~~~ 12-25
10121461;11112039u;09045800;08070700113;05101961;16041756;361;432;557;890;500;415 ~~~~~~~~~~~~~~~~~~~~~~ 12-26
11121461;12112039u;10045800;09070700113;06101961;17041756;362;500;622 ~~~~~~~~~~~~~~~~~~~~~~~~~~~~~~~~~~ 12-27
12121461;13112039u;11045800;10070700113;07101961;18041756;363;858;406;418 ~~~~~~~~~~~~~~~~~~~~~~~~~~~~~~ 12-28
13121461;14112039u;12045800;11070700113;08101961;19041756;364;513;545;500;622 ~~~~~~~~~~~~~~~~~~~~~~~~~~ 12-29
14121461;15112039u;13045800;12070700113;09101961;20041756;365;395;887;500 ~~~~~~~~~~~~~~~~~~~~~~~~~~~~~~ 12-30
15121461;16112039u;14045800;13070700113;10101961;21041756;366;622 ~~~~~~~~~~~~~~~~~~~~~~~~~~~~~~~~~~~~~~ 12-31
