09111491;09122068P;08045829;05151600213;11101990;23041785;001;611 ~~~~~~~~~~~~~~~~~~~~~~~~~~~~~~~~~~~~~~ 01-01
10111491;10122068P;09045829;06151600213;12101990;24041785;002;433 ~~~~~~~~~~~~~~~~~~~~~~~~~~~~~~~~~~~~~~ 01-02
11111491;11122068P;10045829;07151600213;13101990;25041785;003;905;611 ~~~~~~~~~~~~~~~~~~~~~~~~~~~~~~~~~~ 01-03
12111491;12122068P;11045829;08151600213;14101990;26041785;004;372 ~~~~~~~~~~~~~~~~~~~~~~~~~~~~~~~~~~~~~~ 01-04
13111491;13122068P;12045829;09151600213;15101990;27041785;005;637;611 ~~~~~~~~~~~~~~~~~~~~~~~~~~~~~~~~~~ 01-05
14111491;14122068P;13045829;10151600213;16101990;28041785;006 ~~~~~~~~~~~~~~~~~~~~~~~~~~~~~~~~~~~~~~~~~~ 01-06
15111491;15122068P;14045829;11151600213;17101990;29041785;007;381;904;400;611 ~~~~~~~~~~~~~~~~~~~~~~~~~~ 01-07
16111491;16122068P;15045829;12151600213;18101990;30041785;008;629 ~~~~~~~~~~~~~~~~~~~~~~~~~~~~~~~~~~~~~~ 01-08
17111491;17122068P;16045829;13151600213;19101990;01051785;009;816;611 ~~~~~~~~~~~~~~~~~~~~~~~~~~~~~~~~~~ 01-09
18111491;18122068P;17045829;14151600213;20101990;02051785;010;916;400 ~~~~~~~~~~~~~~~~~~~~~~~~~~~~~~~~~~ 01-10
19111491;19122068P;18045829;15151600213;21101990;03051785;011;611 ~~~~~~~~~~~~~~~~~~~~~~~~~~~~~~~~~~~~~~ 01-11
20111491;20122068P;19045829;16151600213;22101990;04051785;012;626 ~~~~~~~~~~~~~~~~~~~~~~~~~~~~~~~~~~~~~~ 01-12
21111491;21122068P;20045829;17151600213;23101990;05051785;013;627;825;400;611 ~~~~~~~~~~~~~~~~~~~~~~~~~~ 01-13
22111491;22122068P;21045829;18151600213;24101990;06051785;014;628;513 ~~~~~~~~~~~~~~~~~~~~~~~~~~~~~~~~~~ 01-14
23111491;23122068P;22045829;19151600213;25101990;07051785;015;398;411;611 ~~~~~~~~~~~~~~~~~~~~~~~~~~~~~~ 01-15
24111491;24122068P;23045829;00161600213;26101990;08051785;016 ~~~~~~~~~~~~~~~~~~~~~~~~~~~~~~~~~~~~~~~~~~ 01-16
25111491;25122068P;24045829;01161600213;27101990;09051785;017;631;611 ~~~~~~~~~~~~~~~~~~~~~~~~~~~~~~~~~~ 01-17
26111491;26122068P;25045829;02161600213;28101990;10051785;018;401 ~~~~~~~~~~~~~~~~~~~~~~~~~~~~~~~~~~~~~~ 01-18
27111491;27122068P;26045829;03161600213;29101990;11051785;019;630;923;611 ~~~~~~~~~~~~~~~~~~~~~~~~~~~~~~ 01-19
28111491;28122068P;27045829;04161600213;30101990;12051785;020;625 ~~~~~~~~~~~~~~~~~~~~~~~~~~~~~~~~~~~~~~ 01-20
29111491;29122068P;28045829;05161600213;01111990;13051785;021;492;611 ~~~~~~~~~~~~~~~~~~~~~~~~~~~~~~~~~~ 01-21
30111491;30122068P;29045829;06161600213;02111990;14051785;022;380 ~~~~~~~~~~~~~~~~~~~~~~~~~~~~~~~~~~~~~~ 01-22
01121491;01012069Q;01055829;07161600213;03111990;15051785;023;632;888;479;490;611 ~~~~~~~~~~~~~~~~~~~~~~ 01-23
02121491;02012069Q;02055829;08161600213;04111990;16051785;024;566;479;490 ~~~~~~~~~~~~~~~~~~~~~~~~~~~~~~ 01-24
03121491;03012069Q;03055829;09161600213;05111990;17051785;025;633;566;611 ~~~~~~~~~~~~~~~~~~~~~~~~~~~~~~ 01-25
04121491;04012069Q;04055829;10161600213;06111990;18051785;026;634;514;566 ~~~~~~~~~~~~~~~~~~~~~~~~~~~~~~ 01-26
05121491;05012069Q;05055829;11161600213;07111990;19051785;027;635;940;566;611 ~~~~~~~~~~~~~~~~~~~~~~~~~~ 01-27
06121491;06012069Q;06055829;12161600213;08111990;20051785;028;636 ~~~~~~~~~~~~~~~~~~~~~~~~~~~~~~~~~~~~~~ 01-28
07121491;07012069Q;07055829;13161600213;09111990;21051785;029;397;914;412;580;611 ~~~~~~~~~~~~~~~~~~~~~~ 01-29
08121491;08012069Q;08055829;14161600213;10111990;22051785;030;437;536 ~~~~~~~~~~~~~~~~~~~~~~~~~~~~~~~~~~ 01-30
09121491;09012069Q;09055829;15161600213;11111990;23051785;031;501;611 ~~~~~~~~~~~~~~~~~~~~~~~~~~~~~~~~~~ 01-31
10121491;10012069Q;10055829;15161600213;12111990;24051785;032;639;500 ~~~~~~~~~~~~~~~~~~~~~~~~~~~~~~~~~~ 02-01
11121491;11012069Q;11055829;16161600213;13111990;25051785;033;637;640;873;500;612 ~~~~~~~~~~~~~~~~~~~~~~ 02-02
12121491;12012069Q;12055829;17161600213;14111990;26051785;034 ~~~~~~~~~~~~~~~~~~~~~~~~~~~~~~~~~~~~~~~~~~ 02-03
13121491;13012069Q;13055829;18161600213;15111990;27051785;035;500;612 ~~~~~~~~~~~~~~~~~~~~~~~~~~~~~~~~~~ 02-04
14121491;14012069Q;14055829;19161600213;16111990;28051785;036;382;500;412 ~~~~~~~~~~~~~~~~~~~~~~~~~~~~~~ 02-05
15121491;15012069Q;15055829;00171600213;17111990;29051785;037;884;418;612 ~~~~~~~~~~~~~~~~~~~~~~~~~~~~~~ 02-06
16121491;16012069Q;16055829;01171600213;18111990;30051785;038;638 ~~~~~~~~~~~~~~~~~~~~~~~~~~~~~~~~~~~~~~ 02-07
17121491;17012069Q;17055829;02171600213;19111990;01061785;039;612 ~~~~~~~~~~~~~~~~~~~~~~~~~~~~~~~~~~~~~~ 02-08
18121491;18012069Q;18055829;03171600213;20111990;02061785;040;643;841 ~~~~~~~~~~~~~~~~~~~~~~~~~~~~~~~~~~ 02-09
19121491;19012069Q;19055829;04171600213;21111990;03061785;041;581;612 ~~~~~~~~~~~~~~~~~~~~~~~~~~~~~~~~~~ 02-10
20121491;20012069Q;20055829;05171600213;22111990;04061785;042;641;513 ~~~~~~~~~~~~~~~~~~~~~~~~~~~~~~~~~~ 02-11
21121491;21012069Q;21055829;06171600213;23111990;05061785;043;612 ~~~~~~~~~~~~~~~~~~~~~~~~~~~~~~~~~~~~~~ 02-12
22121491;22012069Q;22055829;07171600213;24111990;06061785;044 ~~~~~~~~~~~~~~~~~~~~~~~~~~~~~~~~~~~~~~~~~~ 02-13
23121491;23012069Q;23055829;08171600213;25111990;07061785;045;642;398;864;612 ~~~~~~~~~~~~~~~~~~~~~~~~~~ 02-14
24121491;24012069Q;24055829;09171600213;26111990;08061785;046;645;432;842 ~~~~~~~~~~~~~~~~~~~~~~~~~~~~~~ 02-15
25121491;25012069Q;25055829;10171600213;27111990;09061785;047;612 ~~~~~~~~~~~~~~~~~~~~~~~~~~~~~~~~~~~~~~ 02-16
26121491;26012069Q;26055829;11171600213;28111990;10061785;048;943;854 ~~~~~~~~~~~~~~~~~~~~~~~~~~~~~~~~~~ 02-17
27121491;27012069Q;27055829;12171600213;29111990;11061785;049;450;854;612 ~~~~~~~~~~~~~~~~~~~~~~~~~~~~~~ 02-18
28121491;28012069Q;28055829;13171600213;30111990;12061785;050 ~~~~~~~~~~~~~~~~~~~~~~~~~~~~~~~~~~~~~~~~~~ 02-19
29121491;29012069Q;29055829;14171600213;01121990;13061785;051;886;612 ~~~~~~~~~~~~~~~~~~~~~~~~~~~~~~~~~~ 02-20
30121491;01022069Q;30055829;15171600213;02121990;14061785;052;644;380 ~~~~~~~~~~~~~~~~~~~~~~~~~~~~~~~~~~ 02-21
01011492;02022069Q;01065829;16171600213;03121990;15061785;053;649;495;612 ~~~~~~~~~~~~~~~~~~~~~~~~~~~~~~ 02-22
02011492;03022069Q;02065829;17171600213;04121990;16061785;054;514 ~~~~~~~~~~~~~~~~~~~~~~~~~~~~~~~~~~~~~~ 02-23
03011492;04022069Q;03065829;18171600213;05121990;17061785;055;496;612 ~~~~~~~~~~~~~~~~~~~~~~~~~~~~~~~~~~ 02-24
04011492;05022069Q;04065829;19171600213;06121990;18061785;056 ~~~~~~~~~~~~~~~~~~~~~~~~~~~~~~~~~~~~~~~~~~ 02-25
05011492;06022069Q;05065829;00001700213;07121990;19061785;057;443;646;496;612 ~~~~~~~~~~~~~~~~~~~~~~~~~~ 02-26
06011492;07022069Q;06065829;01001700213;08121990;20061785;058;444;397 ~~~~~~~~~~~~~~~~~~~~~~~~~~~~~~~~~~ 02-27
07011492;08022069Q;07065829;02001700213;09121990;21061785;059;647;648;650;612 ~~~~~~~~~~~~~~~~~~~~~~~~~~ 02-28
08011492;09022069Q;08065829;06001700213;10121990;22061785;061;654 ~~~~~~~~~~~~~~~~~~~~~~~~~~~~~~~~~~~~~~ 03-01
09011492;10022069Q;09065829;07001700213;11121990;23061785;062;637;613 ~~~~~~~~~~~~~~~~~~~~~~~~~~~~~~~~~~ 03-02
10011492;11022069Q;10065829;08001700213;12121990;24061785;063;655;517;498;613 ~~~~~~~~~~~~~~~~~~~~~~~~~~ 03-03
11011492;12022069Q;11065829;09001700213;13121990;25061785;064;613 ~~~~~~~~~~~~~~~~~~~~~~~~~~~~~~~~~~~~~~ 03-04
12011492;13022069Q;12065829;10001700213;14121990;26061785;065 ~~~~~~~~~~~~~~~~~~~~~~~~~~~~~~~~~~~~~~~~~~ 03-05
13011492;14022069Q;13065829;11001700213;15121990;27061785;066;613 ~~~~~~~~~~~~~~~~~~~~~~~~~~~~~~~~~~~~~~ 03-06
14011492;15022069Q;14065829;12001700213;16121990;28061785;067;653;383;544;623;906;519;613 ~~~~~~~~~~~~~~ 03-07
15011492;16022069Q;15065829;13001700213;17121990;29061785;068;598;496;613 ~~~~~~~~~~~~~~~~~~~~~~~~~~~~~~ 03-08
16011492;17022069Q;16065829;14001700213;18121990;30061785;069;562;613 ~~~~~~~~~~~~~~~~~~~~~~~~~~~~~~~~~~ 03-09
17011492;18022069Q;17065829;15001700213;19121990;01071785;070;513;562;613 ~~~~~~~~~~~~~~~~~~~~~~~~~~~~~~ 03-10
18011492;19022069Q;18065829;16001700213;20121990;02071785;071;562;613 ~~~~~~~~~~~~~~~~~~~~~~~~~~~~~~~~~~ 03-11
19011492;20022069Q;19065829;17001700213;21121990;03071785;072;412;613 ~~~~~~~~~~~~~~~~~~~~~~~~~~~~~~~~~~ 03-12
20011492;21022069Q;20065829;18001700213;22121990;04071785;073 ~~~~~~~~~~~~~~~~~~~~~~~~~~~~~~~~~~~~~~~~~~ 03-13
21011492;22022069Q;21065829;19001700213;23121990;05071785;074;656;418;613 ~~~~~~~~~~~~~~~~~~~~~~~~~~~~~~ 03-14
22011492;23022069Q;22065829;00011700213;24121990;06071785;075;398 ~~~~~~~~~~~~~~~~~~~~~~~~~~~~~~~~~~~~~~ 03-15
23011492;24022069Q;23065829;01011700213;25121990;07071785;076;419;533;924;613 ~~~~~~~~~~~~~~~~~~~~~~~~~~ 03-16
24011492;25022069Q;24065829;02011700213;26121990;08071785;077;613 ~~~~~~~~~~~~~~~~~~~~~~~~~~~~~~~~~~~~~~ 03-17
25011492;26022069Q;25065829;03011700213;27121990;09071785;078;613 ~~~~~~~~~~~~~~~~~~~~~~~~~~~~~~~~~~~~~~ 03-18
26011492;27022069Q;26065829;04011700213;28121990;10071785;079;657;900;466;412 ~~~~~~~~~~~~~~~~~~~~~~~~~~ 03-19
27011492;28022069Q;27065829;05011700213;29121990;11071785;080;424;613 ~~~~~~~~~~~~~~~~~~~~~~~~~~~~~~~~~~ 03-20
28011492;29022069Q;28065829;06011700213;30121990;12071785;081;658;459 ~~~~~~~~~~~~~~~~~~~~~~~~~~~~~~~~~~ 03-21
29011492;30022069Q;29065829;07011700213;01011991;13071785;082;380;378;851;613 ~~~~~~~~~~~~~~~~~~~~~~~~~~ 03-22
30011492;01032069Q;01075829;08011700213;02011991;14071785;083;414;514;538;559;861;935;497 ~~~~~~~~~~~~~~ 03-23
01021492;02032069Q;02075829;09011700213;03011991;15071785;084;613 ~~~~~~~~~~~~~~~~~~~~~~~~~~~~~~~~~~~~~~ 03-24
02021492;03032069Q;03075829;10011700213;04011991;16071785;085;555;577;613 ~~~~~~~~~~~~~~~~~~~~~~~~~~~~~~ 03-25
03021492;04032069Q;04075829;11011700213;05011991;17071785;086;659;412;613 ~~~~~~~~~~~~~~~~~~~~~~~~~~~~~~ 03-26
04021492;05032069Q;05075829;12011700213;06011991;18071785;087;660;613 ~~~~~~~~~~~~~~~~~~~~~~~~~~~~~~~~~~ 03-27
05021492;06032069Q;06075829;13011700213;07011991;19071785;088;945;613 ~~~~~~~~~~~~~~~~~~~~~~~~~~~~~~~~~~ 03-28
06021492;07032069Q;07075829;14011700213;08011991;20071785;089;652;397;613 ~~~~~~~~~~~~~~~~~~~~~~~~~~~~~~ 03-29
07021492;08032069Q;08075829;15011700213;09011991;21071785;090;913;852;613 ~~~~~~~~~~~~~~~~~~~~~~~~~~~~~~ 03-30
08021492;09032069Q;09075829;16011700213;10011991;22071785;091;433;912;933 ~~~~~~~~~~~~~~~~~~~~~~~~~~~~~~ 03-31
09021492;10032069Q;10075829;17011700213;11011991;23071785;092;614 ~~~~~~~~~~~~~~~~~~~~~~~~~~~~~~~~~~~~~~ 04-01
10021492;11032069Q;11075829;18011700213;12011991;24071785;093;877;412 ~~~~~~~~~~~~~~~~~~~~~~~~~~~~~~~~~~ 04-02
11021492;12032069Q;12075829;19011700213;13011991;25071785;094;663;614 ~~~~~~~~~~~~~~~~~~~~~~~~~~~~~~~~~~ 04-03
12021492;13032069Q;13075829;00021700213;14011991;26071785;095;571 ~~~~~~~~~~~~~~~~~~~~~~~~~~~~~~~~~~~~~~ 04-04
13021492;14032069Q;14075829;01021700213;15011991;27071785;096;614 ~~~~~~~~~~~~~~~~~~~~~~~~~~~~~~~~~~~~~~ 04-05
14021492;15032069Q;15075829;02021700213;16011991;28071785;097;637;661;384;539;575;515;614 ~~~~~~~~~~~~~~ 04-06
15021492;16032069Q;16075829;03021700213;17011991;29071785;098;493;662;513;614 ~~~~~~~~~~~~~~~~~~~~~~~~~~ 04-07
16021492;17032069Q;17075829;04021700213;18011991;30071785;099;818;651;415 ~~~~~~~~~~~~~~~~~~~~~~~~~~~~~~ 04-08
17021492;18032069Q;18075829;05021700213;19011991;01081785;100;412;651;614 ~~~~~~~~~~~~~~~~~~~~~~~~~~~~~~ 04-09
18021492;19032069Q;19075829;06021700213;20011991;02081785;101;614;651 ~~~~~~~~~~~~~~~~~~~~~~~~~~~~~~~~~~ 04-10
19021492;20032069Q;20075829;07021700213;21011991;03081785;102;651;614 ~~~~~~~~~~~~~~~~~~~~~~~~~~~~~~~~~~ 04-11
20021492;21032069Q;21075829;08021700213;22011991;04081785;103;445;651;436;844;614 ~~~~~~~~~~~~~~~~~~~~~~ 04-12
21021492;22032069Q;22075829;09021700213;23011991;05081785;104;446;651;614 ~~~~~~~~~~~~~~~~~~~~~~~~~~~~~~ 04-13
22021492;23032069Q;23075829;10021700213;24011991;06081785;105;447;398;614 ~~~~~~~~~~~~~~~~~~~~~~~~~~~~~~ 04-14
23021492;24032069Q;24075829;11021700213;25011991;07081785;106;448;794;614 ~~~~~~~~~~~~~~~~~~~~~~~~~~~~~~ 04-15
24021492;25032069Q;25075829;12021700213;26011991;08081785;107;412 ~~~~~~~~~~~~~~~~~~~~~~~~~~~~~~~~~~~~~~ 04-16
25021492;26032069Q;26075829;13021700213;27011991;09081785;108;526;939;614 ~~~~~~~~~~~~~~~~~~~~~~~~~~~~~~ 04-17
26021492;27032069Q;27075829;14021700213;28011991;10081785;109;631;664;554 ~~~~~~~~~~~~~~~~~~~~~~~~~~~~~~ 04-18
27021492;28032069Q;28075829;15021700213;29011991;11081785;110;665;614 ~~~~~~~~~~~~~~~~~~~~~~~~~~~~~~~~~~ 04-19
28021492;29032069Q;29075829;16021700213;30011991;12081785;111;666;614 ~~~~~~~~~~~~~~~~~~~~~~~~~~~~~~~~~~ 04-20
29021492;01042069Q;30075829;17021700213;01021991;13081785;112;380;399;514;929;952;614 ~~~~~~~~~~~~~~~~~~ 04-21
01031492;02042069Q;01085829;18021700213;02021991;14081785;113 ~~~~~~~~~~~~~~~~~~~~~~~~~~~~~~~~~~~~~~~~~~ 04-22
02031492;03042069Q;02085829;19021700213;03021991;15081785;114;510;902;614 ~~~~~~~~~~~~~~~~~~~~~~~~~~~~~~ 04-23
03031492;04042069Q;03085829;00031700213;04021991;16081785;115;670;400;614 ~~~~~~~~~~~~~~~~~~~~~~~~~~~~~~ 04-24
04031492;05042069Q;04085829;01031700213;05021991;17081785;116;667;528;614 ~~~~~~~~~~~~~~~~~~~~~~~~~~~~~~ 04-25
05031492;06042069Q;05085829;02031700213;06021991;18081785;117;671;529 ~~~~~~~~~~~~~~~~~~~~~~~~~~~~~~~~~~ 04-26
06031492;07042069Q;06085829;03031700213;07021991;19081785;118;668;397;553;400;614 ~~~~~~~~~~~~~~~~~~~~~~ 04-27
07031492;08042069Q;07085829;04031700213;08021991;20081785;119;669 ~~~~~~~~~~~~~~~~~~~~~~~~~~~~~~~~~~~~~~ 04-28
08031492;09042069Q;08085829;05031700213;09021991;21081785;120;927;614 ~~~~~~~~~~~~~~~~~~~~~~~~~~~~~~~~~~ 04-29
09031492;10042069Q;09085829;06031700213;10021991;22081785;121 ~~~~~~~~~~~~~~~~~~~~~~~~~~~~~~~~~~~~~~~~~~ 04-30
10031492;11042069Q;10085829;07031700213;11021991;23081785;122;676;889;615 ~~~~~~~~~~~~~~~~~~~~~~~~~~~~~~ 05-01
11031492;12042069Q;11085829;08031700213;12021991;24081785;123;677 ~~~~~~~~~~~~~~~~~~~~~~~~~~~~~~~~~~~~~~ 05-02
12031492;13042069Q;12085829;09031700213;13021991;25081785;124;679;511;615 ~~~~~~~~~~~~~~~~~~~~~~~~~~~~~~ 05-03
13031492;14042069Q;13085829;10031700213;14021991;26081785;125;637;672;513;894;843 ~~~~~~~~~~~~~~~~~~~~~~ 05-04
14031492;15042069Q;14085829;11031700213;15021991;27081785;126;673;615 ~~~~~~~~~~~~~~~~~~~~~~~~~~~~~~~~~~ 05-05
15031492;16042069Q;15085829;12031700213;16021991;28081785;127;674;385;537;541;937;949 ~~~~~~~~~~~~~~~~~~ 05-06
16031492;17042069Q;16085829;13031700213;17021991;29081785;128;675;892;412;615 ~~~~~~~~~~~~~~~~~~~~~~~~~~ 05-07
17031492;18042069Q;17085829;14031700213;18021991;30081785;129;683;511 ~~~~~~~~~~~~~~~~~~~~~~~~~~~~~~~~~~ 05-08
18031492;19042069Q;18085829;15031700213;19021991;01091785;130;518;400;615 ~~~~~~~~~~~~~~~~~~~~~~~~~~~~~~ 05-09
19031492;20042069Q;19085829;16031700213;20021991;02091785;131;678 ~~~~~~~~~~~~~~~~~~~~~~~~~~~~~~~~~~~~~~ 05-10
20031492;21042069Q;20085829;17031700213;21021991;03091785;132;681;680;812;615 ~~~~~~~~~~~~~~~~~~~~~~~~~~ 05-11
21031492;22042069Q;21085829;18031700213;22021991;04091785;133;451;400 ~~~~~~~~~~~~~~~~~~~~~~~~~~~~~~~~~~ 05-12
22031492;23042069Q;22085829;19031700213;23021991;05091785;134;682;398;615 ~~~~~~~~~~~~~~~~~~~~~~~~~~~~~~ 05-13
23031492;24042069Q;23085829;00041700213;24021991;06091785;135;432 ~~~~~~~~~~~~~~~~~~~~~~~~~~~~~~~~~~~~~~ 05-14
24031492;25042069Q;24085829;01041700213;25021991;07091785;136;685;401;615 ~~~~~~~~~~~~~~~~~~~~~~~~~~~~~~ 05-15
25031492;26042069Q;25085829;02041700213;26021991;08091785;137;797;843 ~~~~~~~~~~~~~~~~~~~~~~~~~~~~~~~~~~ 05-16
26031492;27042069Q;26085829;03041700213;27021991;09091785;138;686;530;573;615 ~~~~~~~~~~~~~~~~~~~~~~~~~~ 05-17
27031492;28042069Q;27085829;04041700213;28021991;10091785;139;687;568;573 ~~~~~~~~~~~~~~~~~~~~~~~~~~~~~~ 05-18
28031492;29042069Q;28085829;05041700213;29021991;11091785;140;684;514;568;573;624;615 ~~~~~~~~~~~~~~~~~~ 05-19
29031492;30042069Q;29085829;06041700213;30021991;12091785;141;789;380;921;929;942;952;624 ~~~~~~~~~~~~~~ 05-20
30031492;01242069Q;01095829;07041700213;31021991;13091785;142;624;412;615 ~~~~~~~~~~~~~~~~~~~~~~~~~~~~~~ 05-21
01041492;02242069Q;02095829;08041700213;01031991;14091785;143;624 ~~~~~~~~~~~~~~~~~~~~~~~~~~~~~~~~~~~~~~ 05-22
02041492;03242069Q;03095829;09041700213;02031991;15091785;144;494;798;624;615 ~~~~~~~~~~~~~~~~~~~~~~~~~~ 05-23
03041492;04242069Q;04095829;10041700213;03031991;16091785;145;689;624 ~~~~~~~~~~~~~~~~~~~~~~~~~~~~~~~~~~ 05-24
04041492;05242069Q;05095829;11041700213;04031991;17091785;146;439;624;615 ~~~~~~~~~~~~~~~~~~~~~~~~~~~~~~ 05-25
05041492;06242069Q;06095829;12041700213;05031991;18091785;147;439;522;415 ~~~~~~~~~~~~~~~~~~~~~~~~~~~~~~ 05-26
06041492;07242069Q;07095829;13041700213;06031991;19091785;148;438;397;615 ~~~~~~~~~~~~~~~~~~~~~~~~~~~~~~ 05-27
07041492;08242069Q;08095829;14041700213;07031991;20091785;149;412 ~~~~~~~~~~~~~~~~~~~~~~~~~~~~~~~~~~~~~~ 05-28
08041492;09242069Q;09095829;15041700213;08031991;21091785;150;688;437;615 ~~~~~~~~~~~~~~~~~~~~~~~~~~~~~~ 05-29
09041492;10242069Q;10095829;16041700213;09031991;22091785;151;552 ~~~~~~~~~~~~~~~~~~~~~~~~~~~~~~~~~~~~~~ 05-30
10041492;11242069Q;11095829;17041700213;10031991;23091785;152;513;896;615 ~~~~~~~~~~~~~~~~~~~~~~~~~~~~~~ 05-31
11041492;12242069Q;12095829;18041700213;11031991;24091785;153;637;693;413 ~~~~~~~~~~~~~~~~~~~~~~~~~~~~~~ 06-01
12041492;13242069Q;13095829;19041700213;12031991;25091785;154;449;690;616 ~~~~~~~~~~~~~~~~~~~~~~~~~~~~~~ 06-02
13041492;14242069Q;14095829;00051700213;13031991;26091785;155;694 ~~~~~~~~~~~~~~~~~~~~~~~~~~~~~~~~~~~~~~ 06-03
14041492;15242069Q;15095829;01051700213;14031991;27091785;156;386;874;941;616 ~~~~~~~~~~~~~~~~~~~~~~~~~~ 06-04
15041492;16242069Q;16095829;02051700213;15031991;28091785;157;691;833 ~~~~~~~~~~~~~~~~~~~~~~~~~~~~~~~~~~ 06-05
16041492;17242069Q;17095829;03051700213;16031991;29091785;158;616 ~~~~~~~~~~~~~~~~~~~~~~~~~~~~~~~~~~~~~~ 06-06
17041492;18242069Q;18095829;04051700213;17031991;30091785;159;692;838;868 ~~~~~~~~~~~~~~~~~~~~~~~~~~~~~~ 06-07
18041492;19242069Q;19095829;05051700213;18031991;01101785;160;697;799;616 ~~~~~~~~~~~~~~~~~~~~~~~~~~~~~~ 06-08
19041492;20242069Q;20095829;06051700213;19031991;02101785;161;695;616 ~~~~~~~~~~~~~~~~~~~~~~~~~~~~~~~~~~ 06-09
20041492;21242069Q;21095829;07051700213;20031991;03101785;162;616 ~~~~~~~~~~~~~~~~~~~~~~~~~~~~~~~~~~~~~~ 06-10
21041492;22242069Q;22095829;08051700213;21031991;04101785;163;696;569;415 ~~~~~~~~~~~~~~~~~~~~~~~~~~~~~~ 06-11
22041492;23242069Q;23095829;09051700213;22031991;05101785;164;398;569;616 ~~~~~~~~~~~~~~~~~~~~~~~~~~~~~~ 06-12
23041492;24242069Q;24095829;10051700213;23031991;06101785;165 ~~~~~~~~~~~~~~~~~~~~~~~~~~~~~~~~~~~~~~~~~~ 06-13
24041492;25242069Q;25095829;11051700213;24031991;07101785;166;699;616 ~~~~~~~~~~~~~~~~~~~~~~~~~~~~~~~~~~ 06-14
25041492;26242069Q;26095829;12051700213;25031991;08101785;167;946 ~~~~~~~~~~~~~~~~~~~~~~~~~~~~~~~~~~~~~~ 06-15
26041492;27242069Q;27095829;13051700213;26031991;09101785;168;452;452;514;616 ~~~~~~~~~~~~~~~~~~~~~~~~~~ 06-16
27041492;28242069Q;28095829;14051700213;27031991;10101785;169;616 ~~~~~~~~~~~~~~~~~~~~~~~~~~~~~~~~~~~~~~ 06-17
28041492;29242069Q;29095829;15051700213;28031991;11101785;170;380;616 ~~~~~~~~~~~~~~~~~~~~~~~~~~~~~~~~~~ 06-18
29041492;01052069Q;30095829;16051700213;29031991;12101785;171;415 ~~~~~~~~~~~~~~~~~~~~~~~~~~~~~~~~~~~~~~ 06-19
01051492;02052069Q;01105829;17051700213;30031991;13101785;172;698;870;460;616 ~~~~~~~~~~~~~~~~~~~~~~~~~~ 06-20
02051492;03052069Q;02105829;18051700213;31031991;14101785;173;701;425;700 ~~~~~~~~~~~~~~~~~~~~~~~~~~~~~~ 06-21
03051492;04052069Q;03105829;19051700213;01041991;15101785;174;702;461;616 ~~~~~~~~~~~~~~~~~~~~~~~~~~~~~~ 06-22
04051492;05052069Q;04105829;00061700213;02041991;16101785;175;564 ~~~~~~~~~~~~~~~~~~~~~~~~~~~~~~~~~~~~~~ 06-23
05051492;06052069Q;05105829;01061700213;03041991;17101785;176;616 ~~~~~~~~~~~~~~~~~~~~~~~~~~~~~~~~~~~~~~ 06-24
06051492;07052069Q;06105829;02061700213;04041991;18101785;177;616 ~~~~~~~~~~~~~~~~~~~~~~~~~~~~~~~~~~~~~~ 06-25
07051492;08052069Q;07105829;03061700213;05041991;19101785;178;704;397;616 ~~~~~~~~~~~~~~~~~~~~~~~~~~~~~~ 06-26
08051492;09052069Q;08105829;04061700213;06041991;20101785;179;433;616 ~~~~~~~~~~~~~~~~~~~~~~~~~~~~~~~~~~ 06-27
09051492;10052069Q;09105829;05061700213;07041991;21101785;180;703;513;616 ~~~~~~~~~~~~~~~~~~~~~~~~~~~~~~ 06-28
10051492;11052069Q;10105829;06061700213;08041991;22101785;181;859 ~~~~~~~~~~~~~~~~~~~~~~~~~~~~~~~~~~~~~~ 06-29
11051492;12052069Q;11105829;07061700213;09041991;23101785;182;795;546;616 ~~~~~~~~~~~~~~~~~~~~~~~~~~~~~~ 06-30
12051492;13052069Q;12105829;08061700213;10041991;24101785;183 ~~~~~~~~~~~~~~~~~~~~~~~~~~~~~~~~~~~~~~~~~~ 07-01
13051492;14052069Q;13105829;09061700213;11041991;25101785;184;420;617 ~~~~~~~~~~~~~~~~~~~~~~~~~~~~~~~~~~ 07-02
14051492;15052069Q;14105829;10061700213;12041991;26101785;185 ~~~~~~~~~~~~~~~~~~~~~~~~~~~~~~~~~~~~~~~~~~ 07-03
15051492;16052069Q;15105829;11061700213;13041991;27101785;186;387;531;561;617 ~~~~~~~~~~~~~~~~~~~~~~~~~~ 07-04
16051492;17052069Q;16105829;12061700213;14041991;28101785;187;373;565;617 ~~~~~~~~~~~~~~~~~~~~~~~~~~~~~~ 07-05
17051492;18052069Q;17105829;13061700213;15041991;29101785;188;637;705;840;565;617 ~~~~~~~~~~~~~~~~~~~~~~ 07-06
18051492;19052069Q;18105829;14061700213;16041991;30101785;189;374;617 ~~~~~~~~~~~~~~~~~~~~~~~~~~~~~~~~~~ 07-07
19051492;20052069Q;19105829;15061700213;17041991;01111785;190;707;617 ~~~~~~~~~~~~~~~~~~~~~~~~~~~~~~~~~~ 07-08
20051492;21052069Q;20105829;16061700213;18041991;02111785;191;617 ~~~~~~~~~~~~~~~~~~~~~~~~~~~~~~~~~~~~~~ 07-09
21051492;22052069Q;21105829;17061700213;19041991;03111785;192;617 ~~~~~~~~~~~~~~~~~~~~~~~~~~~~~~~~~~~~~~ 07-10
22051492;23052069Q;22105829;18061700213;20041991;04111785;193;398;408;617 ~~~~~~~~~~~~~~~~~~~~~~~~~~~~~~ 07-11
23051492;24052069Q;23105829;19061700213;21041991;05111785;194;617 ~~~~~~~~~~~~~~~~~~~~~~~~~~~~~~~~~~~~~~ 07-12
24051492;25052069Q;24105829;00071700213;22041991;06111785;195;706;514 ~~~~~~~~~~~~~~~~~~~~~~~~~~~~~~~~~~ 07-13
25051492;26052069Q;25105829;01071700213;23041991;07111785;196;878;617 ~~~~~~~~~~~~~~~~~~~~~~~~~~~~~~~~~~ 07-14
26051492;27052069Q;26105829;02071700213;24041991;08111785;197;710 ~~~~~~~~~~~~~~~~~~~~~~~~~~~~~~~~~~~~~~ 07-15
27051492;28052069Q;27105829;03071700213;25041991;09111785;198;617 ~~~~~~~~~~~~~~~~~~~~~~~~~~~~~~~~~~~~~~ 07-16
28051492;29052069Q;28105829;04071700213;26041991;10111785;199;711;409;617 ~~~~~~~~~~~~~~~~~~~~~~~~~~~~~~ 07-17
29051492;01062069Q;29105829;05071700213;27041991;11111785;200;631;380;617 ~~~~~~~~~~~~~~~~~~~~~~~~~~~~~~ 07-18
30051492;02062069Q;01115829;06071700213;28041991;12111785;201 ~~~~~~~~~~~~~~~~~~~~~~~~~~~~~~~~~~~~~~~~~~ 07-19
01061492;03062069Q;02115829;07071700213;29041991;13111785;202;708;811;617 ~~~~~~~~~~~~~~~~~~~~~~~~~~~~~~ 07-20
02061492;04062069Q;03115829;08071700213;30041991;14111785;203;709;415;617 ~~~~~~~~~~~~~~~~~~~~~~~~~~~~~~ 07-21
03061492;05062069Q;04115829;09071700213;31041991;15111785;204;617 ~~~~~~~~~~~~~~~~~~~~~~~~~~~~~~~~~~~~~~ 07-22
04061492;06062069Q;05115829;10071700213;01051991;16111785;205;409 ~~~~~~~~~~~~~~~~~~~~~~~~~~~~~~~~~~~~~~ 07-23
05061492;07062069Q;06115829;11071700213;02051991;17111785;206;617 ~~~~~~~~~~~~~~~~~~~~~~~~~~~~~~~~~~~~~~ 07-24
06061492;08062069Q;07115829;12071700213;03051991;18111785;207;712;715;397;617 ~~~~~~~~~~~~~~~~~~~~~~~~~~ 07-25
07061492;09062069Q;08115829;13071700213;04051991;19111785;208;716;513;617 ~~~~~~~~~~~~~~~~~~~~~~~~~~~~~~ 07-26
08061492;10062069Q;09115829;14071700213;05051991;20111785;209;713;617 ~~~~~~~~~~~~~~~~~~~~~~~~~~~~~~~~~~ 07-27
09061492;11062069Q;10115829;15071700213;06051991;21111785;210;714;617 ~~~~~~~~~~~~~~~~~~~~~~~~~~~~~~~~~~ 07-28
10061492;12062069Q;11115829;16071700213;07051991;22111785;211;898;409;415;617 ~~~~~~~~~~~~~~~~~~~~~~~~~~ 07-29
11061492;13062069Q;12115829;17071700213;08051991;23111785;212;617 ~~~~~~~~~~~~~~~~~~~~~~~~~~~~~~~~~~~~~~ 07-30
12061492;14062069Q;13115829;18071700213;09051991;24111785;213 ~~~~~~~~~~~~~~~~~~~~~~~~~~~~~~~~~~~~~~~~~~ 07-31
13061492;15062069Q;14115829;19071700213;10051991;25111785;214;618 ~~~~~~~~~~~~~~~~~~~~~~~~~~~~~~~~~~~~~~ 08-01
14061492;16062069Q;15115829;00081700213;11051991;26111785;215;719;388;925 ~~~~~~~~~~~~~~~~~~~~~~~~~~~~~~ 08-02
15061492;17062069Q;16115829;01081700213;12051991;27111785;216;637;720;618 ~~~~~~~~~~~~~~~~~~~~~~~~~~~~~~ 08-03
16061492;18062069Q;17115829;02081700213;13051991;28111785;217;717;409 ~~~~~~~~~~~~~~~~~~~~~~~~~~~~~~~~~~ 08-04
17061492;19062069Q;18115829;03081700213;14051991;29111785;218;618 ~~~~~~~~~~~~~~~~~~~~~~~~~~~~~~~~~~~~~~ 08-05
18061492;20062069Q;19115829;04081700213;15051991;30111785;219;718;415 ~~~~~~~~~~~~~~~~~~~~~~~~~~~~~~~~~~ 08-06
19061492;21062069Q;20115829;05081700213;16051991;01121785;220;514;618 ~~~~~~~~~~~~~~~~~~~~~~~~~~~~~~~~~~ 08-07
20061492;22062069Q;21115829;06081700213;17051991;02121785;221 ~~~~~~~~~~~~~~~~~~~~~~~~~~~~~~~~~~~~~~~~~~ 08-08
21061492;23062069Q;22115829;07081700213;18051991;03121785;222;398;618 ~~~~~~~~~~~~~~~~~~~~~~~~~~~~~~~~~~ 08-09
22061492;24062069Q;23115829;08081700213;19051991;04121785;223;723;432;436 ~~~~~~~~~~~~~~~~~~~~~~~~~~~~~~ 08-10
23061492;25062069Q;24115829;09081700213;20051991;05121785;224;721;421;618 ~~~~~~~~~~~~~~~~~~~~~~~~~~~~~~ 08-11
24061492;26062069Q;25115829;10081700213;21051991;06121785;225;901 ~~~~~~~~~~~~~~~~~~~~~~~~~~~~~~~~~~~~~~ 08-12
25061492;27062069Q;26115829;11081700213;22051991;07121785;226;554;618 ~~~~~~~~~~~~~~~~~~~~~~~~~~~~~~~~~~ 08-13
26061492;28062069Q;27115829;12081700213;23051991;08121785;227;722 ~~~~~~~~~~~~~~~~~~~~~~~~~~~~~~~~~~~~~~ 08-14
27061492;29062069Q;28115829;13081700213;24051991;09121785;228;618 ~~~~~~~~~~~~~~~~~~~~~~~~~~~~~~~~~~~~~~ 08-15
28061492;30062069Q;29115829;14081700213;25051991;10121785;229;596;380;409 ~~~~~~~~~~~~~~~~~~~~~~~~~~~~~~ 08-16
29061492;01072069Q;30115829;15081700213;26051991;11121785;230;724;618 ~~~~~~~~~~~~~~~~~~~~~~~~~~~~~~~~~~ 08-17
01071492;02072069Q;01125829;16081700213;27051991;12121785;231;835 ~~~~~~~~~~~~~~~~~~~~~~~~~~~~~~~~~~~~~~ 08-18
02071492;03072069Q;02125829;17081700213;28051991;13121785;232;579;618 ~~~~~~~~~~~~~~~~~~~~~~~~~~~~~~~~~~ 08-19
03071492;04072069Q;03125829;18081700213;29051991;14121785;233 ~~~~~~~~~~~~~~~~~~~~~~~~~~~~~~~~~~~~~~~~~~ 08-20
04071492;05072069Q;04125829;19081700213;30051991;15121785;234;618 ~~~~~~~~~~~~~~~~~~~~~~~~~~~~~~~~~~~~~~ 08-21
05071492;06072069Q;05125829;00091700213;31051991;16121785;235;513;891;409 ~~~~~~~~~~~~~~~~~~~~~~~~~~~~~~ 08-22
06071492;07072069Q;06125829;01091700213;01061991;17121785;236;427;416;572;618 ~~~~~~~~~~~~~~~~~~~~~~~~~~ 08-23
07071492;08072069Q;07125829;02091700213;02061991;18121785;237;725;397;399 ~~~~~~~~~~~~~~~~~~~~~~~~~~~~~~ 08-24
08071492;09072069Q;08125829;03091700213;03061991;19121785;238;428;725;618 ~~~~~~~~~~~~~~~~~~~~~~~~~~~~~~ 08-25
09071492;10072069Q;09125829;04091700213;04061991;20121785;239;796 ~~~~~~~~~~~~~~~~~~~~~~~~~~~~~~~~~~~~~~ 08-26
10071492;11072069Q;10125829;05091700213;05061991;21121785;240;594;618 ~~~~~~~~~~~~~~~~~~~~~~~~~~~~~~~~~~ 08-27
11071492;12072069Q;11125829;06091700213;06061991;22121785;241;595;926 ~~~~~~~~~~~~~~~~~~~~~~~~~~~~~~~~~~ 08-28
12071492;13072069Q;12125829;07091700213;07061991;23121785;242;618 ~~~~~~~~~~~~~~~~~~~~~~~~~~~~~~~~~~~~~~ 08-29
13071492;14072069Q;13125829;08091700213;08061991;24121785;243;596;897;938;567;400 ~~~~~~~~~~~~~~~~~~~~~~ 08-30
14071492;15072069Q;14125829;09091700213;09061991;25121785;244;429;567;421;618 ~~~~~~~~~~~~~~~~~~~~~~~~~~ 08-31
15071492;16072069Q;15125829;10091700213;10061991;26121785;245;430;389;556;909;910;925 ~~~~~~~~~~~~~~~~~~ 09-01
16071492;17072069Q;16125829;11091700213;11061991;27121785;246;434;400;619 ~~~~~~~~~~~~~~~~~~~~~~~~~~~~~~ 09-02
17071492;18072069Q;17125829;12091700213;12061991;28121785;247;435;514;875 ~~~~~~~~~~~~~~~~~~~~~~~~~~~~~~ 09-03
18071492;19072069Q;18125829;13091700213;13061991;29121785;248;619 ~~~~~~~~~~~~~~~~~~~~~~~~~~~~~~~~~~~~~~ 09-04
19071492;20072069Q;19125829;14091700213;14061991;30121785;249 ~~~~~~~~~~~~~~~~~~~~~~~~~~~~~~~~~~~~~~~~~~ 09-05
20071492;21072069Q;20125829;15091700213;15061991;01131785;250;727;619 ~~~~~~~~~~~~~~~~~~~~~~~~~~~~~~~~~~ 09-06
21071492;22072069Q;21125829;16091700213;16061991;02131785;251;637;728;398;872;619 ~~~~~~~~~~~~~~~~~~~~~~ 09-07
22071492;23072069Q;22125829;17091700213;17061991;03131785;252;455;845;871;400;619 ~~~~~~~~~~~~~~~~~~~~~~ 09-08
23071492;24072069Q;23125829;18091700213;18061991;04131785;253;729;846;457;829 ~~~~~~~~~~~~~~~~~~~~~~~~~~ 09-09
24071492;25072069Q;24125829;19091700213;19061991;05131785;254;619 ~~~~~~~~~~~~~~~~~~~~~~~~~~~~~~~~~~~~~~ 09-10
25071492;26072069Q;25125829;00101700213;20061991;01011786;255;503;400 ~~~~~~~~~~~~~~~~~~~~~~~~~~~~~~~~~~ 09-11
26071492;27072069Q;26125829;01101700213;21061991;02011786;256;730;847;619 ~~~~~~~~~~~~~~~~~~~~~~~~~~~~~~ 09-12
27071492;28072069Q;27125829;02101700213;22061991;03011786;257;726;509;619 ~~~~~~~~~~~~~~~~~~~~~~~~~~~~~~ 09-13
28071492;29072069Q;28125829;03101700213;23061991;04011786;258;400;619 ~~~~~~~~~~~~~~~~~~~~~~~~~~~~~~~~~~ 09-14
29071492;01082069Q;29125829;04101700213;24061991;05011786;259;731;380;521;409 ~~~~~~~~~~~~~~~~~~~~~~~~~~ 09-15
30071492;02082069Q;01015830;05101700213;25061991;06011786;260;401;521;619 ~~~~~~~~~~~~~~~~~~~~~~~~~~~~~~ 09-16
01081492;03082069Q;02015830;06101700213;26061991;07011786;261;732;521;619 ~~~~~~~~~~~~~~~~~~~~~~~~~~~~~~ 09-17
02081492;04082069Q;03015830;07101700213;27061991;08011786;262;597;619 ~~~~~~~~~~~~~~~~~~~~~~~~~~~~~~~~~~ 09-18
03081492;05082069Q;04015830;08101700213;28061991;09011786;263;733;513;550;619;848 ~~~~~~~~~~~~~~~~~~~~~~ 09-19
04081492;06082069Q;05015830;09101700213;29061991;10011786;264;596;734;915;619 ~~~~~~~~~~~~~~~~~~~~~~~~~~ 09-20
05081492;07082069Q;06015830;10101700213;30061991;11011786;265;735;462 ~~~~~~~~~~~~~~~~~~~~~~~~~~~~~~~~~~ 09-21
06081492;08082069Q;07015830;11101700213;31061991;12011786;266;740;437;423;619 ~~~~~~~~~~~~~~~~~~~~~~~~~~ 09-22
07081492;09082069Q;08015830;12101700213;01071991;13011786;267;736;397;433;908;463;619;848 ~~~~~~~~~~~~~~ 09-23
08081492;10082069Q;09015830;13101700213;02071991;14011786;268;737;619 ~~~~~~~~~~~~~~~~~~~~~~~~~~~~~~~~~~ 09-24
09081492;11082069Q;10015830;14101700213;03071991;15011786;269;742;790;467;527;619 ~~~~~~~~~~~~~~~~~~~~~~ 09-25
10081492;12082069Q;11015830;15101700213;04071991;16011786;270;741;790;619 ~~~~~~~~~~~~~~~~~~~~~~~~~~~~~~ 09-26
11081492;13082069Q;12015830;16101700213;05071991;17011786;271;738;790;864;903;409;619;848 ~~~~~~~~~~~~~~ 09-27
12081492;14082069Q;13015830;17101700213;06071991;18011786;272;739;743;790;619 ~~~~~~~~~~~~~~~~~~~~~~~~~~ 09-28
13081492;15082069Q;14015830;18101700213;07071991;19011786;273;790;520;551;570;619 ~~~~~~~~~~~~~~~~~~~~~~ 09-29
14081492;16082069Q;15015830;19101700213;08071991;20011786;274;790;390;396;396;534;512;523;853;619 ~~~~~~ 09-30
15081492;17082069Q;16015830;00111700213;09071991;21011786;275;745;790;514;907;523;853;848 ~~~~~~~~~~~~~~ 10-01
16081492;18082069Q;17015830;01111700213;10071991;22011786;276;746;523;853;620 ~~~~~~~~~~~~~~~~~~~~~~~~~~ 10-02
17081492;19082069Q;18015830;02111700213;11071991;23011786;277;747;523;409;620;848 ~~~~~~~~~~~~~~~~~~~~~~ 10-03
18081492;20082069Q;19015830;03111700213;12071991;24011786;278;748;523;620 ~~~~~~~~~~~~~~~~~~~~~~~~~~~~~~ 10-04
19081492;21082069Q;20015830;04111700213;13071991;25011786;279;637;523;620 ~~~~~~~~~~~~~~~~~~~~~~~~~~~~~~ 10-05
20081492;22082069Q;21015830;05111700213;14071991;26011786;280;749;523;620 ~~~~~~~~~~~~~~~~~~~~~~~~~~~~~~ 10-06
21081492;23082069Q;22015830;06111700213;15071991;27011786;281;744;398;524;848 ~~~~~~~~~~~~~~~~~~~~~~~~~~ 10-07
22081492;24082069Q;23015830;07111700213;16071991;28011786;282;791;525;620 ~~~~~~~~~~~~~~~~~~~~~~~~~~~~~~ 10-08
23081492;25082069Q;24015830;08111700213;17071991;29011786;283;752;620 ~~~~~~~~~~~~~~~~~~~~~~~~~~~~~~~~~~ 10-09
24081492;26082069Q;25015830;09111700213;18071991;30011786;284;753;367;869;620 ~~~~~~~~~~~~~~~~~~~~~~~~~~ 10-10
25081492;27082069Q;26015830;10111700213;19071991;01021786;285;368 ~~~~~~~~~~~~~~~~~~~~~~~~~~~~~~~~~~~~~~ 10-11
26081492;28082069Q;27015830;11111700213;20071991;02021786;286;754;620 ~~~~~~~~~~~~~~~~~~~~~~~~~~~~~~~~~~ 10-12
27081492;29082069Q;28015830;12111700213;21071991;03021786;287;750;417;848 ~~~~~~~~~~~~~~~~~~~~~~~~~~~~~~ 10-13
28081492;30082069Q;29015830;13111700213;22071991;04021786;288;751;380;866;920;574;620 ~~~~~~~~~~~~~~~~~~ 10-14
29081492;01092069Q;30015830;14111700213;23071991;05021786;289;756;929;952;409;620 ~~~~~~~~~~~~~~~~~~~~~~ 10-15
01091492;02092069Q;01025830;15111700213;24071991;06021786;290;757;895;504;620 ~~~~~~~~~~~~~~~~~~~~~~~~~~ 10-16
02091492;03092069Q;02025830;16111700213;25071991;07021786;291;631;513 ~~~~~~~~~~~~~~~~~~~~~~~~~~~~~~~~~~ 10-17
03091492;04092069Q;03025830;17111700213;26071991;08021786;292;620 ~~~~~~~~~~~~~~~~~~~~~~~~~~~~~~~~~~~~~~ 10-18
04091492;05092069Q;04025830;18111700213;27071991;09021786;293;758;620 ~~~~~~~~~~~~~~~~~~~~~~~~~~~~~~~~~~ 10-19
05091492;06092069Q;05025830;19111700213;28071991;10021786;294;784;620 ~~~~~~~~~~~~~~~~~~~~~~~~~~~~~~~~~~ 10-20
06091492;07092069Q;06025830;00121700213;29071991;11021786;295;755;369;918;785 ~~~~~~~~~~~~~~~~~~~~~~~~~~ 10-21
07091492;08092069Q;07025830;01121700213;30071991;12021786;296;919;786;505;620 ~~~~~~~~~~~~~~~~~~~~~~~~~~ 10-22
08091492;09092069Q;08025830;02121700213;01081991;13021786;297;397;405;548;836;563;787;620 ~~~~~~~~~~~~~~ 10-23
09091492;10092069Q;09025830;03121700213;02081991;14021786;298;371;885;620 ~~~~~~~~~~~~~~~~~~~~~~~~~~~~~~ 10-24
10091492;11092069Q;10025830;04121700213;03081991;15021786;299;849;549;560;620 ~~~~~~~~~~~~~~~~~~~~~~~~~~ 10-25
11091492;12092069Q;11025830;05121700213;04081991;16021786;300;759;899;620 ~~~~~~~~~~~~~~~~~~~~~~~~~~~~~~ 10-26
12091492;13092069Q;12025830;06121700213;05081991;17021786;301;409 ~~~~~~~~~~~~~~~~~~~~~~~~~~~~~~~~~~~~~~ 10-27
13091492;14092069Q;13025830;07121700213;06081991;18021786;302;406;620 ~~~~~~~~~~~~~~~~~~~~~~~~~~~~~~~~~~ 10-28
14091492;15092069Q;14025830;08121700213;07081991;19021786;303;391;431;882;922;620 ~~~~~~~~~~~~~~~~~~~~~~ 10-29
15091492;16092069Q;15025830;09121700213;08081991;20021786;304;514;532;541;949;620 ~~~~~~~~~~~~~~~~~~~~~~ 10-30
16091492;17092069Q;16025830;10121700213;09081991;21021786;305 ~~~~~~~~~~~~~~~~~~~~~~~~~~~~~~~~~~~~~~~~~~ 10-31
17091492;18092069Q;17025830;11121700213;10081991;22021786;306;621 ~~~~~~~~~~~~~~~~~~~~~~~~~~~~~~~~~~~~~~ 11-01
18091492;19092069Q;18025830;12121700213;11081991;23021786;307;637;763;881;409 ~~~~~~~~~~~~~~~~~~~~~~~~~~ 11-02
19091492;20092069Q;19025830;13121700213;12081991;24021786;308;621 ~~~~~~~~~~~~~~~~~~~~~~~~~~~~~~~~~~~~~~ 11-03
20091492;21092069Q;20025830;14121700213;13081991;25021786;309;760 ~~~~~~~~~~~~~~~~~~~~~~~~~~~~~~~~~~~~~~ 11-04
21091492;22092069Q;21025830;15121700213;14081991;26021786;310;398;499;505;621 ~~~~~~~~~~~~~~~~~~~~~~~~~~ 11-05
22091492;23092069Q;22025830;16121700213;15081991;27021786;311;761;432 ~~~~~~~~~~~~~~~~~~~~~~~~~~~~~~~~~~ 11-06
23091492;24092069Q;23025830;17121700213;16081991;28021786;312;762;410;406;621 ~~~~~~~~~~~~~~~~~~~~~~~~~~ 11-07
24091492;25092069Q;24025830;18121700213;17081991;29021786;313 ~~~~~~~~~~~~~~~~~~~~~~~~~~~~~~~~~~~~~~~~~~ 11-08
25091492;26092069Q;25025830;19121700213;18081991;30021786;314;558;911;505;621 ~~~~~~~~~~~~~~~~~~~~~~~~~~ 11-09
26091492;27092069Q;26025830;00131700213;19081991;01031786;315 ~~~~~~~~~~~~~~~~~~~~~~~~~~~~~~~~~~~~~~~~~~ 11-10
27091492;28092069Q;27025830;01131700213;20081991;02031786;316;779;784;508;621 ~~~~~~~~~~~~~~~~~~~~~~~~~~ 11-11
28091492;29092069Q;28025830;02131700213;21081991;03031786;317;780;785;893;406 ~~~~~~~~~~~~~~~~~~~~~~~~~~ 11-12
29091492;30092069Q;29025830;03131700213;22081991;04031786;318;380;513;781;786;621 ~~~~~~~~~~~~~~~~~~~~~~ 11-13
30091492;01102069Q;30025830;04131700213;23081991;05031786;319;764;782;787;506 ~~~~~~~~~~~~~~~~~~~~~~~~~~ 11-14
01101492;02102069Q;01035830;05131700213;24081991;06031786;320;507;535;783;788;502;621 ~~~~~~~~~~~~~~~~~~ 11-15
02101492;03102069Q;02035830;06131700213;25081991;07031786;321;767 ~~~~~~~~~~~~~~~~~~~~~~~~~~~~~~~~~~~~~~ 11-16
03101492;04102069Q;03035830;07131700213;26081991;08031786;322;765;406;621 ~~~~~~~~~~~~~~~~~~~~~~~~~~~~~~ 11-17
04101492;05102069Q;04035830;08131700213;27081991;09031786;323;418 ~~~~~~~~~~~~~~~~~~~~~~~~~~~~~~~~~~~~~~ 11-18
05101492;06102069Q;05035830;09131700213;28081991;10031786;324;421;621 ~~~~~~~~~~~~~~~~~~~~~~~~~~~~~~~~~~ 11-19
06101492;07102069Q;06035830;10131700213;29081991;11031786;325;543 ~~~~~~~~~~~~~~~~~~~~~~~~~~~~~~~~~~~~~~ 11-20
07101492;08102069Q;07035830;11131700213;30081991;12031786;326;766;397;621 ~~~~~~~~~~~~~~~~~~~~~~~~~~~~~~ 11-21
08101492;09102069Q;08035830;12131700213;01091991;13031786;327;824;858;788;406 ~~~~~~~~~~~~~~~~~~~~~~~~~~ 11-22
09101492;10102069Q;09035830;13131700213;02091991;14031786;328;768;865;621 ~~~~~~~~~~~~~~~~~~~~~~~~~~~~~~ 11-23
10101492;11102069Q;10035830;14131700213;03091991;15031786;329;547;879 ~~~~~~~~~~~~~~~~~~~~~~~~~~~~~~~~~~ 11-24
11101492;12102069Q;11035830;15131700213;04091991;16031786;330;554;934;621 ~~~~~~~~~~~~~~~~~~~~~~~~~~~~~~ 11-25
12101492;13102069Q;12035830;16131700213;05091991;17031786;331 ~~~~~~~~~~~~~~~~~~~~~~~~~~~~~~~~~~~~~~~~~~ 11-26
13101492;14102069Q;13035830;17131700213;06091991;18031786;332;769;514;406;621 ~~~~~~~~~~~~~~~~~~~~~~~~~~ 11-27
14101492;15102069Q;14035830;18131700213;07091991;19031786;333;440;392;369;880 ~~~~~~~~~~~~~~~~~~~~~~~~~~ 11-28
15101492;16102069Q;15035830;19131700213;08091991;20031786;334;441;421;621 ~~~~~~~~~~~~~~~~~~~~~~~~~~~~~~ 11-29
16101492;17102069Q;16035830;00141700213;09091991;21031786;335;770;857 ~~~~~~~~~~~~~~~~~~~~~~~~~~~~~~~~~~ 11-30
17101492;18102069Q;17035830;01141700213;10091991;22031786;336;589;622 ~~~~~~~~~~~~~~~~~~~~~~~~~~~~~~~~~~ 12-01
18101492;19102069Q;18035830;02141700213;11091991;23031786;337;442;370;406 ~~~~~~~~~~~~~~~~~~~~~~~~~~~~~~ 12-02
19101492;20102069Q;19035830;03141700213;12091991;24031786;338;771;773;622 ~~~~~~~~~~~~~~~~~~~~~~~~~~~~~~ 12-03
20101492;21102069Q;20035830;04141700213;13091991;25031786;339;772;402;436 ~~~~~~~~~~~~~~~~~~~~~~~~~~~~~~ 12-04
21101492;22102069Q;21035830;05141700213;14091991;26031786;340;398;876;622 ~~~~~~~~~~~~~~~~~~~~~~~~~~~~~~ 12-05
22101492;23102069Q;22035830;06141700213;15091991;27031786;341;596;774;418 ~~~~~~~~~~~~~~~~~~~~~~~~~~~~~~ 12-06
23101492;24102069Q;23035830;07141700213;16091991;28031786;342;637;775;622 ~~~~~~~~~~~~~~~~~~~~~~~~~~~~~~ 12-07
24101492;25102069Q;24035830;08141700213;17091991;29031786;343;777;590;375;403 ~~~~~~~~~~~~~~~~~~~~~~~~~~ 12-08
25101492;26102069Q;25035830;09141700213;18091991;30031786;344;936;516;421;622 ~~~~~~~~~~~~~~~~~~~~~~~~~~ 12-09
26101492;27102069Q;26035830;10141700213;19091991;01041786;345;513;516 ~~~~~~~~~~~~~~~~~~~~~~~~~~~~~~~~~~ 12-10
27101492;28102069Q;27035830;11141700213;20091991;02041786;346;376;516;622 ~~~~~~~~~~~~~~~~~~~~~~~~~~~~~~ 12-11
28101492;29102069Q;28035830;12141700213;21091991;03041786;347;516;403;406 ~~~~~~~~~~~~~~~~~~~~~~~~~~~~~~ 12-12
29101492;30102069Q;29035830;13141700213;22091991;04041786;348;380;399;516;622 ~~~~~~~~~~~~~~~~~~~~~~~~~~ 12-13
01111492;01112069Q;30035830;14141700213;23091991;05041786;349;776;422;825 ~~~~~~~~~~~~~~~~~~~~~~~~~~~~~~ 12-14
02111492;02112069Q;01045830;15141700213;24091991;06041786;350;591;516;418;622 ~~~~~~~~~~~~~~~~~~~~~~~~~~ 12-15
03111492;03112069Q;02045830;16141700213;25091991;07041786;351;516;400 ~~~~~~~~~~~~~~~~~~~~~~~~~~~~~~~~~~ 12-16
04111492;04112069Q;03045830;17141700213;26091991;08041786;352;516;622 ~~~~~~~~~~~~~~~~~~~~~~~~~~~~~~~~~~ 12-17
05111492;05112069Q;04045830;18141700213;27091991;09041786;353;944 ~~~~~~~~~~~~~~~~~~~~~~~~~~~~~~~~~~~~~~ 12-18
06111492;06112069Q;05045830;19141700213;28091991;10041786;354;622 ~~~~~~~~~~~~~~~~~~~~~~~~~~~~~~~~~~~~~~ 12-19
07111492;07112069Q;06045830;00151700213;29091991;11041786;355;596;778;371;433;466 ~~~~~~~~~~~~~~~~~~~~~~ 12-20
08111492;08112069Q;07045830;01151700213;30091991;12041786;356;397;426;622 ~~~~~~~~~~~~~~~~~~~~~~~~~~~~~~ 12-21
09111492;09112069Q;08045830;02151700213;01101991;13041786;357;592;465;400;406 ~~~~~~~~~~~~~~~~~~~~~~~~~~ 12-22
10111492;10112069Q;09045830;03151700213;02101991;14041786;358;622 ~~~~~~~~~~~~~~~~~~~~~~~~~~~~~~~~~~~~~~ 12-23
11111492;11112069Q;10045830;04151700213;03101991;15041786;359;557;890 ~~~~~~~~~~~~~~~~~~~~~~~~~~~~~~~~~~ 12-24
12111492;12112069Q;11045830;05151700213;04101991;16041786;360;400;622 ~~~~~~~~~~~~~~~~~~~~~~~~~~~~~~~~~~ 12-25
13111492;13112069Q;12045830;06151700213;05101991;17041786;361;514 ~~~~~~~~~~~~~~~~~~~~~~~~~~~~~~~~~~~~~~ 12-26
14111492;14112069Q;13045830;07151700213;06101991;18041786;362;395;545;887;406;622 ~~~~~~~~~~~~~~~~~~~~~~ 12-27
15111492;15112069Q;14045830;08151700213;07101991;19041786;363;400;403 ~~~~~~~~~~~~~~~~~~~~~~~~~~~~~~~~~~ 12-28
16111492;16112069Q;15045830;09151700213;08101991;20041786;364;622 ~~~~~~~~~~~~~~~~~~~~~~~~~~~~~~~~~~~~~~ 12-29
17111492;17112069Q;16045830;10151700213;09101991;21041786;365;453 ~~~~~~~~~~~~~~~~~~~~~~~~~~~~~~~~~~~~~~ 12-30
18111492;18112069Q;17045830;11151700213;10101991;22041786;366;622 ~~~~~~~~~~~~~~~~~~~~~~~~~~~~~~~~~~~~~~ 12-31
