28041474;301120518;29245812;16101900113;11101973;22041768;001;380;611 ~~~~~~~~~~~~~~~~~~~~~~~~~~~~~~~~~~ 01-01
29041474;011220518;01255812;17101900113;12101973;23041768;002;835 ~~~~~~~~~~~~~~~~~~~~~~~~~~~~~~~~~~~~~~ 01-02
01051474;021220518;02255812;18101900113;13101973;24041768;003;611 ~~~~~~~~~~~~~~~~~~~~~~~~~~~~~~~~~~~~~~ 01-03
02051474;031220518;03255812;19101900113;14101973;25041768;004;414 ~~~~~~~~~~~~~~~~~~~~~~~~~~~~~~~~~~~~~~ 01-04
03051474;041220518;04255812;00111900113;15101973;26041768;005;372;611 ~~~~~~~~~~~~~~~~~~~~~~~~~~~~~~~~~~ 01-05
04051474;051220518;05255812;01111900113;16101973;27041768;006;637 ~~~~~~~~~~~~~~~~~~~~~~~~~~~~~~~~~~~~~~ 01-06
05051474;061220518;06255812;02111900113;17101973;28041768;007;611 ~~~~~~~~~~~~~~~~~~~~~~~~~~~~~~~~~~~~~~ 01-07
06051474;071220518;07255812;03111900113;18101973;29041768;008;628 ~~~~~~~~~~~~~~~~~~~~~~~~~~~~~~~~~~~~~~ 01-08
07051474;081220518;08255812;04111900113;19101973;30041768;009;629;397;611 ~~~~~~~~~~~~~~~~~~~~~~~~~~~~~~ 01-09
08051474;091220518;09255812;05111900113;20101973;01051768;010;418 ~~~~~~~~~~~~~~~~~~~~~~~~~~~~~~~~~~~~~~ 01-10
09051474;101220518;10255812;06111900113;21101973;02051768;011;432;611 ~~~~~~~~~~~~~~~~~~~~~~~~~~~~~~~~~~ 01-11
10051474;111220518;11255812;07111900113;22101973;03051768;012;514;905 ~~~~~~~~~~~~~~~~~~~~~~~~~~~~~~~~~~ 01-12
11051474;121220518;12255812;08111900113;23101973;04051768;013;626;611 ~~~~~~~~~~~~~~~~~~~~~~~~~~~~~~~~~~ 01-13
12051474;131220518;13255812;09111900113;24101973;05051768;014;627 ~~~~~~~~~~~~~~~~~~~~~~~~~~~~~~~~~~~~~~ 01-14
13051474;141220518;14255812;10111900113;25101973;06051768;015;492;381;611 ~~~~~~~~~~~~~~~~~~~~~~~~~~~~~~ 01-15
14051474;151220518;15255812;11111900113;26101973;07051768;016;904 ~~~~~~~~~~~~~~~~~~~~~~~~~~~~~~~~~~~~~~ 01-16
15051474;161220518;16255812;12111900113;27101973;08051768;017;611 ~~~~~~~~~~~~~~~~~~~~~~~~~~~~~~~~~~~~~~ 01-17
16051474;171220518;17255812;13111900113;28101973;09051768;018;631 ~~~~~~~~~~~~~~~~~~~~~~~~~~~~~~~~~~~~~~ 01-18
17051474;181220518;18255812;14111900113;29101973;10051768;019;916;418;611 ~~~~~~~~~~~~~~~~~~~~~~~~~~~~~~ 01-19
18051474;191220518;19255812;15111900113;30101973;11051768;020;630;408;415 ~~~~~~~~~~~~~~~~~~~~~~~~~~~~~~ 01-20
19051474;201220518;20255812;16111900113;01111973;12051768;021;625;611 ~~~~~~~~~~~~~~~~~~~~~~~~~~~~~~~~~~ 01-21
20051474;211220518;21255812;17111900113;02111973;13051768;022 ~~~~~~~~~~~~~~~~~~~~~~~~~~~~~~~~~~~~~~~~~~ 01-22
21051474;221220518;22255812;18111900113;03111973;14051768;023;398;611 ~~~~~~~~~~~~~~~~~~~~~~~~~~~~~~~~~~ 01-23
22051474;231220518;23255812;19111900113;04111973;15051768;024;632;513 ~~~~~~~~~~~~~~~~~~~~~~~~~~~~~~~~~~ 01-24
23051474;241220518;24255812;00121900113;05111973;16051768;025;611 ~~~~~~~~~~~~~~~~~~~~~~~~~~~~~~~~~~~~~~ 01-25
24051474;251220518;25255812;01121900113;06111973;17051768;026;633;409 ~~~~~~~~~~~~~~~~~~~~~~~~~~~~~~~~~~ 01-26
25051474;261220518;26255812;02121900113;07111973;18051768;027;634;923;611 ~~~~~~~~~~~~~~~~~~~~~~~~~~~~~~ 01-27
26051474;271220518;27255812;03121900113;08111973;19051768;028;635;415 ~~~~~~~~~~~~~~~~~~~~~~~~~~~~~~~~~~ 01-28
27051474;281220518;28255812;04121900113;09111973;20051768;029;636;611 ~~~~~~~~~~~~~~~~~~~~~~~~~~~~~~~~~~ 01-29
28051474;291220518;29255812;05121900113;10111973;21051768;030;580 ~~~~~~~~~~~~~~~~~~~~~~~~~~~~~~~~~~~~~~ 01-30
29051474;301220518;30255812;06121900113;11111973;22051768;031;380;888;611 ~~~~~~~~~~~~~~~~~~~~~~~~~~~~~~ 01-31
30051474;010120529;01265812;06121900113;12111973;23051768;032;638;479;490 ~~~~~~~~~~~~~~~~~~~~~~~~~~~~~~ 02-01
01061474;020120529;02265812;07121900113;13111973;24051768;033;639;566;479;490;612 ~~~~~~~~~~~~~~~~~~~~~~ 02-02
02061474;030120529;03265812;08121900113;14111973;25051768;034;637;640;566 ~~~~~~~~~~~~~~~~~~~~~~~~~~~~~~ 02-03
03061474;040120529;04265812;09121900113;15111973;26051768;035;566;612 ~~~~~~~~~~~~~~~~~~~~~~~~~~~~~~~~~~ 02-04
04061474;050120529;05265812;10121900113;16111973;27051768;036;940;566;415 ~~~~~~~~~~~~~~~~~~~~~~~~~~~~~~ 02-05
05061474;060120529;06265812;11121900113;17111973;28051768;037;514;612 ~~~~~~~~~~~~~~~~~~~~~~~~~~~~~~~~~~ 02-06
06061474;070120529;07265812;12121900113;18111973;29051768;038;397;419;536;914;409 ~~~~~~~~~~~~~~~~~~~~~~ 02-07
07061474;080120529;08265812;13121900113;19111973;30051768;039;642;612 ~~~~~~~~~~~~~~~~~~~~~~~~~~~~~~~~~~ 02-08
08061474;090120529;09265812;14121900113;20111973;01061768;040 ~~~~~~~~~~~~~~~~~~~~~~~~~~~~~~~~~~~~~~~~~~ 02-09
09061474;100120529;10265812;15121900113;21111973;02061768;041;643;873;612 ~~~~~~~~~~~~~~~~~~~~~~~~~~~~~~ 02-10
10061474;110120529;11265812;16121900113;22111973;03061768;042;581 ~~~~~~~~~~~~~~~~~~~~~~~~~~~~~~~~~~~~~~ 02-11
11061474;120120529;12265812;17121900113;23111973;04061768;043;641;612 ~~~~~~~~~~~~~~~~~~~~~~~~~~~~~~~~~~ 02-12
12061474;130120529;13265812;18121900113;24111973;05061768;044 ~~~~~~~~~~~~~~~~~~~~~~~~~~~~~~~~~~~~~~~~~~ 02-13
13061474;140120529;14265812;19121900113;25111973;06061768;045;382;884;612 ~~~~~~~~~~~~~~~~~~~~~~~~~~~~~~ 02-14
14061474;150120529;15265812;00131900113;26111973;07061768;046;644 ~~~~~~~~~~~~~~~~~~~~~~~~~~~~~~~~~~~~~~ 02-15
15061474;160120529;16265812;01131900113;27111973;08061768;047;645;612 ~~~~~~~~~~~~~~~~~~~~~~~~~~~~~~~~~~ 02-16
16061474;170120529;17265812;02131900113;28111973;09061768;048;854 ~~~~~~~~~~~~~~~~~~~~~~~~~~~~~~~~~~~~~~ 02-17
17061474;180120529;18265812;03131900113;29111973;10061768;049;854;612 ~~~~~~~~~~~~~~~~~~~~~~~~~~~~~~~~~~ 02-18
18061474;190120529;19265812;04131900113;30111973;11061768;050;450;409 ~~~~~~~~~~~~~~~~~~~~~~~~~~~~~~~~~~ 02-19
19061474;200120529;20265812;05131900113;01121973;12061768;051;612 ~~~~~~~~~~~~~~~~~~~~~~~~~~~~~~~~~~~~~~ 02-20
20061474;210120529;21265812;06131900113;02121973;13061768;052;513;415 ~~~~~~~~~~~~~~~~~~~~~~~~~~~~~~~~~~ 02-21
21061474;220120529;22265812;07131900113;03121973;14061768;053;648;398;612 ~~~~~~~~~~~~~~~~~~~~~~~~~~~~~~ 02-22
22061474;230120529;23265812;08131900113;04121973;15061768;054;649 ~~~~~~~~~~~~~~~~~~~~~~~~~~~~~~~~~~~~~~ 02-23
23061474;240120529;24265812;09131900113;05121973;16061768;055;433;612 ~~~~~~~~~~~~~~~~~~~~~~~~~~~~~~~~~~ 02-24
24061474;250120529;25265812;10131900113;06121973;17061768;056;436;409 ~~~~~~~~~~~~~~~~~~~~~~~~~~~~~~~~~~ 02-25
25061474;260120529;26265812;11131900113;07121973;18061768;057;943;612 ~~~~~~~~~~~~~~~~~~~~~~~~~~~~~~~~~~ 02-26
26061474;270120529;27265812;12131900113;08121973;19061768;058;646 ~~~~~~~~~~~~~~~~~~~~~~~~~~~~~~~~~~~~~~ 02-27
27061474;280120529;28265812;13131900113;09121973;20061768;059;886;612 ~~~~~~~~~~~~~~~~~~~~~~~~~~~~~~~~~~ 02-28
28061474;290120529;29265812;14131900113;10121973;21061768;060;647;650;380 ~~~~~~~~~~~~~~~~~~~~~~~~~~~~~~ 02-29
29061474;010220529;30265812;17131900113;11121973;22061768;061;596;596;654;613 ~~~~~~~~~~~~~~~~~~~~~~~~~~ 03-01
01071474;020220529;01275812;18131900113;12121973;23061768;062;637 ~~~~~~~~~~~~~~~~~~~~~~~~~~~~~~~~~~~~~~ 03-02
02071474;030220529;02275812;19131900113;13121973;24061768;063;655;399;613 ~~~~~~~~~~~~~~~~~~~~~~~~~~~~~~ 03-03
03071474;040220529;03275812;00141900113;14121973;25061768;064;514 ~~~~~~~~~~~~~~~~~~~~~~~~~~~~~~~~~~~~~~ 03-04
04071474;050220529;04275812;01141900113;15121973;26061768;065;443;613 ~~~~~~~~~~~~~~~~~~~~~~~~~~~~~~~~~~ 03-05
05071474;060220529;05275812;02141900113;16121973;27061768;066;444;400 ~~~~~~~~~~~~~~~~~~~~~~~~~~~~~~~~~~ 03-06
06071474;070220529;06275812;03141900113;17121973;28061768;067;653;397;613 ~~~~~~~~~~~~~~~~~~~~~~~~~~~~~~ 03-07
07071474;080220529;07275812;04141900113;18121973;29061768;068;830;409 ~~~~~~~~~~~~~~~~~~~~~~~~~~~~~~~~~~ 03-08
08071474;090220529;08275812;05141900113;19121973;30061768;069;400;613 ~~~~~~~~~~~~~~~~~~~~~~~~~~~~~~~~~~ 03-09
09071474;100220529;09275812;06141900113;20121973;01071768;070 ~~~~~~~~~~~~~~~~~~~~~~~~~~~~~~~~~~~~~~~~~~ 03-10
10071474;110220529;10275812;07141900113;21121973;02071768;071;517;613 ~~~~~~~~~~~~~~~~~~~~~~~~~~~~~~~~~~ 03-11
11071474;120220529;11275812;08141900113;22121973;03071768;072;400 ~~~~~~~~~~~~~~~~~~~~~~~~~~~~~~~~~~~~~~ 03-12
12071474;130220529;12275812;09141900113;23121973;04071768;073;613 ~~~~~~~~~~~~~~~~~~~~~~~~~~~~~~~~~~~~~~ 03-13
13071474;140220529;13275812;10141900113;24121973;05071768;074;656;544;623;866;409 ~~~~~~~~~~~~~~~~~~~~~~ 03-14
14071474;150220529;14275812;11141900113;25121973;06071768;075;383;598;906;519;613 ~~~~~~~~~~~~~~~~~~~~~~ 03-15
15071474;160220529;15275812;12141900113;26121973;07071768;076;562;868;415 ~~~~~~~~~~~~~~~~~~~~~~~~~~~~~~ 03-16
16071474;170220529;16275812;13141900113;27121973;08071768;077;562;613 ~~~~~~~~~~~~~~~~~~~~~~~~~~~~~~~~~~ 03-17
17071474;180220529;17275812;14141900113;28121973;09071768;078;562;838 ~~~~~~~~~~~~~~~~~~~~~~~~~~~~~~~~~~ 03-18
18071474;190220529;18275812;15141900113;29121973;10071768;079;657;466;613 ~~~~~~~~~~~~~~~~~~~~~~~~~~~~~~ 03-19
19071474;200220529;19275812;16141900113;30121973;11071768;080;513;424 ~~~~~~~~~~~~~~~~~~~~~~~~~~~~~~~~~~ 03-20
20071474;210220529;20275812;17141900113;01011974;12071768;081;658;457;459;851;400;613 ~~~~~~~~~~~~~~~~~~ 03-21
21071474;220220529;21275812;18141900113;02011974;13071768;082 ~~~~~~~~~~~~~~~~~~~~~~~~~~~~~~~~~~~~~~~~~~ 03-22
22071474;230220529;22275812;19141900113;03011974;14071768;083;398;533;924;613 ~~~~~~~~~~~~~~~~~~~~~~~~~~ 03-23
23071474;240220529;23275812;00151900113;04011974;15071768;084 ~~~~~~~~~~~~~~~~~~~~~~~~~~~~~~~~~~~~~~~~~~ 03-24
24071474;250220529;24275812;01151900113;05011974;16071768;085;401;613 ~~~~~~~~~~~~~~~~~~~~~~~~~~~~~~~~~~ 03-25
25071474;260220529;25275812;02151900113;06011974;17071768;086;659;409 ~~~~~~~~~~~~~~~~~~~~~~~~~~~~~~~~~~ 03-26
26071474;270220529;26275812;03151900113;07011974;18071768;087;660;900;613 ~~~~~~~~~~~~~~~~~~~~~~~~~~~~~~ 03-27
27071474;280220529;27275812;04151900113;08011974;19071768;088;652;509 ~~~~~~~~~~~~~~~~~~~~~~~~~~~~~~~~~~ 03-28
28071474;290220529;28275812;05151900113;09011974;20071768;089;852;613 ~~~~~~~~~~~~~~~~~~~~~~~~~~~~~~~~~~ 03-29
29071474;300220529;29275812;06151900113;10011974;21071768;090;380;930;953 ~~~~~~~~~~~~~~~~~~~~~~~~~~~~~~ 03-30
30071474;010320529;01285812;07151900113;11011974;22071768;091;538;559;935;613 ~~~~~~~~~~~~~~~~~~~~~~~~~~ 03-31
01081474;020320529;02285812;08151900113;12011974;23071768;092;514;409;415 ~~~~~~~~~~~~~~~~~~~~~~~~~~~~~~ 04-01
02081474;030320529;03285812;09151900113;13011974;24071768;093;555;577;614 ~~~~~~~~~~~~~~~~~~~~~~~~~~~~~~ 04-02
03081474;040320529;04285812;10151900113;14011974;25071768;094;663 ~~~~~~~~~~~~~~~~~~~~~~~~~~~~~~~~~~~~~~ 04-03
04081474;050320529;05285812;11151900113;15011974;26071768;095;833;945;571;614 ~~~~~~~~~~~~~~~~~~~~~~~~~~ 04-04
05081474;060320529;06285812;12151900113;16011974;27071768;096 ~~~~~~~~~~~~~~~~~~~~~~~~~~~~~~~~~~~~~~~~~~ 04-05
06081474;070320529;07285812;13151900113;17011974;28071768;097;637;661;397;614 ~~~~~~~~~~~~~~~~~~~~~~~~~~ 04-06
07081474;080320529;08285812;14151900113;18011974;29071768;098;662;576;933;409 ~~~~~~~~~~~~~~~~~~~~~~~~~~ 04-07
08081474;090320529;09285812;15151900113;19011974;30071768;099;651;432;437;614 ~~~~~~~~~~~~~~~~~~~~~~~~~~ 04-08
09081474;100320529;10285812;16151900113;20011974;01081768;100;877;651 ~~~~~~~~~~~~~~~~~~~~~~~~~~~~~~~~~~ 04-09
10081474;110320529;11285812;17151900113;21011974;02081768;101;614;651 ~~~~~~~~~~~~~~~~~~~~~~~~~~~~~~~~~~ 04-10
11081474;120320529;12285812;18151900113;22011974;03081768;102;651 ~~~~~~~~~~~~~~~~~~~~~~~~~~~~~~~~~~~~~~ 04-11
12081474;130320529;13285812;19151900113;23011974;04081768;103;374;651;614 ~~~~~~~~~~~~~~~~~~~~~~~~~~~~~~ 04-12
13081474;140320529;14285812;00161900113;24011974;05081768;104;384;539;651;575;409 ~~~~~~~~~~~~~~~~~~~~~~ 04-13
14081474;150320529;15285812;01161900113;25011974;06081768;105;493;542;948;512;515;614 ~~~~~~~~~~~~~~~~~~ 04-14
15081474;160320529;16285812;02161900113;26011974;07081768;106;794 ~~~~~~~~~~~~~~~~~~~~~~~~~~~~~~~~~~~~~~ 04-15
16081474;170320529;17285812;03161900113;27011974;08081768;107;513;614 ~~~~~~~~~~~~~~~~~~~~~~~~~~~~~~~~~~ 04-16
17081474;180320529;18285812;04161900113;28011974;09081768;108 ~~~~~~~~~~~~~~~~~~~~~~~~~~~~~~~~~~~~~~~~~~ 04-17
18081474;190320529;19285812;05161900113;29011974;10081768;109;631;664;614 ~~~~~~~~~~~~~~~~~~~~~~~~~~~~~~ 04-18
19081474;200320529;20285812;06161900113;30011974;11081768;110;445;665;865 ~~~~~~~~~~~~~~~~~~~~~~~~~~~~~~ 04-19
20081474;210320529;21285812;07161900113;31011974;12081768;111;446;666;810;614 ~~~~~~~~~~~~~~~~~~~~~~~~~~ 04-20
21081474;220320529;22285812;08161900113;01021974;13081768;112;447;398 ~~~~~~~~~~~~~~~~~~~~~~~~~~~~~~~~~~ 04-21
22081474;230320529;23285812;09161900113;02021974;14081768;113;448;614 ~~~~~~~~~~~~~~~~~~~~~~~~~~~~~~~~~~ 04-22
23081474;240320529;24285812;10161900113;03021974;15081768;114;375 ~~~~~~~~~~~~~~~~~~~~~~~~~~~~~~~~~~~~~~ 04-23
24081474;250320529;25285812;11161900113;04021974;16081768;115;670;526;614 ~~~~~~~~~~~~~~~~~~~~~~~~~~~~~~ 04-24
25081474;260320529;26285812;12161900113;05021974;17081768;116;667;939;409 ~~~~~~~~~~~~~~~~~~~~~~~~~~~~~~ 04-25
26081474;270320529;27285812;13161900113;06021974;18081768;117;671;614 ~~~~~~~~~~~~~~~~~~~~~~~~~~~~~~~~~~ 04-26
27081474;280320529;28285812;14161900113;07021974;19081768;118;668 ~~~~~~~~~~~~~~~~~~~~~~~~~~~~~~~~~~~~~~ 04-27
28081474;290320529;29285812;15161900113;08021974;20081768;119;669;380;614 ~~~~~~~~~~~~~~~~~~~~~~~~~~~~~~ 04-28
29081474;010420529;30285812;16161900113;09021974;21081768;120;514;928 ~~~~~~~~~~~~~~~~~~~~~~~~~~~~~~~~~~ 04-29
01091474;020420529;01295812;17161900113;10021974;22081768;121;504;614 ~~~~~~~~~~~~~~~~~~~~~~~~~~~~~~~~~~ 04-30
02091474;030420529;02295812;18161900113;11021974;23081768;122;676;510;902;409 ~~~~~~~~~~~~~~~~~~~~~~~~~~ 05-01
03091474;040420529;03295812;19161900113;12021974;24081768;123;677;615 ~~~~~~~~~~~~~~~~~~~~~~~~~~~~~~~~~~ 05-02
04091474;050420529;04295812;00171900113;13021974;25081768;124;679;528;615 ~~~~~~~~~~~~~~~~~~~~~~~~~~~~~~ 05-03
05091474;060420529;05295812;01171900113;14021974;26081768;125;637;672;402;529;375;505;615 ~~~~~~~~~~~~~~ 05-04
06091474;070420529;06295812;02171900113;15021974;27081768;126;673;397;553 ~~~~~~~~~~~~~~~~~~~~~~~~~~~~~~ 05-05
07091474;080420529;07295812;03171900113;16021974;28081768;127;674;818;615 ~~~~~~~~~~~~~~~~~~~~~~~~~~~~~~ 05-06
08091474;090420529;08295812;04171900113;17021974;29081768;128;675;815;927;409;615 ~~~~~~~~~~~~~~~~~~~~~~ 05-07
09091474;100420529;09295812;05171900113;18021974;30081768;129;683;403;615 ~~~~~~~~~~~~~~~~~~~~~~~~~~~~~~ 05-08
10091474;110420529;10295812;06171900113;19021974;01091768;130;889 ~~~~~~~~~~~~~~~~~~~~~~~~~~~~~~~~~~~~~~ 05-09
11091474;120420529;11295812;07171900113;20021974;02091768;131;678;505;615 ~~~~~~~~~~~~~~~~~~~~~~~~~~~~~~ 05-10
12091474;130420529;12295812;08171900113;21021974;03091768;132;681;680;415 ~~~~~~~~~~~~~~~~~~~~~~~~~~~~~~ 05-11
13091474;140420529;13295812;09171900113;22021974;04091768;133;451;894;403;615 ~~~~~~~~~~~~~~~~~~~~~~~~~~ 05-12
14091474;150420529;14295812;10171900113;23021974;05091768;134;682;385;513;537;937 ~~~~~~~~~~~~~~~~~~~~~~ 05-13
15091474;160420529;15295812;11171900113;24021974;06091768;135;892;505;615 ~~~~~~~~~~~~~~~~~~~~~~~~~~~~~~ 05-14
16091474;170420529;16295812;12171900113;25021974;07091768;136;685;375;615 ~~~~~~~~~~~~~~~~~~~~~~~~~~~~~~ 05-15
17091474;180420529;17295812;13171900113;26021974;08091768;137;797;403;505;615 ~~~~~~~~~~~~~~~~~~~~~~~~~~ 05-16
18091474;190420529;18295812;14171900113;27021974;09091768;138;686;518;573 ~~~~~~~~~~~~~~~~~~~~~~~~~~~~~~ 05-17
19091474;200420529;19295812;15171900113;28021974;10091768;139;687;573;615 ~~~~~~~~~~~~~~~~~~~~~~~~~~~~~~ 05-18
20091474;210420529;20295812;16171900113;29021974;11091768;140;684;573;415;615 ~~~~~~~~~~~~~~~~~~~~~~~~~~ 05-19
21091474;220420529;21295812;17171900113;30021974;12091768;141;789;615 ~~~~~~~~~~~~~~~~~~~~~~~~~~~~~~~~~~ 05-20
22091474;230420529;22295812;18171900113;31021974;13091768;142;398 ~~~~~~~~~~~~~~~~~~~~~~~~~~~~~~~~~~~~~~ 05-21
23091474;240420529;23295812;19171900113;01031974;14091768;143;798;410;433;615 ~~~~~~~~~~~~~~~~~~~~~~~~~~ 05-22
24091474;250420529;24295812;00000000213;02031974;15091768;144 ~~~~~~~~~~~~~~~~~~~~~~~~~~~~~~~~~~~~~~~~~~ 05-23
25091474;260420529;25295812;01000000213;03031974;16091768;145;689;507;530;403;615 ~~~~~~~~~~~~~~~~~~~~~~ 05-24
26091474;270420529;26295812;02000000213;04031974;17091768;146;439;554 ~~~~~~~~~~~~~~~~~~~~~~~~~~~~~~~~~~ 05-25
27091474;280420529;27295812;03000000213;05031974;18091768;147;439;508;624;505;615 ~~~~~~~~~~~~~~~~~~~~~~ 05-26
28091474;290420529;28295812;04000000213;06031974;19091768;148;438;624;415 ~~~~~~~~~~~~~~~~~~~~~~~~~~~~~~ 05-27
29091474;010520529;29295812;05000000213;07031974;20091768;149;380;514;921;942;624;403;615 ~~~~~~~~~~~~~~ 05-28
30091474;020520529;01305812;06000000213;08031974;21091768;150;688;506;624 ~~~~~~~~~~~~~~~~~~~~~~~~~~~~~~ 05-29
01101474;030520529;02305812;07000000213;09031974;22091768;151;494;502;624;615 ~~~~~~~~~~~~~~~~~~~~~~~~~~ 05-30
02101474;040520529;03305812;08000000213;10031974;23091768;152;624 ~~~~~~~~~~~~~~~~~~~~~~~~~~~~~~~~~~~~~~ 05-31
03101474;050520529;04305812;09000000213;11031974;24091768;153;637;693;564;624;403;616 ~~~~~~~~~~~~~~~~~~ 06-01
04101474;060520529;05305812;10000000213;12031974;25091768;154;690;416 ~~~~~~~~~~~~~~~~~~~~~~~~~~~~~~~~~~ 06-02
05101474;070520529;06305812;11000000213;13031974;26091768;155;694;397;522;616 ~~~~~~~~~~~~~~~~~~~~~~~~~~ 06-03
06101474;080520529;07305812;12000000213;14031974;27091768;156 ~~~~~~~~~~~~~~~~~~~~~~~~~~~~~~~~~~~~~~~~~~ 06-04
07101474;090520529;08305812;13000000213;15031974;28091768;157;691;403;616 ~~~~~~~~~~~~~~~~~~~~~~~~~~~~~~ 06-05
08101474;100520529;09305812;14000000213;16031974;29091768;158;552 ~~~~~~~~~~~~~~~~~~~~~~~~~~~~~~~~~~~~~~ 06-06
09101474;110520529;10305812;15000000213;17031974;30091768;159;692;616 ~~~~~~~~~~~~~~~~~~~~~~~~~~~~~~~~~~ 06-07
10101474;120520529;11305812;16000000213;18031974;01101768;160;697;799;896 ~~~~~~~~~~~~~~~~~~~~~~~~~~~~~~ 06-08
11101474;130520529;12305812;17000000213;19031974;02101768;161;449;695;403;616 ~~~~~~~~~~~~~~~~~~~~~~~~~~ 06-09
12101474;140520529;13305812;18000000213;20031974;03101768;162;513;569 ~~~~~~~~~~~~~~~~~~~~~~~~~~~~~~~~~~ 06-10
13101474;150520529;14305812;19000000213;21031974;04101768;163;696;411;941;569;616 ~~~~~~~~~~~~~~~~~~~~~~ 06-11
14101474;160520529;15305812;00010000213;22031974;05101768;164;386;420;874 ~~~~~~~~~~~~~~~~~~~~~~~~~~~~~~ 06-12
15101474;170520529;16305812;01010000213;23031974;06101768;165;403;616 ~~~~~~~~~~~~~~~~~~~~~~~~~~~~~~~~~~ 06-13
16101474;180520529;17305812;02010000213;24031974;07101768;166;699 ~~~~~~~~~~~~~~~~~~~~~~~~~~~~~~~~~~~~~~ 06-14
17101474;190520529;18305812;03010000213;25031974;08101768;167;404;616 ~~~~~~~~~~~~~~~~~~~~~~~~~~~~~~~~~~ 06-15
18101474;200520529;19305812;04010000213;26031974;09101768;168;452;452 ~~~~~~~~~~~~~~~~~~~~~~~~~~~~~~~~~~ 06-16
19101474;210520529;20305812;05010000213;27031974;10101768;169;616 ~~~~~~~~~~~~~~~~~~~~~~~~~~~~~~~~~~~~~~ 06-17
20101474;220520529;21305812;06010000213;28031974;11101768;170 ~~~~~~~~~~~~~~~~~~~~~~~~~~~~~~~~~~~~~~~~~~ 06-18
21101474;230520529;22305812;07010000213;29031974;12101768;171;398;460;616 ~~~~~~~~~~~~~~~~~~~~~~~~~~~~~~ 06-19
22101474;240520529;23305812;08010000213;30031974;13101768;172;698;425 ~~~~~~~~~~~~~~~~~~~~~~~~~~~~~~~~~~ 06-20
23101474;250520529;24305812;09010000213;31031974;14101768;173;701;436;578;461;700;616 ~~~~~~~~~~~~~~~~~~ 06-21
24101474;260520529;25305812;10010000213;01041974;15101768;174;702;421 ~~~~~~~~~~~~~~~~~~~~~~~~~~~~~~~~~~ 06-22
25101474;270520529;26305812;11010000213;02041974;16101768;175;946;616 ~~~~~~~~~~~~~~~~~~~~~~~~~~~~~~~~~~ 06-23
26101474;280520529;27305812;12010000213;03041974;17101768;176 ~~~~~~~~~~~~~~~~~~~~~~~~~~~~~~~~~~~~~~~~~~ 06-24
27101474;290520529;28305812;13010000213;04041974;18101768;177;514;616 ~~~~~~~~~~~~~~~~~~~~~~~~~~~~~~~~~~ 06-25
28101474;300520529;29305812;14010000213;05041974;19101768;178;704;380 ~~~~~~~~~~~~~~~~~~~~~~~~~~~~~~~~~~ 06-26
29101474;010620529;30305812;15010000213;06041974;20101768;179;616 ~~~~~~~~~~~~~~~~~~~~~~~~~~~~~~~~~~~~~~ 06-27
01111474;020620529;01315812;16010000213;07041974;21101768;180;703;870 ~~~~~~~~~~~~~~~~~~~~~~~~~~~~~~~~~~ 06-28
02111474;030620529;02315812;17010000213;08041974;22101768;181;865;616 ~~~~~~~~~~~~~~~~~~~~~~~~~~~~~~~~~~ 06-29
03111474;040620529;03315812;18010000213;09041974;23101768;182;795 ~~~~~~~~~~~~~~~~~~~~~~~~~~~~~~~~~~~~~~ 06-30
04111474;050620529;04315812;19010000213;10041974;24101768;183;617 ~~~~~~~~~~~~~~~~~~~~~~~~~~~~~~~~~~~~~~ 07-01
05111474;060620529;05315812;00020000213;11041974;25101768;184;833 ~~~~~~~~~~~~~~~~~~~~~~~~~~~~~~~~~~~~~~ 07-02
06111474;070620529;06315812;01020000213;12041974;26101768;185;397;373;617 ~~~~~~~~~~~~~~~~~~~~~~~~~~~~~~ 07-03
07111474;080620529;07315812;02020000213;13041974;27101768;186 ~~~~~~~~~~~~~~~~~~~~~~~~~~~~~~~~~~~~~~~~~~ 07-04
08111474;090620529;08315812;03020000213;14041974;28101768;187;399;432;565;617 ~~~~~~~~~~~~~~~~~~~~~~~~~~ 07-05
09111474;100620529;09315812;04020000213;15041974;29101768;188;637;705;840;565 ~~~~~~~~~~~~~~~~~~~~~~~~~~ 07-06
10111474;110620529;10315812;05020000213;16041974;30101768;189;513;546;864;617 ~~~~~~~~~~~~~~~~~~~~~~~~~~ 07-07
11111474;120620529;11315812;06020000213;17041974;01111768;190;707;400 ~~~~~~~~~~~~~~~~~~~~~~~~~~~~~~~~~~ 07-08
12111474;130620529;12315812;07020000213;18041974;02111768;191;375;412;617 ~~~~~~~~~~~~~~~~~~~~~~~~~~~~~~ 07-09
13111474;140620529;13315812;08020000213;19041974;03111768;192 ~~~~~~~~~~~~~~~~~~~~~~~~~~~~~~~~~~~~~~~~~~ 07-10
14111474;150620529;14315812;09020000213;20041974;04111768;193;387;531;561;617 ~~~~~~~~~~~~~~~~~~~~~~~~~~ 07-11
15111474;160620529;15315812;10020000213;21041974;05111768;194 ~~~~~~~~~~~~~~~~~~~~~~~~~~~~~~~~~~~~~~~~~~ 07-12
16111474;170620529;16315812;11020000213;22041974;06111768;195;706;617 ~~~~~~~~~~~~~~~~~~~~~~~~~~~~~~~~~~ 07-13
17111474;180620529;17315812;12020000213;23041974;07111768;196;400 ~~~~~~~~~~~~~~~~~~~~~~~~~~~~~~~~~~~~~~ 07-14
18111474;190620529;18315812;13020000213;24041974;08111768;197;710;617 ~~~~~~~~~~~~~~~~~~~~~~~~~~~~~~~~~~ 07-15
19111474;200620529;19315812;14020000213;25041974;09111768;198;412 ~~~~~~~~~~~~~~~~~~~~~~~~~~~~~~~~~~~~~~ 07-16
20111474;210620529;20315812;15020000213;26041974;10111768;199;711;617 ~~~~~~~~~~~~~~~~~~~~~~~~~~~~~~~~~~ 07-17
21111474;220620529;21315812;16020000213;27041974;11111768;200;631 ~~~~~~~~~~~~~~~~~~~~~~~~~~~~~~~~~~~~~~ 07-18
22111474;230620529;22315812;17020000213;28041974;12111768;201;398;617 ~~~~~~~~~~~~~~~~~~~~~~~~~~~~~~~~~~ 07-19
23111474;240620529;23315812;18020000213;29041974;13111768;202;708 ~~~~~~~~~~~~~~~~~~~~~~~~~~~~~~~~~~~~~~ 07-20
24111474;250620529;24315812;19020000213;30041974;14111768;203;709;617 ~~~~~~~~~~~~~~~~~~~~~~~~~~~~~~~~~~ 07-21
25111474;260620529;25315812;00030000213;31041974;15111768;204;878;421 ~~~~~~~~~~~~~~~~~~~~~~~~~~~~~~~~~~ 07-22
26111474;270620529;26315812;01030000213;01051974;16111768;205;514;400;617 ~~~~~~~~~~~~~~~~~~~~~~~~~~~~~~ 07-23
27111474;280620529;27315812;02030000213;02051974;17111768;206 ~~~~~~~~~~~~~~~~~~~~~~~~~~~~~~~~~~~~~~~~~~ 07-24
28111474;290620529;28315812;03030000213;03051974;18111768;207;712;715;380;859;617 ~~~~~~~~~~~~~~~~~~~~~~ 07-25
29111474;010720529;29315812;04030000213;04051974;19111768;208;716 ~~~~~~~~~~~~~~~~~~~~~~~~~~~~~~~~~~~~~~ 07-26
30111474;020720529;01325812;05030000213;05051974;20111768;209;713;617 ~~~~~~~~~~~~~~~~~~~~~~~~~~~~~~~~~~ 07-27
01121474;030720529;02325812;06030000213;06051974;21111768;210;714;579 ~~~~~~~~~~~~~~~~~~~~~~~~~~~~~~~~~~ 07-28
02121474;040720529;03325812;07030000213;07051974;22111768;211;401;617 ~~~~~~~~~~~~~~~~~~~~~~~~~~~~~~~~~~ 07-29
03121474;050720529;04325812;08030000213;08051974;23111768;212;891 ~~~~~~~~~~~~~~~~~~~~~~~~~~~~~~~~~~~~~~ 07-30
04121474;060720529;05325812;09030000213;09051974;24111768;213;617 ~~~~~~~~~~~~~~~~~~~~~~~~~~~~~~~~~~~~~~ 07-31
05121474;070720529;06325812;10030000213;10051974;25111768;214;572 ~~~~~~~~~~~~~~~~~~~~~~~~~~~~~~~~~~~~~~ 08-01
06121474;080720529;07325812;11030000213;11051974;26111768;215;719;397;618 ~~~~~~~~~~~~~~~~~~~~~~~~~~~~~~ 08-02
07121474;090720529;08325812;12030000213;12051974;27111768;216;637;720;618 ~~~~~~~~~~~~~~~~~~~~~~~~~~~~~~ 08-03
08121474;100720529;09325812;13030000213;13051974;28111768;217;717;513;867;618 ~~~~~~~~~~~~~~~~~~~~~~~~~~ 08-04
09121474;110720529;10325812;14030000213;14051974;29111768;218;501;618 ~~~~~~~~~~~~~~~~~~~~~~~~~~~~~~~~~~ 08-05
10121474;120720529;11325812;15030000213;15051974;30111768;219;718;926;500;618 ~~~~~~~~~~~~~~~~~~~~~~~~~~ 08-06
11121474;130720529;12325812;16030000213;16051974;01121768;220;437;500;618 ~~~~~~~~~~~~~~~~~~~~~~~~~~~~~~ 08-07
12121474;140720529;13325812;17030000213;17051974;02121768;221;567;618 ~~~~~~~~~~~~~~~~~~~~~~~~~~~~~~~~~~ 08-08
13121474;150720529;14325812;18030000213;18051974;03121768;222;938;500;567 ~~~~~~~~~~~~~~~~~~~~~~~~~~~~~~ 08-09
14121474;160720529;15325812;19030000213;19051974;04121768;223;723;388;556;909;910;925;500;618 ~~~~~~~~~~ 08-10
15121474;170720529;16325812;00040000213;20051974;05121768;224;721;378;375 ~~~~~~~~~~~~~~~~~~~~~~~~~~~~~~ 08-11
16121474;180720529;17325812;01040000213;21051974;06121768;225;618 ~~~~~~~~~~~~~~~~~~~~~~~~~~~~~~~~~~~~~~ 08-12
17121474;190720529;18325812;02040000213;22051974;07121768;226;875;618 ~~~~~~~~~~~~~~~~~~~~~~~~~~~~~~~~~~ 08-13
18121474;200720529;19325812;03040000213;23051974;08121768;227;722;811;841;618 ~~~~~~~~~~~~~~~~~~~~~~~~~~ 08-14
19121474;210720529;20325812;04040000213;24051974;09121768;228;618 ~~~~~~~~~~~~~~~~~~~~~~~~~~~~~~~~~~~~~~ 08-15
20121474;220720529;21325812;05040000213;25051974;10121768;229;618 ~~~~~~~~~~~~~~~~~~~~~~~~~~~~~~~~~~~~~~ 08-16
21121474;230720529;22325812;06040000213;26051974;11121768;230;724;398;872;618 ~~~~~~~~~~~~~~~~~~~~~~~~~~ 08-17
22121474;240720529;23325812;07040000213;27051974;12121768;231;433;871;618 ~~~~~~~~~~~~~~~~~~~~~~~~~~~~~~ 08-18
23121474;250720529;24325812;08040000213;28051974;13121768;232;514;618 ~~~~~~~~~~~~~~~~~~~~~~~~~~~~~~~~~~ 08-19
24121474;260720529;25325812;09040000213;29051974;14121768;233;503;842;412;618 ~~~~~~~~~~~~~~~~~~~~~~~~~~ 08-20
25121474;270720529;26325812;10040000213;30051974;15121768;234;861 ~~~~~~~~~~~~~~~~~~~~~~~~~~~~~~~~~~~~~~ 08-21
26121474;280720529;27325812;11040000213;31051974;16121768;235;375;618 ~~~~~~~~~~~~~~~~~~~~~~~~~~~~~~~~~~ 08-22
27121474;290720529;28325812;12040000213;01061974;17121768;236;427;618 ~~~~~~~~~~~~~~~~~~~~~~~~~~~~~~~~~~ 08-23
28121474;010820529;29325812;13040000213;02061974;18121768;237;725;380;618 ~~~~~~~~~~~~~~~~~~~~~~~~~~~~~~ 08-24
29121474;020820529;30325812;14040000213;03061974;19121768;238;428;725 ~~~~~~~~~~~~~~~~~~~~~~~~~~~~~~~~~~ 08-25
01011475;030820529;01335812;15040000213;04061974;20121768;239;796;495;618 ~~~~~~~~~~~~~~~~~~~~~~~~~~~~~~ 08-26
02011475;040820529;02335812;16040000213;05061974;21121768;240;594;597;412;618 ~~~~~~~~~~~~~~~~~~~~~~~~~~ 08-27
03011475;050820529;03335812;17040000213;06061974;22121768;241;595;550;496;618 ~~~~~~~~~~~~~~~~~~~~~~~~~~ 08-28
04011475;060820529;04335812;18040000213;07061974;23121768;242;915;618 ~~~~~~~~~~~~~~~~~~~~~~~~~~~~~~~~~~ 08-29
05011475;070820529;05335812;19040000213;08061974;24121768;243;596;618 ~~~~~~~~~~~~~~~~~~~~~~~~~~~~~~~~~~ 08-30
06011475;080820529;06335812;00050000213;09061974;25121768;244;429 ~~~~~~~~~~~~~~~~~~~~~~~~~~~~~~~~~~~~~~ 08-31
07011475;090820529;07335812;01050000213;10061974;26121768;245;430;397;376;513;908;619 ~~~~~~~~~~~~~~~~~~ 09-01
08011475;100820529;08335812;02050000213;11061974;27121768;246;434 ~~~~~~~~~~~~~~~~~~~~~~~~~~~~~~~~~~~~~~ 09-02
09011475;110820529;09335812;03050000213;12061974;28121768;247;435;412;619 ~~~~~~~~~~~~~~~~~~~~~~~~~~~~~~ 09-03
10011475;120820529;10335812;04050000213;13061974;29121768;248;417;467;498 ~~~~~~~~~~~~~~~~~~~~~~~~~~~~~~ 09-04
11011475;130820529;11335812;05050000213;14061974;30121768;249;903;496;619 ~~~~~~~~~~~~~~~~~~~~~~~~~~~~~~ 09-05
12011475;140820529;12335812;06050000213;15061974;01131768;250;727;897 ~~~~~~~~~~~~~~~~~~~~~~~~~~~~~~~~~~ 09-06
13011475;150820529;13335812;07050000213;16061974;02131768;251;637;728;520;551;570;619 ~~~~~~~~~~~~~~~~~~ 09-07
14011475;160820529;14335812;08050000213;17061974;03131768;252;455;845;389;534 ~~~~~~~~~~~~~~~~~~~~~~~~~~ 09-08
15011475;170820529;15335812;09050000213;18061974;04131768;253;729;846;907;619 ~~~~~~~~~~~~~~~~~~~~~~~~~~ 09-09
16011475;180820529;16335812;10050000213;19061974;05131768;254 ~~~~~~~~~~~~~~~~~~~~~~~~~~~~~~~~~~~~~~~~~~ 09-10
17011475;190820529;17335812;11050000213;20061974;01011769;255;619 ~~~~~~~~~~~~~~~~~~~~~~~~~~~~~~~~~~~~~~ 09-11
18011475;200820529;18335812;12050000213;21061974;02011769;256;730;726;847 ~~~~~~~~~~~~~~~~~~~~~~~~~~~~~~ 09-12
19011475;210820529;19335812;13050000213;22061974;03011769;257;514;496;619 ~~~~~~~~~~~~~~~~~~~~~~~~~~~~~~ 09-13
20011475;220820529;20335812;14050000213;23061974;04011769;258 ~~~~~~~~~~~~~~~~~~~~~~~~~~~~~~~~~~~~~~~~~~ 09-14
21011475;230820529;21335812;15050000213;24061974;05011769;259;731;398;619 ~~~~~~~~~~~~~~~~~~~~~~~~~~~~~~ 09-15
22011475;240820529;22335812;16050000213;25061974;06011769;260 ~~~~~~~~~~~~~~~~~~~~~~~~~~~~~~~~~~~~~~~~~~ 09-16
23011475;250820529;23335812;17050000213;26061974;07011769;261;732;848;619 ~~~~~~~~~~~~~~~~~~~~~~~~~~~~~~ 09-17
24011475;260820529;24335812;18050000213;27061974;08011769;262;869 ~~~~~~~~~~~~~~~~~~~~~~~~~~~~~~~~~~~~~~ 09-18
25011475;270820529;25335812;19050000213;28061974;09011769;263;733;554;619 ~~~~~~~~~~~~~~~~~~~~~~~~~~~~~~ 09-19
26011475;280820529;26335812;00060000213;29061974;10011769;264;596;734;819 ~~~~~~~~~~~~~~~~~~~~~~~~~~~~~~ 09-20
27011475;290820529;27335812;01060000213;30061974;11011769;265;735;462;496;619;848 ~~~~~~~~~~~~~~~~~~~~~~ 09-21
28011475;300820529;28335812;02060000213;31061974;12011769;266;740;380;405;920;950;423;418 ~~~~~~~~~~~~~~ 09-22
29011475;012820529;29335812;03060000213;01071974;13011769;267;736;895;932;463;521;496;619;848 ~~~~~~~~~~ 09-23
30011475;022820529;01015813;04060000213;02071974;14011769;268;737;497;521 ~~~~~~~~~~~~~~~~~~~~~~~~~~~~~~ 09-24
01021475;032820529;02015813;05060000213;03071974;15011769;269;742;790;521;619 ~~~~~~~~~~~~~~~~~~~~~~~~~~ 09-25
02021475;042820529;03015813;06060000213;04071974;16011769;270;741;790 ~~~~~~~~~~~~~~~~~~~~~~~~~~~~~~~~~~ 09-26
03021475;052820529;04015813;07060000213;05071974;17011769;271;738;790;406;848;619 ~~~~~~~~~~~~~~~~~~~~~~ 09-27
04021475;062820529;05015813;08060000213;06071974;18011769;272;739;743;790;513 ~~~~~~~~~~~~~~~~~~~~~~~~~~ 09-28
05021475;072820529;06015813;09060000213;07071974;19011769;273;790;619 ~~~~~~~~~~~~~~~~~~~~~~~~~~~~~~~~~~ 09-29
06021475;082820529;07015813;10060000213;08071974;20011769;274;790;397;918;853;421 ~~~~~~~~~~~~~~~~~~~~~~ 09-30
07021475;092820529;08015813;11060000213;09071974;21011769;275;745;790;432;548;919;853;412;848;620 ~~~~~~ 10-01
08021475;102820529;09015813;12060000213;10071974;22011769;276;746;885;853;406 ~~~~~~~~~~~~~~~~~~~~~~~~~~ 10-02
09021475;112820529;10015813;13060000213;11071974;23011769;277;747;549;560;527;620 ~~~~~~~~~~~~~~~~~~~~~~ 10-03
10021475;122820529;11015813;14060000213;12071974;24011769;278;748;899 ~~~~~~~~~~~~~~~~~~~~~~~~~~~~~~~~~~ 10-04
11021475;132820529;12015813;15060000213;13071974;25011769;279;637;848;620 ~~~~~~~~~~~~~~~~~~~~~~~~~~~~~~ 10-05
12021475;142820529;13015813;16060000213;14071974;26011769;280;749 ~~~~~~~~~~~~~~~~~~~~~~~~~~~~~~~~~~~~~~ 10-06
13021475;152820529;14015813;17060000213;15071974;27011769;281;744;882;922;406;620 ~~~~~~~~~~~~~~~~~~~~~~ 10-07
14021475;162820529;15015813;18060000213;16071974;28011769;282;791;393;390;532;540;947;523 ~~~~~~~~~~~~~~ 10-08
15021475;172820529;16015813;19060000213;17071974;29011769;283;752;523;848;620 ~~~~~~~~~~~~~~~~~~~~~~~~~~ 10-09
16021475;182820529;17015813;00070000213;18071974;30011769;284;753;367;514;523 ~~~~~~~~~~~~~~~~~~~~~~~~~~ 10-10
17021475;192820529;18015813;01070000213;19071974;01021769;285;368;456;881;523;848;620 ~~~~~~~~~~~~~~~~~~ 10-11
18021475;202820529;19015813;02070000213;20071974;02021769;286;754;523 ~~~~~~~~~~~~~~~~~~~~~~~~~~~~~~~~~~ 10-12
19021475;212820529;20015813;03070000213;21071974;03021769;287;750;523;620 ~~~~~~~~~~~~~~~~~~~~~~~~~~~~~~ 10-13
20021475;222820529;21015813;04070000213;22071974;04021769;288;751;398;499;844;523 ~~~~~~~~~~~~~~~~~~~~~~ 10-14
21021475;232820529;22015813;05070000213;23071974;05021769;289;756;524;412;620 ~~~~~~~~~~~~~~~~~~~~~~~~~~ 10-15
22021475;242820529;23015813;06070000213;24071974;06021769;290;757;525 ~~~~~~~~~~~~~~~~~~~~~~~~~~~~~~~~~~ 10-16
23021475;252820529;24015813;07070000213;25071974;07021769;291;631;436;620 ~~~~~~~~~~~~~~~~~~~~~~~~~~~~~~ 10-17
24021475;262820529;25015813;08070000213;26071974;08021769;292;558;911 ~~~~~~~~~~~~~~~~~~~~~~~~~~~~~~~~~~ 10-18
25021475;272820529;26015813;09070000213;27071974;09021769;293;758;784;418;620 ~~~~~~~~~~~~~~~~~~~~~~~~~~ 10-19
26021475;282820529;27015813;10070000213;28071974;10021769;294;779;785;858;784 ~~~~~~~~~~~~~~~~~~~~~~~~~~ 10-20
27021475;292820529;28015813;11070000213;29071974;11021769;295;755;369;780;893;785;620 ~~~~~~~~~~~~~~~~~~ 10-21
28021475;010920529;29015813;12070000213;30071974;12021769;296;380;781;786;786;406;412 ~~~~~~~~~~~~~~~~~~ 10-22
29021475;020920529;30015813;13070000213;01081974;13021769;297;782;787;787;620 ~~~~~~~~~~~~~~~~~~~~~~~~~~ 10-23
01031475;030920529;01025813;14070000213;02081974;14021769;298;371;431;535;783;788 ~~~~~~~~~~~~~~~~~~~~~~ 10-24
02031475;040920529;02025813;15070000213;03081974;15021769;299;849;620 ~~~~~~~~~~~~~~~~~~~~~~~~~~~~~~~~~~ 10-25
03031475;050920529;03025813;16070000213;04081974;16021769;300;759;513 ~~~~~~~~~~~~~~~~~~~~~~~~~~~~~~~~~~ 10-26
04031475;060920529;04025813;17070000213;05081974;17021769;301;868;620 ~~~~~~~~~~~~~~~~~~~~~~~~~~~~~~~~~~ 10-27
05031475;070920529;05025813;18070000213;06081974;18021769;302;836;857 ~~~~~~~~~~~~~~~~~~~~~~~~~~~~~~~~~~ 10-28
06031475;080920529;06025813;19070000213;07081974;19021769;303;399;413;543;620 ~~~~~~~~~~~~~~~~~~~~~~~~~~ 10-29
07031475;090920529;07025813;00080000213;08081974;20021769;304;397;377;563 ~~~~~~~~~~~~~~~~~~~~~~~~~~~~~~ 10-30
08031475;100920529;08025813;01080000213;09081974;21021769;305;620 ~~~~~~~~~~~~~~~~~~~~~~~~~~~~~~~~~~~~~~ 10-31
09031475;110920529;09025813;02080000213;10081974;22021769;306 ~~~~~~~~~~~~~~~~~~~~~~~~~~~~~~~~~~~~~~~~~~ 11-01
10031475;120920529;10025813;03080000213;11081974;23021769;307;637;763;879;621 ~~~~~~~~~~~~~~~~~~~~~~~~~~ 11-02
11031475;130920529;11025813;04080000213;12081974;24021769;308;547;811 ~~~~~~~~~~~~~~~~~~~~~~~~~~~~~~~~~~ 11-03
12031475;140920529;12025813;05080000213;13081974;25021769;309;760;934;511;621 ~~~~~~~~~~~~~~~~~~~~~~~~~~ 11-04
13031475;150920529;13025813;06080000213;14081974;26021769;310;850;843 ~~~~~~~~~~~~~~~~~~~~~~~~~~~~~~~~~~ 11-05
14031475;160920529;14025813;07080000213;15081974;27021769;311;761;394;880;406;418;621 ~~~~~~~~~~~~~~~~~~ 11-06
15031475;170920529;15025813;08080000213;16081974;28021769;312;762;514;400;843;621 ~~~~~~~~~~~~~~~~~~~~~~ 11-07
16031475;180920529;16025813;09080000213;17081974;29021769;313;621 ~~~~~~~~~~~~~~~~~~~~~~~~~~~~~~~~~~~~~~ 11-08
17031475;190920529;17025813;10080000213;18081974;30021769;314;511;843 ~~~~~~~~~~~~~~~~~~~~~~~~~~~~~~~~~~ 11-09
18031475;200920529;18025813;11080000213;19081974;01031769;315;621 ~~~~~~~~~~~~~~~~~~~~~~~~~~~~~~~~~~~~~~ 11-10
19031475;210920529;19025813;12080000213;20081974;02031769;316 ~~~~~~~~~~~~~~~~~~~~~~~~~~~~~~~~~~~~~~~~~~ 11-11
20031475;220920529;20025813;13080000213;21081974;03031769;317;621 ~~~~~~~~~~~~~~~~~~~~~~~~~~~~~~~~~~~~~~ 11-12
21031475;230920529;21025813;14080000213;22081974;04031769;318;398;876;400 ~~~~~~~~~~~~~~~~~~~~~~~~~~~~~~ 11-13
22031475;240920529;22025813;15080000213;23081974;05031769;319;764;433;831;621 ~~~~~~~~~~~~~~~~~~~~~~~~~~ 11-14
23031475;250920529;23025813;16080000213;24081974;06031769;320;621 ~~~~~~~~~~~~~~~~~~~~~~~~~~~~~~~~~~~~~~ 11-15
24031475;260920529;24025813;17080000213;25081974;07031769;321;767;936;400;406;621 ~~~~~~~~~~~~~~~~~~~~~~ 11-16
25031475;270920529;25025813;18080000213;26081974;08031769;322;765 ~~~~~~~~~~~~~~~~~~~~~~~~~~~~~~~~~~~~~~ 11-17
26031475;280920529;26025813;19080000213;27081974;09031769;323;401;621 ~~~~~~~~~~~~~~~~~~~~~~~~~~~~~~~~~~ 11-18
27031475;290920529;27025813;00090000213;28081974;10031769;324;621 ~~~~~~~~~~~~~~~~~~~~~~~~~~~~~~~~~~~~~~ 11-19
28031475;300920529;28025813;01090000213;29081974;11031769;325;621 ~~~~~~~~~~~~~~~~~~~~~~~~~~~~~~~~~~~~~~ 11-20
29031475;011020529;29025813;02090000213;30081974;12031769;326;766;380;406;621 ~~~~~~~~~~~~~~~~~~~~~~~~~~ 11-21
30031475;021020529;01035813;03090000213;01091974;13031769;327;513;788;621 ~~~~~~~~~~~~~~~~~~~~~~~~~~~~~~ 11-22
01041475;031020529;02035813;04090000213;02091974;14031769;328;768;453 ~~~~~~~~~~~~~~~~~~~~~~~~~~~~~~~~~~ 11-23
02041475;041020529;03035813;05090000213;03091974;15031769;329;422;621 ~~~~~~~~~~~~~~~~~~~~~~~~~~~~~~~~~~ 11-24
03041475;051020529;04035813;06090000213;04091974;16031769;330;437;621 ~~~~~~~~~~~~~~~~~~~~~~~~~~~~~~~~~~ 11-25
04041475;061020529;05035813;07090000213;05091974;17031769;331;944;406;621 ~~~~~~~~~~~~~~~~~~~~~~~~~~~~~~ 11-26
05041475;071020529;06035813;08090000213;06091974;18031769;332;769;621 ~~~~~~~~~~~~~~~~~~~~~~~~~~~~~~~~~~ 11-27
06041475;081020529;07035813;09090000213;07091974;19031769;333;440;369;621 ~~~~~~~~~~~~~~~~~~~~~~~~~~~~~~ 11-28
07041475;091020529;08035813;10090000213;08091974;20031769;334;441;397;407;621 ~~~~~~~~~~~~~~~~~~~~~~~~~~ 11-29
08041475;101020529;09035813;11090000213;09091974;21031769;335;770;621 ~~~~~~~~~~~~~~~~~~~~~~~~~~~~~~~~~~ 11-30
09041475;111020529;10035813;12090000213;10091974;22031769;336;589 ~~~~~~~~~~~~~~~~~~~~~~~~~~~~~~~~~~~~~~ 12-01
10041475;121020529;11035813;13090000213;11091974;23031769;337;442;370;557;890;622 ~~~~~~~~~~~~~~~~~~~~~~ 12-02
11041475;131020529;12035813;14090000213;12091974;24031769;338;771;773;622 ~~~~~~~~~~~~~~~~~~~~~~~~~~~~~~ 12-03
12041475;141020529;13035813;15090000213;13091974;25031769;339;772;622 ~~~~~~~~~~~~~~~~~~~~~~~~~~~~~~~~~~ 12-04
13041475;151020529;14035813;16090000213;14091974;26031769;340;395;545;622 ~~~~~~~~~~~~~~~~~~~~~~~~~~~~~~ 12-05
14041475;161020529;15035813;17090000213;15091974;27031769;341;774;514;887;622 ~~~~~~~~~~~~~~~~~~~~~~~~~~ 12-06
15041475;171020529;16035813;18090000213;16091974;28031769;342;637;775;622 ~~~~~~~~~~~~~~~~~~~~~~~~~~~~~~ 12-07
16041475;181020529;17035813;19090000213;17091974;29031769;343;777;804;590;622 ~~~~~~~~~~~~~~~~~~~~~~~~~~ 12-08
17041475;191020529;18035813;00100000213;18091974;30031769;344;622 ~~~~~~~~~~~~~~~~~~~~~~~~~~~~~~~~~~~~~~ 12-09
18041475;201020529;19035813;01100000213;19091974;01041769;345;622 ~~~~~~~~~~~~~~~~~~~~~~~~~~~~~~~~~~~~~~ 12-10
19041475;211020529;20035813;02100000213;20091974;02041769;346 ~~~~~~~~~~~~~~~~~~~~~~~~~~~~~~~~~~~~~~~~~~ 12-11
20041475;221020529;21035813;03100000213;21091974;03041769;347;398;622 ~~~~~~~~~~~~~~~~~~~~~~~~~~~~~~~~~~ 12-12
21041475;231020529;22035813;04100000213;22091974;04041769;348;596 ~~~~~~~~~~~~~~~~~~~~~~~~~~~~~~~~~~~~~~ 12-13
22041475;241020529;23035813;05100000213;23091974;05041769;349;776;622 ~~~~~~~~~~~~~~~~~~~~~~~~~~~~~~~~~~ 12-14
23041475;251020529;24035813;06100000213;24091974;06041769;350;591;622 ~~~~~~~~~~~~~~~~~~~~~~~~~~~~~~~~~~ 12-15
24041475;261020529;25035813;07100000213;25091974;07041769;351;917;516;622 ~~~~~~~~~~~~~~~~~~~~~~~~~~~~~~ 12-16
25041475;271020529;26035813;08100000213;26091974;08041769;352;516;622 ~~~~~~~~~~~~~~~~~~~~~~~~~~~~~~~~~~ 12-17
26041475;281020529;27035813;09100000213;27091974;09041769;353;516;622 ~~~~~~~~~~~~~~~~~~~~~~~~~~~~~~~~~~ 12-18
27041475;291020529;28035813;10100000213;28091974;10041769;354;371;516 ~~~~~~~~~~~~~~~~~~~~~~~~~~~~~~~~~~ 12-19
28041475;301020529;29035813;11100000213;29091974;11041769;355;778;380;513;466;516;622 ~~~~~~~~~~~~~~~~~~ 12-20
29041475;011120529;30035813;12100000213;30091974;12041769;356;426;418;622 ~~~~~~~~~~~~~~~~~~~~~~~~~~~~~~ 12-21
01051475;021120529;01045813;13100000213;01101974;13041769;357;592;465;516;622 ~~~~~~~~~~~~~~~~~~~~~~~~~~ 12-22
02051475;031120529;02045813;14100000213;02101974;14041769;358;516 ~~~~~~~~~~~~~~~~~~~~~~~~~~~~~~~~~~~~~~ 12-23
03051475;041120529;03045813;15100000213;03101974;15041769;359;516;622 ~~~~~~~~~~~~~~~~~~~~~~~~~~~~~~~~~~ 12-24
04051475;051120529;04045813;16100000213;04101974;16041769;360 ~~~~~~~~~~~~~~~~~~~~~~~~~~~~~~~~~~~~~~~~~~ 12-25
05051475;061120529;05045813;17100000213;05101974;17041769;361;622 ~~~~~~~~~~~~~~~~~~~~~~~~~~~~~~~~~~~~~~ 12-31
06051475;071120529;06045813;18100000213;06101974;18041769;362 ~~~~~~~~~~~~~~~~~~~~~~~~~~~~~~~~~~~~~~~~~~ 12-27
07051475;081120529;07045813;19100000213;07101974;19041769;363;397;432;811;622 ~~~~~~~~~~~~~~~~~~~~~~~~~~ 12-28
08051475;091120529;08045813;00110000213;08101974;20041769;364;622 ~~~~~~~~~~~~~~~~~~~~~~~~~~~~~~~~~~~~~~ 12-29
09051475;101120529;09045813;01110000213;09101974;21041769;365;622 ~~~~~~~~~~~~~~~~~~~~~~~~~~~~~~~~~~~~~~ 12-30
10051475;111120529;10045813;02110000213;10101974;22041769;366 ~~~~~~~~~~~~~~~~~~~~~~~~~~~~~~~~~~~~~~~~~~ 12-31
