12021467;141120441;12045805;19081200113;11101966;23041761;001;374 ~~~~~~~~~~~~~~~~~~~~~~~~~~~~~~~~~~~~~~ 01-01
13021467;151120441;13045805;00091200113;12101966;24041761;002 ~~~~~~~~~~~~~~~~~~~~~~~~~~~~~~~~~~~~~~~~~~ 01-02
14021467;161120441;14045805;01091200113;13101966;25041761;003;381;372;514;825;904 ~~~~~~~~~~~~~~~~~~~~~~ 01-03
15021467;171120441;15045805;02091200113;14101966;26041761;004;812 ~~~~~~~~~~~~~~~~~~~~~~~~~~~~~~~~~~~~~~ 01-04
16021467;181120441;16045805;03091200113;15101966;27041761;005 ~~~~~~~~~~~~~~~~~~~~~~~~~~~~~~~~~~~~~~~~~~ 01-05
17021467;191120441;17045805;04091200113;16101966;28041761;006;916 ~~~~~~~~~~~~~~~~~~~~~~~~~~~~~~~~~~~~~~ 01-06
18021467;201120441;18045805;05091200113;17101966;29041761;007;637 ~~~~~~~~~~~~~~~~~~~~~~~~~~~~~~~~~~~~~~ 01-07
19021467;211120441;19045805;06091200113;18101966;30041761;008;627 ~~~~~~~~~~~~~~~~~~~~~~~~~~~~~~~~~~~~~~ 01-08
20021467;221120441;20045805;07091200113;19101966;01051761;009;628;398;844;415 ~~~~~~~~~~~~~~~~~~~~~~~~~~ 01-09
21021467;231120441;21045805;08091200113;20101966;02051761;010;629;418 ~~~~~~~~~~~~~~~~~~~~~~~~~~~~~~~~~~ 01-10
22021467;241120441;22045805;09091200113;21101966;03051761;011 ~~~~~~~~~~~~~~~~~~~~~~~~~~~~~~~~~~~~~~~~~~ 01-11
23021467;251120441;23045805;10091200113;22101966;04051761;012 ~~~~~~~~~~~~~~~~~~~~~~~~~~~~~~~~~~~~~~~~~~ 01-12
24021467;261120441;24045805;11091200113;23101966;05051761;013;596;596;923 ~~~~~~~~~~~~~~~~~~~~~~~~~~~~~~ 01-13
25021467;271120441;25045805;12091200113;24101966;06051761;014;626 ~~~~~~~~~~~~~~~~~~~~~~~~~~~~~~~~~~~~~~ 01-14
26021467;281120441;26045805;13091200113;25101966;07051761;015;625;859 ~~~~~~~~~~~~~~~~~~~~~~~~~~~~~~~~~~ 01-15
27021467;291120441;27045805;14091200113;26101966;08051761;016;492;432 ~~~~~~~~~~~~~~~~~~~~~~~~~~~~~~~~~~ 01-16
28021467;301120441;28045805;15091200113;27101966;09051761;017;380;513;888 ~~~~~~~~~~~~~~~~~~~~~~~~~~~~~~ 01-17
29021467;011220441;29045805;16091200113;28101966;10051761;018 ~~~~~~~~~~~~~~~~~~~~~~~~~~~~~~~~~~~~~~~~~~ 01-18
01031467;021220441;01055805;17091200113;29101966;11051761;019;631 ~~~~~~~~~~~~~~~~~~~~~~~~~~~~~~~~~~~~~~ 01-19
02031467;031220441;02055805;18091200113;30101966;12051761;020 ~~~~~~~~~~~~~~~~~~~~~~~~~~~~~~~~~~~~~~~~~~ 01-20
03031467;041220441;03055805;19091200113;01111966;13051761;021;630;419;406 ~~~~~~~~~~~~~~~~~~~~~~~~~~~~~~ 01-21
04031467;051220441;04055805;00101200113;02111966;14051761;022 ~~~~~~~~~~~~~~~~~~~~~~~~~~~~~~~~~~~~~~~~~~ 01-22
05031467;061220441;05055805;01101200113;03111966;15051761;023;940 ~~~~~~~~~~~~~~~~~~~~~~~~~~~~~~~~~~~~~~ 01-23
06031467;071220441;06055805;02101200113;04111966;16051761;024 ~~~~~~~~~~~~~~~~~~~~~~~~~~~~~~~~~~~~~~~~~~ 01-24
07031467;081220441;07055805;03101200113;05111966;17051761;025;632;397;914;415 ~~~~~~~~~~~~~~~~~~~~~~~~~~ 01-25
08031467;091220441;08055805;04101200113;06111966;18051761;026;536;406 ~~~~~~~~~~~~~~~~~~~~~~~~~~~~~~~~~~ 01-26
09031467;101220441;09055805;05101200113;07111966;19051761;027;633 ~~~~~~~~~~~~~~~~~~~~~~~~~~~~~~~~~~~~~~ 01-27
10031467;111220441;10055805;06101200113;08111966;20051761;028;634 ~~~~~~~~~~~~~~~~~~~~~~~~~~~~~~~~~~~~~~ 01-28
11031467;121220441;11055805;07101200113;09111966;21051761;029;635;873 ~~~~~~~~~~~~~~~~~~~~~~~~~~~~~~~~~~ 01-29
12031467;131220441;12055805;08101200113;10111966;22051761;030;636;511 ~~~~~~~~~~~~~~~~~~~~~~~~~~~~~~~~~~ 01-30
13031467;141220441;13055805;09101200113;11111966;23051761;031;406;580 ~~~~~~~~~~~~~~~~~~~~~~~~~~~~~~~~~~ 01-31
14031467;151220441;14055805;09101200113;12111966;24051761;032;382;514;884 ~~~~~~~~~~~~~~~~~~~~~~~~~~~~~~ 02-01
15031467;161220441;15055805;10101200113;13111966;25051761;033;638;415 ~~~~~~~~~~~~~~~~~~~~~~~~~~~~~~~~~~ 02-02
16031467;171220441;16055805;11101200113;14111966;26051761;034;639;612 ~~~~~~~~~~~~~~~~~~~~~~~~~~~~~~~~~~ 02-03
17031467;181220441;17055805;12101200113;15111966;27051761;035;637;640;511 ~~~~~~~~~~~~~~~~~~~~~~~~~~~~~~ 02-04
18031467;191220441;18055805;13101200113;16111966;28051761;036;406 ~~~~~~~~~~~~~~~~~~~~~~~~~~~~~~~~~~~~~~ 02-05
19031467;201220441;19055805;14101200113;17111966;29051761;037 ~~~~~~~~~~~~~~~~~~~~~~~~~~~~~~~~~~~~~~~~~~ 02-06
20031467;211220441;20055805;15101200113;18111966;30051761;038 ~~~~~~~~~~~~~~~~~~~~~~~~~~~~~~~~~~~~~~~~~~ 02-07
21031467;221220441;21055805;16101200113;19111966;01061761;039;398 ~~~~~~~~~~~~~~~~~~~~~~~~~~~~~~~~~~~~~~ 02-08
22031467;231220441;22055805;17101200113;20111966;02061761;040;642 ~~~~~~~~~~~~~~~~~~~~~~~~~~~~~~~~~~~~~~ 02-09
23031467;241220441;23055805;18101200113;21111966;03061761;041;406 ~~~~~~~~~~~~~~~~~~~~~~~~~~~~~~~~~~~~~~ 02-10
24031467;251220441;24055805;19101200113;22111966;04061761;042;643;612 ~~~~~~~~~~~~~~~~~~~~~~~~~~~~~~~~~~ 02-11
25031467;261220441;25055805;00111200113;23111966;05061761;043;943;581 ~~~~~~~~~~~~~~~~~~~~~~~~~~~~~~~~~~ 02-12
26031467;271220441;26055805;01111200113;24111966;06061761;044;641;838 ~~~~~~~~~~~~~~~~~~~~~~~~~~~~~~~~~~ 02-13
27031467;281220441;27055805;02111200113;25111966;07061761;045;513 ~~~~~~~~~~~~~~~~~~~~~~~~~~~~~~~~~~~~~~ 02-14
28031467;291220441;28055805;03111200113;26111966;08061761;046;886;406;612 ~~~~~~~~~~~~~~~~~~~~~~~~~~~~~~ 02-15
29031467;301220441;29055805;04111200113;27111966;09061761;047;644;380;950 ~~~~~~~~~~~~~~~~~~~~~~~~~~~~~~ 02-16
30031467;010120452;30055805;05111200113;28111966;10061761;048;645;864;932;479;490;854;612 ~~~~~~~~~~~~~~ 02-17
01041467;020120452;01065805;06111200113;29111966;11061761;049;566;479;490;854 ~~~~~~~~~~~~~~~~~~~~~~~~~~ 02-18
02041467;030120452;02065805;07111200113;30111966;12061761;050;566 ~~~~~~~~~~~~~~~~~~~~~~~~~~~~~~~~~~~~~~ 02-19
03041467;040120452;03065805;08111200113;01121966;13061761;051;450;566;406 ~~~~~~~~~~~~~~~~~~~~~~~~~~~~~~ 02-20
04041467;050120452;04065805;09111200113;02121966;14061761;052;443;566;612 ~~~~~~~~~~~~~~~~~~~~~~~~~~~~~~ 02-21
05041467;060120452;05065805;10111200113;03121966;15061761;053;444 ~~~~~~~~~~~~~~~~~~~~~~~~~~~~~~~~~~~~~~ 02-22
06041467;070120452;06065805;11111200113;04121966;16061761;054;647;648;612 ~~~~~~~~~~~~~~~~~~~~~~~~~~~~~~ 02-23
07041467;080120452;07065805;12111200113;05121966;17061761;055;649;397;820 ~~~~~~~~~~~~~~~~~~~~~~~~~~~~~~ 02-24
08041467;090120452;08065805;13111200113;06121966;18061761;056 ~~~~~~~~~~~~~~~~~~~~~~~~~~~~~~~~~~~~~~~~~~ 02-25
09041467;100120452;09065805;14111200113;07121966;19061761;057 ~~~~~~~~~~~~~~~~~~~~~~~~~~~~~~~~~~~~~~~~~~ 02-26
10041467;110120452;10065805;15111200113;08121966;20061761;058;517 ~~~~~~~~~~~~~~~~~~~~~~~~~~~~~~~~~~~~~~ 02-27
11041467;120120452;11065805;16111200113;09121966;21061761;059;646;650 ~~~~~~~~~~~~~~~~~~~~~~~~~~~~~~~~~~ 02-28
12041467;130120452;12065805;00121200113;10121966;22061761;061;433;514 ~~~~~~~~~~~~~~~~~~~~~~~~~~~~~~~~~~ 03-01
13041467;140120452;13065805;01121200113;11121966;23061761;062;653;383;544;623;406 ~~~~~~~~~~~~~~~~~~~~~~ 03-02
14041467;150120452;14065805;02121200113;12121966;24061761;063;654;436;542;598;906;948;519;613 ~~~~~~~~~~ 03-03
15041467;160120452;15065805;03121200113;13121966;25061761;064;637;562 ~~~~~~~~~~~~~~~~~~~~~~~~~~~~~~~~~~ 03-04
16041467;170120452;16065805;04121200113;14121966;26061761;065;655;562;613 ~~~~~~~~~~~~~~~~~~~~~~~~~~~~~~ 03-05
17041467;180120452;17065805;05121200113;15121966;27061761;066;562;415 ~~~~~~~~~~~~~~~~~~~~~~~~~~~~~~~~~~ 03-06
18041467;190120452;18065805;06121200113;16121966;28061761;067;406;612;613 ~~~~~~~~~~~~~~~~~~~~~~~~~~~~~~ 03-07
19041467;200120452;19065805;07121200113;17121966;29061761;068 ~~~~~~~~~~~~~~~~~~~~~~~~~~~~~~~~~~~~~~~~~~ 03-08
20041467;210120452;20065805;08121200113;18121966;30061761;069;656 ~~~~~~~~~~~~~~~~~~~~~~~~~~~~~~~~~~~~~~ 03-09
21041467;220120452;21065805;09121200113;19121966;01071761;070;398;399;533;924 ~~~~~~~~~~~~~~~~~~~~~~~~~~ 03-10
22041467;230120452;22065805;10121200113;20121966;02071761;071;612;613 ~~~~~~~~~~~~~~~~~~~~~~~~~~~~~~~~~~ 03-11
23041467;240120452;23065805;11121200113;21121966;03071761;072;406 ~~~~~~~~~~~~~~~~~~~~~~~~~~~~~~~~~~~~~~ 03-12
24041467;250120452;24065805;12121200113;22121966;04071761;073;513;400;612;613 ~~~~~~~~~~~~~~~~~~~~~~~~~~ 03-13
25041467;260120452;25065805;13121200113;23121966;05071761;074;900;415 ~~~~~~~~~~~~~~~~~~~~~~~~~~~~~~~~~~ 03-14
26041467;270120452;26065805;14121200113;24121966;06071761;075;612;613 ~~~~~~~~~~~~~~~~~~~~~~~~~~~~~~~~~~ 03-15
27041467;280120452;27065805;15121200113;25121966;07071761;076;658 ~~~~~~~~~~~~~~~~~~~~~~~~~~~~~~~~~~~~~~ 03-16
28041467;290120452;28065805;16121200113;26121966;08071761;077;406;612;613 ~~~~~~~~~~~~~~~~~~~~~~~~~~~~~~ 03-17
29041467;300120452;29065805;17121200113;27121966;09071761;078;380 ~~~~~~~~~~~~~~~~~~~~~~~~~~~~~~~~~~~~~~ 03-18
01051467;010220452;01075805;18121200113;28121966;10071761;079;538;559;935;466;400;612 ~~~~~~~~~~~~~~~~~~ 03-19
02051467;020220452;02075805;19121200113;29121966;11071761;080;411;424 ~~~~~~~~~~~~~~~~~~~~~~~~~~~~~~~~~~ 03-20
03051467;030220452;03075805;00131200113;30121966;12071761;081;657;555;577;459;612;613 ~~~~~~~~~~~~~~~~~~ 03-21
04051467;040220452;04075805;01131200113;01011967;13071761;082;851;400 ~~~~~~~~~~~~~~~~~~~~~~~~~~~~~~~~~~ 03-22
05051467;050220452;05075805;02131200113;02011967;14071761;083;612 ~~~~~~~~~~~~~~~~~~~~~~~~~~~~~~~~~~~~~~ 03-23
06051467;060220452;06075805;03131200113;03011967;15071761;084;945 ~~~~~~~~~~~~~~~~~~~~~~~~~~~~~~~~~~~~~~ 03-24
07051467;070220452;07075805;04131200113;04011967;16071761;085;397;400 ~~~~~~~~~~~~~~~~~~~~~~~~~~~~~~~~~~ 03-25
08051467;080220452;08075805;05131200113;05011967;17071761;086 ~~~~~~~~~~~~~~~~~~~~~~~~~~~~~~~~~~~~~~~~~~ 03-26
09051467;090220452;09075805;06131200113;06011967;18071761;087;576;933;412;612 ~~~~~~~~~~~~~~~~~~~~~~~~~~ 03-27
10051467;100220452;10075805;07131200113;07011967;19071761;088;659;400 ~~~~~~~~~~~~~~~~~~~~~~~~~~~~~~~~~~ 03-28
11051467;110220452;11075805;08131200113;08011967;20071761;089;660;652;514;877;612;613 ~~~~~~~~~~~~~~~~~~ 03-29
12051467;120220452;12075805;09131200113;09011967;21071761;090;852;415 ~~~~~~~~~~~~~~~~~~~~~~~~~~~~~~~~~~ 03-30
13051467;130220452;13075805;10131200113;10011967;22071761;091;400;612 ~~~~~~~~~~~~~~~~~~~~~~~~~~~~~~~~~~ 03-31
14051467;140220452;14075805;11131200113;11011967;23071761;092;637;661;384;539;575 ~~~~~~~~~~~~~~~~~~~~~~ 04-01
15051467;150220452;15075805;12131200113;12011967;24071761;093;493;651;662;401;515 ~~~~~~~~~~~~~~~~~~~~~~ 04-02
16051467;160220452;16075805;13131200113;13011967;25071761;094;412;651 ~~~~~~~~~~~~~~~~~~~~~~~~~~~~~~~~~~ 04-03
17051467;170220452;17075805;14131200113;14011967;26071761;095;571;651 ~~~~~~~~~~~~~~~~~~~~~~~~~~~~~~~~~~ 04-04
18051467;180220452;18075805;15131200113;15011967;27071761;096;663;651 ~~~~~~~~~~~~~~~~~~~~~~~~~~~~~~~~~~ 04-05
19051467;190220452;19075805;16131200113;16011967;28071761;097;612;614;651 ~~~~~~~~~~~~~~~~~~~~~~~~~~~~~~ 04-06
20051467;200220452;20075805;17131200113;17011967;29071761;098;445;415;651 ~~~~~~~~~~~~~~~~~~~~~~~~~~~~~~ 04-07
21051467;210220452;21075805;18131200113;18011967;30071761;099;446;614 ~~~~~~~~~~~~~~~~~~~~~~~~~~~~~~~~~~ 04-08
22051467;220220452;22075805;19131200113;19011967;01081761;100;447;398 ~~~~~~~~~~~~~~~~~~~~~~~~~~~~~~~~~~ 04-09
23051467;230220452;23075805;00141200113;20011967;02081761;101;448;513;412 ~~~~~~~~~~~~~~~~~~~~~~~~~~~~~~ 04-10
24051467;240220452;24075805;01141200113;21011967;03081761;102 ~~~~~~~~~~~~~~~~~~~~~~~~~~~~~~~~~~~~~~~~~~ 04-11
25051467;250220452;25075805;02141200113;22011967;04081761;103;526;612 ~~~~~~~~~~~~~~~~~~~~~~~~~~~~~~~~~~ 04-12
26051467;260220452;26075805;03141200113;23011967;05081761;104;939 ~~~~~~~~~~~~~~~~~~~~~~~~~~~~~~~~~~~~~~ 04-13
27051467;270220452;27075805;04141200113;24011967;06081761;105;432 ~~~~~~~~~~~~~~~~~~~~~~~~~~~~~~~~~~~~~~ 04-14
28051467;280220452;28075805;05141200113;25011967;07081761;106;666 ~~~~~~~~~~~~~~~~~~~~~~~~~~~~~~~~~~~~~~ 04-15
29051467;290220452;29075805;06141200113;26011967;08081761;107;437;406;612 ~~~~~~~~~~~~~~~~~~~~~~~~~~~~~~ 04-16
30051467;010320452;30075805;07141200113;27011967;09081761;108;794;380;928;412 ~~~~~~~~~~~~~~~~~~~~~~~~~~ 04-17
01061467;020320452;01085805;08141200113;28011967;10081761;109 ~~~~~~~~~~~~~~~~~~~~~~~~~~~~~~~~~~~~~~~~~~ 04-18
02061467;030320452;02085805;09141200113;29011967;11081761;110;902 ~~~~~~~~~~~~~~~~~~~~~~~~~~~~~~~~~~~~~~ 04-19
03061467;040320452;03085805;10141200113;30011967;12081761;111;631;664;510;614 ~~~~~~~~~~~~~~~~~~~~~~~~~~ 04-20
04061467;050320452;04085805;11141200113;01021967;13081761;112;665;528 ~~~~~~~~~~~~~~~~~~~~~~~~~~~~~~~~~~ 04-21
05061467;060320452;05085805;12141200113;02021967;14081761;113;529 ~~~~~~~~~~~~~~~~~~~~~~~~~~~~~~~~~~~~~~ 04-22
06061467;070320452;06085805;13141200113;03021967;15081761;114;553;415 ~~~~~~~~~~~~~~~~~~~~~~~~~~~~~~~~~~ 04-23
07061467;080320452;07085805;14141200113;04021967;16081761;115;397;514;412 ~~~~~~~~~~~~~~~~~~~~~~~~~~~~~~ 04-24
08061467;090320452;08085805;15141200113;05021967;17081761;116;927 ~~~~~~~~~~~~~~~~~~~~~~~~~~~~~~~~~~~~~~ 04-25
09061467;100320452;09085805;16141200113;06021967;18081761;117;670;406;612;614 ~~~~~~~~~~~~~~~~~~~~~~~~~~ 04-26
10061467;110320452;10085805;17141200113;07021967;19081761;118;667;889 ~~~~~~~~~~~~~~~~~~~~~~~~~~~~~~~~~~ 04-27
11061467;120320452;11085805;18141200113;08021967;20081761;119;671;612;614 ~~~~~~~~~~~~~~~~~~~~~~~~~~~~~~ 04-28
12061467;130320452;12085805;19141200113;09021967;21081761;120;668;416;894 ~~~~~~~~~~~~~~~~~~~~~~~~~~~~~~ 04-29
13061467;140320452;13085805;00151200113;10021967;22081761;121;669;385;612 ~~~~~~~~~~~~~~~~~~~~~~~~~~~~~~ 04-30
14061467;150320452;14085805;01151200113;11021967;23081761;122;674;537;937;406;412 ~~~~~~~~~~~~~~~~~~~~~~ 05-01
15061467;160320452;15085805;02151200113;12021967;24081761;123;675;892;612 ~~~~~~~~~~~~~~~~~~~~~~~~~~~~~~ 05-02
16061467;170320452;16085805;03151200113;13021967;25081761;124;676;615 ~~~~~~~~~~~~~~~~~~~~~~~~~~~~~~~~~~ 05-03
17061467;180320452;17085805;04151200113;14021967;26081761;125;677;612 ~~~~~~~~~~~~~~~~~~~~~~~~~~~~~~~~~~ 05-04
18061467;190320452;18085805;05151200113;15021967;27081761;126;679;518;615 ~~~~~~~~~~~~~~~~~~~~~~~~~~~~~~ 05-05
19061467;200320452;19085805;06151200113;16021967;28081761;127;637;672;406;612 ~~~~~~~~~~~~~~~~~~~~~~~~~~ 05-06
20061467;210320452;20085805;07151200113;17021967;29081761;128;673 ~~~~~~~~~~~~~~~~~~~~~~~~~~~~~~~~~~~~~~ 05-07
21061467;220320452;21085805;08151200113;18021967;30081761;129;682;398;513;412 ~~~~~~~~~~~~~~~~~~~~~~~~~~ 05-08
22061467;230320452;22085805;09151200113;19021967;01091761;130;818;615 ~~~~~~~~~~~~~~~~~~~~~~~~~~~~~~~~~~ 05-09
23061467;240320452;23085805;10151200113;20021967;02091761;131;683;376 ~~~~~~~~~~~~~~~~~~~~~~~~~~~~~~~~~~ 05-10
24061467;250320452;24085805;11151200113;21021967;03091761;132 ~~~~~~~~~~~~~~~~~~~~~~~~~~~~~~~~~~~~~~~~~~ 05-11
25061467;260320452;25085805;12151200113;22021967;04091761;133;678;530;612 ~~~~~~~~~~~~~~~~~~~~~~~~~~~~~~ 05-12
26061467;270320452;26085805;13151200113;23021967;05091761;134;681;680;568;615 ~~~~~~~~~~~~~~~~~~~~~~~~~~ 05-13
27061467;280320452;27085805;14151200113;24021967;06091761;135;451;568;624 ~~~~~~~~~~~~~~~~~~~~~~~~~~~~~~ 05-14
28061467;290320452;28085805;15151200113;25021967;07091761;136;624;412 ~~~~~~~~~~~~~~~~~~~~~~~~~~~~~~~~~~ 05-15
29061467;300320452;29085805;16151200113;26021967;08091761;137;380;921;942;624;406;612 ~~~~~~~~~~~~~~~~~~ 05-16
01071467;010420452;01095805;17151200113;27021967;09091761;138;685;624;615 ~~~~~~~~~~~~~~~~~~~~~~~~~~~~~~ 05-17
02071467;020420452;02095805;18151200113;28021967;10091761;139;494;797;624 ~~~~~~~~~~~~~~~~~~~~~~~~~~~~~~ 05-18
03071467;030420452;03095805;19151200113;29021967;11091761;140;686;573;624 ~~~~~~~~~~~~~~~~~~~~~~~~~~~~~~ 05-19
04071467;040420452;04095805;00161200113;30021967;12091761;141;687;514;573;624;612 ~~~~~~~~~~~~~~~~~~~~~~ 05-20
05071467;050420452;05095805;01161200113;31021967;13091761;142;684;573;406;615 ~~~~~~~~~~~~~~~~~~~~~~~~~~ 05-21
06071467;060420452;06095805;02161200113;01031967;14091761;143;789;522 ~~~~~~~~~~~~~~~~~~~~~~~~~~~~~~~~~~ 05-22
07071467;070420452;07095805;03161200113;02031967;15091761;144;798;397 ~~~~~~~~~~~~~~~~~~~~~~~~~~~~~~~~~~ 05-23
08071467;080420452;08095805;04161200113;03031967;16091761;145;612 ~~~~~~~~~~~~~~~~~~~~~~~~~~~~~~~~~~~~~~ 05-24
09071467;090420452;09095805;05161200113;04031967;17091761;146;552 ~~~~~~~~~~~~~~~~~~~~~~~~~~~~~~~~~~~~~~ 05-25
10071467;100420452;10095805;06161200113;05031967;18091761;147;689;898;406 ~~~~~~~~~~~~~~~~~~~~~~~~~~~~~~ 05-26
11071467;110420452;11095805;07161200113;06031967;19091761;148;439 ~~~~~~~~~~~~~~~~~~~~~~~~~~~~~~~~~~~~~~ 05-27
12071467;120420452;12095805;08161200113;07031967;20091761;149;449;439;433;612 ~~~~~~~~~~~~~~~~~~~~~~~~~~ 05-28
13071467;130420452;13095805;09161200113;08031967;21091761;150;438;861;412;615 ~~~~~~~~~~~~~~~~~~~~~~~~~~ 05-29
14071467;140420452;14095805;10161200113;09031967;22091761;151;396;396;874;612 ~~~~~~~~~~~~~~~~~~~~~~~~~~ 05-30
15071467;150420452;15095805;11161200113;10031967;23091761;152;688;406 ~~~~~~~~~~~~~~~~~~~~~~~~~~~~~~~~~~ 05-31
16071467;160420452;16095805;12161200113;11031967;24091761;153 ~~~~~~~~~~~~~~~~~~~~~~~~~~~~~~~~~~~~~~~~~~ 06-01
17071467;170420452;17095805;13161200113;12031967;25091761;154;692;694 ~~~~~~~~~~~~~~~~~~~~~~~~~~~~~~~~~~ 06-02
18071467;180420452;18095805;14161200113;13031967;26091761;155;637;693;420 ~~~~~~~~~~~~~~~~~~~~~~~~~~~~~~ 06-03
19071467;190420452;19095805;15161200113;14031967;27091761;156;690 ~~~~~~~~~~~~~~~~~~~~~~~~~~~~~~~~~~~~~~ 06-04
20071467;200420452;20095805;16161200113;15031967;28091761;157;513;412;612;616 ~~~~~~~~~~~~~~~~~~~~~~~~~~ 06-05
21071467;210420452;21095805;17161200113;16031967;29091761;158 ~~~~~~~~~~~~~~~~~~~~~~~~~~~~~~~~~~~~~~~~~~ 06-06
22071467;220420452;22095805;18161200113;17031967;30091761;159;691;398 ~~~~~~~~~~~~~~~~~~~~~~~~~~~~~~~~~~ 06-07
23071467;230420452;23095805;19161200113;18031967;01101761;160 ~~~~~~~~~~~~~~~~~~~~~~~~~~~~~~~~~~~~~~~~~~ 06-08
24071467;240420452;24095805;00171200113;19031967;02101761;161;612;616 ~~~~~~~~~~~~~~~~~~~~~~~~~~~~~~~~~~ 06-09
25071467;250420452;25095805;01171200113;20031967;03101761;162;697;799;829;868;406 ~~~~~~~~~~~~~~~~~~~~~~ 06-10
26071467;260420452;26095805;02171200113;21031967;04101761;163;695;901;569 ~~~~~~~~~~~~~~~~~~~~~~~~~~~~~~ 06-11
27071467;270420452;27095805;03171200113;22031967;05101761;164;509;569 ~~~~~~~~~~~~~~~~~~~~~~~~~~~~~~~~~~ 06-12
28071467;280420452;28095805;04171200113;23031967;06101761;165;696;612 ~~~~~~~~~~~~~~~~~~~~~~~~~~~~~~~~~~ 06-13
29071467;290420452;29095805;05171200113;24031967;07101761;166;380;817;856 ~~~~~~~~~~~~~~~~~~~~~~~~~~~~~~ 06-14
30071467;010520452;30095805;06171200113;25031967;08101761;167;698;406;616 ~~~~~~~~~~~~~~~~~~~~~~~~~~~~~~ 06-15
01081467;020520452;01105805;07171200113;26031967;09101761;168;701;699 ~~~~~~~~~~~~~~~~~~~~~~~~~~~~~~~~~~ 06-16
02081467;030520452;02105805;08171200113;27031967;10101761;169;514 ~~~~~~~~~~~~~~~~~~~~~~~~~~~~~~~~~~~~~~ 06-17
03081467;040520452;03105805;09171200113;28031967;11101761;170;452;452 ~~~~~~~~~~~~~~~~~~~~~~~~~~~~~~~~~~ 06-18
04081467;050520452;04105805;10171200113;29031967;12101761;171;564;612;616 ~~~~~~~~~~~~~~~~~~~~~~~~~~~~~~ 06-19
05081467;060520452;05105805;11171200113;30031967;13101761;172;460;406 ~~~~~~~~~~~~~~~~~~~~~~~~~~~~~~~~~~ 06-20
06081467;070520452;06105805;12171200113;31031967;14101761;173;397;425;612;616 ~~~~~~~~~~~~~~~~~~~~~~~~~~ 06-21
07081467;080520452;07105805;13171200113;01041967;15101761;174;461 ~~~~~~~~~~~~~~~~~~~~~~~~~~~~~~~~~~~~~~ 06-22
08081467;090520452;08105805;14171200113;02041967;16101761;175;700;616 ~~~~~~~~~~~~~~~~~~~~~~~~~~~~~~~~~~ 06-23
09081467;100520452;09105805;15171200113;03041967;17101761;176;702 ~~~~~~~~~~~~~~~~~~~~~~~~~~~~~~~~~~~~~~ 06-24
10081467;110520452;10105805;16171200113;04041967;18101761;177;896;406;616 ~~~~~~~~~~~~~~~~~~~~~~~~~~~~~~ 06-25
11081467;120520452;11105805;17171200113;05041967;19101761;178;412 ~~~~~~~~~~~~~~~~~~~~~~~~~~~~~~~~~~~~~~ 06-26
12081467;130520452;12105805;18171200113;06041967;20101761;179;616 ~~~~~~~~~~~~~~~~~~~~~~~~~~~~~~~~~~~~~~ 06-27
13081467;140520452;13105805;19171200113;07041967;21101761;180;704;941 ~~~~~~~~~~~~~~~~~~~~~~~~~~~~~~~~~~ 06-28
14081467;150520452;14105805;00001300113;08041967;22101761;181;386;436;874;512 ~~~~~~~~~~~~~~~~~~~~~~~~~~ 06-29
15081467;160520452;15105805;01001300113;09041967;23101761;182;703;406 ~~~~~~~~~~~~~~~~~~~~~~~~~~~~~~~~~~ 06-30
16081467;170520452;16105805;02001300113;10041967;24101761;183;637;705;840;408;612 ~~~~~~~~~~~~~~~~~~~~~~ 07-01
17081467;180520452;17105805;03001300113;11041967;25101761;184;795;513 ~~~~~~~~~~~~~~~~~~~~~~~~~~~~~~~~~~ 07-02
18081467;190520452;18105805;04001300113;12041967;26101761;185;412 ~~~~~~~~~~~~~~~~~~~~~~~~~~~~~~~~~~~~~~ 07-03
19081467;200520452;19105805;05001300113;13041967;27101761;186 ~~~~~~~~~~~~~~~~~~~~~~~~~~~~~~~~~~~~~~~~~~ 07-04
20081467;210520452;20105805;06001300113;14041967;28101761;187;406;612;617 ~~~~~~~~~~~~~~~~~~~~~~~~~~~~~~ 07-05
21081467;220520452;21105805;07001300113;15041967;29101761;188;373 ~~~~~~~~~~~~~~~~~~~~~~~~~~~~~~~~~~~~~~ 07-06
22081467;230520452;22105805;08001300113;16041967;30101761;189;398;578;565;409 ~~~~~~~~~~~~~~~~~~~~~~~~~~ 07-07
23081467;240520452;23105805;09001300113;17041967;01111761;190;706;565 ~~~~~~~~~~~~~~~~~~~~~~~~~~~~~~~~~~ 07-08
24081467;250520452;24105805;10001300113;18041967;02111761;191;612;617 ~~~~~~~~~~~~~~~~~~~~~~~~~~~~~~~~~~ 07-09
25081467;260520452;25105805;11001300113;19041967;03111761;192;707;432;946;406;412 ~~~~~~~~~~~~~~~~~~~~~~ 07-10
26081467;270520452;26105805;12001300113;20041967;04111761;193;612 ~~~~~~~~~~~~~~~~~~~~~~~~~~~~~~~~~~~~~~ 07-11
27081467;280520452;27105805;13001300113;21041967;05111761;194 ~~~~~~~~~~~~~~~~~~~~~~~~~~~~~~~~~~~~~~~~~~ 07-12
28081467;290520452;28105805;14001300113;22041967;06111761;195;399 ~~~~~~~~~~~~~~~~~~~~~~~~~~~~~~~~~~~~~~ 07-13
29081467;010620452;29105805;15001300113;23041967;07111761;196;380 ~~~~~~~~~~~~~~~~~~~~~~~~~~~~~~~~~~~~~~ 07-14
01091467;020620452;01115805;16001300113;24041967;08111761;197;708;514;504;406 ~~~~~~~~~~~~~~~~~~~~~~~~~~ 07-15
02091467;030620452;02115805;17001300113;25041967;09111761;198;709;836;870;400 ~~~~~~~~~~~~~~~~~~~~~~~~~~ 07-16
03091467;040620452;03115805;18001300113;26041967;10111761;199;710;617 ~~~~~~~~~~~~~~~~~~~~~~~~~~~~~~~~~~ 07-17
04091467;050620452;04115805;19001300113;27041967;11111761;200 ~~~~~~~~~~~~~~~~~~~~~~~~~~~~~~~~~~~~~~~~~~ 07-18
05091467;060620452;05115805;00011300113;28041967;12111761;201;711;400;409;612 ~~~~~~~~~~~~~~~~~~~~~~~~~~ 07-19
06091467;070620452;06115805;01011300113;29041967;13111761;202;631;397;406 ~~~~~~~~~~~~~~~~~~~~~~~~~~~~~~ 07-20
07091467;080620452;07115805;02011300113;30041967;14111761;203;617 ~~~~~~~~~~~~~~~~~~~~~~~~~~~~~~~~~~~~~~ 07-21
08091467;090620452;08115805;03011300113;31041967;15111761;204;713 ~~~~~~~~~~~~~~~~~~~~~~~~~~~~~~~~~~~~~~ 07-22
09091467;100620452;09115805;04011300113;01051967;16111761;205;714;612;617 ~~~~~~~~~~~~~~~~~~~~~~~~~~~~~~ 07-23
10091467;110620452;10115805;05011300113;02051967;17111761;206;546 ~~~~~~~~~~~~~~~~~~~~~~~~~~~~~~~~~~~~~~ 07-24
11091467;120620452;11115805;06011300113;03051967;18111761;207;406;409;612 ~~~~~~~~~~~~~~~~~~~~~~~~~~~~~~ 07-25
12091467;130620452;12115805;07011300113;04051967;19111761;208 ~~~~~~~~~~~~~~~~~~~~~~~~~~~~~~~~~~~~~~~~~~ 07-26
13091467;140620452;13115805;08011300113;05051967;20111761;209;712;715;505;612;617 ~~~~~~~~~~~~~~~~~~~~~~ 07-27
14091467;150620452;14115805;09011300113;06051967;21111761;210;716;387;531;561;400 ~~~~~~~~~~~~~~~~~~~~~~ 07-28
15091467;160620452;15115805;10011300113;07051967;22111761;211;617 ~~~~~~~~~~~~~~~~~~~~~~~~~~~~~~~~~~~~~~ 07-29
16091467;170620452;16115805;11011300113;08051967;23111761;212;513 ~~~~~~~~~~~~~~~~~~~~~~~~~~~~~~~~~~~~~~ 07-30
17091467;180620452;17115805;12011300113;09051967;24111761;213;400;409 ~~~~~~~~~~~~~~~~~~~~~~~~~~~~~~~~~~ 07-31
18091467;190620452;18115805;13011300113;10051967;25111761;214;718 ~~~~~~~~~~~~~~~~~~~~~~~~~~~~~~~~~~~~~~ 08-01
19091467;200620452;19115805;14011300113;11051967;26111761;215;421;505;612 ~~~~~~~~~~~~~~~~~~~~~~~~~~~~~~ 08-02
20091467;210620452;20115805;15011300113;12051967;27111761;216;400 ~~~~~~~~~~~~~~~~~~~~~~~~~~~~~~~~~~~~~~ 08-03
21091467;220620452;21115805;16011300113;13051967;28111761;217;719;505 ~~~~~~~~~~~~~~~~~~~~~~~~~~~~~~~~~~ 08-04
22091467;230620452;22115805;17011300113;14051967;29111761;218;637;720;398;618 ~~~~~~~~~~~~~~~~~~~~~~~~~~ 08-05
23091467;240620452;23115805;18011300113;15051967;30111761;219;717;401;409;612 ~~~~~~~~~~~~~~~~~~~~~~~~~~ 08-06
24091467;250620452;24115805;19011300113;16051967;01121761;220;412;618 ~~~~~~~~~~~~~~~~~~~~~~~~~~~~~~~~~~ 08-07
25091467;260620452;25115805;00021300113;17051967;02121761;221;413;505;612 ~~~~~~~~~~~~~~~~~~~~~~~~~~~~~~ 08-08
26091467;270620452;26115805;01021300113;18051967;03121761;222;722;878;406 ~~~~~~~~~~~~~~~~~~~~~~~~~~~~~~ 08-09
27091467;280620452;27115805;02021300113;19051967;04121761;223;508;505;612 ~~~~~~~~~~~~~~~~~~~~~~~~~~~~~~ 08-10
28091467;290620452;28115805;03021300113;20051967;05121761;224;507;618 ~~~~~~~~~~~~~~~~~~~~~~~~~~~~~~~~~~ 08-11
29091467;300620452;29115805;04021300113;21051967;06121761;225;723;380;514;930;953;409 ~~~~~~~~~~~~~~~~~~ 08-12
30091467;010720452;30115805;05021300113;22051967;07121761;226;721;506;618 ~~~~~~~~~~~~~~~~~~~~~~~~~~~~~~ 08-13
01101467;020720452;01125805;06021300113;23051967;08121761;227;437;502;406 ~~~~~~~~~~~~~~~~~~~~~~~~~~~~~~ 08-14
02101467;030720452;02125805;07021300113;24051967;09121761;228;579 ~~~~~~~~~~~~~~~~~~~~~~~~~~~~~~~~~~~~~~ 08-15
03101467;040720452;03125805;08021300113;25051967;10121761;229;891 ~~~~~~~~~~~~~~~~~~~~~~~~~~~~~~~~~~~~~~ 08-16
04101467;050720452;04125805;09021300113;26051967;11121761;230;618 ~~~~~~~~~~~~~~~~~~~~~~~~~~~~~~~~~~~~~~ 08-17
05101467;060720452;05125805;10021300113;27051967;12121761;231;612 ~~~~~~~~~~~~~~~~~~~~~~~~~~~~~~~~~~~~~~ 08-18
06101467;070720452;06125805;11021300113;28051967;13121761;232;724;397;417;572;406 ~~~~~~~~~~~~~~~~~~~~~~ 08-19
07101467;080720452;07125805;12021300113;29051967;14121761;233 ~~~~~~~~~~~~~~~~~~~~~~~~~~~~~~~~~~~~~~~~~~ 08-20
08101467;090720452;08125805;13021300113;30051967;15121761;234;618 ~~~~~~~~~~~~~~~~~~~~~~~~~~~~~~~~~~~~~~ 08-21
09101467;100720452;09125805;14021300113;31051967;16121761;235;612 ~~~~~~~~~~~~~~~~~~~~~~~~~~~~~~~~~~~~~~ 08-22
10101467;110720452;10125805;15021300113;01061967;17121761;236;433;817;926 ~~~~~~~~~~~~~~~~~~~~~~~~~~~~~~ 08-23
11101467;120720452;11125805;16021300113;02061967;18121761;237;409;612 ~~~~~~~~~~~~~~~~~~~~~~~~~~~~~~~~~~ 08-24
12101467;130720452;12125805;17021300113;03061967;19121761;238;427;596;897;938 ~~~~~~~~~~~~~~~~~~~~~~~~~~ 08-25
13101467;140720452;13125805;18021300113;04061967;20121761;239;725;467;513;567 ~~~~~~~~~~~~~~~~~~~~~~~~~~ 08-26
14101467;150720452;14125805;19021300113;05061967;21121761;240;428;725;388;542;556;909;910;925;948;567 ~~ 08-27
15101467;160720452;15125805;00031300113;06061967;22121761;241;796;418;612 ~~~~~~~~~~~~~~~~~~~~~~~~~~~~~~ 08-28
16101467;170720452;16125805;01031300113;07061967;23121761;242;594 ~~~~~~~~~~~~~~~~~~~~~~~~~~~~~~~~~~~~~~ 08-29
17101467;180720452;17125805;02031300113;08061967;24121761;243;595;457;875;409;612 ~~~~~~~~~~~~~~~~~~~~~~ 08-30
18101467;190720452;18125805;03031300113;09061967;25121761;244 ~~~~~~~~~~~~~~~~~~~~~~~~~~~~~~~~~~~~~~~~~~ 08-31
19101467;200720452;19125805;04031300113;10061967;26121761;245;596;727;612 ~~~~~~~~~~~~~~~~~~~~~~~~~~~~~~ 09-01
20101467;210720452;20125805;05031300113;11061967;27121761;246;429;637;728 ~~~~~~~~~~~~~~~~~~~~~~~~~~~~~~ 09-02
21101467;220720452;21125805;06031300113;12061967;28121761;247;430;406;619 ~~~~~~~~~~~~~~~~~~~~~~~~~~~~~~ 09-03
22101467;230720452;22125805;07031300113;13061967;29121761;248;434;398;883 ~~~~~~~~~~~~~~~~~~~~~~~~~~~~~~ 09-04
23101467;240720452;23125805;08031300113;14061967;30121761;249;435;612 ~~~~~~~~~~~~~~~~~~~~~~~~~~~~~~~~~~ 09-05
24101467;250720452;24125805;09031300113;15061967;01131761;250;418 ~~~~~~~~~~~~~~~~~~~~~~~~~~~~~~~~~~~~~~ 09-06
25101467;260720452;25125805;10031300113;16061967;02131761;251;503;612 ~~~~~~~~~~~~~~~~~~~~~~~~~~~~~~~~~~ 09-07
26101467;270720452;26125805;11031300113;17061967;03131761;252 ~~~~~~~~~~~~~~~~~~~~~~~~~~~~~~~~~~~~~~~~~~ 09-08
27101467;280720452;27125805;12031300113;18061967;04131761;253;612;619 ~~~~~~~~~~~~~~~~~~~~~~~~~~~~~~~~~~ 09-09
28101467;290720452;28125805;13031300113;19061967;05131761;254;455;845;380;514 ~~~~~~~~~~~~~~~~~~~~~~~~~~ 09-10
29101467;010820452;29125805;14031300113;20061967;01011762;255;729;846;928;521;409;421;612 ~~~~~~~~~~~~~~ 09-11
01111467;020820452;01215806;15031300113;21061967;02011762;256;847;521 ~~~~~~~~~~~~~~~~~~~~~~~~~~~~~~~~~~ 09-12
02111467;030820452;02215806;16031300113;22061967;03011762;257;726;597;521;406;612;619 ~~~~~~~~~~~~~~~~~~ 09-13
03111467;040820452;03215806;17031300113;23061967;04011762;258;730;550 ~~~~~~~~~~~~~~~~~~~~~~~~~~~~~~~~~~ 09-14
04111467;050820452;04215806;18031300113;24061967;05011762;259;596;734;915;612 ~~~~~~~~~~~~~~~~~~~~~~~~~~ 09-15
05111467;060820452;05215806;19031300113;25061967;06011762;260;735 ~~~~~~~~~~~~~~~~~~~~~~~~~~~~~~~~~~~~~~ 09-16
06111467;070820452;06215806;00041300113;26061967;07011762;261;731;397;619 ~~~~~~~~~~~~~~~~~~~~~~~~~~~~~~ 09-17
07111467;080820452;07215806;01041300113;27061967;08011762;262;908 ~~~~~~~~~~~~~~~~~~~~~~~~~~~~~~~~~~~~~~ 09-18
08111467;090820452;08215806;02041300113;28061967;09011762;263;732;612;848 ~~~~~~~~~~~~~~~~~~~~~~~~~~~~~~ 09-19
09111467;100820452;09215806;03041300113;29061967;10011762;264;805 ~~~~~~~~~~~~~~~~~~~~~~~~~~~~~~~~~~~~~~ 09-20
10111467;110820452;10215806;04041300113;30061967;11011762;265;733;903;462;527;848 ~~~~~~~~~~~~~~~~~~~~~~ 09-21
11111467;120820452;11215806;05041300113;31061967;12011762;266;738;513;423 ~~~~~~~~~~~~~~~~~~~~~~~~~~~~~~ 09-22
12111467;130820452;12215806;06041300113;01071967;13011762;267;739;463;848 ~~~~~~~~~~~~~~~~~~~~~~~~~~~~~~ 09-23
13111467;140820452;13215806;07041300113;02071967;14011762;268;740 ~~~~~~~~~~~~~~~~~~~~~~~~~~~~~~~~~~~~~~ 09-24
14111467;150820452;14215806;08041300113;03071967;15011762;269;736;389;390;520;551;570;848 ~~~~~~~~~~~~~~ 09-25
15111467;160820452;15215806;09041300113;04071967;16011762;270;737;534;907;523 ~~~~~~~~~~~~~~~~~~~~~~~~~~ 09-26
16111467;170820452;16215806;10041300113;05071967;17011762;271;742;790;523;619 ~~~~~~~~~~~~~~~~~~~~~~~~~~ 09-27
17111467;180820452;17215806;11041300113;06071967;18011762;272;741;790;523 ~~~~~~~~~~~~~~~~~~~~~~~~~~~~~~ 09-28
18111467;190820452;18215806;12041300113;07071967;19011762;273;790;523;409;612 ~~~~~~~~~~~~~~~~~~~~~~~~~~ 09-29
19111467;200820452;19215806;13041300113;08071967;20011762;274;743;790;864;523;853 ~~~~~~~~~~~~~~~~~~~~~~ 09-30
20111467;210820452;20215806;14041300113;09071967;21011762;275;790;523;853;612;848 ~~~~~~~~~~~~~~~~~~~~~~ 10-01
21111467;220820452;21215806;15041300113;10071967;22011762;276;744;790;523;853 ~~~~~~~~~~~~~~~~~~~~~~~~~~ 10-02
22111467;230820452;22215806;16041300113;11071967;23011762;277;745;790;398;524;406;620;848 ~~~~~~~~~~~~~~ 10-03
23111467;240820452;23215806;17041300113;12071967;24011762;278;746;525 ~~~~~~~~~~~~~~~~~~~~~~~~~~~~~~~~~~ 10-04
24111467;250820452;24215806;18041300113;13071967;25011762;279;747;612;620 ~~~~~~~~~~~~~~~~~~~~~~~~~~~~~~ 10-05
25111467;260820452;25215806;19041300113;14071967;26011762;280;748;432;869 ~~~~~~~~~~~~~~~~~~~~~~~~~~~~~~ 10-06
26111467;270820452;26215806;00051300113;15071967;27011762;281;637;554;848 ~~~~~~~~~~~~~~~~~~~~~~~~~~~~~~ 10-07
27111467;280820452;27215806;01051300113;16071967;28011762;282;750;749;514;406 ~~~~~~~~~~~~~~~~~~~~~~~~~~ 10-08
28111467;290820452;28215806;02051300113;17071967;29011762;283;751;816;612;620;848 ~~~~~~~~~~~~~~~~~~~~~~ 10-09
29111467;010920452;29215806;03051300113;18071967;30011762;284;791;380;367;920 ~~~~~~~~~~~~~~~~~~~~~~~~~~ 10-10
30111467;020920452;30215806;04051300113;19071967;01021762;285;752;368;895;409;612 ~~~~~~~~~~~~~~~~~~~~~~ 10-11
01121467;030920452;01225806;05051300113;20071967;02021762;286;753;418 ~~~~~~~~~~~~~~~~~~~~~~~~~~~~~~~~~~ 10-12
02121467;040920452;02225806;06051300113;21071967;03021762;287;612 ~~~~~~~~~~~~~~~~~~~~~~~~~~~~~~~~~~~~~~ 10-13
03121467;050920452;03225806;07051300113;22071967;04021762;288;754 ~~~~~~~~~~~~~~~~~~~~~~~~~~~~~~~~~~~~~~ 10-14
04121467;060920452;04225806;08051300113;23071967;05021762;289;835;918;612;620 ~~~~~~~~~~~~~~~~~~~~~~~~~~ 10-15
05121467;070920452;05225806;09051300113;24071967;06021762;290;755;919 ~~~~~~~~~~~~~~~~~~~~~~~~~~~~~~~~~~ 10-16
06121467;080920452;06225806;10051300113;25071967;07021762;291;756;397;409;612 ~~~~~~~~~~~~~~~~~~~~~~~~~~ 10-17
07121467;090920452;07225806;11051300113;26071967;08021762;292;757;548;885;563;406 ~~~~~~~~~~~~~~~~~~~~~~ 10-18
08121467;100920452;08225806;12051300113;27071967;09021762;293;631;620 ~~~~~~~~~~~~~~~~~~~~~~~~~~~~~~~~~~ 10-19
09121467;110920452;09225806;13051300113;28071967;10021762;294;792;513;549;560;501;784 ~~~~~~~~~~~~~~~~~~ 10-20
10121467;120920452;10225806;14051300113;29071967;11021762;295;758;369;899;500;785;612 ~~~~~~~~~~~~~~~~~~ 10-21
11121467;130920452;11225806;15051300113;30071967;12021762;296;866;500;786 ~~~~~~~~~~~~~~~~~~~~~~~~~~~~~~ 10-22
12121467;140920452;12225806;16051300113;01081967;13021762;297;431;787;406;612;620 ~~~~~~~~~~~~~~~~~~~~~~ 10-23
13121467;150920452;13225806;17051300113;02081967;14021762;298;371;500 ~~~~~~~~~~~~~~~~~~~~~~~~~~~~~~~~~~ 10-24
14121467;160920452;14225806;18051300113;03081967;15021762;299;393;436;532;882;922;500;612;620 ~~~~~~~~~~ 10-25
15121467;170920452;15225806;19051300113;04081967;16021762;300 ~~~~~~~~~~~~~~~~~~~~~~~~~~~~~~~~~~~~~~~~~~ 10-26
16121467;180920452;16225806;00061300113;05081967;17021762;301;849;620 ~~~~~~~~~~~~~~~~~~~~~~~~~~~~~~~~~~ 10-27
17121467;190920452;17225806;01061300113;06081967;18021762;302;759;410 ~~~~~~~~~~~~~~~~~~~~~~~~~~~~~~~~~~ 10-28
18121467;200920452;18225806;02061300113;07081967;19021762;303;881;841 ~~~~~~~~~~~~~~~~~~~~~~~~~~~~~~~~~~ 10-29
19121467;210920452;19225806;03061300113;08081967;20021762;304 ~~~~~~~~~~~~~~~~~~~~~~~~~~~~~~~~~~~~~~~~~~ 10-30
20121467;220920452;20225806;04061300113;09081967;21021762;305 ~~~~~~~~~~~~~~~~~~~~~~~~~~~~~~~~~~~~~~~~~~ 10-31
21121467;230920452;21225806;05061300113;10081967;22021762;306;761;398;499 ~~~~~~~~~~~~~~~~~~~~~~~~~~~~~~ 11-01
22121467;240920452;22225806;06061300113;11081967;23021762;307;762;406 ~~~~~~~~~~~~~~~~~~~~~~~~~~~~~~~~~~ 11-02
23121467;250920452;23225806;07061300113;12081967;24021762;308 ~~~~~~~~~~~~~~~~~~~~~~~~~~~~~~~~~~~~~~~~~~ 11-03
24121467;260920452;24225806;08061300113;13081967;25021762;309;637;763;514;842;612 ~~~~~~~~~~~~~~~~~~~~~~ 11-04
25121467;270920452;25225806;09061300113;14081967;26021762;310;399;558;911 ~~~~~~~~~~~~~~~~~~~~~~~~~~~~~~ 11-05
26121467;280920452;26225806;10061300113;15081967;27021762;311;760;779;784;612 ~~~~~~~~~~~~~~~~~~~~~~~~~~ 11-06
27121467;290920452;27225806;11061300113;16081967;28021762;312;453;780;785;406 ~~~~~~~~~~~~~~~~~~~~~~~~~~ 11-07
28121467;300920452;28225806;12061300113;17081967;29021762;313;380;781;786;893;400 ~~~~~~~~~~~~~~~~~~~~~~ 11-08
29121467;011020452;29225806;13061300113;18081967;30021762;314;764;782;787;621 ~~~~~~~~~~~~~~~~~~~~~~~~~~ 11-09
01011468;021020452;01235806;14061300113;19081967;01031762;315;535;783;788;495;421;612 ~~~~~~~~~~~~~~~~~~ 11-10
02011468;031020452;02235806;15061300113;20081967;02031762;316;621 ~~~~~~~~~~~~~~~~~~~~~~~~~~~~~~~~~~~~~~ 11-11
03011468;041020452;03235806;16061300113;21081967;03031762;317;406;612 ~~~~~~~~~~~~~~~~~~~~~~~~~~~~~~~~~~ 11-12
04011468;051020452;04235806;17061300113;22081967;04031762;318;621 ~~~~~~~~~~~~~~~~~~~~~~~~~~~~~~~~~~~~~~ 11-13
05011468;061020452;05235806;18061300113;23081967;05031762;319;422;543;400 ~~~~~~~~~~~~~~~~~~~~~~~~~~~~~~ 11-14
06011468;071020452;06235806;19061300113;24081967;06031762;320;621 ~~~~~~~~~~~~~~~~~~~~~~~~~~~~~~~~~~~~~~ 11-15
07011468;081020452;07235806;00071300113;25081967;07031762;321;766;397;513;612 ~~~~~~~~~~~~~~~~~~~~~~~~~~ 11-16
08011468;091020452;08235806;01071300113;26081967;08031762;322;400;406;418;621 ~~~~~~~~~~~~~~~~~~~~~~~~~~ 11-17
09011468;101020452;09235806;02071300113;27081967;09031762;323;767;496;612 ~~~~~~~~~~~~~~~~~~~~~~~~~~~~~~ 11-18
10011468;111020452;10235806;03071300113;28081967;10031762;324;765;433;879;498 ~~~~~~~~~~~~~~~~~~~~~~~~~~ 11-19
11011468;121020452;11235806;04071300113;29081967;11031762;325;547;400 ~~~~~~~~~~~~~~~~~~~~~~~~~~~~~~~~~~ 11-20
12011468;131020452;12235806;05071300113;30081967;12031762;326;934;621 ~~~~~~~~~~~~~~~~~~~~~~~~~~~~~~~~~~ 11-21
13011468;141020452;13235806;06071300113;01091967;13031762;327;769;788;406 ~~~~~~~~~~~~~~~~~~~~~~~~~~~~~~ 11-22
14011468;151020452;14235806;07071300113;02091967;14031762;328;440;400 ~~~~~~~~~~~~~~~~~~~~~~~~~~~~~~~~~~ 11-23
15011468;161020452;15235806;08071300113;03091967;15031762;329;441;392;810;880;612 ~~~~~~~~~~~~~~~~~~~~~~ 11-24
16011468;171020452;16235806;09071300113;04091967;16031762;330;770;768;401;621 ~~~~~~~~~~~~~~~~~~~~~~~~~~ 11-25
17011468;181020452;17235806;10071300113;05091967;17031762;331;418;612 ~~~~~~~~~~~~~~~~~~~~~~~~~~~~~~~~~~ 11-26
18011468;191020452;18235806;11071300113;06091967;18031762;332;442;406 ~~~~~~~~~~~~~~~~~~~~~~~~~~~~~~~~~~ 11-27
19011468;201020452;19235806;12071300113;07091967;19031762;333;771;369;496 ~~~~~~~~~~~~~~~~~~~~~~~~~~~~~~ 11-28
20011468;211020452;20235806;13071300113;08091967;20031762;334;772;514 ~~~~~~~~~~~~~~~~~~~~~~~~~~~~~~~~~~ 11-29
21011468;221020452;21235806;14071300113;09091967;21031762;335;865 ~~~~~~~~~~~~~~~~~~~~~~~~~~~~~~~~~~~~~~ 11-30
22011468;231020452;22235806;15071300113;10091967;22031762;336;774;398;876 ~~~~~~~~~~~~~~~~~~~~~~~~~~~~~~ 12-01
23011468;241020452;23235806;16071300113;11091967;23031762;337;637;775;370;406 ~~~~~~~~~~~~~~~~~~~~~~~~~~ 12-02
24011468;251020452;24235806;17071300113;12091967;24031762;338;437;589;622 ~~~~~~~~~~~~~~~~~~~~~~~~~~~~~~ 12-03
25011468;261020452;25235806;18071300113;13091967;25031762;339;936;516;496;612 ~~~~~~~~~~~~~~~~~~~~~~~~~~ 12-04
26011468;271020452;26235806;19071300113;14091967;26031762;340;773;516 ~~~~~~~~~~~~~~~~~~~~~~~~~~~~~~~~~~ 12-05
27011468;281020452;27235806;00081300113;15091967;27031762;341;414;516 ~~~~~~~~~~~~~~~~~~~~~~~~~~~~~~~~~~ 12-06
28011468;291020452;28235806;01081300113;16091967;28031762;342;379;516;406 ~~~~~~~~~~~~~~~~~~~~~~~~~~~~~~ 12-07
29011468;011120452;29235806;02081300113;17091967;29031762;343;380;516;612 ~~~~~~~~~~~~~~~~~~~~~~~~~~~~~~ 12-08
30011468;021120452;30235806;03081300113;18091967;30031762;344;776;497;622 ~~~~~~~~~~~~~~~~~~~~~~~~~~~~~~ 12-09
01021468;031120452;01245806;04081300113;19091967;01041762;345;777;590;516 ~~~~~~~~~~~~~~~~~~~~~~~~~~~~~~ 12-10
02021468;041120452;02245806;05081300113;20091967;02041762;346;516 ~~~~~~~~~~~~~~~~~~~~~~~~~~~~~~~~~~~~~~ 12-11
03021468;051120452;03245806;06081300113;21091967;03041762;347;402;516;612 ~~~~~~~~~~~~~~~~~~~~~~~~~~~~~~ 12-12
04021468;061120452;04245806;07081300113;22091967;04041762;348;944 ~~~~~~~~~~~~~~~~~~~~~~~~~~~~~~~~~~~~~~ 12-13
05021468;071120452;05245806;08081300113;23091967;05041762;349;513 ~~~~~~~~~~~~~~~~~~~~~~~~~~~~~~~~~~~~~~ 12-14
06021468;081120452;06245806;09081300113;24091967;06041762;350;778;622 ~~~~~~~~~~~~~~~~~~~~~~~~~~~~~~~~~~ 12-15
07021468;091120452;07245806;10081300113;25091967;07041762;351;397;403;612 ~~~~~~~~~~~~~~~~~~~~~~~~~~~~~~ 12-16
08021468;101120452;08245806;11081300113;26091967;08041762;352;591;406;622 ~~~~~~~~~~~~~~~~~~~~~~~~~~~~~~ 12-17
09021468;111120452;09245806;12081300113;27091967;09041762;353 ~~~~~~~~~~~~~~~~~~~~~~~~~~~~~~~~~~~~~~~~~~ 12-18
10021468;121120452;10245806;13081300113;28091967;10041762;354;622 ~~~~~~~~~~~~~~~~~~~~~~~~~~~~~~~~~~~~~~ 12-19
11021468;131120452;11245806;14081300113;29091967;11041762;355;371;557;890;466;403;612 ~~~~~~~~~~~~~~~~~~ 12-20
12021468;141120452;12245806;15081300113;30091967;12041762;356;823;426;622 ~~~~~~~~~~~~~~~~~~~~~~~~~~~~~~ 12-21
13021468;151120452;13245806;16081300113;01101967;13041762;357;465;406;612 ~~~~~~~~~~~~~~~~~~~~~~~~~~~~~~ 12-22
14021468;161120452;14245806;17081300113;02101967;14041762;358;395;545;887;418;622 ~~~~~~~~~~~~~~~~~~~~~~ 12-23
15021468;171120452;15245806;18081300113;03101967;15041762;359;855;592;403 ~~~~~~~~~~~~~~~~~~~~~~~~~~~~~~ 12-24
16021468;181120452;16245806;19081300113;04101967;16041762;360 ~~~~~~~~~~~~~~~~~~~~~~~~~~~~~~~~~~~~~~~~~~ 12-25
17021468;191120452;17245806;00091300113;05101967;17041762;361;514;612 ~~~~~~~~~~~~~~~~~~~~~~~~~~~~~~~~~~ 12-26
18021468;201120452;18245806;01091300113;06101967;18041762;362;406;622 ~~~~~~~~~~~~~~~~~~~~~~~~~~~~~~~~~~ 12-27
19021468;211120452;19245806;02091300113;07101967;19041762;363 ~~~~~~~~~~~~~~~~~~~~~~~~~~~~~~~~~~~~~~~~~~ 12-28
20021468;221120452;20245806;03091300113;08101967;20041762;364;844 ~~~~~~~~~~~~~~~~~~~~~~~~~~~~~~~~~~~~~~ 12-29
21021468;231120452;21245806;04091300113;09101967;21041762;365;398 ~~~~~~~~~~~~~~~~~~~~~~~~~~~~~~~~~~~~~~ 12-30
22021468;241120452;22245806;05091300113;10101967;22041762;366 ~~~~~~~~~~~~~~~~~~~~~~~~~~~~~~~~~~~~~~~~~~ 12-31
