19091453;19112031m;17045792;11051900013;11101953;22041748;001;611 ~~~~~~~~~~~~~~~~~~~~~~~~~~~~~~~~~~~~~~ 01-01
20091453;20112031m;18045792;12051900013;12101953;23041748;002 ~~~~~~~~~~~~~~~~~~~~~~~~~~~~~~~~~~~~~~~~~~ 01-02
21091453;21112031m;19045792;13051900013;13101953;24041748;003;637;372;611 ~~~~~~~~~~~~~~~~~~~~~~~~~~~~~~ 01-03
22091453;22112031m;20045792;14051900013;14101953;25041748;004 ~~~~~~~~~~~~~~~~~~~~~~~~~~~~~~~~~~~~~~~~~~ 01-04
23091453;23112031m;21045792;15051900013;15101953;26041748;005;398;505;611 ~~~~~~~~~~~~~~~~~~~~~~~~~~~~~~ 01-05
24091453;24112031m;22045792;16051900013;16101953;27041748;006;406 ~~~~~~~~~~~~~~~~~~~~~~~~~~~~~~~~~~~~~~ 01-06
25091453;25112031m;23045792;17051900013;17101953;28041748;007;611 ~~~~~~~~~~~~~~~~~~~~~~~~~~~~~~~~~~~~~~ 01-07
26091453;26112031m;24045792;18051900013;18101953;29041748;008 ~~~~~~~~~~~~~~~~~~~~~~~~~~~~~~~~~~~~~~~~~~ 01-08
27091453;27112031m;25045792;19051900013;19101953;30041748;009;507;917;508;403;611 ~~~~~~~~~~~~~~~~~~~~~~ 01-09
28091453;28112031m;26045792;00061900013;20101953;01051748;010;626 ~~~~~~~~~~~~~~~~~~~~~~~~~~~~~~~~~~~~~~ 01-10
29091453;29112031m;27045792;01061900013;21101953;02051748;011;627;406;611 ~~~~~~~~~~~~~~~~~~~~~~~~~~~~~~ 01-11
30091453;30112031m;28045792;02061900013;22101953;03051748;012;628;380;928;506 ~~~~~~~~~~~~~~~~~~~~~~~~~~ 01-12
01101453;01122031m;29045792;03061900013;23101953;04051748;013;629;514;502;403;611 ~~~~~~~~~~~~~~~~~~~~~~ 01-13
02101453;02122031m;01055792;04061900013;24101953;05051748;014;432 ~~~~~~~~~~~~~~~~~~~~~~~~~~~~~~~~~~~~~~ 01-14
03101453;03122031m;02055792;05061900013;25101953;06051748;015;631;611 ~~~~~~~~~~~~~~~~~~~~~~~~~~~~~~~~~~ 01-15
04101453;04122031m;03055792;06061900013;26101953;07051748;016;406 ~~~~~~~~~~~~~~~~~~~~~~~~~~~~~~~~~~~~~~ 01-16
05101453;05122031m;04055792;07061900013;27101953;08051748;017;630;403;611 ~~~~~~~~~~~~~~~~~~~~~~~~~~~~~~ 01-17
06101453;06122031m;05055792;08061900013;28101953;09051748;018;625 ~~~~~~~~~~~~~~~~~~~~~~~~~~~~~~~~~~~~~~ 01-18
07101453;07122031m;06055792;09061900013;29101953;10051748;019;492;397;611 ~~~~~~~~~~~~~~~~~~~~~~~~~~~~~~ 01-19
08101453;08122031m;07055792;10061900013;30101953;11051748;020 ~~~~~~~~~~~~~~~~~~~~~~~~~~~~~~~~~~~~~~~~~~ 01-20
09101453;09122031m;08055792;11061900013;01111953;12051748;021;403;611 ~~~~~~~~~~~~~~~~~~~~~~~~~~~~~~~~~~ 01-21
10101453;10122031m;09055792;12061900013;02111953;13051748;022;412 ~~~~~~~~~~~~~~~~~~~~~~~~~~~~~~~~~~~~~~ 01-22
11101453;11122031m;10055792;13061900013;03111953;14051748;023;905;611 ~~~~~~~~~~~~~~~~~~~~~~~~~~~~~~~~~~ 01-23
12101453;12122031m;11055792;14061900013;04111953;15051748;024 ~~~~~~~~~~~~~~~~~~~~~~~~~~~~~~~~~~~~~~~~~~ 01-24
13101453;13122031m;12055792;15061900013;05111953;16051748;025;635;376;403;415;611 ~~~~~~~~~~~~~~~~~~~~~~ 01-25
14101453;14122031m;13055792;16061900013;06111953;17051748;026;636 ~~~~~~~~~~~~~~~~~~~~~~~~~~~~~~~~~~~~~~ 01-26
15101453;15122031m;14055792;17061900013;07111953;18051748;027;381;513;904;580;611 ~~~~~~~~~~~~~~~~~~~~~~ 01-27
16101453;16122031m;15055792;18061900013;08111953;19051748;028;632 ~~~~~~~~~~~~~~~~~~~~~~~~~~~~~~~~~~~~~~ 01-28
17101453;17122031m;16055792;19061900013;09111953;20051748;029;403;412;611 ~~~~~~~~~~~~~~~~~~~~~~~~~~~~~~ 01-29
18101453;18122031m;17055792;00071900013;10111953;21051748;030;633 ~~~~~~~~~~~~~~~~~~~~~~~~~~~~~~~~~~~~~~ 01-30
19101453;19122031m;18055792;01071900013;11111953;22051748;031;634;916;406;611 ~~~~~~~~~~~~~~~~~~~~~~~~~~ 01-31
20101453;20122031m;19055792;01071900013;12111953;23051748;032 ~~~~~~~~~~~~~~~~~~~~~~~~~~~~~~~~~~~~~~~~~~ 02-01
21101453;21122031m;20055792;02071900013;13111953;24051748;033;403;612 ~~~~~~~~~~~~~~~~~~~~~~~~~~~~~~~~~~ 02-02
22101453;22122031m;21055792;03071900013;14111953;25051748;034 ~~~~~~~~~~~~~~~~~~~~~~~~~~~~~~~~~~~~~~~~~~ 02-03
23101453;23122031m;22055792;04071900013;15111953;26051748;035;398;612 ~~~~~~~~~~~~~~~~~~~~~~~~~~~~~~~~~~ 02-04
24101453;24122031m;23055792;05071900013;16111953;27051748;036;638;412 ~~~~~~~~~~~~~~~~~~~~~~~~~~~~~~~~~~ 02-05
25101453;25122031m;24055792;06071900013;17111953;28051748;037;639;612 ~~~~~~~~~~~~~~~~~~~~~~~~~~~~~~~~~~ 02-06
26101453;26122031m;25055792;07071900013;18111953;29051748;038;637;640;831;923 ~~~~~~~~~~~~~~~~~~~~~~~~~~ 02-07
27101453;27122031m;26055792;08071900013;19111953;30051748;039;581;612 ~~~~~~~~~~~~~~~~~~~~~~~~~~~~~~~~~~ 02-08
28101453;28122031m;27055792;09071900013;20111953;01061748;040;641 ~~~~~~~~~~~~~~~~~~~~~~~~~~~~~~~~~~~~~~ 02-09
29101453;29122031m;28055792;10071900013;21111953;02061748;041;443;380;514;406;415;612 ~~~~~~~~~~~~~~~~~~ 02-10
01111453;01012032n;29055792;11071900013;22111953;03061748;042;444;888;479;490 ~~~~~~~~~~~~~~~~~~~~~~~~~~ 02-11
02111453;02012032n;30055792;12071900013;23111953;04061748;043;642;566;479;490;412;612 ~~~~~~~~~~~~~~~~~~ 02-12
03111453;03012032n;01065792;13071900013;24111953;05061748;044;566 ~~~~~~~~~~~~~~~~~~~~~~~~~~~~~~~~~~~~~~ 02-13
04111453;04012032n;02065792;14071900013;25111953;06061748;045;643;566;403;612 ~~~~~~~~~~~~~~~~~~~~~~~~~~ 02-14
05111453;05012032n;03065792;15071900013;26111953;07061748;046;940;566;406 ~~~~~~~~~~~~~~~~~~~~~~~~~~~~~~ 02-15
06111453;06012032n;04065792;16071900013;27111953;08061748;047;450;413;612 ~~~~~~~~~~~~~~~~~~~~~~~~~~~~~~ 02-16
07111453;07012032n;05065792;17071900013;28111953;09061748;048;397;914;854 ~~~~~~~~~~~~~~~~~~~~~~~~~~~~~~ 02-17
08111453;08012032n;06065792;18071900013;29111953;10061748;049;536;854;403;415;612 ~~~~~~~~~~~~~~~~~~~~~~ 02-18
09111453;09012032n;07065792;19071900013;30111953;11061748;050;644;379 ~~~~~~~~~~~~~~~~~~~~~~~~~~~~~~~~~~ 02-19
10111453;10012032n;08065792;00081900013;01121953;12061748;051;645;406;612 ~~~~~~~~~~~~~~~~~~~~~~~~~~~~~~ 02-20
11111453;11012032n;09065792;01081900013;02121953;13061748;052;873 ~~~~~~~~~~~~~~~~~~~~~~~~~~~~~~~~~~~~~~ 02-21
12111453;12012032n;10065792;02081900013;03121953;14061748;053;612 ~~~~~~~~~~~~~~~~~~~~~~~~~~~~~~~~~~~~~~ 02-22
13111453;13012032n;11065792;03081900013;04121953;15061748;054;513 ~~~~~~~~~~~~~~~~~~~~~~~~~~~~~~~~~~~~~~ 02-23
14111453;14012032n;12065792;04081900013;05121953;16061748;055;646;612 ~~~~~~~~~~~~~~~~~~~~~~~~~~~~~~~~~~ 02-24
15111453;15012032n;13065792;05081900013;06121953;17061748;056;382;378;406 ~~~~~~~~~~~~~~~~~~~~~~~~~~~~~~ 02-25
16111453;16012032n;14065792;06081900013;07121953;18061748;057;647;648;813;884;519;403;415;612 ~~~~~~~~~~ 02-26
17111453;17012032n;15065792;07081900013;08121953;19061748;058;649;433 ~~~~~~~~~~~~~~~~~~~~~~~~~~~~~~~~~~ 02-27
18111453;18012032n;16065792;08081900013;09121953;20061748;059;612 ~~~~~~~~~~~~~~~~~~~~~~~~~~~~~~~~~~~~~~ 02-28
19111453;19012032n;17065792;09081900013;10121953;21061748;060;650;436;834 ~~~~~~~~~~~~~~~~~~~~~~~~~~~~~~ 02-29
20111453;20012032n;18065792;12081900013;11121953;22061748;061;416;406;613 ~~~~~~~~~~~~~~~~~~~~~~~~~~~~~~ 03-01
21111453;21012032n;19065792;13081900013;12121953;23061748;062 ~~~~~~~~~~~~~~~~~~~~~~~~~~~~~~~~~~~~~~~~~~ 03-02
22111453;22012032n;20065792;14081900013;13121953;24061748;063;613 ~~~~~~~~~~~~~~~~~~~~~~~~~~~~~~~~~~~~~~ 03-03
23111453;23012032n;21065792;15081900013;14121953;25061748;064;653;398 ~~~~~~~~~~~~~~~~~~~~~~~~~~~~~~~~~~ 03-04
24111453;24012032n;22065792;16081900013;15121953;26061748;065;654;613 ~~~~~~~~~~~~~~~~~~~~~~~~~~~~~~~~~~ 03-05
25111453;25012032n;23065792;17081900013;16121953;27061748;066;637;406 ~~~~~~~~~~~~~~~~~~~~~~~~~~~~~~~~~~ 03-06
26111453;26012032n;24065792;18081900013;17121953;28061748;067;655;399;613 ~~~~~~~~~~~~~~~~~~~~~~~~~~~~~~ 03-07
27111453;27012032n;25065792;19081900013;18121953;29061748;068;943 ~~~~~~~~~~~~~~~~~~~~~~~~~~~~~~~~~~~~~~ 03-08
28111453;28012032n;26065792;00091900013;19121953;30061748;069;403;613 ~~~~~~~~~~~~~~~~~~~~~~~~~~~~~~~~~~ 03-09
29111453;29012032n;27065792;01091900013;20121953;01071748;070;514;886;400 ~~~~~~~~~~~~~~~~~~~~~~~~~~~~~~ 03-10
30111453;30012032n;28065792;02091900013;21121953;02071748;071;656;380;406;613 ~~~~~~~~~~~~~~~~~~~~~~~~~~ 03-11
01121453;01022032n;29065792;03091900013;22121953;03071748;072;596 ~~~~~~~~~~~~~~~~~~~~~~~~~~~~~~~~~~~~~~ 03-12
02121453;02022032n;01075792;04091900013;23121953;04071748;073;400;403;613 ~~~~~~~~~~~~~~~~~~~~~~~~~~~~~~ 03-13
03121453;03022032n;02075792;05091900013;24121953;05071748;074 ~~~~~~~~~~~~~~~~~~~~~~~~~~~~~~~~~~~~~~~~~~ 03-14
04121453;04022032n;03075792;06091900013;25121953;06071748;075;613 ~~~~~~~~~~~~~~~~~~~~~~~~~~~~~~~~~~~~~~ 03-15
05121453;05022032n;04075792;07091900013;26121953;07071748;076;657;400;406 ~~~~~~~~~~~~~~~~~~~~~~~~~~~~~~ 03-16
06121453;06022032n;05075792;08091900013;27121953;08071748;077;613 ~~~~~~~~~~~~~~~~~~~~~~~~~~~~~~~~~~~~~~ 03-17
07121453;07022032n;06075792;09091900013;28121953;09071748;078;658;397;811;864 ~~~~~~~~~~~~~~~~~~~~~~~~~~ 03-18
08121453;08022032n;07075792;10091900013;29121953;10071748;079;466;400;613 ~~~~~~~~~~~~~~~~~~~~~~~~~~~~~~ 03-19
09121453;09022032n;08075792;11091900013;30121953;11071748;080;424;501 ~~~~~~~~~~~~~~~~~~~~~~~~~~~~~~~~~~ 03-20
10121453;10022032n;09075792;12091900013;01011954;12071748;081;493;459;500;851;406;613 ~~~~~~~~~~~~~~~~~~ 03-21
11121453;11022032n;10075792;13091900013;02011954;13071748;082;513;517;500;400 ~~~~~~~~~~~~~~~~~~~~~~~~~~ 03-22
12121453;12022032n;11075792;14091900013;03011954;14071748;083;659;613 ~~~~~~~~~~~~~~~~~~~~~~~~~~~~~~~~~~ 03-23
13121453;13022032n;12075792;15091900013;04011954;15071748;084;500 ~~~~~~~~~~~~~~~~~~~~~~~~~~~~~~~~~~~~~~ 03-24
14121453;14022032n;13075792;16091900013;05011954;16071748;085;500;400;403;613 ~~~~~~~~~~~~~~~~~~~~~~~~~~ 03-25
15121453;15022032n;14075792;17091900013;06011954;17071748;086;445;383;544;623;825;906;406 ~~~~~~~~~~~~~~ 03-26
16121453;16022032n;15075792;18091900013;07011954;18071748;087;446;598;515;613 ~~~~~~~~~~~~~~~~~~~~~~~~~~ 03-27
17121453;17022032n;16075792;19091900013;08011954;19071748;088;447;652;562;400 ~~~~~~~~~~~~~~~~~~~~~~~~~~ 03-28
18121453;18022032n;17075792;00101900013;09011954;20071748;089;448;562;841;852;613 ~~~~~~~~~~~~~~~~~~~~~~ 03-29
19121453;19022032n;18075792;01101900013;10011954;21071748;090;401;562 ~~~~~~~~~~~~~~~~~~~~~~~~~~~~~~~~~~ 03-30
20121453;20022032n;19075792;02101900013;11011954;22071748;091;660;406;613 ~~~~~~~~~~~~~~~~~~~~~~~~~~~~~~ 03-31
21121453;21022032n;20075792;03101900013;12011954;23071748;092 ~~~~~~~~~~~~~~~~~~~~~~~~~~~~~~~~~~~~~~~~~~ 04-01
22121453;22022032n;21075792;04101900013;13011954;24071748;093;403;614 ~~~~~~~~~~~~~~~~~~~~~~~~~~~~~~~~~~ 04-02
23121453;23022032n;22075792;05101900013;14011954;25071748;094;637;661;398;533;924 ~~~~~~~~~~~~~~~~~~~~~~ 04-03
24121453;24022032n;23075792;06101900013;15011954;26071748;095;662;571;842;614 ~~~~~~~~~~~~~~~~~~~~~~~~~~ 04-04
25121453;25022032n;24075792;07101900013;16011954;27071748;096;651;406 ~~~~~~~~~~~~~~~~~~~~~~~~~~~~~~~~~~ 04-05
26121453;26022032n;25075792;08101900013;17011954;28071748;097;900;651;403;614 ~~~~~~~~~~~~~~~~~~~~~~~~~~ 04-06
27121453;27022032n;26075792;09101900013;18011954;29071748;098;663;514;651;526 ~~~~~~~~~~~~~~~~~~~~~~~~~~ 04-07
28121453;28022032n;27075792;10101900013;19011954;30071748;099;614;651 ~~~~~~~~~~~~~~~~~~~~~~~~~~~~~~~~~~ 04-08
29121453;29022032n;28075792;11101900013;20011954;01081748;100;380;651 ~~~~~~~~~~~~~~~~~~~~~~~~~~~~~~~~~~ 04-09
30121453;01032032n;29075792;12101900013;21011954;02081748;101;538;559;651;935;403;614 ~~~~~~~~~~~~~~~~~~ 04-10
01011454;02032032n;30075792;13101900013;22011954;03081748;102;432;495 ~~~~~~~~~~~~~~~~~~~~~~~~~~~~~~~~~~ 04-11
02011454;03032032n;01085792;14101900013;23011954;04081748;103;555;577;614 ~~~~~~~~~~~~~~~~~~~~~~~~~~~~~~ 04-12
03011454;04032032n;02085792;15101900013;24011954;05081748;104;437 ~~~~~~~~~~~~~~~~~~~~~~~~~~~~~~~~~~~~~~ 04-13
04011454;05032032n;03085792;16101900013;25011954;06081748;105;614 ~~~~~~~~~~~~~~~~~~~~~~~~~~~~~~~~~~~~~~ 04-14
05011454;06032032n;04085792;17101900013;26011954;07081748;106;631;664;945;528;406 ~~~~~~~~~~~~~~~~~~~~~~ 04-15
06011454;07032032n;05085792;18101900013;27011954;08081748;107;665;529;614 ~~~~~~~~~~~~~~~~~~~~~~~~~~~~~~ 04-16
07011454;08032032n;06085792;19101900013;28011954;09081748;108;666;397;833 ~~~~~~~~~~~~~~~~~~~~~~~~~~~~~~ 04-17
08011454;09032032n;07085792;00111900013;29011954;10081748;109;403;614 ~~~~~~~~~~~~~~~~~~~~~~~~~~~~~~~~~~ 04-18
09011454;10032032n;08085792;01111900013;30011954;11081748;110;794;513;576;933;496 ~~~~~~~~~~~~~~~~~~~~~~ 04-19
10011454;11032032n;09085792;02111900013;31011954;12081748;111;498;614 ~~~~~~~~~~~~~~~~~~~~~~~~~~~~~~~~~~ 04-20
11011454;12032032n;10085792;03111900013;01021954;13081748;112;877 ~~~~~~~~~~~~~~~~~~~~~~~~~~~~~~~~~~~~~~ 04-21
12011454;13032032n;11085792;04111900013;02021954;14081748;113;667;403;614 ~~~~~~~~~~~~~~~~~~~~~~~~~~~~~~ 04-22
13011454;14032032n;12085792;05111900013;03021954;15081748;114 ~~~~~~~~~~~~~~~~~~~~~~~~~~~~~~~~~~~~~~~~~~ 04-23
14011454;15032032n;13085792;06111900013;04021954;16081748;115;668;614 ~~~~~~~~~~~~~~~~~~~~~~~~~~~~~~~~~~ 04-24
15011454;16032032n;14085792;07111900013;05021954;17081748;116;669;384;539;541;575;949;406;496 ~~~~~~~~~~ 04-25
16011454;17032032n;15085792;08111900013;06021954;18081748;117;614 ~~~~~~~~~~~~~~~~~~~~~~~~~~~~~~~~~~~~~~ 04-26
17011454;18032032n;16085792;09111900013;07021954;19081748;118;496 ~~~~~~~~~~~~~~~~~~~~~~~~~~~~~~~~~~~~~~ 04-27
18011454;19032032n;17085792;10111900013;08021954;20081748;119;670;821;614 ~~~~~~~~~~~~~~~~~~~~~~~~~~~~~~ 04-28
19011454;20032032n;18085792;11111900013;09021954;21081748;120;518 ~~~~~~~~~~~~~~~~~~~~~~~~~~~~~~~~~~~~~~ 04-29
20011454;21032032n;19085792;12111900013;10021954;22081748;121;671;403;406;614 ~~~~~~~~~~~~~~~~~~~~~~~~~~ 04-30
21011454;22032032n;20085792;13111900013;11021954;23081748;122;637;672 ~~~~~~~~~~~~~~~~~~~~~~~~~~~~~~~~~~ 05-01
22011454;23032032n;21085792;14111900013;12021954;24081748;123;673;398;615 ~~~~~~~~~~~~~~~~~~~~~~~~~~~~~~ 05-02
23011454;24032032n;22085792;15111900013;13021954;25081748;124;674;514;615 ~~~~~~~~~~~~~~~~~~~~~~~~~~~~~~ 05-03
24011454;25032032n;23085792;16111900013;14021954;26081748;125;675;403;615 ~~~~~~~~~~~~~~~~~~~~~~~~~~~~~~ 05-04
25011454;26032032n;24085792;17111900013;15021954;27081748;126;676;939;406 ~~~~~~~~~~~~~~~~~~~~~~~~~~~~~~ 05-05
26011454;27032032n;25085792;18111900013;16021954;28081748;127;494;677;615 ~~~~~~~~~~~~~~~~~~~~~~~~~~~~~~ 05-06
27011454;28032032n;26085792;19111900013;17021954;29081748;128;679;678;818;615 ~~~~~~~~~~~~~~~~~~~~~~~~~~ 05-07
28011454;29032032n;27085792;00121900013;18021954;30081748;129;681;680;403;615 ~~~~~~~~~~~~~~~~~~~~~~~~~~ 05-08
29011454;01042032n;28085792;01121900013;19021954;01091748;130;451;380;932;950;624;496;615 ~~~~~~~~~~~~~~ 05-09
30011454;02042032n;29085792;02121900013;20021954;02091748;131;682;497;624;406;615 ~~~~~~~~~~~~~~~~~~~~~~ 05-10
01021454;03042032n;01095792;03121900013;21021954;03091748;132;902;624;615 ~~~~~~~~~~~~~~~~~~~~~~~~~~~~~~ 05-11
02021454;04042032n;02095792;04121900013;22021954;04091748;133;683;510;624;615 ~~~~~~~~~~~~~~~~~~~~~~~~~~ 05-12
03021454;05042032n;03095792;05121900013;23021954;05091748;134;624 ~~~~~~~~~~~~~~~~~~~~~~~~~~~~~~~~~~~~~~ 05-13
04021454;06042032n;04095792;06121900013;24021954;06091748;135;624;615 ~~~~~~~~~~~~~~~~~~~~~~~~~~~~~~~~~~ 05-14
05021454;07042032n;05095792;07121900013;25021954;07091748;136;687;793;420;624;615 ~~~~~~~~~~~~~~~~~~~~~~ 05-15
06021454;08042032n;06095792;08121900013;26021954;08091748;137;449;684;513;553;522;403;615 ~~~~~~~~~~~~~~ 05-16
07021454;09042032n;07095792;09121900013;27021954;09091748;138;397 ~~~~~~~~~~~~~~~~~~~~~~~~~~~~~~~~~~~~~~ 05-17
08021454;10042032n;08095792;10121900013;28021954;10091748;139;927;615 ~~~~~~~~~~~~~~~~~~~~~~~~~~~~~~~~~~ 05-18
09021454;11042032n;09095792;11121900013;29021954;11091748;140;685;408;615 ~~~~~~~~~~~~~~~~~~~~~~~~~~~~~~ 05-19
10021454;12042032n;10095792;12121900013;30021954;12091748;141;797;403;406;615 ~~~~~~~~~~~~~~~~~~~~~~~~~~ 05-20
11021454;13042032n;11095792;13121900013;31021954;13091748;142;686;889;573;615 ~~~~~~~~~~~~~~~~~~~~~~~~~~ 05-21
12021454;14042032n;12095792;14121900013;01031954;14091748;143;798;573;615 ~~~~~~~~~~~~~~~~~~~~~~~~~~~~~~ 05-22
13021454;15042032n;13095792;15121900013;02031954;15091748;144;894;573 ~~~~~~~~~~~~~~~~~~~~~~~~~~~~~~~~~~ 05-23
14021454;16042032n;14095792;16121900013;03031954;16091748;145;789;385;615 ~~~~~~~~~~~~~~~~~~~~~~~~~~~~~~ 05-24
15021454;17042032n;15095792;17121900013;04031954;17091748;146;433;537;937;409;421 ~~~~~~~~~~~~~~~~~~~~~~ 05-25
16021454;18042032n;16095792;18121900013;05031954;18091748;147;688;892;615 ~~~~~~~~~~~~~~~~~~~~~~~~~~~~~~ 05-26
17021454;19042032n;17095792;19121900013;06031954;19091748;148 ~~~~~~~~~~~~~~~~~~~~~~~~~~~~~~~~~~~~~~~~~~ 05-27
18021454;20042032n;18095792;00131900013;07031954;20091748;149;689;615 ~~~~~~~~~~~~~~~~~~~~~~~~~~~~~~~~~~ 05-28
19021454;21042032n;19095792;01131900013;08031954;21091748;150;439;514 ~~~~~~~~~~~~~~~~~~~~~~~~~~~~~~~~~~ 05-29
20021454;22042032n;20095792;02131900013;09031954;22091748;151;439;844;615 ~~~~~~~~~~~~~~~~~~~~~~~~~~~~~~ 05-30
21021454;23042032n;21095792;03131900013;10031954;23091748;152;438;398;409 ~~~~~~~~~~~~~~~~~~~~~~~~~~~~~~ 05-31
22021454;24042032n;22095792;04131900013;11031954;24091748;153;403;616 ~~~~~~~~~~~~~~~~~~~~~~~~~~~~~~~~~~ 06-01
23021454;25042032n;23095792;05131900013;12031954;25091748;154;691;694;823 ~~~~~~~~~~~~~~~~~~~~~~~~~~~~~~ 06-02
24021454;26042032n;24095792;06131900013;13031954;26091748;155;824;616 ~~~~~~~~~~~~~~~~~~~~~~~~~~~~~~~~~~ 06-03
25021454;27042032n;25095792;07131900013;14031954;27091748;156;692;530;421 ~~~~~~~~~~~~~~~~~~~~~~~~~~~~~~ 06-04
26021454;28042032n;26095792;08131900013;15031954;28091748;157;637;693;616 ~~~~~~~~~~~~~~~~~~~~~~~~~~~~~~ 06-05
27021454;29042032n;27095792;09131900013;16031954;29091748;158;690 ~~~~~~~~~~~~~~~~~~~~~~~~~~~~~~~~~~~~~~ 06-06
28021454;30042032n;28095792;10131900013;17031954;30091748;159;380;942;616 ~~~~~~~~~~~~~~~~~~~~~~~~~~~~~~ 06-07
29021454;01052032n;29095792;11131900013;18031954;01101748;160;696;921 ~~~~~~~~~~~~~~~~~~~~~~~~~~~~~~~~~~ 06-08
01031454;02052032n;30095792;12131900013;19031954;02101748;161;403;616 ~~~~~~~~~~~~~~~~~~~~~~~~~~~~~~~~~~ 06-09
02031454;03052032n;01105792;13131900013;20031954;03101748;162;569 ~~~~~~~~~~~~~~~~~~~~~~~~~~~~~~~~~~~~~~ 06-10
03031454;04052032n;02105792;14131900013;21031954;04101748;163;569;616 ~~~~~~~~~~~~~~~~~~~~~~~~~~~~~~~~~~ 06-11
04031454;05052032n;03105792;15131900013;22031954;05101748;164;697;799;564 ~~~~~~~~~~~~~~~~~~~~~~~~~~~~~~ 06-12
05031454;06052032n;04105792;16131900013;23031954;06101748;165;695;513;616 ~~~~~~~~~~~~~~~~~~~~~~~~~~~~~~ 06-13
06031454;07052032n;05105792;17131900013;24031954;07101748;166;421 ~~~~~~~~~~~~~~~~~~~~~~~~~~~~~~~~~~~~~~ 06-14
07031454;08052032n;06105792;18131900013;25031954;08101748;167;397;616 ~~~~~~~~~~~~~~~~~~~~~~~~~~~~~~~~~~ 06-15
08031454;09052032n;07105792;19131900013;26031954;09101748;168 ~~~~~~~~~~~~~~~~~~~~~~~~~~~~~~~~~~~~~~~~~~ 06-16
09031454;10052032n;08105792;00141900013;27031954;10101748;169;698;616 ~~~~~~~~~~~~~~~~~~~~~~~~~~~~~~~~~~ 06-17
10031454;11052032n;09105792;01141900013;28031954;11101748;170;701;699;552;700;409 ~~~~~~~~~~~~~~~~~~~~~~ 06-18
11031454;12052032n;10105792;02141900013;29031954;12101748;171;896;406;616 ~~~~~~~~~~~~~~~~~~~~~~~~~~~~~~ 06-19
12031454;13052032n;11105792;03141900013;30031954;13101748;172;452;452;460;511 ~~~~~~~~~~~~~~~~~~~~~~~~~~ 06-20
13031454;14052032n;12105792;04141900013;31031954;14101748;173;425;403;616 ~~~~~~~~~~~~~~~~~~~~~~~~~~~~~~ 06-21
14031454;15052032n;13105792;05141900013;01041954;15101748;174;461 ~~~~~~~~~~~~~~~~~~~~~~~~~~~~~~~~~~~~~~ 06-22
15031454;16052032n;14105792;06141900013;02041954;16101748;175;386;874;941;616 ~~~~~~~~~~~~~~~~~~~~~~~~~~ 06-23
16031454;17052032n;15105792;07141900013;03041954;17101748;176;409 ~~~~~~~~~~~~~~~~~~~~~~~~~~~~~~~~~~~~~~ 06-24
17031454;18052032n;16105792;08141900013;04041954;18101748;177;703;514;511;403;616 ~~~~~~~~~~~~~~~~~~~~~~ 06-25
18031454;19052032n;17105792;09141900013;05041954;19101748;178;702;436 ~~~~~~~~~~~~~~~~~~~~~~~~~~~~~~~~~~ 06-26
19031454;20052032n;18105792;10141900013;06041954;20101748;179;616 ~~~~~~~~~~~~~~~~~~~~~~~~~~~~~~~~~~~~~~ 06-27
20031454;21052032n;19105792;11141900013;07041954;21101748;180 ~~~~~~~~~~~~~~~~~~~~~~~~~~~~~~~~~~~~~~~~~~ 06-28
21031454;22052032n;20105792;12141900013;08041954;22101748;181;398;403;843;616 ~~~~~~~~~~~~~~~~~~~~~~~~~~ 06-29
22031454;23052032n;21105792;13141900013;09041954;23101748;182;704;409 ~~~~~~~~~~~~~~~~~~~~~~~~~~~~~~~~~~ 06-30
23031454;24052032n;22105792;14141900013;10041954;24101748;183;843;617 ~~~~~~~~~~~~~~~~~~~~~~~~~~~~~~~~~~ 07-01
24031454;25052032n;23105792;15141900013;11041954;25101748;184;578;565 ~~~~~~~~~~~~~~~~~~~~~~~~~~~~~~~~~~ 07-02
25031454;26052032n;24105792;16141900013;12041954;26101748;185;637;705;840;946;565;843;617 ~~~~~~~~~~~~~~ 07-03
26031454;27052032n;25105792;17141900013;13041954;27101748;186;795;406 ~~~~~~~~~~~~~~~~~~~~~~~~~~~~~~~~~~ 07-04
27031454;28052032n;26105792;18141900013;14041954;28101748;187;373;617 ~~~~~~~~~~~~~~~~~~~~~~~~~~~~~~~~~~ 07-05
28031454;29052032n;27105792;19141900013;15041954;29101748;188 ~~~~~~~~~~~~~~~~~~~~~~~~~~~~~~~~~~~~~~~~~~ 07-06
29031454;01062032n;28105792;00151900013;16041954;30101748;189;380;403;617 ~~~~~~~~~~~~~~~~~~~~~~~~~~~~~~ 07-07
30031454;02062032n;29105792;01151900013;17041954;01111748;190;432 ~~~~~~~~~~~~~~~~~~~~~~~~~~~~~~~~~~~~~~ 07-08
01041454;03062032n;01115792;02151900013;18041954;02111748;191;868;870;406;617 ~~~~~~~~~~~~~~~~~~~~~~~~~~ 07-09
02041454;04062032n;02115792;03151900013;19041954;03111748;192;706;399 ~~~~~~~~~~~~~~~~~~~~~~~~~~~~~~~~~~ 07-10
03041454;05062032n;03115792;04151900013;20041954;04111748;193;513;617 ~~~~~~~~~~~~~~~~~~~~~~~~~~~~~~~~~~ 07-11
04041454;06062032n;04115792;05151900013;21041954;05111748;194;707 ~~~~~~~~~~~~~~~~~~~~~~~~~~~~~~~~~~~~~~ 07-12
05041454;07062032n;05115792;06151900013;22041954;06111748;195;400;617 ~~~~~~~~~~~~~~~~~~~~~~~~~~~~~~~~~~ 07-13
06041454;08062032n;06115792;07151900013;23041954;07111748;196;406 ~~~~~~~~~~~~~~~~~~~~~~~~~~~~~~~~~~~~~~ 07-14
07041454;09062032n;07115792;08151900013;24041954;08111748;197;631;397;403;617 ~~~~~~~~~~~~~~~~~~~~~~~~~~ 07-15
08041454;10062032n;08115792;09151900013;25041954;09111748;198 ~~~~~~~~~~~~~~~~~~~~~~~~~~~~~~~~~~~~~~~~~~ 07-16
09041454;11062032n;09115792;10151900013;26041954;10111748;199;708;617 ~~~~~~~~~~~~~~~~~~~~~~~~~~~~~~~~~~ 07-17
10041454;12062032n;10115792;11151900013;27041954;11111748;200;709 ~~~~~~~~~~~~~~~~~~~~~~~~~~~~~~~~~~~~~~ 07-18
11041454;13062032n;11115792;12151900013;28041954;12111748;201;710;457;546;400;403;406;617 ~~~~~~~~~~~~~~ 07-19
12041454;14062032n;12115792;13151900013;29041954;13111748;202;417 ~~~~~~~~~~~~~~~~~~~~~~~~~~~~~~~~~~~~~~ 07-20
13041454;15062032n;13115792;14151900013;30041954;14111748;203;711;617 ~~~~~~~~~~~~~~~~~~~~~~~~~~~~~~~~~~ 07-21
14041454;16062032n;14115792;15151900013;31041954;15111748;204;712;387;531;561 ~~~~~~~~~~~~~~~~~~~~~~~~~~ 07-22
15041454;17062032n;15115792;16151900013;01051954;16111748;205;514;403;617 ~~~~~~~~~~~~~~~~~~~~~~~~~~~~~~ 07-23
16041454;18062032n;16115792;17151900013;02051954;17111748;206;713;406;409;421 ~~~~~~~~~~~~~~~~~~~~~~~~~~ 07-24
17041454;19062032n;17115792;18151900013;03051954;18111748;207;714;617 ~~~~~~~~~~~~~~~~~~~~~~~~~~~~~~~~~~ 07-25
18041454;20062032n;18115792;19151900013;04051954;19111748;208 ~~~~~~~~~~~~~~~~~~~~~~~~~~~~~~~~~~~~~~~~~~ 07-26
19041454;21062032n;19115792;00161900013;05051954;20111748;209;856;617 ~~~~~~~~~~~~~~~~~~~~~~~~~~~~~~~~~~ 07-27
20041454;22062032n;20115792;01161900013;06051954;21111748;210;400 ~~~~~~~~~~~~~~~~~~~~~~~~~~~~~~~~~~~~~~ 07-28
21041454;23062032n;21115792;02161900013;07051954;22111748;211;715;398;418;617 ~~~~~~~~~~~~~~~~~~~~~~~~~~ 07-29
22041454;24062032n;22115792;03161900013;08051954;23111748;212;716;409 ~~~~~~~~~~~~~~~~~~~~~~~~~~~~~~~~~~ 07-30
23041454;25062032n;23115792;04161900013;09051954;24111748;213;400;403;617 ~~~~~~~~~~~~~~~~~~~~~~~~~~~~~~ 07-31
24041454;26062032n;24115792;05161900013;10051954;25111748;214;717;878 ~~~~~~~~~~~~~~~~~~~~~~~~~~~~~~~~~~ 08-01
25041454;27062032n;25115792;06161900013;11051954;26111748;215;618 ~~~~~~~~~~~~~~~~~~~~~~~~~~~~~~~~~~~~~~ 08-02
26041454;28062032n;26115792;07161900013;12051954;27111748;216;718;401;406;618 ~~~~~~~~~~~~~~~~~~~~~~~~~~ 08-03
27041454;29062032n;27115792;08161900013;13051954;28111748;217;403;618 ~~~~~~~~~~~~~~~~~~~~~~~~~~~~~~~~~~ 08-04
28041454;30062032n;28115792;09161900013;14051954;29111748;218;380;618 ~~~~~~~~~~~~~~~~~~~~~~~~~~~~~~~~~~ 08-05
29041454;01072032n;29115792;10161900013;15051954;30111748;219;719;467;618 ~~~~~~~~~~~~~~~~~~~~~~~~~~~~~~ 08-06
01051454;02072032n;30115792;11161900013;16051954;01121748;220;637;720;513 ~~~~~~~~~~~~~~~~~~~~~~~~~~~~~~ 08-07
02051454;03072032n;01125792;12161900013;17051954;02121748;221;721;618 ~~~~~~~~~~~~~~~~~~~~~~~~~~~~~~~~~~ 08-08
03051454;04072032n;02125792;13161900013;18051954;03121748;222;579 ~~~~~~~~~~~~~~~~~~~~~~~~~~~~~~~~~~~~~~ 08-09
04051454;05072032n;03125792;14161900013;19051954;04121748;223;618 ~~~~~~~~~~~~~~~~~~~~~~~~~~~~~~~~~~~~~~ 08-10
05051454;06072032n;04125792;15161900013;20051954;05121748;224;722;891;409;618 ~~~~~~~~~~~~~~~~~~~~~~~~~~ 08-11
06051454;07072032n;05125792;16161900013;21051954;06121748;225;437;572;403;618 ~~~~~~~~~~~~~~~~~~~~~~~~~~ 08-12
07051454;08072032n;06125792;17161900013;22051954;07121748;226;596;618 ~~~~~~~~~~~~~~~~~~~~~~~~~~~~~~~~~~ 08-13
08051454;09072032n;07125792;18161900013;23051954;08121748;227;723;397;618 ~~~~~~~~~~~~~~~~~~~~~~~~~~~~~~ 08-14
09051454;10072032n;08125792;19161900013;24051954;09121748;228;618 ~~~~~~~~~~~~~~~~~~~~~~~~~~~~~~~~~~~~~~ 08-15
10051454;11072032n;09125792;00171900013;25051954;10121748;229;403;418;618 ~~~~~~~~~~~~~~~~~~~~~~~~~~~~~~ 08-16
11051454;12072032n;10125792;01171900013;26051954;11121748;230;926;409 ~~~~~~~~~~~~~~~~~~~~~~~~~~~~~~~~~~ 08-17
12051454;13072032n;11125792;02171900013;27051954;12121748;231;618 ~~~~~~~~~~~~~~~~~~~~~~~~~~~~~~~~~~~~~~ 08-18
13051454;14072032n;12125792;03171900013;28051954;13121748;232;567;618 ~~~~~~~~~~~~~~~~~~~~~~~~~~~~~~~~~~ 08-19
14051454;15072032n;13125792;04171900013;29051954;14121748;233;388;897;909;910;938;567;403;618 ~~~~~~~~~~ 08-20
15051454;16072032n;14125792;05171900013;30051954;15121748;234;724;433;514;556;925 ~~~~~~~~~~~~~~~~~~~~~~ 08-21
16051454;17072032n;15125792;06171900013;31051954;16121748;235;618 ~~~~~~~~~~~~~~~~~~~~~~~~~~~~~~~~~~~~~~ 08-22
17051454;18072032n;16125792;07171900013;01061954;17121748;236;820;875;409;421;618 ~~~~~~~~~~~~~~~~~~~~~~ 08-23
18051454;19072032n;17125792;08171900013;02061954;18121748;237;403;618 ~~~~~~~~~~~~~~~~~~~~~~~~~~~~~~~~~~ 08-24
19051454;20072032n;18125792;09171900013;03061954;19121748;238;418;618 ~~~~~~~~~~~~~~~~~~~~~~~~~~~~~~~~~~ 08-25
20051454;21072032n;19125792;10171900013;04061954;20121748;239;618 ~~~~~~~~~~~~~~~~~~~~~~~~~~~~~~~~~~~~~~ 08-26
21051454;22072032n;20125792;11171900013;05061954;21121748;240;427;596;398 ~~~~~~~~~~~~~~~~~~~~~~~~~~~~~~ 08-27
22051454;23072032n;21125792;12171900013;06061954;22121748;241;725;883;618 ~~~~~~~~~~~~~~~~~~~~~~~~~~~~~~ 08-28
23051454;24072032n;22125792;13171900013;07061954;23121748;242;428;725;409;618 ~~~~~~~~~~~~~~~~~~~~~~~~~~ 08-29
24051454;25072032n;23125792;14171900013;08061954;24121748;243;796;374;618 ~~~~~~~~~~~~~~~~~~~~~~~~~~~~~~ 08-30
25051454;26072032n;24125792;15171900013;09061954;25121748;244;594;503 ~~~~~~~~~~~~~~~~~~~~~~~~~~~~~~~~~~ 08-31
26051454;27072032n;25125792;16171900013;10061954;26121748;245;595;403;619 ~~~~~~~~~~~~~~~~~~~~~~~~~~~~~~ 09-01
27051454;28072032n;26125792;17171900013;11061954;27121748;246;406;421 ~~~~~~~~~~~~~~~~~~~~~~~~~~~~~~~~~~ 09-02
28051454;29072032n;27125792;18171900013;12061954;28121748;247;596;727;513;619 ~~~~~~~~~~~~~~~~~~~~~~~~~~ 09-03
29051454;30072032n;28125792;19171900013;13061954;29121748;248;429;637;728;380;409 ~~~~~~~~~~~~~~~~~~~~~~ 09-04
30051454;01082032n;29125792;00000000113;14061954;30121748;249;430;845;521;403;619 ~~~~~~~~~~~~~~~~~~~~~~ 09-05
01061454;02082032n;01215793;01000000113;15061954;01131748;250;434;846;521 ~~~~~~~~~~~~~~~~~~~~~~~~~~~~~~ 09-06
02061454;03082032n;02215793;02000000113;16061954;02131748;251;435;521;406;619 ~~~~~~~~~~~~~~~~~~~~~~~~~~ 09-07
03061454;04082032n;03215793;03000000113;17061954;03131748;252;550;597 ~~~~~~~~~~~~~~~~~~~~~~~~~~~~~~~~~~ 09-08
04061454;05082032n;04215793;04000000113;18061954;04131748;253;730;915;403;619 ~~~~~~~~~~~~~~~~~~~~~~~~~~ 09-09
05061454;06082032n;05215793;05000000113;19061954;05131748;254;375;409 ~~~~~~~~~~~~~~~~~~~~~~~~~~~~~~~~~~ 09-10
06061454;07082032n;06215793;06000000113;20061954;01011749;255;619 ~~~~~~~~~~~~~~~~~~~~~~~~~~~~~~~~~~~~~~ 09-11
07061454;08082032n;07215793;07000000113;21061954;02011749;256;455;726;847;397 ~~~~~~~~~~~~~~~~~~~~~~~~~~ 09-12
08061454;09082032n;08215793;08000000113;22061954;03011749;257;729;908;403;619 ~~~~~~~~~~~~~~~~~~~~~~~~~~ 09-13
09061454;10082032n;09215793;09000000113;23061954;04011749;258;829 ~~~~~~~~~~~~~~~~~~~~~~~~~~~~~~~~~~~~~~ 09-14
10061454;11082032n;10215793;10000000113;24061954;05011749;259;903;527;619 ~~~~~~~~~~~~~~~~~~~~~~~~~~~~~~ 09-15
11061454;12082032n;11215793;11000000113;25061954;06011749;260;733;554;409 ~~~~~~~~~~~~~~~~~~~~~~~~~~~~~~ 09-16
12061454;13082032n;12215793;12000000113;26061954;07011749;261;734;410;403;406;619 ~~~~~~~~~~~~~~~~~~~~~~ 09-17
13061454;14082032n;13215793;13000000113;27061954;08011749;262;735;514;520;551 ~~~~~~~~~~~~~~~~~~~~~~~~~~ 09-18
14061454;15082032n;14215793;14000000113;28061954;09011749;263;731;389;390;534;907;570;848;619 ~~~~~~~~~~ 09-19
15061454;16082032n;15215793;15000000113;29061954;10011749;264;523 ~~~~~~~~~~~~~~~~~~~~~~~~~~~~~~~~~~~~~~ 09-20
16061454;17082032n;16215793;16000000113;30061954;11011749;265;732;462;523;375;403;418;619 ~~~~~~~~~~~~~~ 09-21
17061454;18082032n;17215793;17000000113;31061954;12011749;266;423;523 ~~~~~~~~~~~~~~~~~~~~~~~~~~~~~~~~~~ 09-22
18061454;19082032n;18215793;18000000113;01071954;13011749;267;463;523;619;848 ~~~~~~~~~~~~~~~~~~~~~~~~~~ 09-23
19061454;20082032n;19215793;19000000113;02071954;14011749;268;738;523 ~~~~~~~~~~~~~~~~~~~~~~~~~~~~~~~~~~ 09-24
20061454;21082032n;20215793;00010000113;03071954;15011749;269;739;743;523;403;848;619 ~~~~~~~~~~~~~~~~~~ 09-25
21061454;22082032n;21215793;01010000113;04071954;16011749;270;740;398;523 ~~~~~~~~~~~~~~~~~~~~~~~~~~~~~~ 09-26
22061454;23082032n;22215793;02010000113;05071954;17011749;271;736;524;406;619;848 ~~~~~~~~~~~~~~~~~~~~~~ 09-27
23061454;24082032n;23215793;03010000113;06071954;18011749;272;737;525 ~~~~~~~~~~~~~~~~~~~~~~~~~~~~~~~~~~ 09-28
24061454;25082032n;24215793;04010000113;07071954;19011749;273;742;790;403;619 ~~~~~~~~~~~~~~~~~~~~~~~~~~ 09-29
25061454;26082032n;25215793;05010000113;08071954;20011749;274;741;790;869;853;418 ~~~~~~~~~~~~~~~~~~~~~~ 09-30
26061454;27082032n;26215793;06010000113;09071954;21011749;275;748;790;513;817;853;620 ~~~~~~~~~~~~~~~~~~ 10-01
27061454;28082032n;27215793;07010000113;10071954;22011749;276;637;790;853;375 ~~~~~~~~~~~~~~~~~~~~~~~~~~ 10-02
28061454;29082032n;28215793;08010000113;11071954;23011749;277;749;790;403;620;574 ~~~~~~~~~~~~~~~~~~~~~~ 10-03
29061454;01092032n;29215793;09010000113;12071954;24011749;278;744;790;380;432;920 ~~~~~~~~~~~~~~~~~~~~~~ 10-04
01071454;02092032n;30215793;10010000113;13071954;25011749;279;745;790;895;620;848 ~~~~~~~~~~~~~~~~~~~~~~ 10-05
02071454;03092032n;01225793;11010000113;14071954;26011749;280;746;414 ~~~~~~~~~~~~~~~~~~~~~~~~~~~~~~~~~~ 10-06
03071454;04092032n;02225793;12010000113;15071954;27011749;281;747;403;406;620;848 ~~~~~~~~~~~~~~~~~~~~~~ 10-07
04071454;05092032n;03225793;13010000113;16071954;28011749;282 ~~~~~~~~~~~~~~~~~~~~~~~~~~~~~~~~~~~~~~~~~~ 10-08
05071454;06092032n;04225793;14010000113;17071954;29011749;283;754;453;418;620 ~~~~~~~~~~~~~~~~~~~~~~~~~~ 10-09
06071454;07092032n;05225793;15010000113;18071954;30011749;284;750;367;918 ~~~~~~~~~~~~~~~~~~~~~~~~~~~~~~ 10-10
07071454;08092032n;06225793;16010000113;19071954;01021749;285;751;397;368;919;403;620 ~~~~~~~~~~~~~~~~~~ 10-11
08071454;09092032n;07225793;17010000113;20071954;02021749;286;791;548;563;406;421 ~~~~~~~~~~~~~~~~~~~~~~ 10-12
09071454;10092032n;08225793;18010000113;21071954;03021749;287;752;885;620;848 ~~~~~~~~~~~~~~~~~~~~~~~~~~ 10-13
10071454;11092032n;09225793;19010000113;22071954;04021749;288;753;549;560 ~~~~~~~~~~~~~~~~~~~~~~~~~~~~~~ 10-14
11071454;12092032n;10225793;00020000113;23071954;05021749;289;899;403;620 ~~~~~~~~~~~~~~~~~~~~~~~~~~~~~~ 10-15
12071454;13092032n;11225793;01020000113;24071954;06021749;290;758;514 ~~~~~~~~~~~~~~~~~~~~~~~~~~~~~~~~~~ 10-16
13071454;14092032n;12225793;02020000113;25071954;07021749;291;406;620 ~~~~~~~~~~~~~~~~~~~~~~~~~~~~~~~~~~ 10-17
14071454;15092032n;13225793;03020000113;26071954;08021749;292;755;391;411;532;541;882;922;949 ~~~~~~~~~~ 10-18
15071454;16092032n;14225793;04020000113;27071954;09021749;293;756;403;620 ~~~~~~~~~~~~~~~~~~~~~~~~~~~~~~ 10-19
16071454;17092032n;15225793;05020000113;28071954;10021749;294;757;431;784 ~~~~~~~~~~~~~~~~~~~~~~~~~~~~~~ 10-20
17071454;18092032n;16225793;06020000113;29071954;11021749;295;631;369;881;785;620 ~~~~~~~~~~~~~~~~~~~~~~ 10-21
18071454;19092032n;17225793;07020000113;30071954;12021749;296;436;786 ~~~~~~~~~~~~~~~~~~~~~~~~~~~~~~~~~~ 10-22
19071454;20092032n;18225793;08020000113;01081954;13021749;297;759;787;620 ~~~~~~~~~~~~~~~~~~~~~~~~~~~~~~ 10-23
20071454;21092032n;19225793;09020000113;02081954;14021749;298;371;855 ~~~~~~~~~~~~~~~~~~~~~~~~~~~~~~~~~~ 10-24
21071454;22092032n;20225793;10020000113;03081954;15021749;299;398;422;499;412;620 ~~~~~~~~~~~~~~~~~~~~~~ 10-25
22071454;23092032n;21225793;11020000113;04081954;16021749;300 ~~~~~~~~~~~~~~~~~~~~~~~~~~~~~~~~~~~~~~~~~~ 10-26
23071454;24092032n;22225793;12020000113;05081954;17021749;301;403;620 ~~~~~~~~~~~~~~~~~~~~~~~~~~~~~~~~~~ 10-27
24071454;25092032n;23225793;13020000113;06081954;18021749;302;513 ~~~~~~~~~~~~~~~~~~~~~~~~~~~~~~~~~~~~~~ 10-28
25071454;26092032n;24225793;14020000113;07081954;19021749;303;849;864;911;620 ~~~~~~~~~~~~~~~~~~~~~~~~~~ 10-29
26071454;27092032n;25225793;15020000113;08081954;20021749;304;558;415 ~~~~~~~~~~~~~~~~~~~~~~~~~~~~~~~~~~ 10-30
27071454;28092032n;26225793;16020000113;09081954;21021749;305;779;784;509;403;620 ~~~~~~~~~~~~~~~~~~~~~~ 10-31
28071454;29092032n;27225793;17020000113;10081954;22021749;306;760;780;785;406;412 ~~~~~~~~~~~~~~~~~~~~~~ 11-01
29071454;30092032n;28225793;18020000113;11081954;23021749;307;850;380;399;781;786;893;621 ~~~~~~~~~~~~~~ 11-02
30071454;01102032n;29225793;19020000113;12081954;24021749;308;761;782;787;929;952 ~~~~~~~~~~~~~~~~~~~~~~ 11-03
01081454;02102032n;01235793;00030000113;13081954;25021749;309;762;535;783;788;403;621 ~~~~~~~~~~~~~~~~~~ 11-04
02081454;03102032n;02235793;01030000113;14081954;26021749;310;596;400;418;621 ~~~~~~~~~~~~~~~~~~~~~~~~~~ 11-05
03081454;04102032n;03235793;02030000113;15081954;27021749;311;637;763;406;621 ~~~~~~~~~~~~~~~~~~~~~~~~~~ 11-06
04081454;05102032n;04235793;03030000113;16081954;28021749;312;621 ~~~~~~~~~~~~~~~~~~~~~~~~~~~~~~~~~~~~~~ 11-07
05081454;06102032n;05235793;04030000113;17081954;29021749;313;403;412;621 ~~~~~~~~~~~~~~~~~~~~~~~~~~~~~~ 11-08
06081454;07102032n;06235793;05030000113;18081954;30021749;314;543 ~~~~~~~~~~~~~~~~~~~~~~~~~~~~~~~~~~~~~~ 11-09
07081454;08102032n;07235793;06030000113;19081954;01031749;315;397;621 ~~~~~~~~~~~~~~~~~~~~~~~~~~~~~~~~~~ 11-10
08081454;09102032n;08235793;07030000113;20081954;02031749;316;764;400 ~~~~~~~~~~~~~~~~~~~~~~~~~~~~~~~~~~ 11-11
09081454;10102032n;09235793;08030000113;21081954;03031749;317;879;403;621 ~~~~~~~~~~~~~~~~~~~~~~~~~~~~~~ 11-12
10081454;11102032n;10235793;09030000113;22081954;04031749;318;514;547;621 ~~~~~~~~~~~~~~~~~~~~~~~~~~~~~~ 11-13
11081454;12102032n;11235793;10030000113;23081954;05031749;319;934;400;621 ~~~~~~~~~~~~~~~~~~~~~~~~~~~~~~ 11-14
12081454;13102032n;12235793;11030000113;24081954;06031749;320;375;412;415;621 ~~~~~~~~~~~~~~~~~~~~~~~~~~ 11-15
13081454;14102032n;13235793;12030000113;25081954;07031749;321;392;621 ~~~~~~~~~~~~~~~~~~~~~~~~~~~~~~~~~~ 11-16
14081454;15102032n;14235793;13030000113;26081954;08031749;322;433;880;512;400;621 ~~~~~~~~~~~~~~~~~~~~~~ 11-17
15081454;16102032n;15235793;14030000113;27081954;09031749;323;766;621 ~~~~~~~~~~~~~~~~~~~~~~~~~~~~~~~~~~ 11-18
16081454;17102032n;16235793;15030000113;28081954;10031749;324 ~~~~~~~~~~~~~~~~~~~~~~~~~~~~~~~~~~~~~~~~~~ 11-19
17081454;18102032n;17235793;16030000113;29081954;11031749;325;767;400;403;621 ~~~~~~~~~~~~~~~~~~~~~~~~~~ 11-20
18081454;19102032n;18235793;17030000113;30081954;12031749;326;765 ~~~~~~~~~~~~~~~~~~~~~~~~~~~~~~~~~~~~~~ 11-21
19081454;20102032n;19235793;18030000113;01091954;13031749;327;401;788;412;621 ~~~~~~~~~~~~~~~~~~~~~~~~~~ 11-22
20081454;21102032n;20235793;19030000113;02091954;14031749;328 ~~~~~~~~~~~~~~~~~~~~~~~~~~~~~~~~~~~~~~~~~~ 11-23
21081454;22102032n;21235793;00040000113;03091954;15031749;329;769;398;862;876;621 ~~~~~~~~~~~~~~~~~~~~~~ 11-24
22081454;23102032n;22235793;01040000113;04091954;16031749;330;440;513 ~~~~~~~~~~~~~~~~~~~~~~~~~~~~~~~~~~ 11-25
23081454;24102032n;23235793;02040000113;05091954;17031749;331;441;406;621 ~~~~~~~~~~~~~~~~~~~~~~~~~~~~~~ 11-26
24081454;25102032n;24235793;03040000113;06091954;18031749;332;770;768 ~~~~~~~~~~~~~~~~~~~~~~~~~~~~~~~~~~ 11-27
25081454;26102032n;25235793;04040000113;07091954;19031749;333;369;936;589;516;403;621 ~~~~~~~~~~~~~~~~~~ 11-28
26081454;27102032n;26235793;05040000113;08091954;20031749;334;442;516;412;621 ~~~~~~~~~~~~~~~~~~~~~~~~~~ 11-29
27081454;28102032n;27235793;06040000113;09091954;21031749;335;771;437;516;621 ~~~~~~~~~~~~~~~~~~~~~~~~~~ 11-30
28081454;29102032n;28235793;07040000113;10091954;22031749;336;772;516;406;415 ~~~~~~~~~~~~~~~~~~~~~~~~~~ 12-01
29081454;30102032n;29235793;08040000113;11091954;23031749;337;380;370;516;418;622 ~~~~~~~~~~~~~~~~~~~~~~ 12-02
01091454;01112032n;01245793;09040000113;12091954;24031749;338;774;504;516;622 ~~~~~~~~~~~~~~~~~~~~~~~~~~ 12-03
02091454;02112032n;02245793;10040000113;13091954;25031749;339;637;775;817;516;622 ~~~~~~~~~~~~~~~~~~~~~~ 12-04
03091454;03112032n;03245793;11040000113;14091954;26031749;340;590;516;505 ~~~~~~~~~~~~~~~~~~~~~~~~~~~~~~ 12-05
04091454;04112032n;04245793;12040000113;15091954;27031749;341;403;406;412;622 ~~~~~~~~~~~~~~~~~~~~~~~~~~ 12-06
05091454;05112032n;05245793;13040000113;16091954;28031749;342;773;831;944;622 ~~~~~~~~~~~~~~~~~~~~~~~~~~ 12-07
06091454;06112032n;06245793;14040000113;17091954;29031749;343;514;622 ~~~~~~~~~~~~~~~~~~~~~~~~~~~~~~~~~~ 12-08
07091454;07112032n;07245793;15040000113;18091954;30031749;344;397;505;622 ~~~~~~~~~~~~~~~~~~~~~~~~~~~~~~ 12-09
08091454;08112032n;08245793;16040000113;19091954;01041749;345;403;622 ~~~~~~~~~~~~~~~~~~~~~~~~~~~~~~~~~~ 12-10
09091454;09112032n;09245793;17040000113;20091954;02041749;346;776;406 ~~~~~~~~~~~~~~~~~~~~~~~~~~~~~~~~~~ 12-11
10091454;10112032n;10245793;18040000113;21091954;03041749;347;777;557;890;591;622 ~~~~~~~~~~~~~~~~~~~~~~ 12-12
11091454;11112032n;11245793;19040000113;22091954;04041749;348;554;412 ~~~~~~~~~~~~~~~~~~~~~~~~~~~~~~~~~~ 12-13
12091454;12112032n;12245793;00050000113;23091954;05041749;349;622 ~~~~~~~~~~~~~~~~~~~~~~~~~~~~~~~~~~~~~~ 12-14
13091454;13112032n;13245793;01050000113;24091954;06041749;350 ~~~~~~~~~~~~~~~~~~~~~~~~~~~~~~~~~~~~~~~~~~ 12-15
14091454;14112032n;14245793;02050000113;25091954;07041749;351;395;545;887;622 ~~~~~~~~~~~~~~~~~~~~~~~~~~ 12-16
15091454;15112032n;15245793;03050000113;26091954;08041749;352;778;622 ~~~~~~~~~~~~~~~~~~~~~~~~~~~~~~~~~~ 12-17
16091454;16112032n;16245793;04050000113;27091954;09041749;353;403;622 ~~~~~~~~~~~~~~~~~~~~~~~~~~~~~~~~~~ 12-18
17091454;17112032n;17245793;05050000113;28091954;10041749;354;371;592;622 ~~~~~~~~~~~~~~~~~~~~~~~~~~~~~~ 12-19
18091454;18112032n;18245793;06050000113;29091954;11041749;355;834;838;466;412;418;622 ~~~~~~~~~~~~~~~~~~ 12-20
19091454;19112032n;19245793;07050000113;30091954;12041749;356;426;406;622 ~~~~~~~~~~~~~~~~~~~~~~~~~~~~~~ 12-21
20091454;20112032n;20245793;08050000113;01101954;13041749;357;465;622 ~~~~~~~~~~~~~~~~~~~~~~~~~~~~~~~~~~ 12-22
21091454;21112032n;21245793;09050000113;02101954;14041749;358;513;622 ~~~~~~~~~~~~~~~~~~~~~~~~~~~~~~~~~~ 12-23
22091454;22112032n;22245793;10050000113;03101954;15041749;359;398;861;622 ~~~~~~~~~~~~~~~~~~~~~~~~~~~~~~ 12-24
23091454;23112032n;23245793;11050000113;04101954;16041749;360;419 ~~~~~~~~~~~~~~~~~~~~~~~~~~~~~~~~~~~~~~ 12-25
24091454;24112032n;24245793;12050000113;05101954;17041749;361;406;622 ~~~~~~~~~~~~~~~~~~~~~~~~~~~~~~~~~~ 12-31
25091454;25112032n;25245793;13050000113;06101954;18041749;362;412;622 ~~~~~~~~~~~~~~~~~~~~~~~~~~~~~~~~~~ 12-27
26091454;26112032n;26245793;14050000113;07101954;19041749;363;917;622 ~~~~~~~~~~~~~~~~~~~~~~~~~~~~~~~~~~ 12-28
27091454;27112032n;27245793;15050000113;08101954;20041749;364;508;622 ~~~~~~~~~~~~~~~~~~~~~~~~~~~~~~~~~~ 12-29
28091454;28112032n;28245793;16050000113;09101954;21041749;365;622 ~~~~~~~~~~~~~~~~~~~~~~~~~~~~~~~~~~~~~~ 12-30
29091454;29112032n;29245793;17050000113;10101954;22041749;366;432 ~~~~~~~~~~~~~~~~~~~~~~~~~~~~~~~~~~~~~~ 12-31
