14081517;15112093o;13045854;16030200413;11102015;23041810;001;381;540;904;947;512;611 ~~~~~~~~~~~~~~~~~~ 01-01
15081517;16112093o;14045854;17030200413;12102015;24041810;002;637 ~~~~~~~~~~~~~~~~~~~~~~~~~~~~~~~~~~~~~~ 01-02
16081517;17112093o;15045854;18030200413;13102015;25041810;003;611 ~~~~~~~~~~~~~~~~~~~~~~~~~~~~~~~~~~~~~~ 01-03
17081517;18112093o;16045854;19030200413;14102015;26041810;004;372;513 ~~~~~~~~~~~~~~~~~~~~~~~~~~~~~~~~~~ 01-04
18081517;19112093o;17045854;00040200413;15102015;27041810;005;916;403;611 ~~~~~~~~~~~~~~~~~~~~~~~~~~~~~~ 01-05
19081517;20112093o;18045854;01040200413;16102015;28041810;006;404 ~~~~~~~~~~~~~~~~~~~~~~~~~~~~~~~~~~~~~~ 01-06
20081517;21112093o;19045854;02040200413;17102015;29041810;007;611 ~~~~~~~~~~~~~~~~~~~~~~~~~~~~~~~~~~~~~~ 01-07
21081517;22112093o;20045854;03040200413;18102015;30041810;008;412 ~~~~~~~~~~~~~~~~~~~~~~~~~~~~~~~~~~~~~~ 01-08
22081517;23112093o;21045854;04040200413;19102015;01051810;009;626;398;422;611 ~~~~~~~~~~~~~~~~~~~~~~~~~~ 01-09
23081517;24112093o;22045854;05040200413;20102015;02051810;010;627;418 ~~~~~~~~~~~~~~~~~~~~~~~~~~~~~~~~~~ 01-10
24081517;25112093o;23045854;06040200413;21102015;03051810;011;628;611 ~~~~~~~~~~~~~~~~~~~~~~~~~~~~~~~~~~ 01-11
25081517;26112093o;24045854;07040200413;22102015;04051810;012;629 ~~~~~~~~~~~~~~~~~~~~~~~~~~~~~~~~~~~~~~ 01-12
26081517;27112093o;25045854;08040200413;23102015;05051810;013;436;923;611 ~~~~~~~~~~~~~~~~~~~~~~~~~~~~~~ 01-13
27081517;28112093o;26045854;09040200413;24102015;06051810;014 ~~~~~~~~~~~~~~~~~~~~~~~~~~~~~~~~~~~~~~~~~~ 01-14
28081517;29112093o;27045854;10040200413;25102015;07051810;015;868;412;611 ~~~~~~~~~~~~~~~~~~~~~~~~~~~~~~ 01-15
29081517;30112093o;28045854;11040200413;26102015;08051810;016;630;380;888;930;953;406 ~~~~~~~~~~~~~~~~~~ 01-16
01091517;01122093o;29045854;12040200413;27102015;09051810;017;625;514;504;611 ~~~~~~~~~~~~~~~~~~~~~~~~~~ 01-17
02091517;02122093o;01055854;13040200413;28102015;10051810;018;492;865 ~~~~~~~~~~~~~~~~~~~~~~~~~~~~~~~~~~ 01-18
03091517;03122093o;02055854;14040200413;29102015;11051810;019;611 ~~~~~~~~~~~~~~~~~~~~~~~~~~~~~~~~~~~~~~ 01-19
04091517;04122093o;03055854;15040200413;30102015;12051810;020;399;433;940 ~~~~~~~~~~~~~~~~~~~~~~~~~~~~~~ 01-20
05091517;05122093o;04055854;16040200413;01112015;13051810;021;631;406;611 ~~~~~~~~~~~~~~~~~~~~~~~~~~~~~~ 01-21
06091517;06122093o;05055854;17040200413;02112015;14051810;022;914;412 ~~~~~~~~~~~~~~~~~~~~~~~~~~~~~~~~~~ 01-22
07091517;07122093o;06055854;18040200413;03112015;15051810;023;397;536;861;505;611 ~~~~~~~~~~~~~~~~~~~~~~ 01-23
08091517;08122093o;07055854;19040200413;04112015;16051810;024 ~~~~~~~~~~~~~~~~~~~~~~~~~~~~~~~~~~~~~~~~~~ 01-24
09091517;09122093o;08055854;00050200413;05112015;17051810;025;636;611 ~~~~~~~~~~~~~~~~~~~~~~~~~~~~~~~~~~ 01-25
10091517;10122093o;09055854;01050200413;06112015;18051810;026;406;580 ~~~~~~~~~~~~~~~~~~~~~~~~~~~~~~~~~~ 01-26
11091517;11122093o;10055854;02050200413;07112015;19051810;027;632;873;611 ~~~~~~~~~~~~~~~~~~~~~~~~~~~~~~ 01-27
12091517;12122093o;11055854;03050200413;08112015;20051810;028 ~~~~~~~~~~~~~~~~~~~~~~~~~~~~~~~~~~~~~~~~~~ 01-28
13091517;13122093o;12055854;04050200413;09112015;21051810;029;633;400;412;611 ~~~~~~~~~~~~~~~~~~~~~~~~~~ 01-29
14091517;14122093o;13055854;05050200413;10112015;22051810;030;634 ~~~~~~~~~~~~~~~~~~~~~~~~~~~~~~~~~~~~~~ 01-30
15091517;15122093o;14055854;06050200413;11112015;23051810;031;635;396;396;513;884;611 ~~~~~~~~~~~~~~~~~~ 01-31
16091517;16122093o;15055854;06050200413;12112015;24051810;032 ~~~~~~~~~~~~~~~~~~~~~~~~~~~~~~~~~~~~~~~~~~ 02-01
17091517;17122093o;16055854;07050200413;13112015;25051810;033;612 ~~~~~~~~~~~~~~~~~~~~~~~~~~~~~~~~~~~~~~ 02-02
18091517;18122093o;17055854;08050200413;14112015;26051810;034 ~~~~~~~~~~~~~~~~~~~~~~~~~~~~~~~~~~~~~~~~~~ 02-03
19091517;19122093o;18055854;09050200413;15112015;27051810;035;638;400;612 ~~~~~~~~~~~~~~~~~~~~~~~~~~~~~~ 02-04
20091517;20122093o;19055854;10050200413;16112015;28051810;036;639;406;412 ~~~~~~~~~~~~~~~~~~~~~~~~~~~~~~ 02-05
21091517;21122093o;20055854;11050200413;17112015;29051810;037;637;640;612 ~~~~~~~~~~~~~~~~~~~~~~~~~~~~~~ 02-06
22091517;22122093o;21055854;12050200413;18112015;30051810;038;400 ~~~~~~~~~~~~~~~~~~~~~~~~~~~~~~~~~~~~~~ 02-07
23091517;23122093o;22055854;13050200413;19112015;01061810;039;641;398;612 ~~~~~~~~~~~~~~~~~~~~~~~~~~~~~~ 02-08
24091517;24122093o;23055854;14050200413;20112015;02061810;040 ~~~~~~~~~~~~~~~~~~~~~~~~~~~~~~~~~~~~~~~~~~ 02-09
25091517;25122093o;24055854;15050200413;21112015;03061810;041;401;406;612 ~~~~~~~~~~~~~~~~~~~~~~~~~~~~~~ 02-10
26091517;26122093o;25055854;16050200413;22112015;04061810;042;642;943 ~~~~~~~~~~~~~~~~~~~~~~~~~~~~~~~~~~ 02-11
27091517;27122093o;26055854;17050200413;23112015;05061810;043;507;816;508;412;612 ~~~~~~~~~~~~~~~~~~~~~~ 02-12
28091517;28122093o;27055854;18050200413;24112015;06061810;044;643;886 ~~~~~~~~~~~~~~~~~~~~~~~~~~~~~~~~~~ 02-13
29091517;29122093o;28055854;19050200413;25112015;07061810;045;380;514;581;612 ~~~~~~~~~~~~~~~~~~~~~~~~~~ 02-14
30091517;01012094p;29055854;00060200413;26112015;08061810;046;450;928;506;479;490 ~~~~~~~~~~~~~~~~~~~~~~ 02-15
01101517;02012094p;30055854;01060200413;27112015;09061810;047;443;502;566;479;490;612 ~~~~~~~~~~~~~~~~~~ 02-16
02101517;03012094p;01065854;02060200413;28112015;10061810;048;444;566;854 ~~~~~~~~~~~~~~~~~~~~~~~~~~~~~~ 02-17
03101517;04012094p;02065854;03060200413;29112015;11061810;049;644;566;854;612 ~~~~~~~~~~~~~~~~~~~~~~~~~~ 02-18
04101517;05012094p;03065854;04060200413;30112015;12061810;050;645;566 ~~~~~~~~~~~~~~~~~~~~~~~~~~~~~~~~~~ 02-19
05101517;06012094p;04065854;05060200413;01122015;13061810;051;453;406;612 ~~~~~~~~~~~~~~~~~~~~~~~~~~~~~~ 02-20
06101517;07012094p;05065854;06060200413;02122015;14061810;052;397 ~~~~~~~~~~~~~~~~~~~~~~~~~~~~~~~~~~~~~~ 02-21
07101517;08012094p;06065854;07060200413;03122015;15061810;053;612 ~~~~~~~~~~~~~~~~~~~~~~~~~~~~~~~~~~~~~~ 02-22
08101517;09012094p;07065854;08060200413;04122015;16061810;054;646;437 ~~~~~~~~~~~~~~~~~~~~~~~~~~~~~~~~~~ 02-23
09101517;10012094p;08065854;09060200413;05122015;17061810;055;612 ~~~~~~~~~~~~~~~~~~~~~~~~~~~~~~~~~~~~~~ 02-24
10101517;11012094p;09065854;10060200413;06122015;18061810;056;647;648;517 ~~~~~~~~~~~~~~~~~~~~~~~~~~~~~~ 02-25
11101517;12012094p;10065854;11060200413;07122015;19061810;057;649;612 ~~~~~~~~~~~~~~~~~~~~~~~~~~~~~~~~~~ 02-26
12101517;13012094p;11065854;12060200413;08122015;20061810;058;513;867 ~~~~~~~~~~~~~~~~~~~~~~~~~~~~~~~~~~ 02-27
13101517;14012094p;12065854;13060200413;09122015;21061810;059;650;812;612 ~~~~~~~~~~~~~~~~~~~~~~~~~~~~~~ 02-28
14101517;15012094p;13065854;17060200413;10122015;22061810;061;383;544;623 ~~~~~~~~~~~~~~~~~~~~~~~~~~~~~~ 03-01
15101517;16012094p;14065854;18060200413;11122015;23061810;062;598;906;519;406;613 ~~~~~~~~~~~~~~~~~~~~~~ 03-02
16101517;17012094p;15065854;19060200413;12122015;24061810;063;562;613 ~~~~~~~~~~~~~~~~~~~~~~~~~~~~~~~~~~ 03-03
17101517;18012094p;16065854;00070200413;13122015;25061810;064;653;562;613 ~~~~~~~~~~~~~~~~~~~~~~~~~~~~~~ 03-04
18101517;19012094p;17065854;01070200413;14122015;26061810;065;654;432;562 ~~~~~~~~~~~~~~~~~~~~~~~~~~~~~~ 03-05
19101517;20012094p;18065854;02070200413;15122015;27061810;066;637;613 ~~~~~~~~~~~~~~~~~~~~~~~~~~~~~~~~~~ 03-06
20101517;21012094p;19065854;03070200413;16122015;28061810;067;655;406 ~~~~~~~~~~~~~~~~~~~~~~~~~~~~~~~~~~ 03-07
21101517;22012094p;20065854;04070200413;17122015;29061810;068;613 ~~~~~~~~~~~~~~~~~~~~~~~~~~~~~~~~~~~~~~ 03-08
22101517;23012094p;21065854;05070200413;18122015;30061810;069;398 ~~~~~~~~~~~~~~~~~~~~~~~~~~~~~~~~~~~~~~ 03-09
23101517;24012094p;22065854;06070200413;19122015;01071810;070;533;924;613 ~~~~~~~~~~~~~~~~~~~~~~~~~~~~~~ 03-10
24101517;25012094p;23065854;07070200413;20122015;02071810;071;656 ~~~~~~~~~~~~~~~~~~~~~~~~~~~~~~~~~~~~~~ 03-11
25101517;26012094p;24065854;08070200413;21122015;03071810;072;406;412;613 ~~~~~~~~~~~~~~~~~~~~~~~~~~~~~~ 03-12
26101517;27012094p;25065854;09070200413;22122015;04071810;073;900;613 ~~~~~~~~~~~~~~~~~~~~~~~~~~~~~~~~~~ 03-13
27101517;28012094p;26065854;10070200413;23122015;05071810;074;418;613 ~~~~~~~~~~~~~~~~~~~~~~~~~~~~~~~~~~ 03-14
28101517;29012094p;27065854;11070200413;24122015;06071810;075;514 ~~~~~~~~~~~~~~~~~~~~~~~~~~~~~~~~~~~~~~ 03-15
29101517;01022094p;28065854;12070200413;25122015;07071810;076;657;380;613 ~~~~~~~~~~~~~~~~~~~~~~~~~~~~~~ 03-16
01111517;02022094p;29065854;13070200413;26122015;08071810;077;538;559;935;406 ~~~~~~~~~~~~~~~~~~~~~~~~~~ 03-17
02111517;03022094p;01075854;14070200413;27122015;09071810;078;658;613 ~~~~~~~~~~~~~~~~~~~~~~~~~~~~~~~~~~ 03-18
03111517;04022094p;02075854;15070200413;28122015;10071810;079;596;555;577;466;375;412 ~~~~~~~~~~~~~~~~~~ 03-19
04111517;05022094p;03075854;16070200413;29122015;11071810;080;817;424;613 ~~~~~~~~~~~~~~~~~~~~~~~~~~~~~~ 03-20
05111517;06022094p;04075854;17070200413;30122015;12071810;081;459;613 ~~~~~~~~~~~~~~~~~~~~~~~~~~~~~~~~~~ 03-21
06111517;07022094p;05075854;18070200413;01012016;13071810;082;945;851;613 ~~~~~~~~~~~~~~~~~~~~~~~~~~~~~~ 03-22
07111517;08022094p;06075854;19070200413;02012016;14071810;083;659;397;613 ~~~~~~~~~~~~~~~~~~~~~~~~~~~~~~ 03-23
08111517;09022094p;07075854;00080200413;03012016;15071810;084;613 ~~~~~~~~~~~~~~~~~~~~~~~~~~~~~~~~~~~~~~ 03-24
09111517;10022094p;08075854;01080200413;04012016;16071810;085;576;933 ~~~~~~~~~~~~~~~~~~~~~~~~~~~~~~~~~~ 03-25
10111517;11022094p;09075854;02080200413;05012016;17071810;086;596;613 ~~~~~~~~~~~~~~~~~~~~~~~~~~~~~~~~~~ 03-26
11111517;12022094p;10075854;03080200413;06012016;18071810;087;458;513;877;406 ~~~~~~~~~~~~~~~~~~~~~~~~~~ 03-27
12111517;13022094p;11075854;04080200413;07012016;19071810;088;493;613 ~~~~~~~~~~~~~~~~~~~~~~~~~~~~~~~~~~ 03-28
13111517;14022094p;12075854;05080200413;08012016;20071810;089;652;613 ~~~~~~~~~~~~~~~~~~~~~~~~~~~~~~~~~~ 03-29
14111517;15022094p;13075854;06080200413;09012016;21071810;090;852;613 ~~~~~~~~~~~~~~~~~~~~~~~~~~~~~~~~~~ 03-30
15111517;16022094p;14075854;07080200413;10012016;22071810;091;660;384;539;575 ~~~~~~~~~~~~~~~~~~~~~~~~~~ 03-31
16111517;17022094p;15075854;08080200413;11012016;23071810;092;377;413;515;406;418;614 ~~~~~~~~~~~~~~~~~~ 04-01
17111517;18022094p;16075854;09080200413;12012016;24071810;093;445 ~~~~~~~~~~~~~~~~~~~~~~~~~~~~~~~~~~~~~~ 04-02
18111517;19022094p;17075854;10080200413;13012016;25071810;094;446;637;661;614 ~~~~~~~~~~~~~~~~~~~~~~~~~~ 04-03
19111517;20022094p;18075854;11080200413;14012016;26071810;095;447;662;571;614 ~~~~~~~~~~~~~~~~~~~~~~~~~~ 04-04
20111517;21022094p;19075854;12080200413;15012016;27071810;096;448;651;614 ~~~~~~~~~~~~~~~~~~~~~~~~~~~~~~ 04-05
21111517;22022094p;20075854;13080200413;16012016;28071810;097;406;614;651 ~~~~~~~~~~~~~~~~~~~~~~~~~~~~~~ 04-06
22111517;23022094p;21075854;14080200413;17012016;29071810;098;663;651;614 ~~~~~~~~~~~~~~~~~~~~~~~~~~~~~~ 04-07
23111517;24022094p;22075854;15080200413;18012016;30071810;099;398;651 ~~~~~~~~~~~~~~~~~~~~~~~~~~~~~~~~~~ 04-08
24111517;25022094p;23075854;16080200413;19012016;01081810;100;651;614 ~~~~~~~~~~~~~~~~~~~~~~~~~~~~~~~~~~ 04-09
25111517;26022094p;24075854;17080200413;20012016;02081810;101;375;651;418 ~~~~~~~~~~~~~~~~~~~~~~~~~~~~~~ 04-10
26111517;27022094p;25075854;18080200413;21012016;03081810;102;939;406;614 ~~~~~~~~~~~~~~~~~~~~~~~~~~~~~~ 04-11
27111517;28022094p;26075854;19080200413;22012016;04081810;103;514;526 ~~~~~~~~~~~~~~~~~~~~~~~~~~~~~~~~~~ 04-12
28111517;29022094p;27075854;00090200413;23012016;05081810;104;614 ~~~~~~~~~~~~~~~~~~~~~~~~~~~~~~~~~~~~~~ 04-13
29111517;30022094p;28075854;01090200413;24012016;06081810;105;380;811 ~~~~~~~~~~~~~~~~~~~~~~~~~~~~~~~~~~ 04-14
30111517;01032094p;29075854;02090200413;25012016;07081810;106;631;664;614 ~~~~~~~~~~~~~~~~~~~~~~~~~~~~~~ 04-15
01121517;02032094p;30075854;03090200413;26012016;08081810;107;665;406;614 ~~~~~~~~~~~~~~~~~~~~~~~~~~~~~~ 04-16
02121517;03032094p;01085854;04090200413;27012016;09081810;108;666;614 ~~~~~~~~~~~~~~~~~~~~~~~~~~~~~~~~~~ 04-17
03121517;04032094p;02085854;05090200413;28012016;10081810;109;433;614 ~~~~~~~~~~~~~~~~~~~~~~~~~~~~~~~~~~ 04-18
04121517;05032094p;03085854;06090200413;29012016;11081810;110;794;376;818;614 ~~~~~~~~~~~~~~~~~~~~~~~~~~ 04-19
05121517;06032094p;04085854;07090200413;30012016;12081810;111;528 ~~~~~~~~~~~~~~~~~~~~~~~~~~~~~~~~~~~~~~ 04-20
06121517;07032094p;05085854;08090200413;01022016;13081810;112;529;614 ~~~~~~~~~~~~~~~~~~~~~~~~~~~~~~~~~~ 04-21
07121517;08032094p;06085854;09090200413;02022016;14081810;113;667;397;820;614 ~~~~~~~~~~~~~~~~~~~~~~~~~~ 04-22
08121517;09032094p;07085854;10090200413;03022016;15081810;114;513;614 ~~~~~~~~~~~~~~~~~~~~~~~~~~~~~~~~~~ 04-23
09121517;10032094p;08085854;11090200413;04022016;16081810;115;668;501;614 ~~~~~~~~~~~~~~~~~~~~~~~~~~~~~~ 04-24
10121517;11032094p;09085854;12090200413;05022016;17081810;116;669;500;614 ~~~~~~~~~~~~~~~~~~~~~~~~~~~~~~ 04-25
11121517;12032094p;10085854;13090200413;06022016;18081810;117;898;500;406 ~~~~~~~~~~~~~~~~~~~~~~~~~~~~~~ 04-26
12121517;13032094p;11085854;14090200413;07022016;19081810;118;829;614 ~~~~~~~~~~~~~~~~~~~~~~~~~~~~~~~~~~ 04-27
13121517;14032094p;12085854;15090200413;08022016;20081810;119;670;836;500;614 ~~~~~~~~~~~~~~~~~~~~~~~~~~ 04-28
14121517;15032094p;13085854;16090200413;09022016;21081810;120;500;614 ~~~~~~~~~~~~~~~~~~~~~~~~~~~~~~~~~~ 04-29
15121517;16032094p;14085854;17090200413;10022016;22081810;121;671;396;396;937 ~~~~~~~~~~~~~~~~~~~~~~~~~~ 04-30
16121517;17032094p;15085854;18090200413;11022016;23081810;122;637;672;805;615 ~~~~~~~~~~~~~~~~~~~~~~~~~~ 05-01
17121517;18032094p;16085854;19090200413;12022016;24081810;123;673 ~~~~~~~~~~~~~~~~~~~~~~~~~~~~~~~~~~~~~~ 05-02
18121517;19032094p;17085854;00100200413;13022016;25081810;124;674;841;615 ~~~~~~~~~~~~~~~~~~~~~~~~~~~~~~ 05-03
19121517;20032094p;18085854;01100200413;14022016;26081810;125;675;518 ~~~~~~~~~~~~~~~~~~~~~~~~~~~~~~~~~~ 05-04
20121517;21032094p;19085854;02100200413;15022016;27081810;126;676;436;615 ~~~~~~~~~~~~~~~~~~~~~~~~~~~~~~ 05-05
21121517;22032094p;20085854;03100200413;16022016;28081810;127;677;406 ~~~~~~~~~~~~~~~~~~~~~~~~~~~~~~~~~~ 05-06
22121517;23032094p;21085854;04100200413;17022016;29081810;128;679;678;398;864;418;615 ~~~~~~~~~~~~~~~~~~ 05-07
23121517;24032094p;22085854;05100200413;18022016;30081810;129;681;680;514 ~~~~~~~~~~~~~~~~~~~~~~~~~~~~~~ 05-08
24121517;25032094p;23085854;06100200413;19022016;01091810;130;451;842;624;615 ~~~~~~~~~~~~~~~~~~~~~~~~~~ 05-09
25121517;26032094p;24085854;07100200413;20022016;02091810;131;682;901;624 ~~~~~~~~~~~~~~~~~~~~~~~~~~~~~~ 05-10
26121517;27032094p;25085854;08100200413;21022016;03091810;132;419;624;406;615 ~~~~~~~~~~~~~~~~~~~~~~~~~~ 05-11
27121517;28032094p;26085854;09100200413;22022016;04091810;133;683;624 ~~~~~~~~~~~~~~~~~~~~~~~~~~~~~~~~~~ 05-12
28121517;29032094p;27085854;10100200413;23022016;05091810;134;494;624;615 ~~~~~~~~~~~~~~~~~~~~~~~~~~~~~~ 05-13
29121517;01042094p;28085854;11100200413;24022016;06091810;135;380;624 ~~~~~~~~~~~~~~~~~~~~~~~~~~~~~~~~~~ 05-14
01011518;02042094p;29085854;12100200413;25022016;07091810;136;687;495;624;615 ~~~~~~~~~~~~~~~~~~~~~~~~~~ 05-15
02011518;03042094p;01095854;13100200413;26022016;08091810;137;684;902 ~~~~~~~~~~~~~~~~~~~~~~~~~~~~~~~~~~ 05-16
03011518;04042094p;02095854;14100200413;27022016;09091810;138;399;510;615 ~~~~~~~~~~~~~~~~~~~~~~~~~~~~~~ 05-17
04011518;05042094p;03095854;15100200413;28022016;10091810;139 ~~~~~~~~~~~~~~~~~~~~~~~~~~~~~~~~~~~~~~~~~~ 05-18
05011518;06042094p;04095854;16100200413;29022016;11091810;140;685;496;615 ~~~~~~~~~~~~~~~~~~~~~~~~~~~~~~ 05-19
06011518;07042094p;05095854;17100200413;30022016;12091810;141;797;400 ~~~~~~~~~~~~~~~~~~~~~~~~~~~~~~~~~~ 05-20
07011518;08042094p;06095854;18100200413;31022016;13091810;142;686;513;553;831;522;573;406;496;615 ~~~~~~ 05-21
08011518;09042094p;07095854;19100200413;01032016;14091810;143;397;573 ~~~~~~~~~~~~~~~~~~~~~~~~~~~~~~~~~~ 05-22
09011518;10042094p;08095854;00110200413;02032016;15091810;144;449;798;927;573;400;615 ~~~~~~~~~~~~~~~~~~ 05-23
10011518;11042094p;09095854;01110200413;03032016;16091810;145;789;498 ~~~~~~~~~~~~~~~~~~~~~~~~~~~~~~~~~~ 05-24
11011518;12042094p;10095854;02110200413;04032016;17091810;146;615 ~~~~~~~~~~~~~~~~~~~~~~~~~~~~~~~~~~~~~~ 05-25
12011518;13042094p;11095854;03110200413;05032016;18091810;147;688;889;400 ~~~~~~~~~~~~~~~~~~~~~~~~~~~~~~ 05-26
13011518;14042094p;12095854;04110200413;06032016;19091810;148;615 ~~~~~~~~~~~~~~~~~~~~~~~~~~~~~~~~~~~~~~ 05-27
14011518;15042094p;13095854;05110200413;07032016;20091810;149;689;894 ~~~~~~~~~~~~~~~~~~~~~~~~~~~~~~~~~~ 05-28
15011518;16042094p;14095854;06110200413;08032016;21091810;150;439;385;400;615 ~~~~~~~~~~~~~~~~~~~~~~~~~~ 05-29
16011518;17042094p;15095854;07110200413;09032016;22091810;151;439;537;892;937 ~~~~~~~~~~~~~~~~~~~~~~~~~~ 05-30
17011518;18042094p;16095854;08110200413;10032016;23091810;152;438;406;615 ~~~~~~~~~~~~~~~~~~~~~~~~~~~~~~ 05-31
18011518;19042094p;17095854;09110200413;11032016;24091810;153;432 ~~~~~~~~~~~~~~~~~~~~~~~~~~~~~~~~~~~~~~ 06-01
19011518;20042094p;18095854;10110200413;12032016;25091810;154;691;694;514;616 ~~~~~~~~~~~~~~~~~~~~~~~~~~ 06-02
20011518;21042094p;19095854;11110200413;13032016;26091810;155;830;616 ~~~~~~~~~~~~~~~~~~~~~~~~~~~~~~~~~~ 06-03
21011518;22042094p;20095854;12110200413;14032016;27091810;156;692;400;496;616 ~~~~~~~~~~~~~~~~~~~~~~~~~~ 06-04
22011518;23042094p;21095854;13110200413;15032016;28091810;157;637;693;398;406 ~~~~~~~~~~~~~~~~~~~~~~~~~~ 06-05
23011518;24042094p;22095854;14110200413;16032016;29091810;158;690;496;616 ~~~~~~~~~~~~~~~~~~~~~~~~~~~~~~ 06-06
24011518;25042094p;23095854;15110200413;17032016;30091810;159;400;605 ~~~~~~~~~~~~~~~~~~~~~~~~~~~~~~~~~~ 06-07
25011518;26042094p;24095854;16110200413;18032016;01101810;160;696;496;616 ~~~~~~~~~~~~~~~~~~~~~~~~~~~~~~ 06-08
26011518;27042094p;25095854;17110200413;19032016;02101810;161;530;616 ~~~~~~~~~~~~~~~~~~~~~~~~~~~~~~~~~~ 06-09
27011518;28042094p;26095854;18110200413;20032016;03101810;162;401;406;496;616 ~~~~~~~~~~~~~~~~~~~~~~~~~~ 06-10
28011518;29042094p;27095854;19110200413;21032016;04101810;163;569;616 ~~~~~~~~~~~~~~~~~~~~~~~~~~~~~~~~~~ 06-11
29011518;30042094p;28095854;00120200413;22032016;05101810;164;697;799;380;921;942;569;616 ~~~~~~~~~~~~~~ 06-12
30011518;01052094p;29095854;01120200413;23032016;06101810;165;695;929;952;497;616 ~~~~~~~~~~~~~~~~~~~~~~ 06-13
01021518;02052094p;30095854;02120200413;24032016;07101810;166;616 ~~~~~~~~~~~~~~~~~~~~~~~~~~~~~~~~~~~~~~ 06-14
02021518;03052094p;01105854;03120200413;25032016;08101810;167;406;616 ~~~~~~~~~~~~~~~~~~~~~~~~~~~~~~~~~~ 06-15
03021518;04052094p;02105854;04120200413;26032016;09101810;168;616 ~~~~~~~~~~~~~~~~~~~~~~~~~~~~~~~~~~~~~~ 06-16
04021518;05052094p;03105854;05120200413;27032016;10101810;169;698;564 ~~~~~~~~~~~~~~~~~~~~~~~~~~~~~~~~~~ 06-17
05021518;06052094p;04105854;06120200413;28032016;11101810;170;701;699;513;700;616 ~~~~~~~~~~~~~~~~~~~~~~ 06-18
06021518;07052094p;05105854;07120200413;29032016;12101810;171;616 ~~~~~~~~~~~~~~~~~~~~~~~~~~~~~~~~~~~~~~ 06-19
07021518;08052094p;06105854;08120200413;30032016;13101810;172;452;452;397;460;406;616 ~~~~~~~~~~~~~~~~~~ 06-20
08021518;09052094p;07105854;09120200413;31032016;14101810;173;425 ~~~~~~~~~~~~~~~~~~~~~~~~~~~~~~~~~~~~~~ 06-21
09021518;10052094p;08105854;10120200413;01042016;15101810;174;461;616 ~~~~~~~~~~~~~~~~~~~~~~~~~~~~~~~~~~ 06-22
10021518;11052094p;09105854;11120200413;02042016;16101810;175;437;552;616 ~~~~~~~~~~~~~~~~~~~~~~~~~~~~~~ 06-23
11021518;12052094p;10105854;12120200413;03042016;17101810;176;896;616 ~~~~~~~~~~~~~~~~~~~~~~~~~~~~~~~~~~ 06-24
12021518;13052094p;11105854;13120200413;04042016;18101810;177;703 ~~~~~~~~~~~~~~~~~~~~~~~~~~~~~~~~~~~~~~ 06-25
13021518;14052094p;12105854;14120200413;05042016;19101810;178;702;616 ~~~~~~~~~~~~~~~~~~~~~~~~~~~~~~~~~~ 06-26
14021518;15052094p;13105854;15120200413;06042016;20101810;179 ~~~~~~~~~~~~~~~~~~~~~~~~~~~~~~~~~~~~~~~~~~ 06-27
15021518;16052094p;14105854;16120200413;07042016;21101810;180;386;541;874;941;949;616 ~~~~~~~~~~~~~~~~~~ 06-28
16021518;17052094p;15105854;17120200413;08042016;22101810;181 ~~~~~~~~~~~~~~~~~~~~~~~~~~~~~~~~~~~~~~~~~~ 06-29
17021518;18052094p;16105854;18120200413;09042016;23101810;182;704;514;406;616 ~~~~~~~~~~~~~~~~~~~~~~~~~~ 06-30
18021518;19052094p;17105854;19120200413;10042016;24101810;183 ~~~~~~~~~~~~~~~~~~~~~~~~~~~~~~~~~~~~~~~~~~ 07-01
19021518;20052094p;18105854;00130200413;11042016;25101810;184;565;617 ~~~~~~~~~~~~~~~~~~~~~~~~~~~~~~~~~~ 07-02
20021518;21052094p;19105854;01130200413;12042016;26101810;185;637;705;840;844;565 ~~~~~~~~~~~~~~~~~~~~~~ 07-03
21021518;22052094p;20105854;02130200413;13042016;27101810;186;795;398;617 ~~~~~~~~~~~~~~~~~~~~~~~~~~~~~~ 07-04
22021518;23052094p;21105854;03130200413;14042016;28101810;187;406;617 ~~~~~~~~~~~~~~~~~~~~~~~~~~~~~~~~~~ 07-05
23021518;24052094p;22105854;04130200413;15042016;29101810;188;414;617 ~~~~~~~~~~~~~~~~~~~~~~~~~~~~~~~~~~ 07-06
24021518;25052094p;23105854;05130200413;16042016;30101810;189;373;617 ~~~~~~~~~~~~~~~~~~~~~~~~~~~~~~~~~~ 07-07
25021518;26052094p;24105854;06130200413;17042016;01111810;190;946;617 ~~~~~~~~~~~~~~~~~~~~~~~~~~~~~~~~~~ 07-08
26021518;27052094p;25105854;07130200413;18042016;02111810;191;617 ~~~~~~~~~~~~~~~~~~~~~~~~~~~~~~~~~~~~~~ 07-09
27021518;28052094p;26105854;08130200413;19042016;03111810;192;706;406;617 ~~~~~~~~~~~~~~~~~~~~~~~~~~~~~~ 07-10
28021518;29052094p;27105854;09130200413;20042016;04111810;193;617 ~~~~~~~~~~~~~~~~~~~~~~~~~~~~~~~~~~~~~~ 07-11
29021518;01062094p;28105854;10130200413;21042016;05111810;194;707;380;928;929;952;617 ~~~~~~~~~~~~~~~~~~ 07-12
01031518;02062094p;29105854;11130200413;22042016;06111810;195;856 ~~~~~~~~~~~~~~~~~~~~~~~~~~~~~~~~~~~~~~ 07-13
02031518;03062094p;01115854;12130200413;23042016;07111810;196;870;617 ~~~~~~~~~~~~~~~~~~~~~~~~~~~~~~~~~~ 07-14
03031518;04062094p;02115854;13130200413;24042016;08111810;197;631;433;406 ~~~~~~~~~~~~~~~~~~~~~~~~~~~~~~ 07-15
04031518;05062094p;03115854;14130200413;25042016;09111810;198;513;617 ~~~~~~~~~~~~~~~~~~~~~~~~~~~~~~~~~~ 07-16
05031518;06062094p;04115854;15130200413;26042016;10111810;199;708;617 ~~~~~~~~~~~~~~~~~~~~~~~~~~~~~~~~~~ 07-17
06031518;07062094p;05115854;16130200413;27042016;11111810;200;709;617 ~~~~~~~~~~~~~~~~~~~~~~~~~~~~~~~~~~ 07-18
07031518;08062094p;06115854;17130200413;28042016;12111810;201;710 ~~~~~~~~~~~~~~~~~~~~~~~~~~~~~~~~~~~~~~ 07-19
08031518;09062094p;07115854;18130200413;29042016;13111810;202;397;617 ~~~~~~~~~~~~~~~~~~~~~~~~~~~~~~~~~~ 07-20
09031518;10062094p;08115854;19130200413;30042016;14111810;203;711;617 ~~~~~~~~~~~~~~~~~~~~~~~~~~~~~~~~~~ 07-21
10031518;11062094p;09115854;00140200413;31042016;15111810;204;712;415;617 ~~~~~~~~~~~~~~~~~~~~~~~~~~~~~~ 07-22
11031518;12062094p;10115854;01140200413;01052016;16111810;205;617 ~~~~~~~~~~~~~~~~~~~~~~~~~~~~~~~~~~~~~~ 07-23
12031518;13062094p;11115854;02140200413;02052016;17111810;206;713;546;511;617 ~~~~~~~~~~~~~~~~~~~~~~~~~~ 07-24
13031518;14062094p;12115854;03140200413;03052016;18111810;207;714;406 ~~~~~~~~~~~~~~~~~~~~~~~~~~~~~~~~~~ 07-25
14031518;15062094p;13115854;04140200413;04052016;19111810;208;617 ~~~~~~~~~~~~~~~~~~~~~~~~~~~~~~~~~~~~~~ 07-26
15031518;16062094p;14115854;05140200413;05052016;20111810;209;387;531;561;843;617 ~~~~~~~~~~~~~~~~~~~~~~ 07-27
16031518;17062094p;15115854;06140200413;06052016;21111810;210;514;617 ~~~~~~~~~~~~~~~~~~~~~~~~~~~~~~~~~~ 07-28
17031518;18062094p;16115854;07140200413;07052016;22111810;211;715;420;511;617 ~~~~~~~~~~~~~~~~~~~~~~~~~~ 07-29
18031518;19062094p;17115854;08140200413;08052016;23111810;212;716;406;617 ~~~~~~~~~~~~~~~~~~~~~~~~~~~~~~ 07-30
19031518;20062094p;18115854;09140200413;09052016;24111810;213 ~~~~~~~~~~~~~~~~~~~~~~~~~~~~~~~~~~~~~~~~~~ 07-31
20031518;21062094p;19115854;10140200413;10052016;25111810;214;717;618 ~~~~~~~~~~~~~~~~~~~~~~~~~~~~~~~~~~ 08-01
21031518;22062094p;20115854;11140200413;11052016;26111810;215 ~~~~~~~~~~~~~~~~~~~~~~~~~~~~~~~~~~~~~~~~~~ 08-02
22031518;23062094p;21115854;12140200413;12052016;27111810;216;718;398;618 ~~~~~~~~~~~~~~~~~~~~~~~~~~~~~~ 08-03
23031518;24062094p;22115854;13140200413;13052016;28111810;217 ~~~~~~~~~~~~~~~~~~~~~~~~~~~~~~~~~~~~~~~~~~ 08-04
24031518;25062094p;23115854;14140200413;14052016;29111810;218;618 ~~~~~~~~~~~~~~~~~~~~~~~~~~~~~~~~~~~~~~ 08-05
25031518;26062094p;24115854;15140200413;15052016;30111810;219;719;878 ~~~~~~~~~~~~~~~~~~~~~~~~~~~~~~~~~~ 08-06
26031518;27062094p;25115854;16140200413;16052016;01121810;220;637;720;832;618 ~~~~~~~~~~~~~~~~~~~~~~~~~~ 08-07
27031518;28062094p;26115854;17140200413;17052016;02121810;221;721;821;421 ~~~~~~~~~~~~~~~~~~~~~~~~~~~~~~ 08-08
28031518;29062094p;27115854;18140200413;18052016;03121810;222;406;618 ~~~~~~~~~~~~~~~~~~~~~~~~~~~~~~~~~~ 08-09
29031518;30062094p;28115854;19140200413;19052016;04121810;223;380 ~~~~~~~~~~~~~~~~~~~~~~~~~~~~~~~~~~~~~~ 08-10
30031518;01072094p;29115854;00150200413;20052016;05121810;224;722;618 ~~~~~~~~~~~~~~~~~~~~~~~~~~~~~~~~~~ 08-11
01041518;02072094p;30115854;01150200413;21052016;06121810;225;513 ~~~~~~~~~~~~~~~~~~~~~~~~~~~~~~~~~~~~~~ 08-12
02041518;03072094p;01125854;02150200413;22052016;07121810;226;618 ~~~~~~~~~~~~~~~~~~~~~~~~~~~~~~~~~~~~~~ 08-13
03041518;04072094p;02125854;03150200413;23052016;08121810;227;723;579;406 ~~~~~~~~~~~~~~~~~~~~~~~~~~~~~~ 08-14
04041518;05072094p;03125854;04150200413;24052016;09121810;228;415;618 ~~~~~~~~~~~~~~~~~~~~~~~~~~~~~~~~~~ 08-15
05041518;06072094p;04125854;05150200413;25052016;10121810;229;891 ~~~~~~~~~~~~~~~~~~~~~~~~~~~~~~~~~~~~~~ 08-16
06041518;07072094p;05125854;06150200413;26052016;11121810;230;835;572;618 ~~~~~~~~~~~~~~~~~~~~~~~~~~~~~~ 08-17
07041518;08072094p;06125854;07150200413;27052016;12121810;231;397 ~~~~~~~~~~~~~~~~~~~~~~~~~~~~~~~~~~~~~~ 08-18
08041518;09072094p;07125854;08150200413;28052016;13121810;232;406;618 ~~~~~~~~~~~~~~~~~~~~~~~~~~~~~~~~~~ 08-19
09041518;10072094p;08125854;09150200413;29052016;14121810;233;938 ~~~~~~~~~~~~~~~~~~~~~~~~~~~~~~~~~~~~~~ 08-20
10041518;11072094p;09125854;10150200413;30052016;15121810;234;724;618 ~~~~~~~~~~~~~~~~~~~~~~~~~~~~~~~~~~ 08-21
11041518;12072094p;10125854;11150200413;31052016;16121810;235;926 ~~~~~~~~~~~~~~~~~~~~~~~~~~~~~~~~~~~~~~ 08-22
12041518;13072094p;11125854;12150200413;01062016;17121810;236;618 ~~~~~~~~~~~~~~~~~~~~~~~~~~~~~~~~~~~~~~ 08-23
13041518;14072094p;12125854;13150200413;02062016;18121810;237;897;567 ~~~~~~~~~~~~~~~~~~~~~~~~~~~~~~~~~~ 08-24
14041518;15072094p;13125854;14150200413;03062016;19121810;238;388;556;909;910;925;567;618 ~~~~~~~~~~~~~~ 08-25
15041518;16072094p;14125854;15150200413;04062016;20121810;239;514 ~~~~~~~~~~~~~~~~~~~~~~~~~~~~~~~~~~~~~~ 08-26
16041518;17072094p;15125854;16150200413;05062016;21121810;240;427;596;618 ~~~~~~~~~~~~~~~~~~~~~~~~~~~~~~ 08-27
17041518;18072094p;16125854;17150200413;06062016;22121810;241;725;432;868;875 ~~~~~~~~~~~~~~~~~~~~~~~~~~ 08-28
18041518;19072094p;17125854;18150200413;07062016;23121810;242;428;725;408;815;406;618 ~~~~~~~~~~~~~~~~~~ 08-29
19041518;20072094p;18125854;19150200413;08062016;24121810;243;796 ~~~~~~~~~~~~~~~~~~~~~~~~~~~~~~~~~~~~~~ 08-30
20041518;21072094p;19125854;00160200413;09062016;25121810;244;594;618 ~~~~~~~~~~~~~~~~~~~~~~~~~~~~~~~~~~ 08-31
21041518;22072094p;20125854;01160200413;10062016;26121810;245;595;398;872 ~~~~~~~~~~~~~~~~~~~~~~~~~~~~~~ 09-01
22041518;23072094p;21125854;02160200413;11062016;27121810;246;436;871;619 ~~~~~~~~~~~~~~~~~~~~~~~~~~~~~~ 09-02
23041518;24072094p;22125854;03160200413;12062016;28121810;247;596;727;406;619 ~~~~~~~~~~~~~~~~~~~~~~~~~~ 09-03
24041518;25072094p;23125854;04160200413;13062016;29121810;248;429;637;728;619 ~~~~~~~~~~~~~~~~~~~~~~~~~~ 09-04
25041518;26072094p;24125854;05160200413;14062016;30121810;249;430;845;503 ~~~~~~~~~~~~~~~~~~~~~~~~~~~~~~ 09-05
26041518;27072094p;25125854;06160200413;15062016;01131810;250;434;846;619 ~~~~~~~~~~~~~~~~~~~~~~~~~~~~~~ 09-06
27041518;28072094p;26125854;07160200413;16062016;02131810;251;435;421 ~~~~~~~~~~~~~~~~~~~~~~~~~~~~~~~~~~ 09-07
28041518;29072094p;27125854;08160200413;17062016;03131810;252;513;415;619 ~~~~~~~~~~~~~~~~~~~~~~~~~~~~~~ 09-08
29041518;30072094p;28125854;09160200413;18062016;04131810;253;730;380 ~~~~~~~~~~~~~~~~~~~~~~~~~~~~~~~~~~ 09-09
01051518;01082094p;29125854;10160200413;19062016;05131810;254;521;619 ~~~~~~~~~~~~~~~~~~~~~~~~~~~~~~~~~~ 09-10
02051518;02082094p;01215855;11160200413;20062016;01011811;255;521 ~~~~~~~~~~~~~~~~~~~~~~~~~~~~~~~~~~~~~~ 09-11
03051518;03082094p;02215855;12160200413;21062016;02011811;256;455;847;521;619 ~~~~~~~~~~~~~~~~~~~~~~~~~~ 09-12
04051518;04082094p;03215855;13160200413;22062016;03011811;257;729;726;550;597;406 ~~~~~~~~~~~~~~~~~~~~~~ 09-13
05051518;05082094p;04215855;14160200413;23062016;04011811;258;915;619 ~~~~~~~~~~~~~~~~~~~~~~~~~~~~~~~~~~ 09-14
06051518;06082094p;05215855;15160200413;24062016;05011811;259 ~~~~~~~~~~~~~~~~~~~~~~~~~~~~~~~~~~~~~~~~~~ 09-15
07051518;07082094p;06215855;16160200413;25062016;06011811;260;733;399;415;619 ~~~~~~~~~~~~~~~~~~~~~~~~~~ 09-16
08051518;08082094p;07215855;17160200413;26062016;07011811;261;734;397;908;421;619;848 ~~~~~~~~~~~~~~~~~~ 09-17
09051518;09082094p;08215855;18160200413;27062016;08011811;262;735;406;619 ~~~~~~~~~~~~~~~~~~~~~~~~~~~~~~ 09-18
10051518;10082094p;09215855;19160200413;28062016;09011811;263;731;400 ~~~~~~~~~~~~~~~~~~~~~~~~~~~~~~~~~~ 09-19
11051518;11082094p;10215855;00170200413;29062016;10011811;264;903;527;619 ~~~~~~~~~~~~~~~~~~~~~~~~~~~~~~ 09-20
12051518;12082094p;11215855;01170200413;30062016;11011811;265;732;554;462;619 ~~~~~~~~~~~~~~~~~~~~~~~~~~ 09-21
13051518;13082094p;12215855;02170200413;31062016;12011811;266;838;423;400;619 ~~~~~~~~~~~~~~~~~~~~~~~~~~ 09-22
14051518;14082094p;13215855;03170200413;01072016;13011811;267;514;520;551;463;848 ~~~~~~~~~~~~~~~~~~~~~~ 09-23
15051518;15082094p;14215855;04170200413;02072016;14011811;268;738;389;390;534;907;570;619 ~~~~~~~~~~~~~~ 09-24
16051518;16082094p;15215855;05170200413;03072016;15011811;269;739;743;523;400;619;848 ~~~~~~~~~~~~~~~~~~ 09-25
17051518;17082094p;16215855;06170200413;04072016;16011811;270;740;523;619 ~~~~~~~~~~~~~~~~~~~~~~~~~~~~~~ 09-26
18051518;18082094p;17215855;07170200413;05072016;17011811;271;736;523;619;848 ~~~~~~~~~~~~~~~~~~~~~~~~~~ 09-27
19051518;19082094p;18215855;08170200413;06072016;18011811;272;737;523;409;619 ~~~~~~~~~~~~~~~~~~~~~~~~~~ 09-28
20051518;20082094p;19215855;09170200413;07072016;19011811;273;742;790;523;848 ~~~~~~~~~~~~~~~~~~~~~~~~~~ 09-29
21051518;21082094p;20215855;10170200413;08072016;20011811;274;741;790;813;523;853;619 ~~~~~~~~~~~~~~~~~~ 09-30
22051518;22082094p;21215855;11170200413;09072016;21011811;275;748;790;398;523;853;400 ~~~~~~~~~~~~~~~~~~ 10-01
23051518;23082094p;22215855;12170200413;10072016;22011811;276;637;790;524;853;620 ~~~~~~~~~~~~~~~~~~~~~~ 10-02
24051518;24082094p;23215855;13170200413;11072016;23011811;277;749;790;525;406;620;848 ~~~~~~~~~~~~~~~~~~ 10-03
25051518;25082094p;24215855;14170200413;12072016;24011811;278;744;790;409;620 ~~~~~~~~~~~~~~~~~~~~~~~~~~ 10-04
26051518;26082094p;25215855;15170200413;13072016;25011811;279;745;790;378;513;869;848 ~~~~~~~~~~~~~~~~~~ 10-05
27051518;27082094p;26215855;16170200413;14072016;26011811;280;746;620 ~~~~~~~~~~~~~~~~~~~~~~~~~~~~~~~~~~ 10-06
28051518;28082094p;27215855;17170200413;15072016;27011811;281;747;400;421;620 ~~~~~~~~~~~~~~~~~~~~~~~~~~ 10-07
29051518;29082094p;28215855;18170200413;16072016;28011811;282;401;406;620 ~~~~~~~~~~~~~~~~~~~~~~~~~~~~~~ 10-08
30051518;01092094p;29215855;19170200413;17072016;29011811;283;754;380;920;620;848 ~~~~~~~~~~~~~~~~~~~~~~ 10-09
01061518;02092094p;30215855;00000300413;18072016;30011811;284;750;895;409;415;620 ~~~~~~~~~~~~~~~~~~~~~~ 10-10
02061518;03092094p;01225855;01000300413;19072016;01021811;285;751;367;433 ~~~~~~~~~~~~~~~~~~~~~~~~~~~~~~ 10-11
03061518;04092094p;02225855;02000300413;20072016;02021811;286;791;368;620 ~~~~~~~~~~~~~~~~~~~~~~~~~~~~~~ 10-12
04061518;05092094p;03225855;03000300413;21072016;03021811;287;752 ~~~~~~~~~~~~~~~~~~~~~~~~~~~~~~~~~~~~~~ 10-13
05061518;06092094p;04225855;04000300413;22072016;04021811;288;753;437;620 ~~~~~~~~~~~~~~~~~~~~~~~~~~~~~~ 10-14
06061518;07092094p;05225855;05000300413;23072016;05021811;289;918;620 ~~~~~~~~~~~~~~~~~~~~~~~~~~~~~~~~~~ 10-15
07061518;08092094p;06225855;06000300413;24072016;06021811;290;758;397;919;620 ~~~~~~~~~~~~~~~~~~~~~~~~~~ 10-16
08061518;09092094p;07225855;07000300413;25072016;07021811;291;548;563;620 ~~~~~~~~~~~~~~~~~~~~~~~~~~~~~~ 10-17
09061518;10092094p;08225855;08000300413;26072016;08021811;292;755;885;406;415;620 ~~~~~~~~~~~~~~~~~~~~~~ 10-18
10061518;11092094p;09225855;09000300413;27072016;09021811;293;756;549;560 ~~~~~~~~~~~~~~~~~~~~~~~~~~~~~~ 10-19
11061518;12092094p;10225855;10000300413;28072016;10021811;294;757;899;784;620 ~~~~~~~~~~~~~~~~~~~~~~~~~~ 10-20
12061518;13092094p;11225855;11000300413;29072016;11021811;295;631;514;785;620 ~~~~~~~~~~~~~~~~~~~~~~~~~~ 10-21
13061518;14092094p;12225855;12000300413;30072016;12021811;296;369;467;786;620 ~~~~~~~~~~~~~~~~~~~~~~~~~~ 10-22
14061518;15092094p;13225855;13000300413;01082016;13021811;297;759;393;532;882;922;787;406;620 ~~~~~~~~~~ 10-23
15061518;16092094p;14225855;14000300413;02082016;14021811;298;620 ~~~~~~~~~~~~~~~~~~~~~~~~~~~~~~~~~~~~~~ 10-24
16061518;17092094p;15225855;15000300413;03082016;15021811;299;371 ~~~~~~~~~~~~~~~~~~~~~~~~~~~~~~~~~~~~~~ 10-25
17061518;18092094p;16225855;16000300413;04082016;16021811;300;881;620 ~~~~~~~~~~~~~~~~~~~~~~~~~~~~~~~~~~ 10-26
18061518;19092094p;17225855;17000300413;05082016;17021811;301;457;421 ~~~~~~~~~~~~~~~~~~~~~~~~~~~~~~~~~~ 10-27
19061518;20092094p;18225855;18000300413;06082016;18021811;302;406;620 ~~~~~~~~~~~~~~~~~~~~~~~~~~~~~~~~~~ 10-28
20061518;21092094p;19225855;19000300413;07082016;19021811;303;849;620 ~~~~~~~~~~~~~~~~~~~~~~~~~~~~~~~~~~ 10-29
21061518;22092094p;20225855;00010300413;08082016;20021811;304;398;499;620 ~~~~~~~~~~~~~~~~~~~~~~~~~~~~~~ 10-30
22061518;23092094p;21225855;01010300413;09082016;21021811;305 ~~~~~~~~~~~~~~~~~~~~~~~~~~~~~~~~~~~~~~~~~~ 10-31
23061518;24092094p;22225855;02010300413;10082016;22021811;306;760;621 ~~~~~~~~~~~~~~~~~~~~~~~~~~~~~~~~~~ 11-01
24061518;25092094p;23225855;03010300413;11082016;23021811;307;850;513 ~~~~~~~~~~~~~~~~~~~~~~~~~~~~~~~~~~ 11-02
25061518;26092094p;24225855;04010300413;12082016;24021811;308;761;911;409;621 ~~~~~~~~~~~~~~~~~~~~~~~~~~ 11-03
26061518;27092094p;25225855;05010300413;13082016;25021811;309;762;558 ~~~~~~~~~~~~~~~~~~~~~~~~~~~~~~~~~~ 11-04
27061518;28092094p;26225855;06010300413;14082016;26021811;310;431;779;784;621 ~~~~~~~~~~~~~~~~~~~~~~~~~~ 11-05
28061518;29092094p;27225855;07010300413;15082016;27021811;311;637;763;780;785;421 ~~~~~~~~~~~~~~~~~~~~~~ 11-06
29061518;30092094p;28225855;08010300413;16082016;28021811;312;380;781;786;893;406;621 ~~~~~~~~~~~~~~~~~~ 11-07
01071518;01102094p;29225855;09010300413;17082016;29021811;313;782;787 ~~~~~~~~~~~~~~~~~~~~~~~~~~~~~~~~~~ 11-08
02071518;02102094p;01235855;10010300413;18082016;30021811;314;535;783;788;621 ~~~~~~~~~~~~~~~~~~~~~~~~~~ 11-09
03071518;03102094p;02235855;11010300413;19082016;01031811;315 ~~~~~~~~~~~~~~~~~~~~~~~~~~~~~~~~~~~~~~~~~~ 11-10
04071518;04102094p;03235855;12010300413;20082016;02031811;316;764;621 ~~~~~~~~~~~~~~~~~~~~~~~~~~~~~~~~~~ 11-11
05071518;05102094p;04235855;13010300413;21082016;03031811;317 ~~~~~~~~~~~~~~~~~~~~~~~~~~~~~~~~~~~~~~~~~~ 11-12
06071518;06102094p;05235855;14010300413;22082016;04031811;318;621 ~~~~~~~~~~~~~~~~~~~~~~~~~~~~~~~~~~~~~~ 11-13
07071518;07102094p;06235855;15010300413;23082016;05031811;319;793;543 ~~~~~~~~~~~~~~~~~~~~~~~~~~~~~~~~~~ 11-14
08071518;08102094p;07235855;16010300413;24082016;06031811;320;397;409;621 ~~~~~~~~~~~~~~~~~~~~~~~~~~~~~~ 11-15
09071518;09102094p;08235855;17010300413;25082016;07031811;321 ~~~~~~~~~~~~~~~~~~~~~~~~~~~~~~~~~~~~~~~~~~ 11-16
10071518;10102094p;09235855;18010300413;26082016;08031811;322;879;621 ~~~~~~~~~~~~~~~~~~~~~~~~~~~~~~~~~~ 11-17
11071518;11102094p;10235855;19010300413;27082016;09031811;323;766;514;547 ~~~~~~~~~~~~~~~~~~~~~~~~~~~~~~ 11-18
12071518;12102094p;11235855;00020300413;28082016;10031811;324;855;934;621 ~~~~~~~~~~~~~~~~~~~~~~~~~~~~~~ 11-19
13071518;13102094p;12235855;01020300413;29082016;11031811;325;767 ~~~~~~~~~~~~~~~~~~~~~~~~~~~~~~~~~~~~~~ 11-20
14071518;14102094p;13235855;02020300413;30082016;12031811;326;765;394;409;621 ~~~~~~~~~~~~~~~~~~~~~~~~~~ 11-21
15071518;15102094p;14235855;03020300413;01092016;13031811;327;880;788 ~~~~~~~~~~~~~~~~~~~~~~~~~~~~~~~~~~ 11-22
16071518;16102094p;15235855;04020300413;02092016;14031811;328;621 ~~~~~~~~~~~~~~~~~~~~~~~~~~~~~~~~~~~~~~ 11-23
17071518;17102094p;16235855;05020300413;03092016;15031811;329;769;432 ~~~~~~~~~~~~~~~~~~~~~~~~~~~~~~~~~~ 11-24
18071518;18102094p;17235855;06020300413;04092016;16031811;330;440;621 ~~~~~~~~~~~~~~~~~~~~~~~~~~~~~~~~~~ 11-25
19071518;19102094p;18235855;07020300413;05092016;17031811;331;441;421 ~~~~~~~~~~~~~~~~~~~~~~~~~~~~~~~~~~ 11-26
20071518;20102094p;19235855;08020300413;06092016;18031811;332;770;768;406;415;621 ~~~~~~~~~~~~~~~~~~~~~~ 11-27
21071518;21102094p;20235855;09020300413;07092016;19031811;333;589 ~~~~~~~~~~~~~~~~~~~~~~~~~~~~~~~~~~~~~~ 11-28
22071518;22102094p;21235855;10020300413;08092016;20031811;334;442;398;369;876;621 ~~~~~~~~~~~~~~~~~~~~~~ 11-29
23071518;23102094p;22235855;11020300413;09092016;21031811;335;771;513 ~~~~~~~~~~~~~~~~~~~~~~~~~~~~~~~~~~ 11-30
24071518;24102094p;23235855;12020300413;10092016;22031811;336;772;622 ~~~~~~~~~~~~~~~~~~~~~~~~~~~~~~~~~~ 12-01
25071518;25102094p;24235855;13020300413;11092016;23031811;337;411;406 ~~~~~~~~~~~~~~~~~~~~~~~~~~~~~~~~~~ 12-02
26071518;26102094p;25235855;14020300413;12092016;24031811;338;774;370;936;516;409;622 ~~~~~~~~~~~~~~~~~~ 12-03
27071518;27102094p;26235855;15020300413;13092016;25031811;339;637;775;509;516 ~~~~~~~~~~~~~~~~~~~~~~~~~~ 12-04
28071518;28102094p;27235855;16020300413;14092016;26031811;340;590;516;415;622 ~~~~~~~~~~~~~~~~~~~~~~~~~~ 12-05
29071518;29102094p;28235855;17020300413;15092016;27031811;341;416;516;421 ~~~~~~~~~~~~~~~~~~~~~~~~~~~~~~ 12-06
30071518;30102094p;29235855;18020300413;16092016;28031811;342;773;380;952;516;406;622 ~~~~~~~~~~~~~~~~~~ 12-07
01081518;01112094p;01245855;19020300413;17092016;29031811;343;417;929;516 ~~~~~~~~~~~~~~~~~~~~~~~~~~~~~~ 12-08
02081518;02112094p;02245855;00030300413;18092016;30031811;344;516;622 ~~~~~~~~~~~~~~~~~~~~~~~~~~~~~~~~~~ 12-09
03081518;03112094p;03245855;01030300413;19092016;01041811;345;516 ~~~~~~~~~~~~~~~~~~~~~~~~~~~~~~~~~~~~~~ 12-10
04081518;04112094p;04245855;02030300413;20092016;02041811;346;776;622 ~~~~~~~~~~~~~~~~~~~~~~~~~~~~~~~~~~ 12-11
05081518;05112094p;05245855;03030300413;21092016;03041811;347;777;944;591;406 ~~~~~~~~~~~~~~~~~~~~~~~~~~ 12-12
06081518;06112094p;06245855;04030300413;22092016;04041811;348;514;622 ~~~~~~~~~~~~~~~~~~~~~~~~~~~~~~~~~~ 12-13
07081518;07112094p;07245855;05030300413;23092016;05041811;349;397 ~~~~~~~~~~~~~~~~~~~~~~~~~~~~~~~~~~~~~~ 12-14
08081518;08112094p;08245855;06030300413;24092016;06041811;350;622 ~~~~~~~~~~~~~~~~~~~~~~~~~~~~~~~~~~~~~~ 12-15
09081518;09112094p;09245855;07030300413;25092016;07041811;351;412 ~~~~~~~~~~~~~~~~~~~~~~~~~~~~~~~~~~~~~~ 12-16
10081518;10112094p;10245855;08030300413;26092016;08041811;352;778;557;890;418;622 ~~~~~~~~~~~~~~~~~~~~~~ 12-17
11081518;11112094p;11245855;09030300413;27092016;09041811;353;864 ~~~~~~~~~~~~~~~~~~~~~~~~~~~~~~~~~~~~~~ 12-18
12081518;12112094p;12245855;10030300413;28092016;10041811;354;592;622 ~~~~~~~~~~~~~~~~~~~~~~~~~~~~~~~~~~ 12-19
13081518;13112094p;13245855;11030300413;29092016;11041811;355;371;466 ~~~~~~~~~~~~~~~~~~~~~~~~~~~~~~~~~~ 12-20
14081518;14112094p;14245855;12030300413;30092016;12041811;356;395;545;887;949;426;512;409;622 ~~~~~~~~~~ 12-21
15081518;15112094p;15245855;13030300413;01102016;13041811;357;541;465 ~~~~~~~~~~~~~~~~~~~~~~~~~~~~~~~~~~ 12-22
16081518;16112094p;16245855;14030300413;02102016;14041811;358;622 ~~~~~~~~~~~~~~~~~~~~~~~~~~~~~~~~~~~~~~ 12-23
17081518;17112094p;17245855;15030300413;03102016;15041811;359;596;410 ~~~~~~~~~~~~~~~~~~~~~~~~~~~~~~~~~~ 12-24
18081518;18112094p;18245855;16030300413;04102016;16041811;360;374;622 ~~~~~~~~~~~~~~~~~~~~~~~~~~~~~~~~~~ 12-25
19081518;19112094p;19245855;17030300413;05102016;17041811;361;421 ~~~~~~~~~~~~~~~~~~~~~~~~~~~~~~~~~~~~~~ 12-26
20081518;20112094p;20245855;18030300413;06102016;18041811;362;436;622 ~~~~~~~~~~~~~~~~~~~~~~~~~~~~~~~~~~ 12-27
21081518;21112094p;21245855;19030300413;07102016;19041811;363;513 ~~~~~~~~~~~~~~~~~~~~~~~~~~~~~~~~~~~~~~ 12-28
22081518;22112094p;22245855;00040300413;08102016;20041811;364;398;622 ~~~~~~~~~~~~~~~~~~~~~~~~~~~~~~~~~~ 12-29
23081518;23112094p;23245855;01040300413;09102016;21041811;365 ~~~~~~~~~~~~~~~~~~~~~~~~~~~~~~~~~~~~~~~~~~ 12-30
24081518;24112094p;24245855;02040300413;10102016;22041811;366;622 ~~~~~~~~~~~~~~~~~~~~~~~~~~~~~~~~~~~~~~ 12-31
