21051476;23112053A;21245814;06110100213;11101975;23041770;001;611 ~~~~~~~~~~~~~~~~~~~~~~~~~~~~~~~~~~~~~~ 01-01
22051476;24112053A;22245814;07110100213;12101975;24041770;002;372 ~~~~~~~~~~~~~~~~~~~~~~~~~~~~~~~~~~~~~~ 01-02
23051476;25112053A;23245814;08110100213;13101975;25041770;003;637;611 ~~~~~~~~~~~~~~~~~~~~~~~~~~~~~~~~~~ 01-03
24051476;26112053A;24245814;09110100213;14101975;26041770;004;917 ~~~~~~~~~~~~~~~~~~~~~~~~~~~~~~~~~~~~~~ 01-04
25051476;27112053A;25245814;10110100213;15101975;27041770;005;611 ~~~~~~~~~~~~~~~~~~~~~~~~~~~~~~~~~~~~~~ 01-05
26051476;28112053A;26245814;11110100213;16101975;28041770;006 ~~~~~~~~~~~~~~~~~~~~~~~~~~~~~~~~~~~~~~~~~~ 01-06
27051476;29112053A;27245814;12110100213;17101975;29041770;007;611 ~~~~~~~~~~~~~~~~~~~~~~~~~~~~~~~~~~~~~~ 01-07
28051476;30112053A;28245814;13110100213;18101975;30041770;008;380 ~~~~~~~~~~~~~~~~~~~~~~~~~~~~~~~~~~~~~~ 01-08
29051476;01122053A;29245814;14110100213;19101975;01051770;009;403;611 ~~~~~~~~~~~~~~~~~~~~~~~~~~~~~~~~~~ 01-09
30051476;02122053A;01255814;15110100213;20101975;02051770;010;626;513;418 ~~~~~~~~~~~~~~~~~~~~~~~~~~~~~~ 01-10
01061476;03122053A;02255814;16110100213;21101975;03051770;011;627;611 ~~~~~~~~~~~~~~~~~~~~~~~~~~~~~~~~~~ 01-11
02061476;04122053A;03255814;17110100213;22101975;04051770;012;628 ~~~~~~~~~~~~~~~~~~~~~~~~~~~~~~~~~~~~~~ 01-12
03061476;05122053A;04255814;18110100213;23101975;05051770;013;629;414;611 ~~~~~~~~~~~~~~~~~~~~~~~~~~~~~~ 01-13
04061476;06122053A;05255814;19110100213;24101975;06051770;014 ~~~~~~~~~~~~~~~~~~~~~~~~~~~~~~~~~~~~~~~~~~ 01-14
05061476;07122053A;06255814;00120100213;25101975;07051770;015;631;611 ~~~~~~~~~~~~~~~~~~~~~~~~~~~~~~~~~~ 01-15
06061476;08122053A;07255814;01120100213;26101975;08051770;016;397 ~~~~~~~~~~~~~~~~~~~~~~~~~~~~~~~~~~~~~~ 01-16
07061476;09122053A;08255814;02120100213;27101975;09051770;017;630;403;611 ~~~~~~~~~~~~~~~~~~~~~~~~~~~~~~ 01-17
08061476;10122053A;09255814;03120100213;28101975;10051770;018;625 ~~~~~~~~~~~~~~~~~~~~~~~~~~~~~~~~~~~~~~ 01-18
09061476;11122053A;10255814;04120100213;29101975;11051770;019;492;404;868;611 ~~~~~~~~~~~~~~~~~~~~~~~~~~ 01-19
10061476;12122053A;11255814;05120100213;30101975;12051770;020;905 ~~~~~~~~~~~~~~~~~~~~~~~~~~~~~~~~~~~~~~ 01-20
11061476;13122053A;12255814;06120100213;01111975;13051770;021;832;611 ~~~~~~~~~~~~~~~~~~~~~~~~~~~~~~~~~~ 01-21
12061476;14122053A;13255814;07120100213;02111975;14051770;022;436 ~~~~~~~~~~~~~~~~~~~~~~~~~~~~~~~~~~~~~~ 01-22
13061476;15122053A;14255814;08120100213;03111975;15051770;023;381;514;904;611 ~~~~~~~~~~~~~~~~~~~~~~~~~~ 01-23
14061476;16122053A;15255814;09120100213;04111975;16051770;024 ~~~~~~~~~~~~~~~~~~~~~~~~~~~~~~~~~~~~~~~~~~ 01-24
15061476;17122053A;16255814;10120100213;05111975;17051770;025;635;611 ~~~~~~~~~~~~~~~~~~~~~~~~~~~~~~~~~~ 01-25
16061476;18122053A;17255814;11120100213;06111975;18051770;026;636;916;580 ~~~~~~~~~~~~~~~~~~~~~~~~~~~~~~ 01-26
17061476;19122053A;18255814;12120100213;07111975;19051770;027;433;611 ~~~~~~~~~~~~~~~~~~~~~~~~~~~~~~~~~~ 01-27
18061476;20122053A;19255814;13120100213;08111975;20051770;028;632 ~~~~~~~~~~~~~~~~~~~~~~~~~~~~~~~~~~~~~~ 01-28
19061476;21122053A;20255814;14120100213;09111975;21051770;029;399;415;611 ~~~~~~~~~~~~~~~~~~~~~~~~~~~~~~ 01-29
20061476;22122053A;21255814;15120100213;10111975;22051770;030;633;398;865 ~~~~~~~~~~~~~~~~~~~~~~~~~~~~~~ 01-30
21061476;23122053A;22255814;16120100213;11111975;23051770;031;634;611 ~~~~~~~~~~~~~~~~~~~~~~~~~~~~~~~~~~ 01-31
22061476;24122053A;23255814;16120100213;12111975;24051770;032;400 ~~~~~~~~~~~~~~~~~~~~~~~~~~~~~~~~~~~~~~ 02-01
23061476;25122053A;24255814;17120100213;13111975;25051770;033;612 ~~~~~~~~~~~~~~~~~~~~~~~~~~~~~~~~~~~~~~ 02-02
24061476;26122053A;25255814;18120100213;14111975;26051770;034;923 ~~~~~~~~~~~~~~~~~~~~~~~~~~~~~~~~~~~~~~ 02-03
25061476;27122053A;26255814;19120100213;15111975;27051770;035;400;612 ~~~~~~~~~~~~~~~~~~~~~~~~~~~~~~~~~~ 02-04
26061476;28122053A;27255814;00130100213;16111975;28051770;036;638 ~~~~~~~~~~~~~~~~~~~~~~~~~~~~~~~~~~~~~~ 02-05
27061476;29122053A;28255814;01130100213;17111975;29051770;037;639;513;612 ~~~~~~~~~~~~~~~~~~~~~~~~~~~~~~ 02-06
28061476;30122053A;29255814;02130100213;18111975;30051770;038;637;640;380;888 ~~~~~~~~~~~~~~~~~~~~~~~~~~ 02-07
29061476;01012054B;30255814;03130100213;19111975;01061770;039;479;490;581;612 ~~~~~~~~~~~~~~~~~~~~~~~~~~ 02-08
01071476;02012054B;01265814;04130100213;20111975;02061770;040;641;566;479;490 ~~~~~~~~~~~~~~~~~~~~~~~~~~ 02-09
02071476;03012054B;02265814;05130100213;21111975;03061770;041;443;566;400;612 ~~~~~~~~~~~~~~~~~~~~~~~~~~ 02-10
03071476;04012054B;03265814;06130100213;22111975;04061770;042;444;419;566 ~~~~~~~~~~~~~~~~~~~~~~~~~~~~~~ 02-11
04071476;05012054B;04265814;07130100213;23111975;05061770;043;642;940;566;612 ~~~~~~~~~~~~~~~~~~~~~~~~~~ 02-12
05071476;06012054B;05265814;08130100213;24111975;06061770;044;400 ~~~~~~~~~~~~~~~~~~~~~~~~~~~~~~~~~~~~~~ 02-13
06071476;07012054B;06265814;09130100213;25111975;07061770;045;643;415;612 ~~~~~~~~~~~~~~~~~~~~~~~~~~~~~~ 02-14
07071476;08012054B;07265814;10130100213;26111975;08061770;046;397;536;914 ~~~~~~~~~~~~~~~~~~~~~~~~~~~~~~ 02-15
08071476;09012054B;08265814;11130100213;27111975;09061770;047;450;612 ~~~~~~~~~~~~~~~~~~~~~~~~~~~~~~~~~~ 02-16
09071476;10012054B;09265814;12130100213;28111975;10061770;048;854 ~~~~~~~~~~~~~~~~~~~~~~~~~~~~~~~~~~~~~~ 02-17
10071476;11012054B;10265814;13130100213;29111975;11061770;049;873;854;612 ~~~~~~~~~~~~~~~~~~~~~~~~~~~~~~ 02-18
11071476;12012054B;11265814;14130100213;30111975;12061770;050;644;401 ~~~~~~~~~~~~~~~~~~~~~~~~~~~~~~~~~~ 02-19
12071476;13012054B;12265814;15130100213;01121975;13061770;051;645;612 ~~~~~~~~~~~~~~~~~~~~~~~~~~~~~~~~~~ 02-20
13071476;14012054B;13265814;16130100213;02121975;14061770;052;382;514 ~~~~~~~~~~~~~~~~~~~~~~~~~~~~~~~~~~ 02-21
14071476;15012054B;14265814;17130100213;03121975;15061770;053;541;884;949;612 ~~~~~~~~~~~~~~~~~~~~~~~~~~ 02-22
15071476;16012054B;15265814;18130100213;04121975;16061770;054 ~~~~~~~~~~~~~~~~~~~~~~~~~~~~~~~~~~~~~~~~~~ 02-23
16071476;17012054B;16265814;19130100213;05121975;17061770;055;646;612 ~~~~~~~~~~~~~~~~~~~~~~~~~~~~~~~~~~ 02-24
17071476;18012054B;17265814;00140100213;06121975;18061770;056 ~~~~~~~~~~~~~~~~~~~~~~~~~~~~~~~~~~~~~~~~~~ 02-25
18071476;19012054B;18265814;01140100213;07121975;19061770;057;647;648;612 ~~~~~~~~~~~~~~~~~~~~~~~~~~~~~~ 02-26
19071476;20012054B;19265814;02140100213;08121975;20061770;058;649 ~~~~~~~~~~~~~~~~~~~~~~~~~~~~~~~~~~~~~~ 02-27
20071476;21012054B;20265814;03140100213;09121975;21061770;059;650;398;612 ~~~~~~~~~~~~~~~~~~~~~~~~~~~~~~ 02-28
21071476;22012054B;21265814;07140100213;10121975;22061770;061;655 ~~~~~~~~~~~~~~~~~~~~~~~~~~~~~~~~~~~~~~ 03-01
22071476;23012054B;22265814;08140100213;11121975;23061770;062;613 ~~~~~~~~~~~~~~~~~~~~~~~~~~~~~~~~~~~~~~ 03-02
23071476;24012054B;23265814;09140100213;12121975;24061770;063 ~~~~~~~~~~~~~~~~~~~~~~~~~~~~~~~~~~~~~~~~~~ 03-03
24071476;25012054B;24265814;10140100213;13121975;25061770;064;437;613 ~~~~~~~~~~~~~~~~~~~~~~~~~~~~~~~~~~ 03-04
25071476;26012054B;25265814;11140100213;14121975;26061770;065;653;513;943;613 ~~~~~~~~~~~~~~~~~~~~~~~~~~ 03-05
26071476;27012054B;26265814;12140100213;15121975;27061770;066;654;613 ~~~~~~~~~~~~~~~~~~~~~~~~~~~~~~~~~~ 03-06
27071476;28012054B;27265814;13140100213;16121975;28061770;067;637;886;509 ~~~~~~~~~~~~~~~~~~~~~~~~~~~~~~ 03-07
28071476;29012054B;28265814;14140100213;17121975;29061770;068;613 ~~~~~~~~~~~~~~~~~~~~~~~~~~~~~~~~~~~~~~ 03-08
29071476;01022054B;29265814;15140100213;18121975;30061770;069;380;928;929;952;613 ~~~~~~~~~~~~~~~~~~~~~~ 03-09
30071476;02022054B;30265814;16140100213;19121975;01071770;070;613 ~~~~~~~~~~~~~~~~~~~~~~~~~~~~~~~~~~~~~~ 03-10
01081476;03022054B;01275814;17140100213;20121975;02071770;071;867 ~~~~~~~~~~~~~~~~~~~~~~~~~~~~~~~~~~~~~~ 03-11
02081476;04022054B;02275814;18140100213;21121975;03071770;072;656;432;613 ~~~~~~~~~~~~~~~~~~~~~~~~~~~~~~ 03-12
03081476;05022054B;03275814;19140100213;22121975;04071770;073;613 ~~~~~~~~~~~~~~~~~~~~~~~~~~~~~~~~~~~~~~ 03-13
04081476;06022054B;04275814;00150100213;23121975;05071770;074;613 ~~~~~~~~~~~~~~~~~~~~~~~~~~~~~~~~~~~~~~ 03-14
05081476;07022054B;05275814;01150100213;24121975;06071770;075;613 ~~~~~~~~~~~~~~~~~~~~~~~~~~~~~~~~~~~~~~ 03-15
06081476;08022054B;06275814;02150100213;25121975;07071770;076;397;613 ~~~~~~~~~~~~~~~~~~~~~~~~~~~~~~~~~~ 03-16
07081476;09022054B;07275814;03150100213;26121975;08071770;077;657;613 ~~~~~~~~~~~~~~~~~~~~~~~~~~~~~~~~~~ 03-17
08081476;10022054B;08275814;04150100213;27121975;09071770;078;415;613 ~~~~~~~~~~~~~~~~~~~~~~~~~~~~~~~~~~ 03-18
09081476;11022054B;09275814;05150100213;28121975;10071770;079;658;466 ~~~~~~~~~~~~~~~~~~~~~~~~~~~~~~~~~~ 03-19
10081476;12022054B;10275814;06150100213;29121975;11071770;080;517;424;613 ~~~~~~~~~~~~~~~~~~~~~~~~~~~~~~ 03-20
11081476;13022054B;11275814;07150100213;30121975;12071770;081;514;459;613 ~~~~~~~~~~~~~~~~~~~~~~~~~~~~~~ 03-21
12081476;14022054B;12275814;08150100213;01011976;13071770;082;493;408;851;613 ~~~~~~~~~~~~~~~~~~~~~~~~~~ 03-22
13081476;15022054B;13275814;09150100213;02011976;14071770;083;383;544;623;906;613 ~~~~~~~~~~~~~~~~~~~~~~ 03-23
14081476;16022054B;14275814;10150100213;03011976;15071770;084;659;598;512;519;613 ~~~~~~~~~~~~~~~~~~~~~~ 03-24
15081476;17022054B;15275814;11150100213;04011976;16071770;085;660;562;613 ~~~~~~~~~~~~~~~~~~~~~~~~~~~~~~ 03-25
16081476;18022054B;16275814;12150100213;05011976;17071770;086;562;832;415;613 ~~~~~~~~~~~~~~~~~~~~~~~~~~ 03-26
17081476;19022054B;17275814;13150100213;06011976;18071770;087;596;445;562;613 ~~~~~~~~~~~~~~~~~~~~~~~~~~ 03-27
18081476;20022054B;18275814;14150100213;07011976;19071770;088;446;823;838;613 ~~~~~~~~~~~~~~~~~~~~~~~~~~ 03-28
19081476;21022054B;19275814;15150100213;08011976;20071770;089;447;652;613 ~~~~~~~~~~~~~~~~~~~~~~~~~~~~~~ 03-29
20081476;22022054B;20275814;16150100213;09011976;21071770;090;448;398;852;613 ~~~~~~~~~~~~~~~~~~~~~~~~~~ 03-30
21081476;23022054B;21275814;17150100213;10011976;22071770;091;533;924 ~~~~~~~~~~~~~~~~~~~~~~~~~~~~~~~~~~ 03-31
22081476;24022054B;22275814;18150100213;11011976;23071770;092;663;614 ~~~~~~~~~~~~~~~~~~~~~~~~~~~~~~~~~~ 04-01
23081476;25022054B;23275814;19150100213;12011976;24071770;093;513 ~~~~~~~~~~~~~~~~~~~~~~~~~~~~~~~~~~~~~~ 04-02
24081476;26022054B;24275814;00160100213;13011976;25071770;094;900;409;614 ~~~~~~~~~~~~~~~~~~~~~~~~~~~~~~ 04-03
25081476;27022054B;25275814;01160100213;14011976;26071770;095;637;661;571;614 ~~~~~~~~~~~~~~~~~~~~~~~~~~ 04-04
26081476;28022054B;26275814;02160100213;15011976;27071770;096;662;614 ~~~~~~~~~~~~~~~~~~~~~~~~~~~~~~~~~~ 04-05
27081476;29022054B;27275814;03160100213;16011976;28071770;097;651 ~~~~~~~~~~~~~~~~~~~~~~~~~~~~~~~~~~~~~~ 04-06
28081476;30022054B;28275814;04160100213;17011976;29071770;098;380;651;802;614 ~~~~~~~~~~~~~~~~~~~~~~~~~~ 04-07
29081476;01032054B;29275814;05160100213;18011976;30071770;099;614;651 ~~~~~~~~~~~~~~~~~~~~~~~~~~~~~~~~~~ 04-08
01091476;02032054B;01285814;06160100213;19011976;01081770;100;538;559;935;651;504;409;614 ~~~~~~~~~~~~~~ 04-09
02091476;03032054B;02285814;07160100213;20011976;02081770;101;651 ~~~~~~~~~~~~~~~~~~~~~~~~~~~~~~~~~~~~~~ 04-10
03091476;04032054B;03285814;08160100213;21011976;03081770;102;555;577;651;415;614 ~~~~~~~~~~~~~~~~~~~~~~ 04-11
04091476;05032054B;04285814;09160100213;22011976;04081770;103 ~~~~~~~~~~~~~~~~~~~~~~~~~~~~~~~~~~~~~~~~~~ 04-12
05091476;06032054B;05285814;10160100213;23011976;05081770;104;945;505;614 ~~~~~~~~~~~~~~~~~~~~~~~~~~~~~~ 04-13
06091476;07032054B;06285814;11160100213;24011976;06081770;105;614 ~~~~~~~~~~~~~~~~~~~~~~~~~~~~~~~~~~~~~~ 04-14
07091476;08032054B;07285814;12160100213;25011976;07081770;106;397;614 ~~~~~~~~~~~~~~~~~~~~~~~~~~~~~~~~~~ 04-15
08091476;09032054B;08285814;13160100213;26011976;08081770;107;631;664;576;933;614 ~~~~~~~~~~~~~~~~~~~~~~ 04-16
09091476;10032054B;09285814;14160100213;27011976;09081770;108;665;505;614 ~~~~~~~~~~~~~~~~~~~~~~~~~~~~~~ 04-17
10091476;11032054B;10285814;15160100213;28011976;10081770;109;666;514;877 ~~~~~~~~~~~~~~~~~~~~~~~~~~~~~~ 04-18
11091476;12032054B;11285814;16160100213;29011976;11081770;110;415;505;614 ~~~~~~~~~~~~~~~~~~~~~~~~~~~~~~ 04-19
12091476;13032054B;12285814;17160100213;30011976;12081770;111;794 ~~~~~~~~~~~~~~~~~~~~~~~~~~~~~~~~~~~~~~ 04-20
13091476;14032054B;13285814;18160100213;01021976;13081770;112;384;409;614 ~~~~~~~~~~~~~~~~~~~~~~~~~~~~~~ 04-21
14091476;15032054B;14285814;19160100213;02021976;14081770;113;539;575;614 ~~~~~~~~~~~~~~~~~~~~~~~~~~~~~~ 04-22
15091476;16032054B;15285814;00170100213;03021976;15081770;114;667;515;614 ~~~~~~~~~~~~~~~~~~~~~~~~~~~~~~ 04-23
16091476;17032054B;16285814;01170100213;04021976;16081770;115;671 ~~~~~~~~~~~~~~~~~~~~~~~~~~~~~~~~~~~~~~ 04-24
17091476;18032054B;17285814;02170100213;05021976;17081770;116;668;433;835;614 ~~~~~~~~~~~~~~~~~~~~~~~~~~ 04-25
18091476;19032054B;18285814;03170100213;06021976;18081770;117;669 ~~~~~~~~~~~~~~~~~~~~~~~~~~~~~~~~~~~~~~ 04-26
19091476;20032054B;19285814;04170100213;07021976;19081770;118;614 ~~~~~~~~~~~~~~~~~~~~~~~~~~~~~~~~~~~~~~ 04-27
20091476;21032054B;20285814;05170100213;08021976;20081770;119 ~~~~~~~~~~~~~~~~~~~~~~~~~~~~~~~~~~~~~~~~~~ 04-28
21091476;22032054B;21285814;06170100213;09021976;21081770;120;670;398;374;505;614 ~~~~~~~~~~~~~~~~~~~~~~ 04-29
22091476;23032054B;22285814;07170100213;10021976;22081770;121;513 ~~~~~~~~~~~~~~~~~~~~~~~~~~~~~~~~~~~~~~ 04-30
23091476;24032054B;23285814;08170100213;11021976;23081770;122;679;615 ~~~~~~~~~~~~~~~~~~~~~~~~~~~~~~~~~~ 05-01
24091476;25032054B;24285814;09170100213;12021976;24081770;123;637;672 ~~~~~~~~~~~~~~~~~~~~~~~~~~~~~~~~~~ 05-02
25091476;26032054B;25285814;10170100213;13021976;25081770;124;673;939;624;615 ~~~~~~~~~~~~~~~~~~~~~~~~~~ 05-03
26091476;27032054B;26285814;11170100213;14021976;26081770;125;674;526;624 ~~~~~~~~~~~~~~~~~~~~~~~~~~~~~~ 05-04
27091476;28032054B;27285814;12170100213;15021976;27081770;126;675;508;624;415;615 ~~~~~~~~~~~~~~~~~~~~~~ 05-05
28091476;29032054B;28285814;13170100213;16021976;28081770;127;676;821;863;624 ~~~~~~~~~~~~~~~~~~~~~~~~~~ 05-06
29091476;30032054B;29285814;14170100213;17021976;29081770;128;494;677;380;624;615 ~~~~~~~~~~~~~~~~~~~~~~ 05-07
30091476;01042054B;30285814;15170100213;18021976;30081770;129;678;507;506;624 ~~~~~~~~~~~~~~~~~~~~~~~~~~ 05-08
01101476;02042054B;01295814;16170100213;19021976;01091770;130;681;680;902;502;624;409;615 ~~~~~~~~~~~~~~ 05-09
02101476;03042054B;02295814;17170100213;20021976;02091770;131;451;510;375 ~~~~~~~~~~~~~~~~~~~~~~~~~~~~~~ 05-10
03101476;04042054B;03295814;18170100213;21021976;03091770;132;682;815;864;615 ~~~~~~~~~~~~~~~~~~~~~~~~~~ 05-11
04101476;05042054B;04295814;19170100213;22021976;04091770;133;528 ~~~~~~~~~~~~~~~~~~~~~~~~~~~~~~~~~~~~~~ 05-12
05101476;06042054B;05295814;00000200213;23021976;05091770;134;683;514;553;529;415;615 ~~~~~~~~~~~~~~~~~~ 05-13
06101476;07042054B;06295814;01000200213;24021976;06091770;135;397 ~~~~~~~~~~~~~~~~~~~~~~~~~~~~~~~~~~~~~~ 05-14
07101476;08042054B;07295814;02000200213;25021976;07091770;136;686;436;927;573;615 ~~~~~~~~~~~~~~~~~~~~~~ 05-15
08101476;09042054B;08295814;03000200213;26021976;08091770;137;687;573 ~~~~~~~~~~~~~~~~~~~~~~~~~~~~~~~~~~ 05-16
09101476;10042054B;09295814;04000200213;27021976;09091770;138;449;684;889;573;615 ~~~~~~~~~~~~~~~~~~~~~~ 05-17
10101476;11042054B;10295814;05000200213;28021976;10091770;139;789 ~~~~~~~~~~~~~~~~~~~~~~~~~~~~~~~~~~~~~~ 05-18
11101476;12042054B;11295814;06000200213;29021976;11091770;140;615 ~~~~~~~~~~~~~~~~~~~~~~~~~~~~~~~~~~~~~~ 05-19
12101476;13042054B;12295814;07000200213;30021976;12091770;141;685;894 ~~~~~~~~~~~~~~~~~~~~~~~~~~~~~~~~~~ 05-20
13101476;14042054B;13295814;08000200213;31021976;13091770;142;797;385;537;817;937;409;615 ~~~~~~~~~~~~~~ 05-21
14101476;15042054B;14295814;09000200213;01031976;14091770;143;689;457;892 ~~~~~~~~~~~~~~~~~~~~~~~~~~~~~~ 05-22
15101476;16042054B;15295814;10000200213;02031976;15091770;144;439;798;615 ~~~~~~~~~~~~~~~~~~~~~~~~~~~~~~ 05-23
16101476;17042054B;16295814;11000200213;03031976;16091770;145;439 ~~~~~~~~~~~~~~~~~~~~~~~~~~~~~~~~~~~~~~ 05-24
17101476;18042054B;17295814;12000200213;04031976;17091770;146;438;615 ~~~~~~~~~~~~~~~~~~~~~~~~~~~~~~~~~~ 05-25
18101476;19042054B;18295814;13000200213;05031976;18091770;147;518 ~~~~~~~~~~~~~~~~~~~~~~~~~~~~~~~~~~~~~~ 05-26
19101476;20042054B;19295814;14000200213;06031976;19091770;148;688;399;615 ~~~~~~~~~~~~~~~~~~~~~~~~~~~~~~ 05-27
20101476;21042054B;20295814;15000200213;07031976;20091770;149;513 ~~~~~~~~~~~~~~~~~~~~~~~~~~~~~~~~~~~~~~ 05-28
21101476;22042054B;21295814;16000200213;08031976;21091770;150;398;615 ~~~~~~~~~~~~~~~~~~~~~~~~~~~~~~~~~~ 05-29
22101476;23042054B;22295814;17000200213;09031976;22091770;151;830;400 ~~~~~~~~~~~~~~~~~~~~~~~~~~~~~~~~~~ 05-30
23101476;24042054B;23295814;18000200213;10031976;23091770;152;615 ~~~~~~~~~~~~~~~~~~~~~~~~~~~~~~~~~~~~~~ 05-31
24101476;25042054B;24295814;19000200213;11031976;24091770;153;605 ~~~~~~~~~~~~~~~~~~~~~~~~~~~~~~~~~~~~~~ 06-01
25101476;26042054B;25295814;00010200213;12031976;25091770;154;694;530;616 ~~~~~~~~~~~~~~~~~~~~~~~~~~~~~~ 06-02
26101476;27042054B;26295814;01010200213;13031976;26091770;155;691;616 ~~~~~~~~~~~~~~~~~~~~~~~~~~~~~~~~~~ 06-03
27101476;28042054B;27295814;02010200213;14031976;27091770;156;616 ~~~~~~~~~~~~~~~~~~~~~~~~~~~~~~~~~~~~~~ 06-04
28101476;29042054B;28295814;03010200213;15031976;28091770;157;692;380;942;400 ~~~~~~~~~~~~~~~~~~~~~~~~~~ 06-05
29101476;01052054B;29295814;04010200213;16031976;29091770;158;637;693;921;415;616 ~~~~~~~~~~~~~~~~~~~~~~ 06-06
01111476;02052054B;01305814;05010200213;17031976;30091770;159;690 ~~~~~~~~~~~~~~~~~~~~~~~~~~~~~~~~~~~~~~ 06-07
02111476;03052054B;02305814;06010200213;18031976;01101770;160;432;514;616 ~~~~~~~~~~~~~~~~~~~~~~~~~~~~~~ 06-08
03111476;04052054B;03305814;07010200213;19031976;02101770;161;696 ~~~~~~~~~~~~~~~~~~~~~~~~~~~~~~~~~~~~~~ 06-09
04111476;05052054B;04305814;08010200213;20031976;03101770;162;564;616 ~~~~~~~~~~~~~~~~~~~~~~~~~~~~~~~~~~ 06-10
05111476;06052054B;05305814;09010200213;21031976;04101770;163;569 ~~~~~~~~~~~~~~~~~~~~~~~~~~~~~~~~~~~~~~ 06-11
06111476;07052054B;06305814;10010200213;22031976;05101770;164;397;416;859;522;569;616 ~~~~~~~~~~~~~~~~~~ 06-12
07111476;08052054B;07305814;11010200213;23031976;06101770;165;697;799;616 ~~~~~~~~~~~~~~~~~~~~~~~~~~~~~~ 06-13
08111476;09052054B;08305814;12010200213;24031976;07101770;166;695;552;400;409;616 ~~~~~~~~~~~~~~~~~~~~~~ 06-14
09111476;10052054B;09305814;13010200213;25031976;08101770;167;420;616 ~~~~~~~~~~~~~~~~~~~~~~~~~~~~~~~~~~ 06-15
10111476;11052054B;10305814;14010200213;26031976;09101770;168;896;616 ~~~~~~~~~~~~~~~~~~~~~~~~~~~~~~~~~~ 06-16
11111476;12052054B;11305814;15010200213;27031976;10101770;169;400 ~~~~~~~~~~~~~~~~~~~~~~~~~~~~~~~~~~~~~~ 06-17
12111476;13052054B;12305814;16010200213;28031976;11101770;170;698;616 ~~~~~~~~~~~~~~~~~~~~~~~~~~~~~~~~~~ 06-18
13111476;14052054B;13305814;17010200213;29031976;12101770;171;701;699;386;941;700 ~~~~~~~~~~~~~~~~~~~~~~ 06-19
14111476;15052054B;14305814;18010200213;30031976;13101770;172;401;874;460;409;616 ~~~~~~~~~~~~~~~~~~~~~~ 06-20
15111476;16052054B;15305814;19010200213;31031976;14101770;173;452;452;425;616 ~~~~~~~~~~~~~~~~~~~~~~~~~~ 06-21
16111476;17052054B;16305814;00020200213;01041976;15101770;174;461;616 ~~~~~~~~~~~~~~~~~~~~~~~~~~~~~~~~~~ 06-22
17111476;18052054B;17305814;01020200213;02041976;16101770;175 ~~~~~~~~~~~~~~~~~~~~~~~~~~~~~~~~~~~~~~~~~~ 06-23
18111476;19052054B;18305814;02020200213;03041976;17101770;176;704;513;616 ~~~~~~~~~~~~~~~~~~~~~~~~~~~~~~ 06-24
19111476;20052054B;19305814;03020200213;04041976;18101770;177;833;616 ~~~~~~~~~~~~~~~~~~~~~~~~~~~~~~~~~~ 06-25
20111476;21052054B;20305814;04020200213;05041976;19101770;178;703;409;616 ~~~~~~~~~~~~~~~~~~~~~~~~~~~~~~ 06-26
21111476;22052054B;21305814;05020200213;06041976;20101770;179;702 ~~~~~~~~~~~~~~~~~~~~~~~~~~~~~~~~~~~~~~ 06-27
22111476;23052054B;22305814;06020200213;07041976;21101770;180;398;616 ~~~~~~~~~~~~~~~~~~~~~~~~~~~~~~~~~~ 06-28
23111476;24052054B;23305814;07020200213;08041976;22101770;181 ~~~~~~~~~~~~~~~~~~~~~~~~~~~~~~~~~~~~~~~~~~ 06-29
24111476;25052054B;24305814;08020200213;09041976;23101770;182;616 ~~~~~~~~~~~~~~~~~~~~~~~~~~~~~~~~~~~~~~ 06-30
25111476;26052054B;25305814;09020200213;10041976;24101770;183;946 ~~~~~~~~~~~~~~~~~~~~~~~~~~~~~~~~~~~~~~ 07-01
26111476;27052054B;26305814;10020200213;11041976;25101770;184;617 ~~~~~~~~~~~~~~~~~~~~~~~~~~~~~~~~~~~~~~ 07-02
27111476;28052054B;27305814;11020200213;12041976;26101770;185;437;565 ~~~~~~~~~~~~~~~~~~~~~~~~~~~~~~~~~~ 07-03
28111476;29052054B;28305814;12020200213;13041976;27101770;186;637;705;840;811;565;617 ~~~~~~~~~~~~~~~~~~ 07-04
29111476;01062054B;29305814;13020200213;14041976;28101770;187;795;380;373 ~~~~~~~~~~~~~~~~~~~~~~~~~~~~~~ 07-05
30111476;02062054B;30305814;14020200213;15041976;29101770;188;514;617 ~~~~~~~~~~~~~~~~~~~~~~~~~~~~~~~~~~ 07-06
01121476;03062054B;01315814;15020200213;16041976;30101770;189;411;870 ~~~~~~~~~~~~~~~~~~~~~~~~~~~~~~~~~~ 07-07
02121476;04062054B;02315814;16020200213;17041976;01111770;190;409;617 ~~~~~~~~~~~~~~~~~~~~~~~~~~~~~~~~~~ 07-08
03121476;05062054B;03315814;17020200213;18041976;02111770;191;617 ~~~~~~~~~~~~~~~~~~~~~~~~~~~~~~~~~~~~~~ 07-09
04121476;06062054B;04315814;18020200213;19041976;03111770;192;617 ~~~~~~~~~~~~~~~~~~~~~~~~~~~~~~~~~~~~~~ 07-10
05121476;07062054B;05315814;19020200213;20041976;04111770;193;706;397;617 ~~~~~~~~~~~~~~~~~~~~~~~~~~~~~~ 07-11
06121476;08062054B;06315814;00030200213;21041976;05111770;194;617 ~~~~~~~~~~~~~~~~~~~~~~~~~~~~~~~~~~~~~~ 07-12
07121476;09062054B;07315814;01030200213;22041976;06111770;195;707 ~~~~~~~~~~~~~~~~~~~~~~~~~~~~~~~~~~~~~~ 07-13
08121476;10062054B;08315814;02030200213;23041976;07111770;196;617 ~~~~~~~~~~~~~~~~~~~~~~~~~~~~~~~~~~~~~~ 07-14
09121476;11062054B;09315814;03030200213;24041976;08111770;197;711;546;501;617 ~~~~~~~~~~~~~~~~~~~~~~~~~~ 07-15
10121476;12062054B;10315814;04030200213;25041976;09111770;198;631;500;617 ~~~~~~~~~~~~~~~~~~~~~~~~~~~~~~ 07-16
11121476;13062054B;11315814;05030200213;26041976;10111770;199;500 ~~~~~~~~~~~~~~~~~~~~~~~~~~~~~~~~~~~~~~ 07-17
12121476;14062054B;12315814;06030200213;27041976;11111770;200;708;617 ~~~~~~~~~~~~~~~~~~~~~~~~~~~~~~~~~~ 07-18
13121476;15062054B;13315814;07030200213;28041976;12111770;201;709;387;531;561;500;617 ~~~~~~~~~~~~~~~~~~ 07-19
14121476;16062054B;14315814;08030200213;29041976;13111770;202;710;500;409;617 ~~~~~~~~~~~~~~~~~~~~~~~~~~ 07-20
15121476;17062054B;15315814;09030200213;30041976;14111770;203 ~~~~~~~~~~~~~~~~~~~~~~~~~~~~~~~~~~~~~~~~~~ 07-21
16121476;18062054B;16315814;10030200213;31041976;15111770;204;433;513;617 ~~~~~~~~~~~~~~~~~~~~~~~~~~~~~~ 07-22
17121476;19062054B;17315814;11030200213;01051976;16111770;205;712;410 ~~~~~~~~~~~~~~~~~~~~~~~~~~~~~~~~~~ 07-23
18121476;20062054B;18315814;12030200213;02051976;17111770;206;841;617 ~~~~~~~~~~~~~~~~~~~~~~~~~~~~~~~~~~ 07-24
19121476;21062054B;19315814;13030200213;03051976;18111770;207;713 ~~~~~~~~~~~~~~~~~~~~~~~~~~~~~~~~~~~~~~ 07-25
20121476;22062054B;20315814;14030200213;04051976;19111770;208;714;617 ~~~~~~~~~~~~~~~~~~~~~~~~~~~~~~~~~~ 07-26
21121476;23062054B;21315814;15030200213;05051976;20111770;209;398;617 ~~~~~~~~~~~~~~~~~~~~~~~~~~~~~~~~~~ 07-27
22121476;24062054B;22315814;16030200213;06051976;21111770;210;617 ~~~~~~~~~~~~~~~~~~~~~~~~~~~~~~~~~~~~~~ 07-28
23121476;25062054B;23315814;17030200213;07051976;22111770;211;617 ~~~~~~~~~~~~~~~~~~~~~~~~~~~~~~~~~~~~~~ 07-29
24121476;26062054B;24315814;18030200213;08051976;23111770;212;715;842;617 ~~~~~~~~~~~~~~~~~~~~~~~~~~~~~~ 07-30
25121476;27062054B;25315814;19030200213;09051976;24111770;213;716;878 ~~~~~~~~~~~~~~~~~~~~~~~~~~~~~~~~~~ 07-31
26121476;28062054B;26315814;00040200213;10051976;25111770;214;637;720;618 ~~~~~~~~~~~~~~~~~~~~~~~~~~~~~~ 08-01
27121476;29062054B;27315814;01040200213;11051976;26111770;215;717 ~~~~~~~~~~~~~~~~~~~~~~~~~~~~~~~~~~~~~~ 08-02
28121476;30062054B;28315814;02040200213;12051976;27111770;216;380;928;929;952;618 ~~~~~~~~~~~~~~~~~~~~~~ 08-03
29121476;01072054B;29315814;03040200213;13051976;28111770;217;718;514;829;421 ~~~~~~~~~~~~~~~~~~~~~~~~~~ 08-04
01011477;02072054B;01325814;04040200213;14051976;29111770;218;495;618 ~~~~~~~~~~~~~~~~~~~~~~~~~~~~~~~~~~ 08-05
02011477;03072054B;02325814;05040200213;15051976;30111770;219;579;375 ~~~~~~~~~~~~~~~~~~~~~~~~~~~~~~~~~~ 08-06
03011477;04072054B;03325814;06040200213;16051976;01121770;220;719;891;618 ~~~~~~~~~~~~~~~~~~~~~~~~~~~~~~ 08-07
04011477;05072054B;04325814;07040200213;17051976;02121770;221;723 ~~~~~~~~~~~~~~~~~~~~~~~~~~~~~~~~~~~~~~ 08-08
05011477;06072054B;05325814;08040200213;18051976;03121770;222;721;496;618 ~~~~~~~~~~~~~~~~~~~~~~~~~~~~~~ 08-09
06011477;07072054B;06325814;09040200213;19051976;04121770;223;397;572 ~~~~~~~~~~~~~~~~~~~~~~~~~~~~~~~~~~ 08-10
07011477;08072054B;07325814;10040200213;20051976;05121770;224;412;618 ~~~~~~~~~~~~~~~~~~~~~~~~~~~~~~~~~~ 08-11
08011477;09072054B;08325814;11040200213;21051976;06121770;225;722 ~~~~~~~~~~~~~~~~~~~~~~~~~~~~~~~~~~~~~~ 08-12
09011477;10072054B;09325814;12040200213;22051976;07121770;226;926;618 ~~~~~~~~~~~~~~~~~~~~~~~~~~~~~~~~~~ 08-13
10011477;11072054B;10325814;13040200213;23051976;08121770;227;938;498 ~~~~~~~~~~~~~~~~~~~~~~~~~~~~~~~~~~ 08-14
11011477;12072054B;11325814;14040200213;24051976;09121770;228;724;618 ~~~~~~~~~~~~~~~~~~~~~~~~~~~~~~~~~~ 08-15
12011477;13072054B;12325814;15040200213;25051976;10121770;229 ~~~~~~~~~~~~~~~~~~~~~~~~~~~~~~~~~~~~~~~~~~ 08-16
13011477;14072054B;13325814;16040200213;26051976;11121770;230;567;375;496;618 ~~~~~~~~~~~~~~~~~~~~~~~~~~ 08-17
14011477;15072054B;14325814;17040200213;27051976;12121770;231;388;513;541;556;909;910;925;949;567;412 ~~ 08-18
15011477;16072054B;15325814;18040200213;28051976;13121770;232;496;618 ~~~~~~~~~~~~~~~~~~~~~~~~~~~~~~~~~~ 08-19
16011477;17072054B;16325814;19040200213;29051976;14121770;233 ~~~~~~~~~~~~~~~~~~~~~~~~~~~~~~~~~~~~~~~~~~ 08-20
17011477;18072054B;17325814;00050200213;30051976;15121770;234;875;618 ~~~~~~~~~~~~~~~~~~~~~~~~~~~~~~~~~~ 08-21
18011477;19072054B;18325814;01050200213;31051976;16121770;235 ~~~~~~~~~~~~~~~~~~~~~~~~~~~~~~~~~~~~~~~~~~ 08-22
19011477;20072054B;19325814;02050200213;01061976;17121770;236;813;618 ~~~~~~~~~~~~~~~~~~~~~~~~~~~~~~~~~~ 08-23
20011477;21072054B;20325814;03050200213;02061976;18121770;237 ~~~~~~~~~~~~~~~~~~~~~~~~~~~~~~~~~~~~~~~~~~ 08-24
21011477;22072054B;21325814;04050200213;03061976;19121770;238;412;618 ~~~~~~~~~~~~~~~~~~~~~~~~~~~~~~~~~~ 08-25
22011477;23072054B;22325814;05050200213;04061976;20121770;239;398;883 ~~~~~~~~~~~~~~~~~~~~~~~~~~~~~~~~~~ 08-26
23011477;24072054B;23325814;06050200213;05061976;21121770;240;618 ~~~~~~~~~~~~~~~~~~~~~~~~~~~~~~~~~~~~~~ 08-27
24011477;25072054B;24325814;07050200213;06061976;22121770;241;427 ~~~~~~~~~~~~~~~~~~~~~~~~~~~~~~~~~~~~~~ 08-28
25011477;26072054B;25325814;08050200213;07061976;23121770;242;725;503;618 ~~~~~~~~~~~~~~~~~~~~~~~~~~~~~~ 08-29
26011477;27072054B;26325814;09050200213;08061976;24121770;243;428;725 ~~~~~~~~~~~~~~~~~~~~~~~~~~~~~~~~~~ 08-30
27011477;28072054B;27325814;10050200213;09061976;25121770;244;796;863;618 ~~~~~~~~~~~~~~~~~~~~~~~~~~~~~~ 08-31
28011477;29072054B;28325814;11050200213;10061976;26121770;245;594;380;514;868 ~~~~~~~~~~~~~~~~~~~~~~~~~~ 09-01
29011477;01082054B;29325814;12050200213;11061976;27121770;246;595;929;952;496;619 ~~~~~~~~~~~~~~~~~~~~~~ 09-02
30011477;02082054B;30325814;13050200213;12061976;28121770;247;497;421 ~~~~~~~~~~~~~~~~~~~~~~~~~~~~~~~~~~ 09-03
01021477;03082054B;01335814;14050200213;13061976;29121770;248;596;727;432;597;619 ~~~~~~~~~~~~~~~~~~~~~~ 09-04
02021477;04082054B;02335814;15050200213;14061976;30121770;249;429;637;728;550;824 ~~~~~~~~~~~~~~~~~~~~~~ 09-05
03021477;05082054B;03335814;16050200213;15061976;01131770;250;430;845;915;619 ~~~~~~~~~~~~~~~~~~~~~~~~~~ 09-06
04021477;06082054B;04335814;17050200213;16061976;02131770;251;434;846;467 ~~~~~~~~~~~~~~~~~~~~~~~~~~~~~~ 09-07
05021477;07082054B;05335814;18050200213;17061976;03131770;252;435;397;375;412;619 ~~~~~~~~~~~~~~~~~~~~~~ 09-08
06021477;08082054B;06335814;19050200213;18061976;04131770;253;417;908 ~~~~~~~~~~~~~~~~~~~~~~~~~~~~~~~~~~ 09-09
07021477;09082054B;07335814;00060200213;19061976;05131770;254;730;619 ~~~~~~~~~~~~~~~~~~~~~~~~~~~~~~~~~~ 09-10
08021477;10082054B;08335814;01060200213;20061976;01011771;255 ~~~~~~~~~~~~~~~~~~~~~~~~~~~~~~~~~~~~~~~~~~ 09-11
09021477;11082054B;09335814;02060200213;21061976;02011771;256;847;436;903;619 ~~~~~~~~~~~~~~~~~~~~~~~~~~ 09-12
10021477;12082054B;10335814;03060200213;22061976;03011771;257;455;726;897;421;619 ~~~~~~~~~~~~~~~~~~~~~~ 09-13
11021477;13082054B;11335814;04060200213;23061976;04011771;258;729;513;619 ~~~~~~~~~~~~~~~~~~~~~~~~~~~~~~ 09-14
12021477;14082054B;12335814;05060200213;24061976;05011771;259;732;520;551;412;619 ~~~~~~~~~~~~~~~~~~~~~~ 09-15
13021477;15082054B;13335814;06060200213;25061976;06011771;260;389;390;534;861;570;619 ~~~~~~~~~~~~~~~~~~ 09-16
14021477;16082054B;14335814;07060200213;26061976;07011771;261;733;907;619;848 ~~~~~~~~~~~~~~~~~~~~~~~~~~ 09-17
15021477;17082054B;15335814;08060200213;27061976;08011771;262;596;734;619 ~~~~~~~~~~~~~~~~~~~~~~~~~~~~~~ 09-18
16021477;18082054B;16335814;09060200213;28061976;09011771;263;735;375 ~~~~~~~~~~~~~~~~~~~~~~~~~~~~~~~~~~ 09-19
17021477;19082054B;17335814;10060200213;29061976;10011771;264;731;619 ~~~~~~~~~~~~~~~~~~~~~~~~~~~~~~~~~~ 09-20
18021477;20082054B;18335814;11060200213;30061976;11011771;265 ~~~~~~~~~~~~~~~~~~~~~~~~~~~~~~~~~~~~~~~~~~ 09-21
19021477;21082054B;19335814;12060200213;31061976;12011771;266;737;462;412;619 ~~~~~~~~~~~~~~~~~~~~~~~~~~ 09-22
20021477;22082054B;20335814;13060200213;01071976;13011771;267;376;423;844;619 ~~~~~~~~~~~~~~~~~~~~~~~~~~ 09-23
21021477;23082054B;21335814;14060200213;02071976;14011771;268;741;398;463;619 ~~~~~~~~~~~~~~~~~~~~~~~~~~ 09-24
22021477;24082054B;22335814;15060200213;03071976;15011771;269;738;399;619 ~~~~~~~~~~~~~~~~~~~~~~~~~~~~~~ 09-25
23021477;25082054B;23335814;16060200213;04071976;16011771;270;739;743;619 ~~~~~~~~~~~~~~~~~~~~~~~~~~~~~~ 09-26
24021477;26082054B;24335814;17060200213;05071976;17011771;271;740;869 ~~~~~~~~~~~~~~~~~~~~~~~~~~~~~~~~~~ 09-27
25021477;27082054B;25335814;18060200213;06071976;18011771;272;736;554;400;619 ~~~~~~~~~~~~~~~~~~~~~~~~~~ 09-28
26021477;28082054B;26335814;19060200213;07071976;19011771;273;514;412 ~~~~~~~~~~~~~~~~~~~~~~~~~~~~~~~~~~ 09-29
27021477;29082054B;27335814;00070200213;08071976;20011771;274;742;790;853;619 ~~~~~~~~~~~~~~~~~~~~~~~~~~ 09-30
28021477;01092054B;28335814;01070200213;09071976;21011771;275;747;790;380;920;853;400;574 ~~~~~~~~~~~~~~ 10-01
29021477;02092054B;29335814;02070200213;10071976;22011771;276;748;790;895;521;853;620 ~~~~~~~~~~~~~~~~~~ 10-02
01031477;03092054B;01015815;03070200213;11071976;23011771;277;637;790;521;848 ~~~~~~~~~~~~~~~~~~~~~~~~~~ 10-03
02031477;04092054B;02015815;04070200213;12071976;24011771;278;749;790;521;400;620 ~~~~~~~~~~~~~~~~~~~~~~ 10-04
03031477;05092054B;03015815;05070200213;13071976;25011771;279;744;790;620 ~~~~~~~~~~~~~~~~~~~~~~~~~~~~~~ 10-05
04031477;06092054B;04015815;06070200213;14071976;26011771;280;745;790;418;620 ~~~~~~~~~~~~~~~~~~~~~~~~~~ 10-06
05031477;07092054B;05015815;07070200213;15071976;27011771;281;746;918;400;620;848 ~~~~~~~~~~~~~~~~~~~~~~ 10-07
06031477;08092054B;06015815;08070200213;16071976;28011771;282;753;397;548;919;620 ~~~~~~~~~~~~~~~~~~~~~~ 10-08
07031477;09092054B;07015815;09070200213;17071976;29011771;283;885;563;848 ~~~~~~~~~~~~~~~~~~~~~~~~~~~~~~ 10-09
08031477;10092054B;08015815;10070200213;18071976;30011771;284;754;367;549;560;400;620 ~~~~~~~~~~~~~~~~~~ 10-10
09031477;11092054B;09015815;11070200213;19071976;01021771;285;750;368;848 ~~~~~~~~~~~~~~~~~~~~~~~~~~~~~~ 10-11
10031477;12092054B;10015815;12070200213;20071976;02021771;286;751;513;899;527;620 ~~~~~~~~~~~~~~~~~~~~~~ 10-12
11031477;13092054B;11015815;13070200213;21071976;03021771;287;791;400;412;421;843;620 ~~~~~~~~~~~~~~~~~~ 10-13
12031477;14092054B;12015815;14070200213;22071976;04021771;288;752;511;620 ~~~~~~~~~~~~~~~~~~~~~~~~~~~~~~ 10-14
13031477;15092054B;13015815;15070200213;23071976;05021771;289;631;882;922;843;620 ~~~~~~~~~~~~~~~~~~~~~~ 10-15
14031477;16092054B;14015815;16070200213;24071976;06021771;290;596;391;532;400;620 ~~~~~~~~~~~~~~~~~~~~~~ 10-16
15031477;17092054B;15015815;17070200213;25071976;07021771;291;758;401;523;843 ~~~~~~~~~~~~~~~~~~~~~~~~~~ 10-17
16031477;18092054B;16015815;18070200213;26071976;08021771;292;433;523;620 ~~~~~~~~~~~~~~~~~~~~~~~~~~~~~~ 10-18
17031477;19092054B;17015815;19070200213;27071976;09021771;293;755;511;523;620 ~~~~~~~~~~~~~~~~~~~~~~~~~~ 10-19
18031477;20092054B;18015815;00080200213;28071976;10021771;294;756;881;523;784;412;620 ~~~~~~~~~~~~~~~~~~ 10-20
19031477;21092054B;19015815;01080200213;29071976;11021771;295;757;369;523;785;620 ~~~~~~~~~~~~~~~~~~~~~~ 10-21
20031477;22092054B;20015815;02080200213;30071976;12021771;296;824;523;786;620 ~~~~~~~~~~~~~~~~~~~~~~~~~~ 10-22
21031477;23092054B;21015815;03080200213;01081976;13021771;297;398;437;499;523;787;620 ~~~~~~~~~~~~~~~~~~ 10-23
22031477;24092054B;22015815;04080200213;02081976;14021771;298;759;371;524;620 ~~~~~~~~~~~~~~~~~~~~~~~~~~ 10-24
23031477;25092054B;23015815;05080200213;03081976;15021771;299;431;525 ~~~~~~~~~~~~~~~~~~~~~~~~~~~~~~~~~~ 10-25
24031477;26092054B;24015815;06080200213;04081976;16021771;300;620 ~~~~~~~~~~~~~~~~~~~~~~~~~~~~~~~~~~~~~~ 10-26
25031477;27092054B;25015815;07080200213;05081976;17021771;301;558;911;412;843 ~~~~~~~~~~~~~~~~~~~~~~~~~~ 10-27
26031477;28092054B;26015815;08080200213;06081976;18021771;302;514;779;784;620 ~~~~~~~~~~~~~~~~~~~~~~~~~~ 10-28
27031477;29092054B;27015815;09080200213;07081976;19021771;303;780;785;620 ~~~~~~~~~~~~~~~~~~~~~~~~~~~~~~ 10-29
28031477;30092054B;28015815;10080200213;08081976;20021771;304;849;380;781;786;893;620 ~~~~~~~~~~~~~~~~~~ 10-30
29031477;01102054B;29015815;11080200213;09081976;21021771;305;782;787 ~~~~~~~~~~~~~~~~~~~~~~~~~~~~~~~~~~ 10-31
30031477;02102054B;30015815;12080200213;10081976;22021771;306;535;783;788;621 ~~~~~~~~~~~~~~~~~~~~~~~~~~ 11-01
01041477;03102054B;01025815;13080200213;11081976;23021771;307;760 ~~~~~~~~~~~~~~~~~~~~~~~~~~~~~~~~~~~~~~ 11-02
02041477;04102054B;02025815;14080200213;12081976;24021771;308;850;412;621 ~~~~~~~~~~~~~~~~~~~~~~~~~~~~~~ 11-03
03041477;05102054B;03025815;15080200213;13081976;25021771;309;761 ~~~~~~~~~~~~~~~~~~~~~~~~~~~~~~~~~~~~~~ 11-04
04041477;06102054B;04025815;16080200213;14081976;26021771;310;762;543;621 ~~~~~~~~~~~~~~~~~~~~~~~~~~~~~~ 11-05
05041477;07102054B;05025815;17080200213;15081976;27021771;311;596 ~~~~~~~~~~~~~~~~~~~~~~~~~~~~~~~~~~~~~~ 11-06
06041477;08102054B;06025815;18080200213;16081976;28021771;312;637;763;397;621 ~~~~~~~~~~~~~~~~~~~~~~~~~~ 11-07
07041477;09102054B;07025815;19080200213;17081976;29021771;313;405;513 ~~~~~~~~~~~~~~~~~~~~~~~~~~~~~~~~~~ 11-08
08041477;10102054B;08025815;00090200213;18081976;30021771;314;879;621 ~~~~~~~~~~~~~~~~~~~~~~~~~~~~~~~~~~ 11-09
09041477;11102054B;09025815;01090200213;19081976;01031771;315;412 ~~~~~~~~~~~~~~~~~~~~~~~~~~~~~~~~~~~~~~ 11-10
10041477;12102054B;10025815;02090200213;20081976;02031771;316;547;621 ~~~~~~~~~~~~~~~~~~~~~~~~~~~~~~~~~~ 11-11
11041477;13102054B;11025815;03090200213;21081976;03031771;317;764;934 ~~~~~~~~~~~~~~~~~~~~~~~~~~~~~~~~~~ 11-12
12041477;14102054B;12025815;04090200213;22081976;04031771;318;621 ~~~~~~~~~~~~~~~~~~~~~~~~~~~~~~~~~~~~~~ 11-13
13041477;15102054B;13025815;05090200213;23081976;05031771;319 ~~~~~~~~~~~~~~~~~~~~~~~~~~~~~~~~~~~~~~~~~~ 11-14
14041477;16102054B;14025815;06090200213;24081976;06031771;320;765;394;880;621 ~~~~~~~~~~~~~~~~~~~~~~~~~~ 11-15
15041477;17102054B;15025815;07090200213;25081976;07031771;321 ~~~~~~~~~~~~~~~~~~~~~~~~~~~~~~~~~~~~~~~~~~ 11-16
16041477;18102054B;16025815;08090200213;26081976;08031771;322;412;621 ~~~~~~~~~~~~~~~~~~~~~~~~~~~~~~~~~~ 11-17
17041477;19102054B;17025815;09090200213;27081976;09031771;323 ~~~~~~~~~~~~~~~~~~~~~~~~~~~~~~~~~~~~~~~~~~ 11-18
18041477;20102054B;18025815;10090200213;28081976;10031771;324;766;621 ~~~~~~~~~~~~~~~~~~~~~~~~~~~~~~~~~~ 11-19
19041477;21102054B;19025815;11090200213;29081976;11031771;325;418 ~~~~~~~~~~~~~~~~~~~~~~~~~~~~~~~~~~~~~~ 11-20
20041477;22102054B;20025815;12090200213;30081976;12031771;326;767;621 ~~~~~~~~~~~~~~~~~~~~~~~~~~~~~~~~~~ 11-21
21041477;23102054B;21025815;13090200213;01091976;13031771;327;398;876;788;421 ~~~~~~~~~~~~~~~~~~~~~~~~~~ 11-22
22041477;24102054B;22025815;14090200213;02091976;14031771;328;413;514;621 ~~~~~~~~~~~~~~~~~~~~~~~~~~~~~~ 11-23
23041477;25102054B;23025815;15090200213;03091976;15031771;329 ~~~~~~~~~~~~~~~~~~~~~~~~~~~~~~~~~~~~~~~~~~ 11-24
24041477;26102054B;24025815;16090200213;04091976;16031771;330;769;936;621 ~~~~~~~~~~~~~~~~~~~~~~~~~~~~~~ 11-25
25041477;27102054B;25025815;17090200213;05091976;17031771;331;440 ~~~~~~~~~~~~~~~~~~~~~~~~~~~~~~~~~~~~~~ 11-26
26041477;28102054B;26025815;18090200213;06091976;18031771;332;441;422;453;621 ~~~~~~~~~~~~~~~~~~~~~~~~~~ 11-27
27041477;29102054B;27025815;19090200213;07091976;19031771;333;770;768;369 ~~~~~~~~~~~~~~~~~~~~~~~~~~~~~~ 11-28
28041477;01112054B;28025815;00100200213;08091976;20031771;334;380;589;621 ~~~~~~~~~~~~~~~~~~~~~~~~~~~~~~ 11-29
29041477;02112054B;29025815;01100200213;09091976;21031771;335;442 ~~~~~~~~~~~~~~~~~~~~~~~~~~~~~~~~~~~~~~ 11-30
01051477;03112054B;30025815;02100200213;10091976;22031771;336;771;773;432;622 ~~~~~~~~~~~~~~~~~~~~~~~~~~ 12-01
02051477;04112054B;01035815;03100200213;11091976;23031771;337;772;370 ~~~~~~~~~~~~~~~~~~~~~~~~~~~~~~~~~~ 12-02
03051477;05112054B;02035815;04100200213;12091976;24031771;338;622 ~~~~~~~~~~~~~~~~~~~~~~~~~~~~~~~~~~~~~~ 12-03
04051477;06112054B;03035815;05100200213;13091976;25031771;339;774;944 ~~~~~~~~~~~~~~~~~~~~~~~~~~~~~~~~~~ 12-04
05051477;07112054B;04035815;06100200213;14091976;26031771;340;637;775;622 ~~~~~~~~~~~~~~~~~~~~~~~~~~~~~~ 12-05
06051477;08112054B;05035815;07100200213;15091976;27031771;341;397;513;590 ~~~~~~~~~~~~~~~~~~~~~~~~~~~~~~ 12-06
07051477;09112054B;06035815;08100200213;16091976;28031771;342;622 ~~~~~~~~~~~~~~~~~~~~~~~~~~~~~~~~~~~~~~ 12-07
08051477;10112054B;07035815;09100200213;17091976;29031771;343;406 ~~~~~~~~~~~~~~~~~~~~~~~~~~~~~~~~~~~~~~ 12-08
09051477;11112054B;08035815;10100200213;18091976;30031771;344;793;622 ~~~~~~~~~~~~~~~~~~~~~~~~~~~~~~~~~~ 12-09
10051477;12112054B;09035815;11100200213;19091976;01041771;345;557;890 ~~~~~~~~~~~~~~~~~~~~~~~~~~~~~~~~~~ 12-10
11051477;13112054B;10035815;12100200213;20091976;02041771;346;858;622 ~~~~~~~~~~~~~~~~~~~~~~~~~~~~~~~~~~ 12-11
12051477;14112054B;11035815;13100200213;21091976;03041771;347;776 ~~~~~~~~~~~~~~~~~~~~~~~~~~~~~~~~~~~~~~ 12-12
13051477;15112054B;12035815;14100200213;22091976;04041771;348;777;591;406;622 ~~~~~~~~~~~~~~~~~~~~~~~~~~ 12-13
14051477;16112054B;13035815;15100200213;23091976;05041771;349;395;545;887 ~~~~~~~~~~~~~~~~~~~~~~~~~~~~~~ 12-14
15051477;17112054B;14035815;16100200213;24091976;06041771;350;622 ~~~~~~~~~~~~~~~~~~~~~~~~~~~~~~~~~~~~~~ 12-15
16051477;18112054B;15035815;17100200213;25091976;07041771;351 ~~~~~~~~~~~~~~~~~~~~~~~~~~~~~~~~~~~~~~~~~~ 12-16
17051477;19112054B;16035815;18100200213;26091976;08041771;352;857;418;622 ~~~~~~~~~~~~~~~~~~~~~~~~~~~~~~ 12-17
18051477;20112054B;17035815;19100200213;27091976;09041771;353;778;514;406 ~~~~~~~~~~~~~~~~~~~~~~~~~~~~~~ 12-18
19051477;21112054B;18035815;00110200213;28091976;10041771;354;622 ~~~~~~~~~~~~~~~~~~~~~~~~~~~~~~~~~~~~~~ 12-19
20051477;22112054B;19035815;01110200213;29091976;11041771;355;371;592;466 ~~~~~~~~~~~~~~~~~~~~~~~~~~~~~~ 12-20
21051477;23112054B;20035815;02110200213;30091976;12041771;356;398;426;622 ~~~~~~~~~~~~~~~~~~~~~~~~~~~~~~ 12-21
22051477;24112054B;21035815;03110200213;01101976;13041771;357;864;465 ~~~~~~~~~~~~~~~~~~~~~~~~~~~~~~~~~~ 12-22
23051477;25112054B;22035815;04110200213;02101976;14041771;358;406;622 ~~~~~~~~~~~~~~~~~~~~~~~~~~~~~~~~~~ 12-23
24051477;26112054B;23035815;05110200213;03101976;15041771;359;917 ~~~~~~~~~~~~~~~~~~~~~~~~~~~~~~~~~~~~~~ 12-24
25051477;27112054B;24035815;06110200213;04101976;16041771;360;554;622 ~~~~~~~~~~~~~~~~~~~~~~~~~~~~~~~~~~ 12-25
26051477;28112054B;25035815;07110200213;05101976;17041771;361;516 ~~~~~~~~~~~~~~~~~~~~~~~~~~~~~~~~~~~~~~ 12-26
27051477;29112054B;26035815;08110200213;06101976;18041771;362;516;622 ~~~~~~~~~~~~~~~~~~~~~~~~~~~~~~~~~~ 12-27
28051477;30112054B;27035815;09110200213;07101976;19041771;363;380;928;516;406 ~~~~~~~~~~~~~~~~~~~~~~~~~~ 12-28
29051477;01122054B;28035815;10110200213;08101976;20041771;364;516;622 ~~~~~~~~~~~~~~~~~~~~~~~~~~~~~~~~~~ 12-29
30051477;02122054B;29035815;11110200213;09101976;21041771;365;516 ~~~~~~~~~~~~~~~~~~~~~~~~~~~~~~~~~~~~~~ 12-30
01061477;03122054B;30035815;12110200213;10101976;22041771;366;622 ~~~~~~~~~~~~~~~~~~~~~~~~~~~~~~~~~~~~~~ 12-31
