17021501;18112077Y;16045838;12170500313;11101999;23041794;001;637 ~~~~~~~~~~~~~~~~~~~~~~~~~~~~~~~~~~~~~~ 01-01
18021501;19112077Y;17045838;13170500313;12101999;24041794;002;825 ~~~~~~~~~~~~~~~~~~~~~~~~~~~~~~~~~~~~~~ 01-02
19021501;20112077Y;18045838;14170500313;13101999;25041794;003;372 ~~~~~~~~~~~~~~~~~~~~~~~~~~~~~~~~~~~~~~ 01-03
20021501;21112077Y;19045838;15170500313;14101999;26041794;004;844 ~~~~~~~~~~~~~~~~~~~~~~~~~~~~~~~~~~~~~~ 01-04
21021501;22112077Y;20045838;16170500313;15101999;27041794;005;398;403 ~~~~~~~~~~~~~~~~~~~~~~~~~~~~~~~~~~ 01-05
22021501;23112077Y;21045838;17170500313;16101999;28041794;006;513 ~~~~~~~~~~~~~~~~~~~~~~~~~~~~~~~~~~~~~~ 01-06
23021501;24112077Y;22045838;18170500313;17101999;29041794;007 ~~~~~~~~~~~~~~~~~~~~~~~~~~~~~~~~~~~~~~~~~~ 01-07
24021501;25112077Y;23045838;19170500313;18101999;30041794;008;626;376 ~~~~~~~~~~~~~~~~~~~~~~~~~~~~~~~~~~ 01-08
25021501;26112077Y;24045838;00000600313;19101999;01051794;009;627;917;403 ~~~~~~~~~~~~~~~~~~~~~~~~~~~~~~ 01-09
26021501;27112077Y;25045838;01000600313;20101999;02051794;010;628;418 ~~~~~~~~~~~~~~~~~~~~~~~~~~~~~~~~~~ 01-10
27021501;28112077Y;26045838;02000600313;21101999;03051794;011;629;404 ~~~~~~~~~~~~~~~~~~~~~~~~~~~~~~~~~~ 01-11
28021501;29112077Y;27045838;03000600313;22101999;04051794;012 ~~~~~~~~~~~~~~~~~~~~~~~~~~~~~~~~~~~~~~~~~~ 01-12
29021501;30112077Y;28045838;04000600313;23101999;05051794;013;380 ~~~~~~~~~~~~~~~~~~~~~~~~~~~~~~~~~~~~~~ 01-13
01031501;01122077Y;29045838;05000600313;24101999;06051794;014;596;432 ~~~~~~~~~~~~~~~~~~~~~~~~~~~~~~~~~~ 01-14
02031501;02122077Y;01055838;06000600313;25101999;07051794;015;630 ~~~~~~~~~~~~~~~~~~~~~~~~~~~~~~~~~~~~~~ 01-15
03031501;03122077Y;02055838;07000600313;26101999;08051794;016;625;868 ~~~~~~~~~~~~~~~~~~~~~~~~~~~~~~~~~~ 01-16
04031501;04122077Y;03055838;08000600313;27101999;09051794;017;492;453 ~~~~~~~~~~~~~~~~~~~~~~~~~~~~~~~~~~ 01-17
05031501;05122077Y;04055838;09000600313;28101999;10051794;018;514 ~~~~~~~~~~~~~~~~~~~~~~~~~~~~~~~~~~~~~~ 01-18
06031501;06122077Y;05055838;10000600313;29101999;11051794;019 ~~~~~~~~~~~~~~~~~~~~~~~~~~~~~~~~~~~~~~~~~~ 01-19
07031501;07122077Y;06055838;11000600313;30101999;12051794;020;631;397 ~~~~~~~~~~~~~~~~~~~~~~~~~~~~~~~~~~ 01-20
08031501;08122077Y;07055838;12000600313;01111999;13051794;021 ~~~~~~~~~~~~~~~~~~~~~~~~~~~~~~~~~~~~~~~~~~ 01-21
09031501;09122077Y;08055838;13000600313;02111999;14051794;022 ~~~~~~~~~~~~~~~~~~~~~~~~~~~~~~~~~~~~~~~~~~ 01-22
10031501;10122077Y;09055838;14000600313;03111999;15051794;023;865 ~~~~~~~~~~~~~~~~~~~~~~~~~~~~~~~~~~~~~~ 01-23
11031501;11122077Y;10055838;15000600313;04111999;16051794;024;905 ~~~~~~~~~~~~~~~~~~~~~~~~~~~~~~~~~~~~~~ 01-24
12031501;12122077Y;11055838;16000600313;05111999;17051794;025;511;580 ~~~~~~~~~~~~~~~~~~~~~~~~~~~~~~~~~~ 01-25
13031501;13122077Y;12055838;17000600313;06111999;18051794;026;632;843 ~~~~~~~~~~~~~~~~~~~~~~~~~~~~~~~~~~ 01-26
14031501;14122077Y;13055838;18000600313;07111999;19051794;027;381;904 ~~~~~~~~~~~~~~~~~~~~~~~~~~~~~~~~~~ 01-27
15031501;15122077Y;14055838;19000600313;08111999;20051794;028;633;418 ~~~~~~~~~~~~~~~~~~~~~~~~~~~~~~~~~~ 01-28
16031501;16122077Y;15055838;00010600313;09111999;21051794;029;634 ~~~~~~~~~~~~~~~~~~~~~~~~~~~~~~~~~~~~~~ 01-29
17031501;17122077Y;16055838;01010600313;10111999;22051794;030;635;511 ~~~~~~~~~~~~~~~~~~~~~~~~~~~~~~~~~~ 01-30
18031501;18122077Y;17055838;02010600313;11111999;23051794;031;636;916 ~~~~~~~~~~~~~~~~~~~~~~~~~~~~~~~~~~ 01-31
19031501;19122077Y;18055838;02010600313;12111999;24051794;032 ~~~~~~~~~~~~~~~~~~~~~~~~~~~~~~~~~~~~~~~~~~ 02-01
20031501;20122077Y;19055838;03010600313;13111999;25051794;033 ~~~~~~~~~~~~~~~~~~~~~~~~~~~~~~~~~~~~~~~~~~ 02-02
21031501;21122077Y;20055838;04010600313;14111999;26051794;034;638;513;843 ~~~~~~~~~~~~~~~~~~~~~~~~~~~~~~ 02-03
22031501;22122077Y;21055838;05010600313;15111999;27051794;035;639;398 ~~~~~~~~~~~~~~~~~~~~~~~~~~~~~~~~~~ 02-04
23031501;23122077Y;22055838;06010600313;16111999;28051794;036;637;640;612 ~~~~~~~~~~~~~~~~~~~~~~~~~~~~~~ 02-05
24031501;24122077Y;23055838;07010600313;17111999;29051794;037;418 ~~~~~~~~~~~~~~~~~~~~~~~~~~~~~~~~~~~~~~ 02-06
25031501;25122077Y;24055838;08010600313;18111999;30051794;038;612 ~~~~~~~~~~~~~~~~~~~~~~~~~~~~~~~~~~~~~~ 02-07
26031501;26122077Y;25055838;09010600313;19111999;01061794;039;923 ~~~~~~~~~~~~~~~~~~~~~~~~~~~~~~~~~~~~~~ 02-08
27031501;27122077Y;26055838;10010600313;20111999;02061794;040 ~~~~~~~~~~~~~~~~~~~~~~~~~~~~~~~~~~~~~~~~~~ 02-09
28031501;28122077Y;27055838;11010600313;21111999;03061794;041;642 ~~~~~~~~~~~~~~~~~~~~~~~~~~~~~~~~~~~~~~ 02-10
29031501;29122077Y;28055838;12010600313;22111999;04061794;042 ~~~~~~~~~~~~~~~~~~~~~~~~~~~~~~~~~~~~~~~~~~ 02-11
30031501;01012078Z;29055838;13010600313;23111999;05061794;043;643;380;379;888;479;490 ~~~~~~~~~~~~~~~~~~ 02-12
01041501;02012078Z;30055838;14010600313;24111999;06061794;044;566;479;490;612;581 ~~~~~~~~~~~~~~~~~~~~~~ 02-13
02041501;03012078Z;01065838;15010600313;25111999;07061794;045;641;514;566 ~~~~~~~~~~~~~~~~~~~~~~~~~~~~~~ 02-14
03041501;04012078Z;02065838;16010600313;26111999;08061794;046;443;566;612 ~~~~~~~~~~~~~~~~~~~~~~~~~~~~~~ 02-15
04041501;05012078Z;03065838;17010600313;27111999;09061794;047;444;940;566 ~~~~~~~~~~~~~~~~~~~~~~~~~~~~~~ 02-16
05041501;06012078Z;04065838;18010600313;28111999;10061794;048;644;854;612 ~~~~~~~~~~~~~~~~~~~~~~~~~~~~~~ 02-17
06041501;07012078Z;05065838;19010600313;29111999;11061794;049;645;397;914;854 ~~~~~~~~~~~~~~~~~~~~~~~~~~ 02-18
07041501;08012078Z;06065838;00020600313;30111999;12061794;050;536;612 ~~~~~~~~~~~~~~~~~~~~~~~~~~~~~~~~~~ 02-19
08041501;09012078Z;07065838;01020600313;01121999;13061794;051 ~~~~~~~~~~~~~~~~~~~~~~~~~~~~~~~~~~~~~~~~~~ 02-20
09041501;10012078Z;08065838;02020600313;02121999;14061794;052;450;612 ~~~~~~~~~~~~~~~~~~~~~~~~~~~~~~~~~~ 02-21
10041501;11012078Z;09065838;03020600313;03121999;15061794;053;646;873 ~~~~~~~~~~~~~~~~~~~~~~~~~~~~~~~~~~ 02-22
11041501;12012078Z;10065838;04020600313;04121999;16061794;054;612 ~~~~~~~~~~~~~~~~~~~~~~~~~~~~~~~~~~~~~~ 02-23
12041501;13012078Z;11065838;05020600313;05121999;17061794;055;647;648;835;418 ~~~~~~~~~~~~~~~~~~~~~~~~~~ 02-24
13041501;14012078Z;12065838;06020600313;06121999;18061794;056;649;378 ~~~~~~~~~~~~~~~~~~~~~~~~~~~~~~~~~~ 02-25
14041501;15012078Z;13065838;07020600313;07121999;19061794;057;382;884 ~~~~~~~~~~~~~~~~~~~~~~~~~~~~~~~~~~ 02-26
15041501;16012078Z;14065838;08020600313;08121999;20061794;058;433;519 ~~~~~~~~~~~~~~~~~~~~~~~~~~~~~~~~~~ 02-27
16041501;17012078Z;15065838;09020600313;09121999;21061794;059;650 ~~~~~~~~~~~~~~~~~~~~~~~~~~~~~~~~~~~~~~ 02-28
17041501;18012078Z;16065838;13020600313;10121999;22061794;061;436;612 ~~~~~~~~~~~~~~~~~~~~~~~~~~~~~~~~~~ 03-01
18041501;19012078Z;17065838;14020600313;11121999;23061794;062;513 ~~~~~~~~~~~~~~~~~~~~~~~~~~~~~~~~~~~~~~ 03-02
19041501;20012078Z;18065838;15020600313;12121999;24061794;063;653;836;867;612 ~~~~~~~~~~~~~~~~~~~~~~~~~~ 03-03
20041501;21012078Z;19065838;16020600313;13121999;25061794;064;654 ~~~~~~~~~~~~~~~~~~~~~~~~~~~~~~~~~~~~~~ 03-04
21041501;22012078Z;20065838;17020600313;14121999;26061794;065;637;613 ~~~~~~~~~~~~~~~~~~~~~~~~~~~~~~~~~~ 03-05
22041501;23012078Z;21065838;18020600313;15121999;27061794;066;655;398 ~~~~~~~~~~~~~~~~~~~~~~~~~~~~~~~~~~ 03-06
23041501;24012078Z;22065838;19020600313;16121999;28061794;067;612 ~~~~~~~~~~~~~~~~~~~~~~~~~~~~~~~~~~~~~~ 03-07
24041501;25012078Z;23065838;00030600313;17121999;29061794;068;399 ~~~~~~~~~~~~~~~~~~~~~~~~~~~~~~~~~~~~~~ 03-08
25041501;26012078Z;24065838;01030600313;18121999;30061794;069;612;613 ~~~~~~~~~~~~~~~~~~~~~~~~~~~~~~~~~~ 03-09
26041501;27012078Z;25065838;02030600313;19121999;01071794;070;656;943 ~~~~~~~~~~~~~~~~~~~~~~~~~~~~~~~~~~ 03-10
27041501;28012078Z;26065838;03030600313;20121999;02071794;071;400 ~~~~~~~~~~~~~~~~~~~~~~~~~~~~~~~~~~~~~~ 03-11
28041501;29012078Z;27065838;04030600313;21121999;03071794;072;886 ~~~~~~~~~~~~~~~~~~~~~~~~~~~~~~~~~~~~~~ 03-12
29041501;30012078Z;28065838;05030600313;22121999;04071794;073;380;612 ~~~~~~~~~~~~~~~~~~~~~~~~~~~~~~~~~~ 03-13
01051501;01022078Z;29065838;06030600313;23121999;05071794;074;400 ~~~~~~~~~~~~~~~~~~~~~~~~~~~~~~~~~~~~~~ 03-14
02051501;02022078Z;01075838;07030600313;24121999;06071794;075;657;514 ~~~~~~~~~~~~~~~~~~~~~~~~~~~~~~~~~~ 03-15
03051501;03022078Z;02075838;08030600313;25121999;07071794;076 ~~~~~~~~~~~~~~~~~~~~~~~~~~~~~~~~~~~~~~~~~~ 03-16
04051501;04022078Z;03075838;09030600313;26121999;08071794;077;658;400 ~~~~~~~~~~~~~~~~~~~~~~~~~~~~~~~~~~ 03-17
05051501;05022078Z;04075838;10030600313;27121999;09071794;078 ~~~~~~~~~~~~~~~~~~~~~~~~~~~~~~~~~~~~~~~~~~ 03-18
06051501;06022078Z;05075838;11030600313;28121999;10071794;079;466;612 ~~~~~~~~~~~~~~~~~~~~~~~~~~~~~~~~~~ 03-19
07051501;07022078Z;06075838;12030600313;29121999;11071794;080;397;424;400 ~~~~~~~~~~~~~~~~~~~~~~~~~~~~~~ 03-20
08051501;08022078Z;07075838;13030600313;30121999;12071794;081;405;459;612 ~~~~~~~~~~~~~~~~~~~~~~~~~~~~~~ 03-21
09051501;09022078Z;08075838;14030600313;01012000;13071794;082;659;851 ~~~~~~~~~~~~~~~~~~~~~~~~~~~~~~~~~~ 03-22
10051501;10022078Z;09075838;15030600313;02012000;14071794;083;612 ~~~~~~~~~~~~~~~~~~~~~~~~~~~~~~~~~~~~~~ 03-23
11051501;11022078Z;10075838;16030600313;03012000;15071794;084;517 ~~~~~~~~~~~~~~~~~~~~~~~~~~~~~~~~~~~~~~ 03-24
12051501;12022078Z;11075838;17030600313;04012000;16071794;085;596;612 ~~~~~~~~~~~~~~~~~~~~~~~~~~~~~~~~~~ 03-25
13051501;13022078Z;12075838;18030600313;05012000;17071794;086;406 ~~~~~~~~~~~~~~~~~~~~~~~~~~~~~~~~~~~~~~ 03-26
14051501;14022078Z;13075838;19030600313;06012000;18071794;087;493;544;623;612;613 ~~~~~~~~~~~~~~~~~~~~~~ 03-27
15051501;15022078Z;14075838;00040600313;07012000;19071794;088;383;598;906 ~~~~~~~~~~~~~~~~~~~~~~~~~~~~~~ 03-28
16051501;16022078Z;15075838;01040600313;08012000;20071794;089;652;562;515;400 ~~~~~~~~~~~~~~~~~~~~~~~~~~ 03-29
17051501;17022078Z;16075838;02040600313;09012000;21071794;090;660;513;562;852 ~~~~~~~~~~~~~~~~~~~~~~~~~~ 03-30
18051501;18022078Z;17075838;03040600313;10012000;22071794;091;401;408;562;406;612 ~~~~~~~~~~~~~~~~~~~~~~ 03-31
19051501;19022078Z;18075838;04040600313;11012000;23071794;092;445 ~~~~~~~~~~~~~~~~~~~~~~~~~~~~~~~~~~~~~~ 04-01
20051501;20022078Z;19075838;05040600313;12012000;24071794;093;446;637;661;612 ~~~~~~~~~~~~~~~~~~~~~~~~~~ 04-02
21051501;21022078Z;20075838;06040600313;13012000;25071794;094;447;662 ~~~~~~~~~~~~~~~~~~~~~~~~~~~~~~~~~~ 04-03
22051501;22022078Z;21075838;07040600313;14012000;26071794;095;448;651;571;612 ~~~~~~~~~~~~~~~~~~~~~~~~~~ 04-04
23051501;23022078Z;22075838;08040600313;15012000;27071794;096;398;419;651;533;924;406 ~~~~~~~~~~~~~~~~~~ 04-05
24051501;24022078Z;23075838;09040600313;16012000;28071794;097;663;409;614;651 ~~~~~~~~~~~~~~~~~~~~~~~~~~ 04-06
25051501;25022078Z;24075838;10040600313;17012000;29071794;098;651 ~~~~~~~~~~~~~~~~~~~~~~~~~~~~~~~~~~~~~~ 04-07
26051501;26022078Z;25075838;11040600313;18012000;30071794;099;900;651 ~~~~~~~~~~~~~~~~~~~~~~~~~~~~~~~~~~ 04-08
27051501;27022078Z;26075838;12040600313;19012000;01081794;100;554;651 ~~~~~~~~~~~~~~~~~~~~~~~~~~~~~~~~~~ 04-09
28051501;28022078Z;27075838;13040600313;20012000;02081794;101;526;612;614 ~~~~~~~~~~~~~~~~~~~~~~~~~~~~~~ 04-10
29051501;29022078Z;28075838;14040600313;21012000;03081794;102 ~~~~~~~~~~~~~~~~~~~~~~~~~~~~~~~~~~~~~~~~~~ 04-11
30051501;01032078Z;29075838;15040600313;22012000;04081794;103;380;432;514 ~~~~~~~~~~~~~~~~~~~~~~~~~~~~~~ 04-12
01061501;02032078Z;30075838;16040600313;23012000;05081794;104;538;559;935 ~~~~~~~~~~~~~~~~~~~~~~~~~~~~~~ 04-13
02061501;03032078Z;01085838;17040600313;24012000;06081794;105;437;555;577;614 ~~~~~~~~~~~~~~~~~~~~~~~~~~ 04-14
03061501;04032078Z;02085838;18040600313;25012000;07081794;106;665 ~~~~~~~~~~~~~~~~~~~~~~~~~~~~~~~~~~~~~~ 04-15
04061501;05032078Z;03085838;19040600313;26012000;08081794;107;666;612 ~~~~~~~~~~~~~~~~~~~~~~~~~~~~~~~~~~ 04-16
05061501;06032078Z;04085838;00050600313;27012000;09081794;108;945;528 ~~~~~~~~~~~~~~~~~~~~~~~~~~~~~~~~~~ 04-17
06061501;07032078Z;05085838;01050600313;28012000;10081794;109;794;397;529;409;612 ~~~~~~~~~~~~~~~~~~~~~~ 04-18
07061501;08032078Z;06085838;02050600313;29012000;11081794;110 ~~~~~~~~~~~~~~~~~~~~~~~~~~~~~~~~~~~~~~~~~~ 04-19
08061501;09032078Z;07085838;03050600313;30012000;12081794;111;576;933;406 ~~~~~~~~~~~~~~~~~~~~~~~~~~~~~~ 04-20
09061501;10032078Z;08085838;04050600313;01022000;13081794;112;631;664 ~~~~~~~~~~~~~~~~~~~~~~~~~~~~~~~~~~ 04-21
10061501;11032078Z;09085838;05050600313;02022000;14081794;113;877;612;614 ~~~~~~~~~~~~~~~~~~~~~~~~~~~~~~ 04-22
11061501;12032078Z;10085838;06050600313;03022000;15081794;114 ~~~~~~~~~~~~~~~~~~~~~~~~~~~~~~~~~~~~~~~~~~ 04-23
12061501;13032078Z;11085838;07050600313;04022000;16081794;115;669 ~~~~~~~~~~~~~~~~~~~~~~~~~~~~~~~~~~~~~~ 04-24
13061501;14032078Z;12085838;08050600313;05022000;17081794;116;406 ~~~~~~~~~~~~~~~~~~~~~~~~~~~~~~~~~~~~~~ 04-25
14061501;15032078Z;13085838;09050600313;06022000;18081794;117;384;513 ~~~~~~~~~~~~~~~~~~~~~~~~~~~~~~~~~~ 04-26
15061501;16032078Z;14085838;10050600313;07022000;19081794;118;670;539;542;575;857;948 ~~~~~~~~~~~~~~~~~~ 04-27
16061501;17032078Z;15085838;11050600313;08022000;20081794;119;667;614 ~~~~~~~~~~~~~~~~~~~~~~~~~~~~~~~~~~ 04-28
17061501;18032078Z;16085838;12050600313;09022000;21081794;120;671 ~~~~~~~~~~~~~~~~~~~~~~~~~~~~~~~~~~~~~~ 04-29
18061501;19032078Z;17085838;13050600313;10022000;22081794;121;668;406;612 ~~~~~~~~~~~~~~~~~~~~~~~~~~~~~~ 04-30
19061501;20032078Z;18085838;14050600313;11022000;23081794;122;673;411;414;518 ~~~~~~~~~~~~~~~~~~~~~~~~~~ 05-01
20061501;21032078Z;19085838;15050600313;12022000;24081794;123;674;612 ~~~~~~~~~~~~~~~~~~~~~~~~~~~~~~~~~~ 05-02
21061501;22032078Z;20085838;16050600313;13022000;25081794;124;675 ~~~~~~~~~~~~~~~~~~~~~~~~~~~~~~~~~~~~~~ 05-03
22061501;23032078Z;21085838;17050600313;14022000;26081794;125;676;398;858 ~~~~~~~~~~~~~~~~~~~~~~~~~~~~~~ 05-04
23061501;24032078Z;22085838;18050600313;15022000;27081794;126;677;406 ~~~~~~~~~~~~~~~~~~~~~~~~~~~~~~~~~~ 05-05
24061501;25032078Z;23085838;19050600313;16022000;28081794;127;679;678;612 ~~~~~~~~~~~~~~~~~~~~~~~~~~~~~~ 05-06
25061501;26032078Z;24085838;00060600313;17022000;29081794;128;637;672;680;615 ~~~~~~~~~~~~~~~~~~~~~~~~~~ 05-07
26061501;27032078Z;25085838;01060600313;18022000;30081794;129;451;939;624;412 ~~~~~~~~~~~~~~~~~~~~~~~~~~ 05-08
27061501;28032078Z;26085838;02060600313;19022000;01091794;130;682;864;624;615 ~~~~~~~~~~~~~~~~~~~~~~~~~~ 05-09
28061501;29032078Z;27085838;03060600313;20022000;02091794;131;624 ~~~~~~~~~~~~~~~~~~~~~~~~~~~~~~~~~~~~~~ 05-10
29061501;30032078Z;28085838;04060600313;21022000;03091794;132;683;380;514;930;953;624 ~~~~~~~~~~~~~~~~~~ 05-11
01071501;01042078Z;29085838;05060600313;22022000;04091794;133;494;818;624 ~~~~~~~~~~~~~~~~~~~~~~~~~~~~~~ 05-12
02071501;02042078Z;01095838;06060600313;23022000;05091794;134;902;624;615 ~~~~~~~~~~~~~~~~~~~~~~~~~~~~~~ 05-13
03071501;03042078Z;02095838;07060600313;24022000;06091794;135;681;510;624 ~~~~~~~~~~~~~~~~~~~~~~~~~~~~~~ 05-14
04071501;04042078Z;03095838;08060600313;25022000;07091794;136;684 ~~~~~~~~~~~~~~~~~~~~~~~~~~~~~~~~~~~~~~ 05-15
05071501;05042078Z;04095838;09060600313;26022000;08091794;137;612 ~~~~~~~~~~~~~~~~~~~~~~~~~~~~~~~~~~~~~~ 05-16
06071501;06042078Z;05095838;10060600313;27022000;09091794;138;553;615 ~~~~~~~~~~~~~~~~~~~~~~~~~~~~~~~~~~ 05-17
07071501;07042078Z;06095838;11060600313;28022000;10091794;139;685;397;522;409;612 ~~~~~~~~~~~~~~~~~~~~~~ 05-18
08071501;08042078Z;07095838;12060600313;29022000;11091794;140;797 ~~~~~~~~~~~~~~~~~~~~~~~~~~~~~~~~~~~~~~ 05-19
09071501;09042078Z;08095838;13060600313;30022000;12091794;141;686;927;573;406 ~~~~~~~~~~~~~~~~~~~~~~~~~~ 05-20
10071501;10042078Z;09095838;14060600313;31022000;13091794;142;687;573 ~~~~~~~~~~~~~~~~~~~~~~~~~~~~~~~~~~ 05-21
11071501;11042078Z;10095838;15060600313;01032000;14091794;143;449;889;573;612 ~~~~~~~~~~~~~~~~~~~~~~~~~~ 05-22
12071501;12042078Z;11095838;16060600313;02032000;15091794;144;798;789;513 ~~~~~~~~~~~~~~~~~~~~~~~~~~~~~~ 05-23
13071501;13042078Z;12095838;17060600313;03032000;16091794;145 ~~~~~~~~~~~~~~~~~~~~~~~~~~~~~~~~~~~~~~~~~~ 05-24
14071501;14042078Z;13095838;18060600313;04032000;17091794;146;688;894;415 ~~~~~~~~~~~~~~~~~~~~~~~~~~~~~~ 05-25
15071501;15042078Z;14095838;19060600313;05032000;18091794;147;385;433;537;937 ~~~~~~~~~~~~~~~~~~~~~~~~~~ 05-26
16071501;16042078Z;15095838;00070600313;06032000;19091794;148;689;892 ~~~~~~~~~~~~~~~~~~~~~~~~~~~~~~~~~~ 05-27
17071501;17042078Z;16095838;01070600313;07032000;20091794;149;439 ~~~~~~~~~~~~~~~~~~~~~~~~~~~~~~~~~~~~~~ 05-28
18071501;18042078Z;17095838;02070600313;08032000;21091794;150;439 ~~~~~~~~~~~~~~~~~~~~~~~~~~~~~~~~~~~~~~ 05-29
19071501;19042078Z;18095838;03070600313;09032000;22091794;151;438 ~~~~~~~~~~~~~~~~~~~~~~~~~~~~~~~~~~~~~~ 05-30
20071501;20042078Z;19095838;04070600313;10032000;23091794;152;457 ~~~~~~~~~~~~~~~~~~~~~~~~~~~~~~~~~~~~~~ 05-31
21071501;21042078Z;20095838;05070600313;11032000;24091794;153;691;830;612 ~~~~~~~~~~~~~~~~~~~~~~~~~~~~~~ 06-01
22071501;22042078Z;21095838;06070600313;12032000;25091794;154;694;415 ~~~~~~~~~~~~~~~~~~~~~~~~~~~~~~~~~~ 06-02
23071501;23042078Z;22095838;07070600313;13032000;26091794;155;692;398 ~~~~~~~~~~~~~~~~~~~~~~~~~~~~~~~~~~ 06-03
24071501;24042078Z;23095838;08070600313;14032000;27091794;156;637;693;406 ~~~~~~~~~~~~~~~~~~~~~~~~~~~~~~ 06-04
25071501;25042078Z;24095838;09070600313;15032000;28091794;157;690;409;412 ~~~~~~~~~~~~~~~~~~~~~~~~~~~~~~ 06-05
26071501;26042078Z;25095838;10070600313;16032000;29091794;158;407;530 ~~~~~~~~~~~~~~~~~~~~~~~~~~~~~~~~~~ 06-06
27071501;27042078Z;26095838;11070600313;17032000;30091794;159;509;612 ~~~~~~~~~~~~~~~~~~~~~~~~~~~~~~~~~~ 06-07
28071501;28042078Z;27095838;12070600313;18032000;01101794;160;514 ~~~~~~~~~~~~~~~~~~~~~~~~~~~~~~~~~~~~~~ 06-08
29071501;29042078Z;28095838;13070600313;19032000;02101794;161;380;942;612;616 ~~~~~~~~~~~~~~~~~~~~~~~~~~ 06-09
30071501;01052078Z;29095838;14070600313;20032000;03101794;162;921 ~~~~~~~~~~~~~~~~~~~~~~~~~~~~~~~~~~~~~~ 06-10
01081501;02052078Z;30095838;15070600313;21032000;04101794;163;697;799;569;612 ~~~~~~~~~~~~~~~~~~~~~~~~~~ 06-11
02081501;03052078Z;01105838;16070600313;22032000;05101794;164;695;569 ~~~~~~~~~~~~~~~~~~~~~~~~~~~~~~~~~~ 06-12
03081501;04052078Z;02105838;17070600313;23032000;06101794;165;612;616 ~~~~~~~~~~~~~~~~~~~~~~~~~~~~~~~~~~ 06-13
04081501;05052078Z;03105838;18070600313;24032000;07101794;166;696;564 ~~~~~~~~~~~~~~~~~~~~~~~~~~~~~~~~~~ 06-14
05081501;06052078Z;04105838;19070600313;25032000;08101794;167;616 ~~~~~~~~~~~~~~~~~~~~~~~~~~~~~~~~~~~~~~ 06-15
06081501;07052078Z;05105838;00080600313;26032000;09101794;168;698 ~~~~~~~~~~~~~~~~~~~~~~~~~~~~~~~~~~~~~~ 06-16
07081501;08052078Z;06105838;01080600313;27032000;10101794;169;701;699;397;700;612;616 ~~~~~~~~~~~~~~~~~~ 06-17
08081501;09052078Z;07105838;02080600313;28032000;11101794;170;415 ~~~~~~~~~~~~~~~~~~~~~~~~~~~~~~~~~~~~~~ 06-18
09081501;10052078Z;08105838;03080600313;29032000;12101794;171;452;452;552;412;612 ~~~~~~~~~~~~~~~~~~~~~~ 06-19
10081501;11052078Z;09105838;04080600313;30032000;13101794;172;513;460 ~~~~~~~~~~~~~~~~~~~~~~~~~~~~~~~~~~ 06-20
11081501;12052078Z;10105838;05080600313;31032000;14101794;173;896;425 ~~~~~~~~~~~~~~~~~~~~~~~~~~~~~~~~~~ 06-21
12081501;13052078Z;11105838;06080600313;01042000;15101794;174;461 ~~~~~~~~~~~~~~~~~~~~~~~~~~~~~~~~~~~~~~ 06-22
13081501;14052078Z;12105838;07080600313;02042000;16101794;175;821 ~~~~~~~~~~~~~~~~~~~~~~~~~~~~~~~~~~~~~~ 06-23
14081501;15052078Z;13105838;08080600313;03042000;17101794;176;596;703;941;512 ~~~~~~~~~~~~~~~~~~~~~~~~~~ 06-24
15081501;16052078Z;14105838;09080600313;04042000;18101794;177;702;386;874;612 ~~~~~~~~~~~~~~~~~~~~~~~~~~ 06-25
16081501;17052078Z;15105838;10080600313;05042000;19101794;178;412 ~~~~~~~~~~~~~~~~~~~~~~~~~~~~~~~~~~~~~~ 06-26
17081501;18052078Z;16105838;11080600313;06042000;20101794;179;436;612;616 ~~~~~~~~~~~~~~~~~~~~~~~~~~~~~~ 06-27
18081501;19052078Z;17105838;12080600313;07042000;21101794;180 ~~~~~~~~~~~~~~~~~~~~~~~~~~~~~~~~~~~~~~~~~~ 06-28
19081501;20052078Z;18105838;13080600313;08042000;22101794;181;704;616 ~~~~~~~~~~~~~~~~~~~~~~~~~~~~~~~~~~ 06-29
20081501;21052078Z;19105838;14080600313;09042000;23101794;182 ~~~~~~~~~~~~~~~~~~~~~~~~~~~~~~~~~~~~~~~~~~ 06-30
21081501;22052078Z;20105838;15080600313;10042000;24101794;183;596;565 ~~~~~~~~~~~~~~~~~~~~~~~~~~~~~~~~~~ 07-01
22081501;23052078Z;21105838;16080600313;11042000;25101794;184;637;705;840;398;565 ~~~~~~~~~~~~~~~~~~~~~~ 07-02
23081501;24052078Z;22105838;17080600313;12042000;26101794;185;795;412;612 ~~~~~~~~~~~~~~~~~~~~~~~~~~~~~~ 07-03
24081501;25052078Z;23105838;18080600313;13042000;27101794;186;415 ~~~~~~~~~~~~~~~~~~~~~~~~~~~~~~~~~~~~~~ 07-04
25081501;26052078Z;24105838;19080600313;14042000;28101794;187;946;612;617 ~~~~~~~~~~~~~~~~~~~~~~~~~~~~~~ 07-05
26081501;27052078Z;25105838;00090600313;15042000;29101794;188;373;514 ~~~~~~~~~~~~~~~~~~~~~~~~~~~~~~~~~~ 07-06
27081501;28052078Z;26105838;01090600313;16042000;30101794;189;612 ~~~~~~~~~~~~~~~~~~~~~~~~~~~~~~~~~~~~~~ 07-07
28081501;29052078Z;27105838;02090600313;17042000;01111794;190 ~~~~~~~~~~~~~~~~~~~~~~~~~~~~~~~~~~~~~~~~~~ 07-08
29081501;01062078Z;28105838;03090600313;18042000;02111794;191;706;380;432;612 ~~~~~~~~~~~~~~~~~~~~~~~~~~ 07-09
01091501;02062078Z;29105838;04090600313;19042000;03111794;192;504;412 ~~~~~~~~~~~~~~~~~~~~~~~~~~~~~~~~~~ 07-10
02091501;03062078Z;01115838;05090600313;20042000;04111794;193;707;399;861;870 ~~~~~~~~~~~~~~~~~~~~~~~~~~ 07-11
03091501;04062078Z;02115838;06090600313;21042000;05111794;194;420;505 ~~~~~~~~~~~~~~~~~~~~~~~~~~~~~~~~~~ 07-12
04091501;05062078Z;03115838;07090600313;22042000;06111794;195;612 ~~~~~~~~~~~~~~~~~~~~~~~~~~~~~~~~~~~~~~ 07-13
05091501;06062078Z;04115838;08090600313;23042000;07111794;196;505 ~~~~~~~~~~~~~~~~~~~~~~~~~~~~~~~~~~~~~~ 07-14
06091501;07062078Z;05115838;09090600313;24042000;08111794;197 ~~~~~~~~~~~~~~~~~~~~~~~~~~~~~~~~~~~~~~~~~~ 07-15
07091501;08062078Z;06115838;10090600313;25042000;09111794;198;708;397;505 ~~~~~~~~~~~~~~~~~~~~~~~~~~~~~~ 07-16
08091501;09062078Z;07115838;11090600313;26042000;10111794;199;709;838;400;409;412 ~~~~~~~~~~~~~~~~~~~~~~ 07-17
09091501;10062078Z;08115838;12090600313;27042000;11111794;200;710;513 ~~~~~~~~~~~~~~~~~~~~~~~~~~~~~~~~~~ 07-18
10091501;11062078Z;09115838;13090600313;28042000;12111794;201 ~~~~~~~~~~~~~~~~~~~~~~~~~~~~~~~~~~~~~~~~~~ 07-19
11091501;12062078Z;10115838;14090600313;29042000;13111794;202;711;546 ~~~~~~~~~~~~~~~~~~~~~~~~~~~~~~~~~~ 07-20
12091501;13062078Z;11115838;15090600313;30042000;14111794;203;631;612;617 ~~~~~~~~~~~~~~~~~~~~~~~~~~~~~~ 07-21
13091501;14062078Z;12115838;16090600313;31042000;15111794;204 ~~~~~~~~~~~~~~~~~~~~~~~~~~~~~~~~~~~~~~~~~~ 07-22
14091501;15062078Z;13115838;17090600313;01052000;16111794;205;713;400;409;612 ~~~~~~~~~~~~~~~~~~~~~~~~~~ 07-23
15091501;16062078Z;14115838;18090600313;02052000;17111794;206;714;387;531;561;505 ~~~~~~~~~~~~~~~~~~~~~~ 07-24
16091501;17062078Z;15115838;19090600313;03052000;18111794;207 ~~~~~~~~~~~~~~~~~~~~~~~~~~~~~~~~~~~~~~~~~~ 07-25
17091501;18062078Z;16115838;00100600313;04052000;19111794;208;400 ~~~~~~~~~~~~~~~~~~~~~~~~~~~~~~~~~~~~~~ 07-26
18091501;19062078Z;17115838;01100600313;05052000;20111794;209 ~~~~~~~~~~~~~~~~~~~~~~~~~~~~~~~~~~~~~~~~~~ 07-27
19091501;20062078Z;18115838;02100600313;06052000;21111794;210;712;715 ~~~~~~~~~~~~~~~~~~~~~~~~~~~~~~~~~~ 07-28
20091501;21062078Z;19115838;03100600313;07052000;22111794;211;716;409;612;617 ~~~~~~~~~~~~~~~~~~~~~~~~~~ 07-29
21091501;22062078Z;20115838;04100600313;08052000;23111794;212 ~~~~~~~~~~~~~~~~~~~~~~~~~~~~~~~~~~~~~~~~~~ 07-30
22091501;23062078Z;21115838;05100600313;09052000;24111794;213;398;612 ~~~~~~~~~~~~~~~~~~~~~~~~~~~~~~~~~~ 07-31
23091501;24062078Z;22115838;06100600313;10052000;25111794;214;410;514;400;505 ~~~~~~~~~~~~~~~~~~~~~~~~~~ 08-01
24091501;25062078Z;23115838;07100600313;11052000;26111794;215;718 ~~~~~~~~~~~~~~~~~~~~~~~~~~~~~~~~~~~~~~ 08-02
25091501;26062078Z;24115838;08100600313;12052000;27111794;216;878;505 ~~~~~~~~~~~~~~~~~~~~~~~~~~~~~~~~~~ 08-03
26091501;27062078Z;25115838;09100600313;13052000;28111794;217;401;554;612 ~~~~~~~~~~~~~~~~~~~~~~~~~~~~~~ 08-04
27091501;28062078Z;26115838;10100600313;14052000;29111794;218;719;507;825;508 ~~~~~~~~~~~~~~~~~~~~~~~~~~ 08-05
28091501;29062078Z;27115838;11100600313;15052000;30111794;219;637;720 ~~~~~~~~~~~~~~~~~~~~~~~~~~~~~~~~~~ 08-06
29091501;30062078Z;28115838;12100600313;16052000;01121794;220;717;380;833;505 ~~~~~~~~~~~~~~~~~~~~~~~~~~ 08-07
30091501;01072078Z;29115838;13100600313;17052000;02121794;221;506;612 ~~~~~~~~~~~~~~~~~~~~~~~~~~~~~~~~~~ 08-08
01101501;02072078Z;30115838;14100600313;18052000;03121794;222;502;618 ~~~~~~~~~~~~~~~~~~~~~~~~~~~~~~~~~~ 08-09
02101501;03072078Z;01125838;15100600313;19052000;04121794;223;722;374;579;821;612 ~~~~~~~~~~~~~~~~~~~~~~ 08-10
03101501;04072078Z;02125838;16100600313;20052000;05121794;224 ~~~~~~~~~~~~~~~~~~~~~~~~~~~~~~~~~~~~~~~~~~ 08-11
04101501;05072078Z;03125838;17100600313;21052000;06121794;225;891;612 ~~~~~~~~~~~~~~~~~~~~~~~~~~~~~~~~~~ 08-12
05101501;06072078Z;04125838;18100600313;22052000;07121794;226;723;437;415 ~~~~~~~~~~~~~~~~~~~~~~~~~~~~~~ 08-13
06101501;07072078Z;05125838;19100600313;23052000;08121794;227;721;513;572 ~~~~~~~~~~~~~~~~~~~~~~~~~~~~~~ 08-14
07101501;08072078Z;06125838;00110600313;24052000;09121794;228;397 ~~~~~~~~~~~~~~~~~~~~~~~~~~~~~~~~~~~~~~ 08-15
08101501;09072078Z;07125838;01110600313;25052000;10121794;229;612 ~~~~~~~~~~~~~~~~~~~~~~~~~~~~~~~~~~~~~~ 08-16
09101501;10072078Z;08125838;02110600313;26052000;11121794;230;618 ~~~~~~~~~~~~~~~~~~~~~~~~~~~~~~~~~~~~~~ 08-17
10101501;11072078Z;09125838;03110600313;27052000;12121794;231;612 ~~~~~~~~~~~~~~~~~~~~~~~~~~~~~~~~~~~~~~ 08-18
11101501;12072078Z;10125838;04110600313;28052000;13121794;232;926;938;618 ~~~~~~~~~~~~~~~~~~~~~~~~~~~~~~ 08-19
12101501;13072078Z;11125838;05110600313;29052000;14121794;233;724 ~~~~~~~~~~~~~~~~~~~~~~~~~~~~~~~~~~~~~~ 08-20
13101501;14072078Z;12125838;06110600313;30052000;15121794;234;567;412;415 ~~~~~~~~~~~~~~~~~~~~~~~~~~~~~~ 08-21
14101501;15072078Z;13125838;07110600313;31052000;16121794;235;433;897;567 ~~~~~~~~~~~~~~~~~~~~~~~~~~~~~~ 08-22
15101501;16072078Z;14125838;08110600313;01062000;17121794;236;388;556;909;910;925;618 ~~~~~~~~~~~~~~~~~~ 08-23
16101501;17072078Z;15125838;09110600313;02062000;18121794;237;612 ~~~~~~~~~~~~~~~~~~~~~~~~~~~~~~~~~~~~~~ 08-24
17101501;18072078Z;16125838;10110600313;03062000;19121794;238;618 ~~~~~~~~~~~~~~~~~~~~~~~~~~~~~~~~~~~~~~ 08-25
18101501;19072078Z;17125838;11110600313;04062000;20121794;239;427;514;875 ~~~~~~~~~~~~~~~~~~~~~~~~~~~~~~ 08-26
19101501;20072078Z;18125838;12110600313;05062000;21121794;240;725;618 ~~~~~~~~~~~~~~~~~~~~~~~~~~~~~~~~~~ 08-27
20101501;21072078Z;19125838;13110600313;06062000;22121794;241;428;725;412;612 ~~~~~~~~~~~~~~~~~~~~~~~~~~ 08-28
21101501;22072078Z;20125838;14110600313;07062000;23121794;242;796;398;868;618 ~~~~~~~~~~~~~~~~~~~~~~~~~~ 08-29
22101501;23072078Z;21125838;15110600313;08062000;24121794;243;594;883;612 ~~~~~~~~~~~~~~~~~~~~~~~~~~~~~~ 08-30
23101501;24072078Z;22125838;16110600313;09062000;25121794;244;595 ~~~~~~~~~~~~~~~~~~~~~~~~~~~~~~~~~~~~~~ 08-31
24101501;25072078Z;23125838;17110600313;10062000;26121794;245;612 ~~~~~~~~~~~~~~~~~~~~~~~~~~~~~~~~~~~~~~ 09-01
25101501;26072078Z;24125838;18110600313;11062000;27121794;246;596;727;503 ~~~~~~~~~~~~~~~~~~~~~~~~~~~~~~ 09-02
26101501;27072078Z;25125838;19110600313;12062000;28121794;247;429;637;728;619 ~~~~~~~~~~~~~~~~~~~~~~~~~~ 09-03
27101501;28072078Z;26125838;00120600313;13062000;29121794;248;430 ~~~~~~~~~~~~~~~~~~~~~~~~~~~~~~~~~~~~~~ 09-04
28101501;29072078Z;27125838;01120600313;14062000;30121794;249;434;619 ~~~~~~~~~~~~~~~~~~~~~~~~~~~~~~~~~~ 09-05
29101501;01082078Z;28125838;02120600313;15062000;01131794;250;435;380 ~~~~~~~~~~~~~~~~~~~~~~~~~~~~~~~~~~ 09-06
01111501;02082078Z;29125838;03120600313;16062000;02131794;251;521 ~~~~~~~~~~~~~~~~~~~~~~~~~~~~~~~~~~~~~~ 09-07
02111501;03082078Z;01215839;04120600313;17062000;03131794;252;730;521 ~~~~~~~~~~~~~~~~~~~~~~~~~~~~~~~~~~ 09-08
03111501;04082078Z;02215839;05120600313;18062000;04131794;253;597;521;619 ~~~~~~~~~~~~~~~~~~~~~~~~~~~~~~ 09-09
04111501;05082078Z;03215839;06120600313;19062000;05131794;254;550 ~~~~~~~~~~~~~~~~~~~~~~~~~~~~~~~~~~~~~~ 09-10
05111501;06082078Z;04215839;07120600313;20062000;01011795;255;455;845;513;915;412;612;619 ~~~~~~~~~~~~~~ 09-11
06111501;07082078Z;05215839;08120600313;21062000;02011795;256;729;847;846 ~~~~~~~~~~~~~~~~~~~~~~~~~~~~~~ 09-12
07111501;08082078Z;06215839;09120600313;22062000;03011795;257;726;812;612 ~~~~~~~~~~~~~~~~~~~~~~~~~~~~~~ 09-13
08111501;09082078Z;07215839;10120600313;23062000;04011795;258;397;908 ~~~~~~~~~~~~~~~~~~~~~~~~~~~~~~~~~~ 09-14
09111501;10082078Z;08215839;11120600313;24062000;05011795;259;733;612 ~~~~~~~~~~~~~~~~~~~~~~~~~~~~~~~~~~ 09-15
10111501;11082078Z;09215839;12120600313;25062000;06011795;260;734 ~~~~~~~~~~~~~~~~~~~~~~~~~~~~~~~~~~~~~~ 09-16
11111501;12082078Z;10215839;13120600313;26062000;07011795;261;735;903;527;619;848 ~~~~~~~~~~~~~~~~~~~~~~ 09-17
12111501;13082078Z;11215839;14120600313;27062000;08011795;262;731;554 ~~~~~~~~~~~~~~~~~~~~~~~~~~~~~~~~~~ 09-18
13111501;14082078Z;12215839;15120600313;28062000;09011795;263;413;848 ~~~~~~~~~~~~~~~~~~~~~~~~~~~~~~~~~~ 09-19
14111501;15082078Z;13215839;16120600313;29062000;10011795;264;732;520;551;570;421 ~~~~~~~~~~~~~~~~~~~~~~ 09-20
15111501;16082078Z;14215839;17120600313;30062000;11011795;265;389;390;534;462;619;848 ~~~~~~~~~~~~~~~~~~ 09-21
16111501;17082078Z;15215839;18120600313;31062000;12011795;266;907;423;523 ~~~~~~~~~~~~~~~~~~~~~~~~~~~~~~ 09-22
17111501;18082078Z;16215839;19120600313;01072000;13011795;267;738;514;463;523;375;612 ~~~~~~~~~~~~~~~~~~ 09-23
18111501;19082078Z;17215839;00130600313;02072000;14011795;268;739;743;523 ~~~~~~~~~~~~~~~~~~~~~~~~~~~~~~ 09-24
19111501;20082078Z;18215839;01130600313;03072000;15011795;269;740;523;612;619;848 ~~~~~~~~~~~~~~~~~~~~~~ 09-25
20111501;21082078Z;19215839;02130600313;04072000;16011795;270;736;523 ~~~~~~~~~~~~~~~~~~~~~~~~~~~~~~~~~~ 09-26
21111501;22082078Z;20215839;03130600313;05072000;17011795;271;737;523;612;848 ~~~~~~~~~~~~~~~~~~~~~~~~~~ 09-27
22111501;23082078Z;21215839;04130600313;06072000;18011795;272;742;790;398;523 ~~~~~~~~~~~~~~~~~~~~~~~~~~ 09-28
23111501;24082078Z;22215839;05130600313;07072000;19011795;273;741;790;524;612;619;848 ~~~~~~~~~~~~~~~~~~ 09-29
24111501;25082078Z;23215839;06130600313;08072000;20011795;274;790;525;853;415 ~~~~~~~~~~~~~~~~~~~~~~~~~~ 09-30
25111501;26082078Z;24215839;07130600313;09072000;21011795;275;637;790;869;853;848 ~~~~~~~~~~~~~~~~~~~~~~ 10-01
26111501;27082078Z;25215839;08130600313;10072000;22011795;276;749;790;416;853 ~~~~~~~~~~~~~~~~~~~~~~~~~~ 10-02
27111501;28082078Z;26215839;09130600313;11072000;23011795;277;744;790;817;612 ~~~~~~~~~~~~~~~~~~~~~~~~~~ 10-03
28111501;29082078Z;27215839;10130600313;12072000;24011795;278;745;790 ~~~~~~~~~~~~~~~~~~~~~~~~~~~~~~~~~~ 10-04
29111501;30082078Z;28215839;11130600313;13072000;25011795;279;746;380;432;920 ~~~~~~~~~~~~~~~~~~~~~~~~~~ 10-05
30111501;01092078Z;29215839;12130600313;14072000;26011795;280;747;467;895 ~~~~~~~~~~~~~~~~~~~~~~~~~~~~~~ 10-06
01121501;02092078Z;30215839;13130600313;15072000;27011795;281;748;612;620 ~~~~~~~~~~~~~~~~~~~~~~~~~~~~~~ 10-07
02121501;03092078Z;01225839;14130600313;16072000;28011795;282;754 ~~~~~~~~~~~~~~~~~~~~~~~~~~~~~~~~~~~~~~ 10-08
03121501;04092078Z;02225839;15130600313;17072000;29011795;283;750;513;612;620;848 ~~~~~~~~~~~~~~~~~~~~~~ 10-09
04121501;05092078Z;03225839;16130600313;18072000;30011795;284;751 ~~~~~~~~~~~~~~~~~~~~~~~~~~~~~~~~~~~~~~ 10-10
05121501;06092078Z;04225839;17130600313;19072000;01021795;285;791;367;612;620;848 ~~~~~~~~~~~~~~~~~~~~~~ 10-11
06121501;07092078Z;05225839;18130600313;20072000;02021795;286;752;368;918 ~~~~~~~~~~~~~~~~~~~~~~~~~~~~~~ 10-12
07121501;08092078Z;06225839;19130600313;21072000;03021795;287;753;397;919;612;620 ~~~~~~~~~~~~~~~~~~~~~~ 10-13
08121501;09092078Z;07225839;00140600313;22072000;04021795;288;548;563 ~~~~~~~~~~~~~~~~~~~~~~~~~~~~~~~~~~ 10-14
09121501;10092078Z;08225839;01140600313;23072000;05021795;289;758;885;501;375;620 ~~~~~~~~~~~~~~~~~~~~~~ 10-15
10121501;11092078Z;09225839;02140600313;24072000;06021795;290;549;560;500 ~~~~~~~~~~~~~~~~~~~~~~~~~~~~~~ 10-16
11121501;12092078Z;10225839;03140600313;25072000;07021795;291;755;899;500 ~~~~~~~~~~~~~~~~~~~~~~~~~~~~~~ 10-17
12121501;13092078Z;11225839;04140600313;26072000;08021795;292;756 ~~~~~~~~~~~~~~~~~~~~~~~~~~~~~~~~~~~~~~ 10-18
13121501;14092078Z;12225839;05140600313;27072000;09021795;293;757;500;612 ~~~~~~~~~~~~~~~~~~~~~~~~~~~~~~ 10-19
14121501;15092078Z;13225839;06140600313;28072000;10021795;294;631;393;882;922;500;784;421 ~~~~~~~~~~~~~~ 10-20
15121501;16092078Z;14225839;07140600313;29072000;11021795;295;514;532;542;948;785 ~~~~~~~~~~~~~~~~~~~~~~ 10-21
16121501;17092078Z;15225839;08140600313;30072000;12021795;296;759;369;786 ~~~~~~~~~~~~~~~~~~~~~~~~~~~~~~ 10-22
17121501;18092078Z;16225839;09140600313;01082000;13021795;297;436;787;612;620 ~~~~~~~~~~~~~~~~~~~~~~~~~~ 10-23
18121501;19092078Z;17225839;10140600313;02082000;14021795;298;881;841 ~~~~~~~~~~~~~~~~~~~~~~~~~~~~~~~~~~ 10-24
19121501;20092078Z;18225839;11140600313;03082000;15021795;299;371;612;620 ~~~~~~~~~~~~~~~~~~~~~~~~~~~~~~ 10-25
20121501;21092078Z;19225839;12140600313;04082000;16021795;300 ~~~~~~~~~~~~~~~~~~~~~~~~~~~~~~~~~~~~~~~~~~ 10-26
21121501;22092078Z;20225839;13140600313;05082000;17021795;301;398;499 ~~~~~~~~~~~~~~~~~~~~~~~~~~~~~~~~~~ 10-27
22121501;23092078Z;21225839;14140600313;06082000;18021795;302;849 ~~~~~~~~~~~~~~~~~~~~~~~~~~~~~~~~~~~~~~ 10-28
23121501;24092078Z;22225839;15140600313;07082000;19021795;303;612 ~~~~~~~~~~~~~~~~~~~~~~~~~~~~~~~~~~~~~~ 10-29
24121501;25092078Z;23225839;16140600313;08082000;20021795;304;842 ~~~~~~~~~~~~~~~~~~~~~~~~~~~~~~~~~~~~~~ 10-30
25121501;26092078Z;24225839;17140600313;09082000;21021795;305;558;911 ~~~~~~~~~~~~~~~~~~~~~~~~~~~~~~~~~~ 10-31
26121501;27092078Z;25225839;18140600313;10082000;22021795;306;431;784 ~~~~~~~~~~~~~~~~~~~~~~~~~~~~~~~~~~ 11-01
27121501;28092078Z;26225839;19140600313;11082000;23021795;307;761;417;779;785 ~~~~~~~~~~~~~~~~~~~~~~~~~~ 11-02
28121501;29092078Z;27225839;00150600313;12082000;24021795;308;762;399;780;893 ~~~~~~~~~~~~~~~~~~~~~~~~~~ 11-03
29121501;30092078Z;28225839;01150600313;13082000;25021795;309;380;781;786;932;950 ~~~~~~~~~~~~~~~~~~~~~~ 11-04
01011502;01102078Z;29225839;02150600313;14082000;26021795;310;637;763;513;782;787;495;621 ~~~~~~~~~~~~~~ 11-05
02011502;02102078Z;01235839;03150600313;15082000;27021795;311;535;783;788;375 ~~~~~~~~~~~~~~~~~~~~~~~~~~ 11-06
03011502;03102078Z;02235839;04150600313;16082000;28021795;312;760;815;496;621 ~~~~~~~~~~~~~~~~~~~~~~~~~~ 11-07
04011502;04102078Z;03235839;05150600313;17082000;29021795;313;850 ~~~~~~~~~~~~~~~~~~~~~~~~~~~~~~~~~~~~~~ 11-08
05011502;05102078Z;04235839;06150600313;18082000;30021795;314;400;496 ~~~~~~~~~~~~~~~~~~~~~~~~~~~~~~~~~~ 11-09
06011502;06102078Z;05235839;07150600313;19082000;01031795;315;764;612 ~~~~~~~~~~~~~~~~~~~~~~~~~~~~~~~~~~ 11-10
07011502;07102078Z;06235839;08150600313;20082000;02031795;316;543;418;496 ~~~~~~~~~~~~~~~~~~~~~~~~~~~~~~ 11-11
08011502;08102078Z;07235839;09150600313;21082000;03031795;317;397 ~~~~~~~~~~~~~~~~~~~~~~~~~~~~~~~~~~~~~~ 11-12
09011502;09102078Z;08235839;10150600313;22082000;04031795;318;621 ~~~~~~~~~~~~~~~~~~~~~~~~~~~~~~~~~~~~~~ 11-13
10011502;10102078Z;09235839;11150600313;23082000;05031795;319;498 ~~~~~~~~~~~~~~~~~~~~~~~~~~~~~~~~~~~~~~ 11-14
11011502;11102078Z;10235839;12150600313;24082000;06031795;320;547;879;400;496;621 ~~~~~~~~~~~~~~~~~~~~~~ 11-15
12011502;12102078Z;11235839;13150600313;25082000;07031795;321;554;816;934;612 ~~~~~~~~~~~~~~~~~~~~~~~~~~ 11-16
13011502;13102078Z;12235839;14150600313;26082000;08031795;322;766;621 ~~~~~~~~~~~~~~~~~~~~~~~~~~~~~~~~~~ 11-17
14011502;14102078Z;13235839;15150600313;27082000;09031795;323;433;400;612 ~~~~~~~~~~~~~~~~~~~~~~~~~~~~~~ 11-18
15011502;15102078Z;14235839;16150600313;28082000;10031795;324;767;394;514;542;880;948 ~~~~~~~~~~~~~~~~~~ 11-19
16011502;16102078Z;15235839;17150600313;29082000;11031795;325;765;418;612 ~~~~~~~~~~~~~~~~~~~~~~~~~~~~~~ 11-20
17011502;17102078Z;16235839;18150600313;30082000;12031795;326;400;496 ~~~~~~~~~~~~~~~~~~~~~~~~~~~~~~~~~~ 11-21
18011502;18102078Z;17235839;19150600313;01092000;13031795;327;788;612 ~~~~~~~~~~~~~~~~~~~~~~~~~~~~~~~~~~ 11-22
19011502;19102078Z;18235839;00160600313;02092000;14031795;328;769;401 ~~~~~~~~~~~~~~~~~~~~~~~~~~~~~~~~~~ 11-23
20011502;20102078Z;19235839;01160600313;03092000;15031795;329;440;859 ~~~~~~~~~~~~~~~~~~~~~~~~~~~~~~~~~~ 11-24
21011502;21102078Z;20235839;02160600313;04092000;16031795;330;441;398;621 ~~~~~~~~~~~~~~~~~~~~~~~~~~~~~~ 11-25
22011502;22102078Z;21235839;03160600313;05092000;17031795;331;770;768;876 ~~~~~~~~~~~~~~~~~~~~~~~~~~~~~~ 11-26
23011502;23102078Z;22235839;04160600313;06092000;18031795;332;589;496;621 ~~~~~~~~~~~~~~~~~~~~~~~~~~~~~~ 11-27
24011502;24102078Z;23235839;05160600313;07092000;19031795;333;442;369;612 ~~~~~~~~~~~~~~~~~~~~~~~~~~~~~~ 11-28
25011502;25102078Z;24235839;06160600313;08092000;20031795;334;771;621 ~~~~~~~~~~~~~~~~~~~~~~~~~~~~~~~~~~ 11-29
26011502;26102078Z;25235839;07160600313;09092000;21031795;335;772;831;936;516;612 ~~~~~~~~~~~~~~~~~~~~~~ 11-30
27011502;27102078Z;26235839;08160600313;10092000;22031795;336;437;516 ~~~~~~~~~~~~~~~~~~~~~~~~~~~~~~~~~~ 12-01
28011502;28102078Z;27235839;09160600313;11092000;23031795;337;774;370;513;516 ~~~~~~~~~~~~~~~~~~~~~~~~~~ 12-02
29011502;29102078Z;28235839;10160600313;12092000;24031795;338;637;775;516;496;622 ~~~~~~~~~~~~~~~~~~~~~~ 12-03
30011502;01112078Z;29235839;11160600313;13092000;25031795;339;380;590;497;516;612 ~~~~~~~~~~~~~~~~~~~~~~ 12-04
01021502;02112078Z;01245839;12160600313;14092000;26031795;340;516;622 ~~~~~~~~~~~~~~~~~~~~~~~~~~~~~~~~~~ 12-05
02021502;03112078Z;02245839;13160600313;15092000;27031795;341;773;817;516 ~~~~~~~~~~~~~~~~~~~~~~~~~~~~~~ 12-06
03021502;04112078Z;03245839;14160600313;16092000;28031795;342;516 ~~~~~~~~~~~~~~~~~~~~~~~~~~~~~~~~~~~~~~ 12-07
04021502;05112078Z;04245839;15160600313;17092000;29031795;343;612 ~~~~~~~~~~~~~~~~~~~~~~~~~~~~~~~~~~~~~~ 12-08
05021502;06112078Z;05245839;16160600313;18092000;30031795;344;944;375;421 ~~~~~~~~~~~~~~~~~~~~~~~~~~~~~~ 12-09
06021502;07112078Z;06245839;17160600313;19092000;01041795;345;776 ~~~~~~~~~~~~~~~~~~~~~~~~~~~~~~~~~~~~~~ 12-10
07021502;08112078Z;07245839;18160600313;20092000;02041795;346;777;397;591 ~~~~~~~~~~~~~~~~~~~~~~~~~~~~~~ 12-11
08021502;09112078Z;08245839;19160600313;21092000;03041795;347;612 ~~~~~~~~~~~~~~~~~~~~~~~~~~~~~~~~~~~~~~ 12-12
09021502;10112078Z;09245839;00170600313;22092000;04041795;348;622 ~~~~~~~~~~~~~~~~~~~~~~~~~~~~~~~~~~~~~~ 12-13
10021502;11112078Z;10245839;01170600313;23092000;05041795;349 ~~~~~~~~~~~~~~~~~~~~~~~~~~~~~~~~~~~~~~~~~~ 12-14
11021502;12112078Z;11245839;02170600313;24092000;06041795;350;557;890;622 ~~~~~~~~~~~~~~~~~~~~~~~~~~~~~~ 12-15
12021502;13112078Z;12245839;03170600313;25092000;07041795;351;778 ~~~~~~~~~~~~~~~~~~~~~~~~~~~~~~~~~~~~~~ 12-16
13021502;14112078Z;13245839;04170600313;26092000;08041795;352;514 ~~~~~~~~~~~~~~~~~~~~~~~~~~~~~~~~~~~~~~ 12-17
14021502;15112078Z;14245839;05170600313;27092000;09041795;353;395;545;887;592 ~~~~~~~~~~~~~~~~~~~~~~~~~~ 12-18
15021502;16112078Z;15245839;06170600313;28092000;10041795;354;864;622 ~~~~~~~~~~~~~~~~~~~~~~~~~~~~~~~~~~ 12-19
16021502;17112078Z;16245839;07170600313;29092000;11041795;355;371;466;612 ~~~~~~~~~~~~~~~~~~~~~~~~~~~~~~ 12-20
17021502;18112078Z;17245839;08170600313;30092000;12041795;356;426 ~~~~~~~~~~~~~~~~~~~~~~~~~~~~~~~~~~~~~~ 12-21
18021502;19112078Z;18245839;09170600313;01102000;13041795;357;465;612 ~~~~~~~~~~~~~~~~~~~~~~~~~~~~~~~~~~ 12-22
19021502;20112078Z;19245839;10170600313;02102000;14041795;358;622 ~~~~~~~~~~~~~~~~~~~~~~~~~~~~~~~~~~~~~~ 12-23
20021502;21112078Z;20245839;11170600313;03102000;15041795;359;835;844 ~~~~~~~~~~~~~~~~~~~~~~~~~~~~~~~~~~ 12-24
21021502;22112078Z;21245839;12170600313;04102000;16041795;360;398;422 ~~~~~~~~~~~~~~~~~~~~~~~~~~~~~~~~~~ 12-25
22021502;23112078Z;22245839;13170600313;05102000;17041795;361;612 ~~~~~~~~~~~~~~~~~~~~~~~~~~~~~~~~~~~~~~ 12-26
23021502;24112078Z;23245839;14170600313;06102000;18041795;362;836 ~~~~~~~~~~~~~~~~~~~~~~~~~~~~~~~~~~~~~~ 12-27
24021502;25112078Z;24245839;15170600313;07102000;19041795;363 ~~~~~~~~~~~~~~~~~~~~~~~~~~~~~~~~~~~~~~~~~~ 12-28
25021502;26112078Z;25245839;16170600313;08102000;20041795;364;917 ~~~~~~~~~~~~~~~~~~~~~~~~~~~~~~~~~~~~~~ 12-29
26021502;27112078Z;26245839;17170600313;09102000;21041795;365;513 ~~~~~~~~~~~~~~~~~~~~~~~~~~~~~~~~~~~~~~ 12-30
27021502;28112078Z;27245839;18170600313;10102000;22041795;366 ~~~~~~~~~~~~~~~~~~~~~~~~~~~~~~~~~~~~~~~~~~ 12-31
