28071482;28112059G;28245820;18120700213;11101981;22041776;001;611 ~~~~~~~~~~~~~~~~~~~~~~~~~~~~~~~~~~~~~~ 01-01
29071482;29112059G;29245820;19120700213;12101981;23041776;002 ~~~~~~~~~~~~~~~~~~~~~~~~~~~~~~~~~~~~~~~~~~ 01-02
30071482;30112059G;01255820;00130700213;13101981;24041776;003;637;380;611 ~~~~~~~~~~~~~~~~~~~~~~~~~~~~~~ 01-03
01081482;01122059G;02255820;01130700213;14101981;25041776;004;372 ~~~~~~~~~~~~~~~~~~~~~~~~~~~~~~~~~~~~~~ 01-04
02081482;02122059G;03255820;02130700213;15101981;26041776;005;611 ~~~~~~~~~~~~~~~~~~~~~~~~~~~~~~~~~~~~~~ 01-05
03081482;03122059G;04255820;03130700213;16101981;27041776;006 ~~~~~~~~~~~~~~~~~~~~~~~~~~~~~~~~~~~~~~~~~~ 01-06
04081482;04122059G;05255820;04130700213;17101981;28041776;007;409;611 ~~~~~~~~~~~~~~~~~~~~~~~~~~~~~~~~~~ 01-07
05081482;05122059G;06255820;05130700213;18101981;29041776;008;514 ~~~~~~~~~~~~~~~~~~~~~~~~~~~~~~~~~~~~~~ 01-08
06081482;06122059G;07255820;06130700213;19101981;30041776;009;611 ~~~~~~~~~~~~~~~~~~~~~~~~~~~~~~~~~~~~~~ 01-09
07081482;07122059G;08255820;07130700213;20101981;01051776;010;626;397;418 ~~~~~~~~~~~~~~~~~~~~~~~~~~~~~~ 01-10
08081482;08122059G;09255820;08130700213;21101981;02051776;011;627;406;611 ~~~~~~~~~~~~~~~~~~~~~~~~~~~~~~ 01-11
09081482;09122059G;10255820;09130700213;22101981;03051776;012;628 ~~~~~~~~~~~~~~~~~~~~~~~~~~~~~~~~~~~~~~ 01-12
10081482;10122059G;11255820;10130700213;23101981;04051776;013;629;905;409;611 ~~~~~~~~~~~~~~~~~~~~~~~~~~ 01-13
11081482;11122059G;12255820;11130700213;24101981;05051776;014 ~~~~~~~~~~~~~~~~~~~~~~~~~~~~~~~~~~~~~~~~~~ 01-14
12081482;12122059G;13255820;12130700213;25101981;06051776;015;631;410;611 ~~~~~~~~~~~~~~~~~~~~~~~~~~~~~~ 01-15
13081482;13122059G;14255820;13130700213;26101981;07051776;016 ~~~~~~~~~~~~~~~~~~~~~~~~~~~~~~~~~~~~~~~~~~ 01-16
14081482;14122059G;15255820;14130700213;27101981;08051776;017;630;381;904;512;611 ~~~~~~~~~~~~~~~~~~~~~~ 01-17
15081482;15122059G;16255820;15130700213;28101981;09051776;018;625 ~~~~~~~~~~~~~~~~~~~~~~~~~~~~~~~~~~~~~~ 01-18
16081482;16122059G;17255820;16130700213;29101981;10051776;019;492;611 ~~~~~~~~~~~~~~~~~~~~~~~~~~~~~~~~~~ 01-19
17081482;17122059G;18255820;17130700213;30101981;11051776;020 ~~~~~~~~~~~~~~~~~~~~~~~~~~~~~~~~~~~~~~~~~~ 01-20
18081482;18122059G;19255820;18130700213;01111981;12051776;021;916;406;611 ~~~~~~~~~~~~~~~~~~~~~~~~~~~~~~ 01-21
19081482;19122059G;20255820;19130700213;02111981;13051776;022;412 ~~~~~~~~~~~~~~~~~~~~~~~~~~~~~~~~~~~~~~ 01-22
20081482;20122059G;21255820;00140700213;03111981;14051776;023;513;611 ~~~~~~~~~~~~~~~~~~~~~~~~~~~~~~~~~~ 01-23
21081482;21122059G;22255820;01140700213;04111981;15051776;024;820 ~~~~~~~~~~~~~~~~~~~~~~~~~~~~~~~~~~~~~~ 01-24
22081482;22122059G;23255820;02140700213;05111981;16051776;025;635;398;611 ~~~~~~~~~~~~~~~~~~~~~~~~~~~~~~ 01-25
23081482;23122059G;24255820;03140700213;06111981;17051776;026;636;406 ~~~~~~~~~~~~~~~~~~~~~~~~~~~~~~~~~~ 01-26
24081482;24122059G;25255820;04140700213;07111981;18051776;027;413;580;611 ~~~~~~~~~~~~~~~~~~~~~~~~~~~~~~ 01-27
25081482;25122059G;26255820;05140700213;08111981;19051776;028;632 ~~~~~~~~~~~~~~~~~~~~~~~~~~~~~~~~~~~~~~ 01-28
26081482;26122059G;27255820;06140700213;09111981;20051776;029;923;611 ~~~~~~~~~~~~~~~~~~~~~~~~~~~~~~~~~~ 01-29
27081482;27122059G;28255820;07140700213;10111981;21051776;030;633 ~~~~~~~~~~~~~~~~~~~~~~~~~~~~~~~~~~~~~~ 01-30
28081482;28122059G;29255820;08140700213;11111981;22051776;031;634;406;611 ~~~~~~~~~~~~~~~~~~~~~~~~~~~~~~ 01-31
29081482;29122059G;30255820;08140700213;12111981;23051776;032;380;436 ~~~~~~~~~~~~~~~~~~~~~~~~~~~~~~~~~~ 02-01
01091482;01012060H;01265820;09140700213;13111981;24051776;033;859;888;504;479;490;612 ~~~~~~~~~~~~~~~~~~ 02-02
02091482;02012060H;02265820;10140700213;14111981;25051776;034;566;479;490 ~~~~~~~~~~~~~~~~~~~~~~~~~~~~~~ 02-03
03091482;03012060H;03265820;11140700213;15111981;26051776;035;514;566;612 ~~~~~~~~~~~~~~~~~~~~~~~~~~~~~~ 02-04
04091482;04012060H;04265820;12140700213;16111981;27051776;036;638;433;566 ~~~~~~~~~~~~~~~~~~~~~~~~~~~~~~ 02-05
05091482;05012060H;05265820;13140700213;17111981;28051776;037;639;940;566;418;612 ~~~~~~~~~~~~~~~~~~~~~~ 02-06
06091482;06012060H;06265820;14140700213;18111981;29051776;038;637;640 ~~~~~~~~~~~~~~~~~~~~~~~~~~~~~~~~~~ 02-07
07091482;07012060H;07265820;15140700213;19111981;30051776;039;397;399;914;505;581;612 ~~~~~~~~~~~~~~~~~~ 02-08
08091482;08012060H;08265820;16140700213;20111981;01061776;040;641;536;820 ~~~~~~~~~~~~~~~~~~~~~~~~~~~~~~ 02-09
09091482;09012060H;09265820;17140700213;21111981;02061776;041;406;612 ~~~~~~~~~~~~~~~~~~~~~~~~~~~~~~~~~~ 02-10
10091482;10012060H;10265820;18140700213;22111981;03061776;042;414;400 ~~~~~~~~~~~~~~~~~~~~~~~~~~~~~~~~~~ 02-11
11091482;11012060H;11265820;19140700213;23111981;04061776;043;642;873;612 ~~~~~~~~~~~~~~~~~~~~~~~~~~~~~~ 02-12
12091482;12012060H;12265820;00150700213;24111981;05061776;044 ~~~~~~~~~~~~~~~~~~~~~~~~~~~~~~~~~~~~~~~~~~ 02-13
13091482;13012060H;13265820;01150700213;25111981;06061776;045;643;400;612 ~~~~~~~~~~~~~~~~~~~~~~~~~~~~~~ 02-14
14091482;14012060H;14265820;02150700213;26111981;07061776;046;406;418 ~~~~~~~~~~~~~~~~~~~~~~~~~~~~~~~~~~ 02-15
15091482;15012060H;15265820;03150700213;27111981;08061776;047;450;382;884;612 ~~~~~~~~~~~~~~~~~~~~~~~~~~ 02-16
16091482;16012060H;16265820;04150700213;28111981;09061776;048;854;400 ~~~~~~~~~~~~~~~~~~~~~~~~~~~~~~~~~~ 02-17
17091482;17012060H;17265820;05150700213;29111981;10061776;049;854;612 ~~~~~~~~~~~~~~~~~~~~~~~~~~~~~~~~~~ 02-18
18091482;18012060H;18265820;06150700213;30111981;11061776;050;644 ~~~~~~~~~~~~~~~~~~~~~~~~~~~~~~~~~~~~~~ 02-19
19091482;19012060H;19265820;07150700213;01121981;12061776;051;645;513;400;505;612 ~~~~~~~~~~~~~~~~~~~~~~ 02-20
20091482;20012060H;20265820;08150700213;02121981;13061776;052 ~~~~~~~~~~~~~~~~~~~~~~~~~~~~~~~~~~~~~~~~~~ 02-21
21091482;21012060H;21265820;09150700213;03121981;14061776;053;612 ~~~~~~~~~~~~~~~~~~~~~~~~~~~~~~~~~~~~~~ 02-22
22091482;22012060H;22265820;10150700213;04121981;15061776;054 ~~~~~~~~~~~~~~~~~~~~~~~~~~~~~~~~~~~~~~~~~~ 02-23
23091482;23012060H;23265820;11150700213;05121981;16061776;055;646;793;398;418;612 ~~~~~~~~~~~~~~~~~~~~~~ 02-24
24091482;24012060H;24265820;12150700213;06121981;17061776;056;419;406 ~~~~~~~~~~~~~~~~~~~~~~~~~~~~~~~~~~ 02-25
25091482;25012060H;25265820;13150700213;07121981;18061776;057;647;648;400;612 ~~~~~~~~~~~~~~~~~~~~~~~~~~ 02-26
26091482;26012060H;26265820;14150700213;08121981;19061776;058;649;507;943 ~~~~~~~~~~~~~~~~~~~~~~~~~~~~~~ 02-27
27091482;27012060H;27265820;15150700213;09121981;20061776;059;554;508;505;612 ~~~~~~~~~~~~~~~~~~~~~~~~~~ 02-28
28091482;28012060H;28265820;16150700213;10121981;21061776;060;650;401 ~~~~~~~~~~~~~~~~~~~~~~~~~~~~~~~~~~ 02-29
29091482;29012060H;29265820;19150700213;11121981;22061776;061;886;406;505;613 ~~~~~~~~~~~~~~~~~~~~~~~~~~ 03-01
30091482;30012060H;30265820;00160700213;12121981;23061776;062;443;380;506 ~~~~~~~~~~~~~~~~~~~~~~~~~~~~~~ 03-02
01101482;01022060H;01275820;01160700213;13121981;24061776;063;444;514;502;613 ~~~~~~~~~~~~~~~~~~~~~~~~~~ 03-03
02101482;02022060H;02275820;02160700213;14121981;25061776;064;653 ~~~~~~~~~~~~~~~~~~~~~~~~~~~~~~~~~~~~~~ 03-04
03101482;03022060H;03275820;03160700213;15121981;26061776;065;654;613 ~~~~~~~~~~~~~~~~~~~~~~~~~~~~~~~~~~ 03-05
04101482;04022060H;04275820;04160700213;16121981;27061776;066;637;415 ~~~~~~~~~~~~~~~~~~~~~~~~~~~~~~~~~~ 03-06
05101482;05022060H;05275820;05160700213;17121981;28061776;067;655;613 ~~~~~~~~~~~~~~~~~~~~~~~~~~~~~~~~~~ 03-07
06101482;06022060H;06275820;06160700213;18121981;29061776;068;397 ~~~~~~~~~~~~~~~~~~~~~~~~~~~~~~~~~~~~~~ 03-08
07101482;07022060H;07275820;07160700213;19121981;30061776;069;830;613 ~~~~~~~~~~~~~~~~~~~~~~~~~~~~~~~~~~ 03-09
08101482;08022060H;08275820;08160700213;20121981;01071776;070 ~~~~~~~~~~~~~~~~~~~~~~~~~~~~~~~~~~~~~~~~~~ 03-10
09101482;09022060H;09275820;09160700213;21121981;02071776;071;656;406;613 ~~~~~~~~~~~~~~~~~~~~~~~~~~~~~~ 03-11
10101482;10022060H;10275820;10160700213;22121981;03071776;072;517;866 ~~~~~~~~~~~~~~~~~~~~~~~~~~~~~~~~~~ 03-12
11101482;11022060H;11275820;11160700213;23121981;04071776;073;613 ~~~~~~~~~~~~~~~~~~~~~~~~~~~~~~~~~~~~~~ 03-13
12101482;12022060H;12275820;12160700213;24121981;05071776;074;437 ~~~~~~~~~~~~~~~~~~~~~~~~~~~~~~~~~~~~~~ 03-14
13101482;13022060H;13275820;13160700213;25121981;06071776;075;868;613 ~~~~~~~~~~~~~~~~~~~~~~~~~~~~~~~~~~ 03-15
14101482;14022060H;14275820;14160700213;26121981;07071776;076;657;383;544;623;519;406 ~~~~~~~~~~~~~~~~~~ 03-16
15101482;15022060H;15275820;15160700213;27121981;08071776;077;598;906;613 ~~~~~~~~~~~~~~~~~~~~~~~~~~~~~~ 03-17
16101482;16022060H;16275820;16160700213;28121981;09071776;078;658;513;562 ~~~~~~~~~~~~~~~~~~~~~~~~~~~~~~ 03-18
17101482;17022060H;17275820;17160700213;29121981;10071776;079;562;466;613 ~~~~~~~~~~~~~~~~~~~~~~~~~~~~~~ 03-19
18101482;18022060H;18275820;18160700213;30121981;11071776;080;432;562;424 ~~~~~~~~~~~~~~~~~~~~~~~~~~~~~~ 03-20
19101482;19022060H;19275820;19160700213;01011982;12071776;081;459;851;406;613 ~~~~~~~~~~~~~~~~~~~~~~~~~~ 03-21
20101482;20022060H;20275820;00170700213;02011982;13071776;082 ~~~~~~~~~~~~~~~~~~~~~~~~~~~~~~~~~~~~~~~~~~ 03-22
21101482;21022060H;21275820;01170700213;03011982;14071776;083;659;613 ~~~~~~~~~~~~~~~~~~~~~~~~~~~~~~~~~~ 03-23
22101482;22022060H;22275820;02170700213;04011982;15071776;084 ~~~~~~~~~~~~~~~~~~~~~~~~~~~~~~~~~~~~~~~~~~ 03-24
23101482;23022060H;23275820;03170700213;05011982;16071776;085;398;533;924;613 ~~~~~~~~~~~~~~~~~~~~~~~~~~ 03-25
24101482;24022060H;24275820;04170700213;06011982;17071776;086 ~~~~~~~~~~~~~~~~~~~~~~~~~~~~~~~~~~~~~~~~~~ 03-26
25101482;25022060H;25275820;05170700213;07011982;18071776;087;613 ~~~~~~~~~~~~~~~~~~~~~~~~~~~~~~~~~~~~~~ 03-27
26101482;26022060H;26275820;06170700213;08011982;19071776;088;652;900 ~~~~~~~~~~~~~~~~~~~~~~~~~~~~~~~~~~ 03-28
27101482;27022060H;27275820;07170700213;09011982;20071776;089;852;613 ~~~~~~~~~~~~~~~~~~~~~~~~~~~~~~~~~~ 03-29
28101482;28022060H;28275820;08170700213;10011982;21071776;090;415 ~~~~~~~~~~~~~~~~~~~~~~~~~~~~~~~~~~~~~~ 03-30
29101482;29022060H;29275820;09170700213;11011982;22071776;091;660;380;406;613 ~~~~~~~~~~~~~~~~~~~~~~~~~~ 03-31
01111482;01032060H;01285820;10170700213;12011982;23071776;092;514;538;559;935 ~~~~~~~~~~~~~~~~~~~~~~~~~~ 04-01
02111482;02032060H;02285820;11170700213;13011982;24071776;093;614 ~~~~~~~~~~~~~~~~~~~~~~~~~~~~~~~~~~~~~~ 04-02
03111482;03032060H;03285820;12170700213;14011982;25071776;094;637;661;555;577 ~~~~~~~~~~~~~~~~~~~~~~~~~~ 04-03
04111482;04032060H;04285820;13170700213;15011982;26071776;095;662;571;614 ~~~~~~~~~~~~~~~~~~~~~~~~~~~~~~ 04-04
05111482;05032060H;05285820;14170700213;16011982;27071776;096;651;406 ~~~~~~~~~~~~~~~~~~~~~~~~~~~~~~~~~~ 04-05
06111482;06032060H;06285820;15170700213;17011982;28071776;097;945;651;614 ~~~~~~~~~~~~~~~~~~~~~~~~~~~~~~ 04-06
07111482;07032060H;07285820;16170700213;18011982;29071776;098;663;397;651;415 ~~~~~~~~~~~~~~~~~~~~~~~~~~ 04-07
08111482;08032060H;08285820;17170700213;19011982;30071776;099;831;835;651;614 ~~~~~~~~~~~~~~~~~~~~~~~~~~ 04-08
09111482;09032060H;09285820;18170700213;20011982;01081776;100;576;933;651 ~~~~~~~~~~~~~~~~~~~~~~~~~~~~~~ 04-09
10111482;10032060H;10285820;19170700213;21011982;02081776;101;808;406;651;614 ~~~~~~~~~~~~~~~~~~~~~~~~~~ 04-10
11111482;11032060H;11285820;00000800213;22011982;03081776;102;493;877 ~~~~~~~~~~~~~~~~~~~~~~~~~~~~~~~~~~ 04-11
12111482;12032060H;12285820;01000800213;23011982;04081776;103;614 ~~~~~~~~~~~~~~~~~~~~~~~~~~~~~~~~~~~~~~ 04-12
13111482;13032060H;13285820;02000800213;24011982;05081776;104 ~~~~~~~~~~~~~~~~~~~~~~~~~~~~~~~~~~~~~~~~~~ 04-13
14111482;14032060H;14285820;03000800213;25011982;06081776;105;378;513;614 ~~~~~~~~~~~~~~~~~~~~~~~~~~~~~~ 04-14
15111482;15032060H;15285820;04000800213;26011982;07081776;106;631;664;384;539;575;948;515;406;415 ~~~~~~ 04-15
16111482;16032060H;16285820;05000800213;27011982;08081776;107;445;665;542;614 ~~~~~~~~~~~~~~~~~~~~~~~~~~ 04-16
17111482;17032060H;17285820;06000800213;28011982;09081776;108;446;666;865 ~~~~~~~~~~~~~~~~~~~~~~~~~~~~~~ 04-17
18111482;18032060H;18285820;07000800213;29011982;10081776;109;447;614 ~~~~~~~~~~~~~~~~~~~~~~~~~~~~~~~~~~ 04-18
19111482;19032060H;19285820;08000800213;30011982;11081776;110;448;794 ~~~~~~~~~~~~~~~~~~~~~~~~~~~~~~~~~~ 04-19
20111482;20032060H;20285820;09000800213;31011982;12081776;111;406;614 ~~~~~~~~~~~~~~~~~~~~~~~~~~~~~~~~~~ 04-20
21111482;21032060H;21285820;10000800213;01021982;13081776;112 ~~~~~~~~~~~~~~~~~~~~~~~~~~~~~~~~~~~~~~~~~~ 04-21
22111482;22032060H;22285820;11000800213;02021982;14081776;113;667;614 ~~~~~~~~~~~~~~~~~~~~~~~~~~~~~~~~~~ 04-22
23111482;23032060H;23285820;12000800213;03021982;15081776;114;398 ~~~~~~~~~~~~~~~~~~~~~~~~~~~~~~~~~~~~~~ 04-23
24111482;24032060H;24285820;13000800213;04021982;16081776;115;668;614 ~~~~~~~~~~~~~~~~~~~~~~~~~~~~~~~~~~ 04-24
25111482;25032060H;25285820;14000800213;05021982;17081776;116;669;838 ~~~~~~~~~~~~~~~~~~~~~~~~~~~~~~~~~~ 04-25
26111482;26032060H;26285820;15000800213;06021982;18081776;117;526;939;614 ~~~~~~~~~~~~~~~~~~~~~~~~~~~~~~ 04-26
27111482;27032060H;27285820;16000800213;07021982;19081776;118;554 ~~~~~~~~~~~~~~~~~~~~~~~~~~~~~~~~~~~~~~ 04-27
28111482;28032060H;28285820;17000800213;08021982;20081776;119;670;614 ~~~~~~~~~~~~~~~~~~~~~~~~~~~~~~~~~~ 04-28
29111482;29032060H;29285820;18000800213;09021982;21081776;120;514 ~~~~~~~~~~~~~~~~~~~~~~~~~~~~~~~~~~~~~~ 04-29
30111482;01042060H;30285820;19000800213;10021982;22081776;121;671;380;930;953;406;614 ~~~~~~~~~~~~~~~~~~ 04-30
01121482;02042060H;01295820;00010800213;11021982;23081776;122;637;672;402 ~~~~~~~~~~~~~~~~~~~~~~~~~~~~~~ 05-01
02121482;03042060H;02295820;01010800213;12021982;24081776;123;673;510;902;615 ~~~~~~~~~~~~~~~~~~~~~~~~~~ 05-02
03121482;04042060H;03295820;02010800213;13021982;25081776;124;674;433 ~~~~~~~~~~~~~~~~~~~~~~~~~~~~~~~~~~ 05-03
04121482;05042060H;04295820;03010800213;14021982;26081776;125;675;528;615 ~~~~~~~~~~~~~~~~~~~~~~~~~~~~~~ 05-04
05121482;06042060H;05295820;04010800213;15021982;27081776;126;676;529;403;406 ~~~~~~~~~~~~~~~~~~~~~~~~~~ 05-05
06121482;07042060H;06295820;05010800213;16021982;28081776;127;677;553;615 ~~~~~~~~~~~~~~~~~~~~~~~~~~~~~~ 05-06
07121482;08042060H;07295820;06010800213;17021982;29081776;128;596;679;678;397;615 ~~~~~~~~~~~~~~~~~~~~~~ 05-07
08121482;09042060H;08295820;07010800213;18021982;30081776;129;681;680;927;615 ~~~~~~~~~~~~~~~~~~~~~~~~~~ 05-08
09121482;10042060H;09295820;08010800213;19021982;01091776;130;451;501 ~~~~~~~~~~~~~~~~~~~~~~~~~~~~~~~~~~ 05-09
10121482;11042060H;10295820;09010800213;20021982;02091776;131;682;823;500;406;615 ~~~~~~~~~~~~~~~~~~~~~~ 05-10
11121482;12042060H;11295820;10010800213;21021982;03091776;132;819;825;831;889;500;615 ~~~~~~~~~~~~~~~~~~ 05-11
12121482;13042060H;12295820;11010800213;22021982;04091776;133;683;513;615 ~~~~~~~~~~~~~~~~~~~~~~~~~~~~~~ 05-12
13121482;14042060H;13295820;12010800213;23021982;05091776;134;894;500;403 ~~~~~~~~~~~~~~~~~~~~~~~~~~~~~~ 05-13
14121482;15042060H;14295820;13010800213;24021982;06091776;135;596;500;615 ~~~~~~~~~~~~~~~~~~~~~~~~~~~~~~ 05-14
15121482;16042060H;15295820;14010800213;25021982;07091776;136;687;385;537;937;406;615 ~~~~~~~~~~~~~~~~~~ 05-15
16121482;17042060H;16295820;15010800213;26021982;08091776;137;684;892;615 ~~~~~~~~~~~~~~~~~~~~~~~~~~~~~~ 05-16
17121482;18042060H;17295820;16010800213;27021982;09091776;138;821;403;415 ~~~~~~~~~~~~~~~~~~~~~~~~~~~~~~ 05-17
18121482;19042060H;18295820;17010800213;28021982;10091776;139;841;518;615 ~~~~~~~~~~~~~~~~~~~~~~~~~~~~~~ 05-18
19121482;20042060H;19295820;18010800213;29021982;11091776;140;685 ~~~~~~~~~~~~~~~~~~~~~~~~~~~~~~~~~~~~~~ 05-19
20121482;21042060H;20295820;19010800213;30021982;12091776;141;797;406;615 ~~~~~~~~~~~~~~~~~~~~~~~~~~~~~~ 05-20
21121482;22042060H;21295820;00020800213;31021982;13091776;142;686;573;403;615 ~~~~~~~~~~~~~~~~~~~~~~~~~~ 05-21
22121482;23042060H;22295820;01020800213;01031982;14091776;143;798;398;573;615 ~~~~~~~~~~~~~~~~~~~~~~~~~~ 05-22
23121482;24042060H;23295820;02020800213;02031982;15091776;144;573;624 ~~~~~~~~~~~~~~~~~~~~~~~~~~~~~~~~~~ 05-23
24121482;25042060H;24295820;03020800213;03031982;16091776;145;789;842;624;615 ~~~~~~~~~~~~~~~~~~~~~~~~~~ 05-24
25121482;26042060H;25295820;04020800213;04031982;17091776;146;436;624;403;406;415 ~~~~~~~~~~~~~~~~~~~~~~ 05-25
26121482;27042060H;26295820;05020800213;05031982;18091776;147;688;530;856;624;615 ~~~~~~~~~~~~~~~~~~~~~~ 05-26
27121482;28042060H;27295820;06020800213;06031982;19091776;148;494;514;624 ~~~~~~~~~~~~~~~~~~~~~~~~~~~~~~ 05-27
28121482;29042060H;28295820;07020800213;07031982;20091776;149;689;624;615 ~~~~~~~~~~~~~~~~~~~~~~~~~~~~~~ 05-28
29121482;30042060H;29295820;08020800213;08031982;21091776;150;439;380;921;942;624;403 ~~~~~~~~~~~~~~~~~~ 05-29
01011483;01052060H;01305820;09020800213;09031982;22091776;151;439;495;406;615 ~~~~~~~~~~~~~~~~~~~~~~~~~~ 05-30
02011483;02052060H;02305820;10020800213;10031982;23091776;152;438;832 ~~~~~~~~~~~~~~~~~~~~~~~~~~~~~~~~~~ 05-31
03011483;03052060H;03305820;11020800213;11031982;24091776;153;616 ~~~~~~~~~~~~~~~~~~~~~~~~~~~~~~~~~~~~~~ 06-01
04011483;04052060H;04305820;12020800213;12031982;25091776;154;691;694;374;415 ~~~~~~~~~~~~~~~~~~~~~~~~~~ 06-02
05011483;05052060H;05305820;13020800213;13031982;26091776;155;564;616 ~~~~~~~~~~~~~~~~~~~~~~~~~~~~~~~~~~ 06-03
06011483;06052060H;06305820;14020800213;14031982;27091776;156;692;522;406 ~~~~~~~~~~~~~~~~~~~~~~~~~~~~~~ 06-04
07011483;07052060H;07305820;15020800213;15031982;28091776;157;637;693;397;616 ~~~~~~~~~~~~~~~~~~~~~~~~~~ 06-05
08011483;08052060H;08305820;16020800213;16031982;29091776;158;449;690;403 ~~~~~~~~~~~~~~~~~~~~~~~~~~~~~~ 06-06
09011483;09052060H;09305820;17020800213;17031982;30091776;159;399;496;616;605 ~~~~~~~~~~~~~~~~~~~~~~~~~~ 06-07
10011483;10052060H;10305820;18020800213;18031982;01101776;160;696;513;552;498 ~~~~~~~~~~~~~~~~~~~~~~~~~~ 06-08
11011483;11052060H;11305820;19020800213;19031982;02101776;161;896;406;496;616 ~~~~~~~~~~~~~~~~~~~~~~~~~~ 06-09
12011483;12052060H;12305820;00030800213;20031982;03101776;162;569;400;403;415 ~~~~~~~~~~~~~~~~~~~~~~~~~~ 06-10
13011483;13052060H;13305820;01030800213;21031982;04101776;163;569;616 ~~~~~~~~~~~~~~~~~~~~~~~~~~~~~~~~~~ 06-11
14011483;14052060H;14305820;02030800213;22031982;05101776;164;697;799 ~~~~~~~~~~~~~~~~~~~~~~~~~~~~~~~~~~ 06-12
15011483;15052060H;15305820;03030800213;23031982;06101776;165;695;386;404;941;375;400;616 ~~~~~~~~~~~~~~ 06-13
16011483;16052060H;16305820;04030800213;24031982;07101776;166;874;406 ~~~~~~~~~~~~~~~~~~~~~~~~~~~~~~~~~~ 06-14
17011483;17052060H;17305820;05030800213;25031982;08101776;167;616 ~~~~~~~~~~~~~~~~~~~~~~~~~~~~~~~~~~~~~~ 06-15
18011483;18052060H;18305820;06030800213;26031982;09101776;168;432;815;400 ~~~~~~~~~~~~~~~~~~~~~~~~~~~~~~ 06-16
19011483;19052060H;19305820;07030800213;27031982;10101776;169;698;616 ~~~~~~~~~~~~~~~~~~~~~~~~~~~~~~~~~~ 06-17
20011483;20052060H;20305820;08030800213;28031982;11101776;170;701;699;700 ~~~~~~~~~~~~~~~~~~~~~~~~~~~~~~ 06-18
21011483;21052060H;21305820;09030800213;29031982;12101776;171;460;400;406;496;616 ~~~~~~~~~~~~~~~~~~~~~~ 06-19
22011483;22052060H;22305820;10030800213;30031982;13101776;172;452;452;425 ~~~~~~~~~~~~~~~~~~~~~~~~~~~~~~ 06-20
23011483;23052060H;23305820;11030800213;31031982;14101776;173;398;461;616 ~~~~~~~~~~~~~~~~~~~~~~~~~~~~~~ 06-21
24011483;24052060H;24305820;12030800213;01041982;15101776;174;420;400 ~~~~~~~~~~~~~~~~~~~~~~~~~~~~~~~~~~ 06-22
25011483;25052060H;25305820;13030800213;02041982;16101776;175;616 ~~~~~~~~~~~~~~~~~~~~~~~~~~~~~~~~~~~~~~ 06-23
26011483;26052060H;26305820;14030800213;03041982;17101776;176;514;946;375 ~~~~~~~~~~~~~~~~~~~~~~~~~~~~~~ 06-24
27011483;27052060H;27305820;15030800213;04041982;18101776;177;703;400;496;616 ~~~~~~~~~~~~~~~~~~~~~~~~~~ 06-25
28011483;28052060H;28305820;16030800213;05041982;19101776;178;702;865;415 ~~~~~~~~~~~~~~~~~~~~~~~~~~~~~~ 06-26
29011483;29052060H;29305820;17030800213;06041982;20101776;179;380;496;616 ~~~~~~~~~~~~~~~~~~~~~~~~~~~~~~ 06-27
30011483;01062060H;30305820;18030800213;07041982;21101776;180;807;928;497;400 ~~~~~~~~~~~~~~~~~~~~~~~~~~ 06-28
01021483;02062060H;01315820;19030800213;08041982;22101776;181;870;406;616 ~~~~~~~~~~~~~~~~~~~~~~~~~~~~~~ 06-29
02021483;03062060H;02315820;00040800213;09041982;23101776;182;704;813 ~~~~~~~~~~~~~~~~~~~~~~~~~~~~~~~~~~ 06-30
03021483;04062060H;03315820;01040800213;10041982;24101776;183;401;812;617 ~~~~~~~~~~~~~~~~~~~~~~~~~~~~~~ 07-01
04021483;05062060H;04315820;02040800213;11041982;25101776;184;565;421 ~~~~~~~~~~~~~~~~~~~~~~~~~~~~~~~~~~ 07-02
05021483;06062060H;05315820;03040800213;12041982;26101776;185;637;705;840;373;565;617 ~~~~~~~~~~~~~~~~~~ 07-03
06021483;07062060H;06315820;04040800213;13041982;27101776;186;795;406 ~~~~~~~~~~~~~~~~~~~~~~~~~~~~~~~~~~ 07-04
07021483;08062060H;07315820;05040800213;14041982;28101776;187;397;375;617 ~~~~~~~~~~~~~~~~~~~~~~~~~~~~~~ 07-05
08021483;09062060H;08315820;06040800213;15041982;29101776;188;513;864 ~~~~~~~~~~~~~~~~~~~~~~~~~~~~~~~~~~ 07-06
09021483;10062060H;09315820;07040800213;16041982;30101776;189;617 ~~~~~~~~~~~~~~~~~~~~~~~~~~~~~~~~~~~~~~ 07-07
10021483;11062060H;10315820;08040800213;17041982;01111776;190 ~~~~~~~~~~~~~~~~~~~~~~~~~~~~~~~~~~~~~~~~~~ 07-08
11021483;12062060H;11315820;09040800213;18041982;02111776;191;546;406;617 ~~~~~~~~~~~~~~~~~~~~~~~~~~~~~~ 07-09
12021483;13062060H;12315820;10040800213;19041982;03111776;192;706 ~~~~~~~~~~~~~~~~~~~~~~~~~~~~~~~~~~~~~~ 07-10
13021483;14062060H;13315820;11040800213;20041982;04111776;193;416;617 ~~~~~~~~~~~~~~~~~~~~~~~~~~~~~~~~~~ 07-11
14021483;15062060H;14315820;12040800213;21041982;05111776;194;707 ~~~~~~~~~~~~~~~~~~~~~~~~~~~~~~~~~~~~~~ 07-12
15021483;16062060H;15315820;13040800213;22041982;06111776;195;387;437;531;561;617 ~~~~~~~~~~~~~~~~~~~~~~ 07-13
16021483;17062060H;16315820;14040800213;23041982;07111776;196;406 ~~~~~~~~~~~~~~~~~~~~~~~~~~~~~~~~~~~~~~ 07-14
17021483;18062060H;17315820;15040800213;24041982;08111776;197;631;617 ~~~~~~~~~~~~~~~~~~~~~~~~~~~~~~~~~~ 07-15
18021483;19062060H;18315820;16040800213;25041982;09111776;198 ~~~~~~~~~~~~~~~~~~~~~~~~~~~~~~~~~~~~~~~~~~ 07-16
19021483;20062060H;19315820;17040800213;26041982;10111776;199;708;617 ~~~~~~~~~~~~~~~~~~~~~~~~~~~~~~~~~~ 07-17
20021483;21062060H;20315820;18040800213;27041982;11111776;200;709;844 ~~~~~~~~~~~~~~~~~~~~~~~~~~~~~~~~~~ 07-18
21021483;22062060H;21315820;19040800213;28041982;12111776;201;710;835;406;617 ~~~~~~~~~~~~~~~~~~~~~~~~~~ 07-19
22021483;23062060H;22315820;00050800213;29041982;13111776;202;398;514 ~~~~~~~~~~~~~~~~~~~~~~~~~~~~~~~~~~ 07-20
23021483;24062060H;23315820;01050800213;30041982;14111776;203;711;617 ~~~~~~~~~~~~~~~~~~~~~~~~~~~~~~~~~~ 07-21
24021483;25062060H;24315820;02050800213;31041982;15111776;204;712 ~~~~~~~~~~~~~~~~~~~~~~~~~~~~~~~~~~~~~~ 07-22
25021483;26062060H;25315820;03050800213;01051982;16111776;205;878;617 ~~~~~~~~~~~~~~~~~~~~~~~~~~~~~~~~~~ 07-23
26021483;27062060H;26315820;04050800213;02051982;17111776;206;713;406 ~~~~~~~~~~~~~~~~~~~~~~~~~~~~~~~~~~ 07-24
27021483;28062060H;27315820;05050800213;03051982;18111776;207;714;617 ~~~~~~~~~~~~~~~~~~~~~~~~~~~~~~~~~~ 07-25
28021483;29062060H;28315820;06050800213;04051982;19111776;208 ~~~~~~~~~~~~~~~~~~~~~~~~~~~~~~~~~~~~~~~~~~ 07-26
29021483;01072060H;29315820;07050800213;05051982;20111776;209;380;833;617 ~~~~~~~~~~~~~~~~~~~~~~~~~~~~~~ 07-27
01031483;02072060H;01325820;08050800213;06051982;21111776;210 ~~~~~~~~~~~~~~~~~~~~~~~~~~~~~~~~~~~~~~~~~~ 07-28
02031483;03072060H;02325820;09050800213;07051982;22111776;211;715;617 ~~~~~~~~~~~~~~~~~~~~~~~~~~~~~~~~~~ 07-29
03031483;04072060H;03325820;10050800213;08051982;23111776;212;716;433;579 ~~~~~~~~~~~~~~~~~~~~~~~~~~~~~~ 07-30
04031483;05072060H;04325820;11050800213;09051982;24111776;213;617 ~~~~~~~~~~~~~~~~~~~~~~~~~~~~~~~~~~~~~~ 07-31
05031483;06072060H;05325820;12050800213;10051982;25111776;214;717;867;891 ~~~~~~~~~~~~~~~~~~~~~~~~~~~~~~ 08-01
06031483;07072060H;06325820;13050800213;11051982;26111776;215;572;618 ~~~~~~~~~~~~~~~~~~~~~~~~~~~~~~~~~~ 08-02
07031483;08072060H;07325820;14050800213;12051982;27111776;216;718;513;406;618 ~~~~~~~~~~~~~~~~~~~~~~~~~~ 08-03
08031483;09072060H;08325820;15050800213;13051982;28111776;217;397;831;618 ~~~~~~~~~~~~~~~~~~~~~~~~~~~~~~ 08-04
09031483;10072060H;09325820;16050800213;14051982;29111776;218;618 ~~~~~~~~~~~~~~~~~~~~~~~~~~~~~~~~~~~~~~ 08-05
10031483;11072060H;10325820;17050800213;15051982;30111776;219;719;938;618 ~~~~~~~~~~~~~~~~~~~~~~~~~~~~~~ 08-06
11031483;12072060H;11325820;18050800213;16051982;01121776;220;637;720;375;618 ~~~~~~~~~~~~~~~~~~~~~~~~~~ 08-07
12031483;13072060H;12325820;19050800213;17051982;02121776;221;721;926;511;406;618 ~~~~~~~~~~~~~~~~~~~~~~ 08-08
13031483;14072060H;13325820;00060800213;18051982;03121776;222;567;843 ~~~~~~~~~~~~~~~~~~~~~~~~~~~~~~~~~~ 08-09
14031483;15072060H;14325820;01060800213;19051982;04121776;223;567;618 ~~~~~~~~~~~~~~~~~~~~~~~~~~~~~~~~~~ 08-10
15031483;16072060H;15325820;02060800213;20051982;05121776;224;722;388;909;910;421;843;618 ~~~~~~~~~~~~~~ 08-11
16031483;17072060H;16325820;03060800213;21051982;06121776;225;556;925;618 ~~~~~~~~~~~~~~~~~~~~~~~~~~~~~~ 08-12
17031483;18072060H;17325820;04060800213;22051982;07121776;226;511;406 ~~~~~~~~~~~~~~~~~~~~~~~~~~~~~~~~~~ 08-13
18031483;19072060H;18325820;05060800213;23051982;08121776;227;723;805;875;618 ~~~~~~~~~~~~~~~~~~~~~~~~~~ 08-14
19031483;20072060H;19325820;06060800213;24051982;09121776;228;514;843 ~~~~~~~~~~~~~~~~~~~~~~~~~~~~~~~~~~ 08-15
20031483;21072060H;20325820;07060800213;25051982;10121776;229;618 ~~~~~~~~~~~~~~~~~~~~~~~~~~~~~~~~~~~~~~ 08-16
21031483;22072060H;21325820;08060800213;26051982;11121776;230;843;618 ~~~~~~~~~~~~~~~~~~~~~~~~~~~~~~~~~~ 08-17
22031483;23072060H;22325820;09060800213;27051982;12121776;231;398;872;375;618 ~~~~~~~~~~~~~~~~~~~~~~~~~~ 08-18
23031483;24072060H;23325820;10060800213;28051982;13121776;232;871 ~~~~~~~~~~~~~~~~~~~~~~~~~~~~~~~~~~~~~~ 08-19
24031483;25072060H;24325820;11060800213;29051982;14121776;233;618 ~~~~~~~~~~~~~~~~~~~~~~~~~~~~~~~~~~~~~~ 08-20
25031483;26072060H;25325820;12060800213;30051982;15121776;234;724;503;618 ~~~~~~~~~~~~~~~~~~~~~~~~~~~~~~ 08-21
26031483;27072060H;26325820;13060800213;31051982;16121776;235;554;618 ~~~~~~~~~~~~~~~~~~~~~~~~~~~~~~~~~~ 08-22
27031483;28072060H;27325820;14060800213;01061982;17121776;236;406;618 ~~~~~~~~~~~~~~~~~~~~~~~~~~~~~~~~~~ 08-23
28031483;29072060H;28325820;15060800213;02061982;18121776;237;618 ~~~~~~~~~~~~~~~~~~~~~~~~~~~~~~~~~~~~~~ 08-24
29031483;30072060H;29325820;16060800213;03061982;19121776;238;380;618 ~~~~~~~~~~~~~~~~~~~~~~~~~~~~~~~~~~ 08-25
30031483;01082060H;30325820;17060800213;04061982;20121776;239;618 ~~~~~~~~~~~~~~~~~~~~~~~~~~~~~~~~~~~~~~ 08-26
01041483;02082060H;01335820;18060800213;05061982;21121776;240;427;618 ~~~~~~~~~~~~~~~~~~~~~~~~~~~~~~~~~~ 08-27
02041483;03082060H;02335820;19060800213;06061982;22121776;241;725;618 ~~~~~~~~~~~~~~~~~~~~~~~~~~~~~~~~~~ 08-28
03041483;04082060H;03335820;00070800213;07061982;23121776;242;428;725;550;597;618 ~~~~~~~~~~~~~~~~~~~~~~ 08-29
04041483;05082060H;04335820;01070800213;08061982;24121776;243;796;618 ~~~~~~~~~~~~~~~~~~~~~~~~~~~~~~~~~~ 08-30
05041483;06082060H;05335820;02070800213;09061982;25121776;244;594;513;915 ~~~~~~~~~~~~~~~~~~~~~~~~~~~~~~ 08-31
06041483;07082060H;06335820;03070800213;10061982;26121776;245;595;619 ~~~~~~~~~~~~~~~~~~~~~~~~~~~~~~~~~~ 09-01
07041483;08082060H;07335820;04070800213;11061982;27121776;246;397 ~~~~~~~~~~~~~~~~~~~~~~~~~~~~~~~~~~~~~~ 09-02
08041483;09082060H;08335820;05070800213;12061982;28121776;247;596;727;908;619 ~~~~~~~~~~~~~~~~~~~~~~~~~~ 09-03
09041483;10082060H;09335820;06070800213;13061982;29121776;248;429;637;728 ~~~~~~~~~~~~~~~~~~~~~~~~~~~~~~ 09-04
10041483;11082060H;10335820;07070800213;14061982;30121776;249;430;845;619 ~~~~~~~~~~~~~~~~~~~~~~~~~~~~~~ 09-05
11041483;12082060H;11335820;08070800213;15061982;01131776;250;434;846;903 ~~~~~~~~~~~~~~~~~~~~~~~~~~~~~~ 09-06
12041483;13082060H;12335820;09070800213;16061982;02131776;251;435;406;619 ~~~~~~~~~~~~~~~~~~~~~~~~~~~~~~ 09-07
13041483;14082060H;13335820;10070800213;17061982;03131776;252;897 ~~~~~~~~~~~~~~~~~~~~~~~~~~~~~~~~~~~~~~ 09-08
14041483;15082060H;14335820;11070800213;18061982;04131776;253;730;520;551;570;619 ~~~~~~~~~~~~~~~~~~~~~~ 09-09
15041483;16082060H;15335820;12070800213;19061982;05131776;254;389;390;534;907 ~~~~~~~~~~~~~~~~~~~~~~~~~~ 09-10
16041483;17082060H;16335820;13070800213;20061982;01011777;255;832;619 ~~~~~~~~~~~~~~~~~~~~~~~~~~~~~~~~~~ 09-11
17041483;18082060H;17335820;14070800213;21061982;02011777;256;455;726;847;432;514;406 ~~~~~~~~~~~~~~~~~~ 09-12
18041483;19082060H;18335820;15070800213;22061982;03011777;257;729;619 ~~~~~~~~~~~~~~~~~~~~~~~~~~~~~~~~~~ 09-13
19041483;20082060H;19335820;16070800213;23061982;04011777;258 ~~~~~~~~~~~~~~~~~~~~~~~~~~~~~~~~~~~~~~~~~~ 09-14
20041483;21082060H;20335820;17070800213;24061982;05011777;259;467;619 ~~~~~~~~~~~~~~~~~~~~~~~~~~~~~~~~~~ 09-15
21041483;22082060H;21335820;18070800213;25061982;06011777;260;733;398 ~~~~~~~~~~~~~~~~~~~~~~~~~~~~~~~~~~ 09-16
22041483;23082060H;22335820;19070800213;26061982;07011777;261;734;406;848;619 ~~~~~~~~~~~~~~~~~~~~~~~~~~ 09-17
23041483;24082060H;23335820;00080800213;27061982;08011777;262;735 ~~~~~~~~~~~~~~~~~~~~~~~~~~~~~~~~~~~~~~ 09-18
24041483;25082060H;24335820;01080800213;28061982;09011777;263;731;619;848 ~~~~~~~~~~~~~~~~~~~~~~~~~~~~~~ 09-19
25041483;26082060H;25335820;02080800213;29061982;10011777;264;869;421 ~~~~~~~~~~~~~~~~~~~~~~~~~~~~~~~~~~ 09-20
26041483;27082060H;26335820;03080800213;30061982;11011777;265;732;436;462;619;848 ~~~~~~~~~~~~~~~~~~~~~~ 09-21
27041483;28082060H;27335820;04080800213;31061982;12011777;266;423;406 ~~~~~~~~~~~~~~~~~~~~~~~~~~~~~~~~~~ 09-22
28041483;29082060H;28335820;05080800213;01071982;13011777;267;417;463;619;848 ~~~~~~~~~~~~~~~~~~~~~~~~~~ 09-23
29041483;01092060H;29335820;06080800213;02071982;14011777;268;738;380;920;521 ~~~~~~~~~~~~~~~~~~~~~~~~~~ 09-24
01051483;02092060H;01015821;07080800213;03071982;15011777;269;739;743;895;521;619 ~~~~~~~~~~~~~~~~~~~~~~ 09-25
02051483;03092060H;02015821;08080800213;04071982;16011777;270;740;521 ~~~~~~~~~~~~~~~~~~~~~~~~~~~~~~~~~~ 09-26
03051483;04092060H;03015821;09080800213;05071982;17011777;271;736;513;406;619;848 ~~~~~~~~~~~~~~~~~~~~~~ 09-27
04051483;05092060H;04015821;10080800213;06071982;18011777;272;737;411 ~~~~~~~~~~~~~~~~~~~~~~~~~~~~~~~~~~ 09-28
05051483;06092060H;05015821;11080800213;07071982;19011777;273;742;790;619 ~~~~~~~~~~~~~~~~~~~~~~~~~~~~~~ 09-29
06051483;07092060H;06015821;12080800213;08071982;20011777;274;741;790;853;421 ~~~~~~~~~~~~~~~~~~~~~~~~~~ 09-30
07051483;08092060H;07015821;13080800213;09071982;21011777;275;748;790;853;848;620 ~~~~~~~~~~~~~~~~~~~~~~ 10-01
08051483;09092060H;08015821;14080800213;10071982;22011777;276;637;790;397;918;563;853;418 ~~~~~~~~~~~~~~ 10-02
09051483;10092060H;09015821;15080800213;11071982;23011777;277;749;790;548;885;919;848;620 ~~~~~~~~~~~~~~ 10-03
10051483;11092060H;10015821;16080800213;12071982;24011777;278;744;790;399;527 ~~~~~~~~~~~~~~~~~~~~~~~~~~ 10-04
11051483;12092060H;11015821;17080800213;13071982;25011777;279;745;790;549;560;412;620;848 ~~~~~~~~~~~~~~ 10-05
12051483;13092060H;12015821;18080800213;14071982;26011777;280;746;899 ~~~~~~~~~~~~~~~~~~~~~~~~~~~~~~~~~~ 10-06
13051483;14092060H;13015821;19080800213;15071982;27011777;281;747;848;620 ~~~~~~~~~~~~~~~~~~~~~~~~~~~~~~ 10-07
14051483;15092060H;14015821;00090800213;16071982;28011777;282 ~~~~~~~~~~~~~~~~~~~~~~~~~~~~~~~~~~~~~~~~~~ 10-08
15051483;16092060H;15015821;01090800213;17071982;29011777;283;754;393;532;542;882;922;948;523;620 ~~~~~~ 10-09
16051483;17092060H;16015821;02090800213;18071982;30011777;284;750;367;514;523;400;421 ~~~~~~~~~~~~~~~~~~ 10-10
17051483;18092060H;17015821;03090800213;19071982;01021777;285;751;368;523;620;848 ~~~~~~~~~~~~~~~~~~~~~~ 10-11
18051483;19092060H;18015821;04090800213;20071982;02021777;286;791;881;523;406;412 ~~~~~~~~~~~~~~~~~~~~~~ 10-12
19051483;20092060H;19015821;05090800213;21071982;03021777;287;752;523;620 ~~~~~~~~~~~~~~~~~~~~~~~~~~~~~~ 10-13
20051483;21092060H;20015821;06090800213;22071982;04021777;288;753;523 ~~~~~~~~~~~~~~~~~~~~~~~~~~~~~~~~~~ 10-14
21051483;22092060H;21015821;07090800213;23071982;05021777;289;596;523;620 ~~~~~~~~~~~~~~~~~~~~~~~~~~~~~~ 10-15
22051483;23092060H;22015821;08090800213;24071982;06021777;290;758;398;499;524;400 ~~~~~~~~~~~~~~~~~~~~~~ 10-16
23051483;24092060H;23015821;09090800213;25071982;07021777;291;525;406;620 ~~~~~~~~~~~~~~~~~~~~~~~~~~~~~~ 10-17
24051483;25092060H;24015821;10090800213;26071982;08021777;292;755 ~~~~~~~~~~~~~~~~~~~~~~~~~~~~~~~~~~~~~~ 10-18
25051483;26092060H;25015821;11090800213;27071982;09021777;293;756;911;412;620 ~~~~~~~~~~~~~~~~~~~~~~~~~~ 10-19
26051483;27092060H;26015821;12090800213;28071982;10021777;294;757;792;558;784;421 ~~~~~~~~~~~~~~~~~~~~~~ 10-20
27051483;28092060H;27015821;13090800213;29071982;11021777;295;631;369;779;784;785;620 ~~~~~~~~~~~~~~~~~~ 10-21
28051483;29092060H;28015821;14090800213;30071982;12021777;296;780;785;786;400;406 ~~~~~~~~~~~~~~~~~~~~~~ 10-22
29051483;30092060H;29015821;15090800213;01081982;13021777;297;759;408;781;786;893;787;620 ~~~~~~~~~~~~~~ 10-23
30051483;01102060H;30015821;16090800213;02081982;14021777;298;380;371;782;932;950 ~~~~~~~~~~~~~~~~~~~~~~ 10-24
01061483;02102060H;01025821;17090800213;03081982;15021777;299;513;783;787;400;620 ~~~~~~~~~~~~~~~~~~~~~~ 10-25
02061483;03102060H;02025821;18090800213;04081982;16021777;300;401;431;433;535;788;868;412 ~~~~~~~~~~~~~~ 10-26
03061483;04102060H;03025821;19090800213;05081982;17021777;301;406;620 ~~~~~~~~~~~~~~~~~~~~~~~~~~~~~~~~~~ 10-27
04061483;05102060H;04025821;00100800213;06081982;18021777;302 ~~~~~~~~~~~~~~~~~~~~~~~~~~~~~~~~~~~~~~~~~~ 10-28
05061483;06102060H;05025821;01100800213;07081982;19021777;303;849;409;418;620 ~~~~~~~~~~~~~~~~~~~~~~~~~~ 10-29
06061483;07102060H;06025821;02100800213;08081982;20021777;304;543 ~~~~~~~~~~~~~~~~~~~~~~~~~~~~~~~~~~~~~~ 10-30
07061483;08102060H;07025821;03100800213;09081982;21021777;305;620 ~~~~~~~~~~~~~~~~~~~~~~~~~~~~~~~~~~~~~~ 10-31
08061483;09102060H;08025821;04100800213;10081982;22021777;306;760;397;437;406 ~~~~~~~~~~~~~~~~~~~~~~~~~~ 11-01
09061483;10102060H;09025821;05100800213;11081982;23021777;307;850;621 ~~~~~~~~~~~~~~~~~~~~~~~~~~~~~~~~~~ 11-02
10061483;11102060H;10025821;06100800213;12081982;24021777;308;761;376;879 ~~~~~~~~~~~~~~~~~~~~~~~~~~~~~~ 11-03
11061483;12102060H;11025821;07100800213;13081982;25021777;309;762;547;409;621 ~~~~~~~~~~~~~~~~~~~~~~~~~~ 11-04
12061483;13102060H;12025821;08100800213;14081982;26021777;310;934;621 ~~~~~~~~~~~~~~~~~~~~~~~~~~~~~~~~~~ 11-05
13061483;14102060H;13025821;09100800213;15081982;27021777;311;637;763;406;621 ~~~~~~~~~~~~~~~~~~~~~~~~~~ 11-06
14061483;15102060H;14025821;10100800213;16081982;28021777;312;394;514;418 ~~~~~~~~~~~~~~~~~~~~~~~~~~~~~~ 11-07
15061483;16102060H;15025821;11100800213;17081982;29021777;313;542;880;948;621 ~~~~~~~~~~~~~~~~~~~~~~~~~~ 11-08
16061483;17102060H;16025821;12100800213;18081982;30021777;314 ~~~~~~~~~~~~~~~~~~~~~~~~~~~~~~~~~~~~~~~~~~ 11-09
17061483;18102060H;17025821;13100800213;19081982;01031777;315;621 ~~~~~~~~~~~~~~~~~~~~~~~~~~~~~~~~~~~~~~ 11-10
18061483;19102060H;18025821;14100800213;20081982;02031777;316;764;406;621 ~~~~~~~~~~~~~~~~~~~~~~~~~~~~~~ 11-11
19061483;20102060H;19025821;15100800213;21081982;03031777;317;596;621 ~~~~~~~~~~~~~~~~~~~~~~~~~~~~~~~~~~ 11-12
20061483;21102060H;20025821;16100800213;22081982;04031777;318 ~~~~~~~~~~~~~~~~~~~~~~~~~~~~~~~~~~~~~~~~~~ 11-13
21061483;22102060H;21025821;17100800213;23081982;05031777;319;398;824;876;621 ~~~~~~~~~~~~~~~~~~~~~~~~~~ 11-14
22061483;23102060H;22025821;18100800213;24081982;06031777;320;621 ~~~~~~~~~~~~~~~~~~~~~~~~~~~~~~~~~~~~~~ 11-15
23061483;24102060H;23025821;19100800213;25081982;07031777;321;406;418;621 ~~~~~~~~~~~~~~~~~~~~~~~~~~~~~~ 11-16
24061483;25102060H;24025821;00110800213;26081982;08031777;322 ~~~~~~~~~~~~~~~~~~~~~~~~~~~~~~~~~~~~~~~~~~ 11-17
25061483;26102060H;25025821;01110800213;27081982;09031777;323;766;936;621 ~~~~~~~~~~~~~~~~~~~~~~~~~~~~~~ 11-18
26061483;27102060H;26025821;02110800213;28081982;10031777;324;621 ~~~~~~~~~~~~~~~~~~~~~~~~~~~~~~~~~~~~~~ 11-19
27061483;28102060H;27025821;03110800213;29081982;11031777;325;767;621 ~~~~~~~~~~~~~~~~~~~~~~~~~~~~~~~~~~ 11-20
28061483;29102060H;28025821;04110800213;30081982;12031777;326;765;513;621 ~~~~~~~~~~~~~~~~~~~~~~~~~~~~~~ 11-21
29061483;30102060H;29025821;05110800213;01091982;13031777;327;380;788;409;621 ~~~~~~~~~~~~~~~~~~~~~~~~~~ 11-22
01071483;01112060H;30025821;06110800213;02091982;14031777;328 ~~~~~~~~~~~~~~~~~~~~~~~~~~~~~~~~~~~~~~~~~~ 11-23
02071483;02112060H;01035821;07110800213;03091982;15031777;329;769;621 ~~~~~~~~~~~~~~~~~~~~~~~~~~~~~~~~~~ 11-24
03071483;03112060H;02035821;08110800213;04091982;16031777;330;440;418;621 ~~~~~~~~~~~~~~~~~~~~~~~~~~~~~~ 11-25
04071483;04112060H;03035821;09110800213;05091982;17031777;331;441;836;406;621 ~~~~~~~~~~~~~~~~~~~~~~~~~~ 11-26
05071483;05112060H;04035821;10110800213;06091982;18031777;332;770;768;621 ~~~~~~~~~~~~~~~~~~~~~~~~~~~~~~ 11-27
06071483;06112060H;05035821;11110800213;07091982;19031777;333;369;944;589;409;621 ~~~~~~~~~~~~~~~~~~~~~~ 11-28
07071483;07112060H;06035821;12110800213;08091982;20031777;334;442;621 ~~~~~~~~~~~~~~~~~~~~~~~~~~~~~~~~~~ 11-29
08071483;08112060H;07035821;13110800213;09091982;21031777;335;771;397;621 ~~~~~~~~~~~~~~~~~~~~~~~~~~~~~~ 11-30
09071483;09112060H;08035821;14110800213;10091982;22031777;336;772;406 ~~~~~~~~~~~~~~~~~~~~~~~~~~~~~~~~~~ 12-01
10071483;10112060H;09035821;15110800213;11091982;23031777;337;370;622 ~~~~~~~~~~~~~~~~~~~~~~~~~~~~~~~~~~ 12-02
11071483;11112060H;10035821;16110800213;12091982;24031777;338;774;557;890;622 ~~~~~~~~~~~~~~~~~~~~~~~~~~ 12-03
12071483;12112060H;11035821;17110800213;13091982;25031777;339;637;775;422;554;622 ~~~~~~~~~~~~~~~~~~~~~~ 12-04
13071483;13112060H;12035821;18110800213;14091982;26031777;340;861;590;622 ~~~~~~~~~~~~~~~~~~~~~~~~~~~~~~ 12-05
14071483;14112060H;13035821;19110800213;15091982;27031777;341;514;622 ~~~~~~~~~~~~~~~~~~~~~~~~~~~~~~~~~~ 12-06
15071483;15112060H;14035821;00120800213;16091982;28031777;342;773;395;545;887 ~~~~~~~~~~~~~~~~~~~~~~~~~~ 12-07
16071483;16112060H;15035821;01120800213;17091982;29031777;343;622 ~~~~~~~~~~~~~~~~~~~~~~~~~~~~~~~~~~~~~~ 12-08
17071483;17112060H;16035821;02120800213;18091982;30031777;344;432 ~~~~~~~~~~~~~~~~~~~~~~~~~~~~~~~~~~~~~~ 12-09
18071483;18112060H;17035821;03120800213;19091982;01041777;345;453;409;622 ~~~~~~~~~~~~~~~~~~~~~~~~~~~~~~ 12-10
19071483;19112060H;18035821;04120800213;20091982;02041777;346;776;406;622 ~~~~~~~~~~~~~~~~~~~~~~~~~~~~~~ 12-11
20071483;20112060H;19035821;05120800213;21091982;03041777;347;777;591;622 ~~~~~~~~~~~~~~~~~~~~~~~~~~~~~~ 12-12
21071483;21112060H;20035821;06120800213;22091982;04041777;348;622 ~~~~~~~~~~~~~~~~~~~~~~~~~~~~~~~~~~~~~~ 12-13
22071483;22112060H;21035821;07120800213;23091982;05041777;349;398;412;622 ~~~~~~~~~~~~~~~~~~~~~~~~~~~~~~ 12-14
23071483;23112060H;22035821;08120800213;24091982;06041777;350;622 ~~~~~~~~~~~~~~~~~~~~~~~~~~~~~~~~~~~~~~ 12-15
24071483;24112060H;23035821;09120800213;25091982;07041777;351;406;409;622 ~~~~~~~~~~~~~~~~~~~~~~~~~~~~~~ 12-16
25071483;25112060H;24035821;10120800213;26091982;08041777;352;778 ~~~~~~~~~~~~~~~~~~~~~~~~~~~~~~~~~~~~~~ 12-17
26071483;26112060H;25035821;11120800213;27091982;09041777;353;513;917;516;622 ~~~~~~~~~~~~~~~~~~~~~~~~~~ 12-18
27071483;27112060H;26035821;12120800213;28091982;10041777;354;371;592;509;516 ~~~~~~~~~~~~~~~~~~~~~~~~~~ 12-19
28071483;28112060H;27035821;13120800213;29091982;11041777;355;466;516;622 ~~~~~~~~~~~~~~~~~~~~~~~~~~~~~~ 12-20
29071483;29112060H;28035821;14120800213;30091982;12041777;356;457;426;516;406;412 ~~~~~~~~~~~~~~~~~~~~~~ 12-21
30071483;30112060H;29035821;15120800213;01101982;13041777;357;380;465;516;622 ~~~~~~~~~~~~~~~~~~~~~~~~~~ 12-22
01081483;01122060H;30035821;16120800213;02101982;14041777;358 ~~~~~~~~~~~~~~~~~~~~~~~~~~~~~~~~~~~~~~~~~~ 12-23
02081483;02122060H;01045821;17120800213;03101982;15041777;359;516;622 ~~~~~~~~~~~~~~~~~~~~~~~~~~~~~~~~~~ 12-24
03081483;03122060H;02045821;18120800213;04101982;16041777;360;516 ~~~~~~~~~~~~~~~~~~~~~~~~~~~~~~~~~~~~~~ 12-25
04081483;04122060H;03045821;19120800213;05101982;17041777;361;516;406;622 ~~~~~~~~~~~~~~~~~~~~~~~~~~~~~~ 12-31
05081483;05122060H;04045821;00130800213;06101982;18041777;362 ~~~~~~~~~~~~~~~~~~~~~~~~~~~~~~~~~~~~~~~~~~ 12-27
06081483;06122060H;05045821;01130800213;07101982;19041777;363;409;622 ~~~~~~~~~~~~~~~~~~~~~~~~~~~~~~~~~~ 12-28
07081483;07122060H;06045821;02130800213;08101982;20041777;364;622 ~~~~~~~~~~~~~~~~~~~~~~~~~~~~~~~~~~~~~~ 12-29
08081483;08122060H;07045821;03130800213;09101982;21041777;365;397;622 ~~~~~~~~~~~~~~~~~~~~~~~~~~~~~~~~~~ 12-30
09081483;09122060H;08045821;04130800213;10101982;22041777;366 ~~~~~~~~~~~~~~~~~~~~~~~~~~~~~~~~~~~~~~~~~~ 12-31
