08101522;11122098t;09045859;02050700413;11102020;23041815;001;611 ~~~~~~~~~~~~~~~~~~~~~~~~~~~~~~~~~~~~~~ 01-01
09101522;12122098t;10045859;03050700413;12102020;24041815;002 ~~~~~~~~~~~~~~~~~~~~~~~~~~~~~~~~~~~~~~~~~~ 01-02
10101522;13122098t;11045859;04050700413;13102020;25041815;003;637;905;611 ~~~~~~~~~~~~~~~~~~~~~~~~~~~~~~ 01-03
11101522;14122098t;12045859;05050700413;14102020;26041815;004 ~~~~~~~~~~~~~~~~~~~~~~~~~~~~~~~~~~~~~~~~~~ 01-04
12101522;15122098t;13045859;06050700413;15102020;27041815;005;372;611 ~~~~~~~~~~~~~~~~~~~~~~~~~~~~~~~~~~ 01-05
13101522;16122098t;14045859;07050700413;16102020;28041815;006;381 ~~~~~~~~~~~~~~~~~~~~~~~~~~~~~~~~~~~~~~ 01-06
14101522;17122098t;15045859;08050700413;17102020;29041815;007;408;904;611 ~~~~~~~~~~~~~~~~~~~~~~~~~~~~~~ 01-07
15101522;18122098t;16045859;09050700413;18102020;30041815;008;514 ~~~~~~~~~~~~~~~~~~~~~~~~~~~~~~~~~~~~~~ 01-08
16101522;19122098t;17045859;10050700413;19102020;01051815;009;403;611 ~~~~~~~~~~~~~~~~~~~~~~~~~~~~~~~~~~ 01-09
17101522;20122098t;18045859;11050700413;20102020;02051815;010;626;832;916;400 ~~~~~~~~~~~~~~~~~~~~~~~~~~ 01-10
18101522;21122098t;19045859;12050700413;21102020;03051815;011;627;421;611 ~~~~~~~~~~~~~~~~~~~~~~~~~~~~~~ 01-11
19101522;22122098t;20045859;13050700413;22102020;04051815;012;628 ~~~~~~~~~~~~~~~~~~~~~~~~~~~~~~~~~~~~~~ 01-12
20101522;23122098t;21045859;14050700413;23102020;05051815;013;629;398;400;611 ~~~~~~~~~~~~~~~~~~~~~~~~~~ 01-13
21101522;24122098t;22045859;15050700413;24102020;06051815;014 ~~~~~~~~~~~~~~~~~~~~~~~~~~~~~~~~~~~~~~~~~~ 01-14
22101522;25122098t;23045859;16050700413;25102020;07051815;015;631;611 ~~~~~~~~~~~~~~~~~~~~~~~~~~~~~~~~~~ 01-15
23101522;26122098t;24045859;17050700413;26102020;08051815;016;400 ~~~~~~~~~~~~~~~~~~~~~~~~~~~~~~~~~~~~~~ 01-16
24101522;27122098t;25045859;18050700413;27102020;09051815;017;630;923;403;611 ~~~~~~~~~~~~~~~~~~~~~~~~~~ 01-17
25101522;28122098t;26045859;19050700413;28102020;10051815;018;625 ~~~~~~~~~~~~~~~~~~~~~~~~~~~~~~~~~~~~~~ 01-18
26101522;29122098t;27045859;00060700413;29102020;11051815;019;492;400;409;418;611 ~~~~~~~~~~~~~~~~~~~~~~ 01-19
27101522;30122098t;28045859;01060700413;30102020;12051815;020 ~~~~~~~~~~~~~~~~~~~~~~~~~~~~~~~~~~~~~~~~~~ 01-20
28101522;01012099u;29045859;02060700413;01112020;13051815;021;380;888;479;490;403;611 ~~~~~~~~~~~~~~~~~~ 01-21
29101522;02012099u;01055859;03060700413;02112020;14051815;022;411;566;479;490;400 ~~~~~~~~~~~~~~~~~~~~~~ 01-22
01111522;03012099u;02055859;04060700413;03112020;15051815;023;566;375;611 ~~~~~~~~~~~~~~~~~~~~~~~~~~~~~~ 01-23
02111522;04012099u;03055859;05060700413;04112020;16051815;024;513;566 ~~~~~~~~~~~~~~~~~~~~~~~~~~~~~~~~~~ 01-24
03111522;05012099u;04055859;06060700413;05112020;17051815;025;635;566;400;403;611 ~~~~~~~~~~~~~~~~~~~~~~ 01-25
04111522;06012099u;05055859;07060700413;06112020;18051815;026;636;940 ~~~~~~~~~~~~~~~~~~~~~~~~~~~~~~~~~~ 01-26
05111522;07012099u;06055859;08060700413;07112020;19051815;027;580;611 ~~~~~~~~~~~~~~~~~~~~~~~~~~~~~~~~~~ 01-27
06111522;08012099u;07055859;09060700413;08112020;20051815;028;632;914;400;418 ~~~~~~~~~~~~~~~~~~~~~~~~~~ 01-28
07111522;09012099u;08055859;10060700413;09112020;21051815;029;397;536;403;611 ~~~~~~~~~~~~~~~~~~~~~~~~~~ 01-29
08111522;10012099u;09055859;11060700413;10112020;22051815;030;633 ~~~~~~~~~~~~~~~~~~~~~~~~~~~~~~~~~~~~~~ 01-30
09111522;11012099u;10055859;12060700413;11112020;23051815;031;634;400;611 ~~~~~~~~~~~~~~~~~~~~~~~~~~~~~~ 01-31
10111522;12012099u;11055859;12060700413;12112020;24051815;032;873 ~~~~~~~~~~~~~~~~~~~~~~~~~~~~~~~~~~~~~~ 02-01
11111522;13012099u;12055859;13060700413;13112020;25051815;033;554;403;612 ~~~~~~~~~~~~~~~~~~~~~~~~~~~~~~ 02-02
12111522;14012099u;13055859;14060700413;14112020;26051815;034;400 ~~~~~~~~~~~~~~~~~~~~~~~~~~~~~~~~~~~~~~ 02-03
13111522;15012099u;14055859;15060700413;15112020;27051815;035;612 ~~~~~~~~~~~~~~~~~~~~~~~~~~~~~~~~~~~~~~ 02-04
14111522;16012099u;15055859;16060700413;16112020;28051815;036;638;382;884 ~~~~~~~~~~~~~~~~~~~~~~~~~~~~~~ 02-05
15111522;17012099u;16055859;17060700413;17112020;29051815;037;639;514;400;403;612 ~~~~~~~~~~~~~~~~~~~~~~ 02-06
16111522;18012099u;17055859;18060700413;18112020;30051815;038;637;640 ~~~~~~~~~~~~~~~~~~~~~~~~~~~~~~~~~~ 02-07
17111522;19012099u;18055859;19060700413;19112020;01061815;039;581;612 ~~~~~~~~~~~~~~~~~~~~~~~~~~~~~~~~~~ 02-08
18111522;20012099u;19055859;00070700413;20112020;02061815;040;641;436;400 ~~~~~~~~~~~~~~~~~~~~~~~~~~~~~~ 02-09
19111522;21012099u;20055859;01070700413;21112020;03061815;041;403;421;612 ~~~~~~~~~~~~~~~~~~~~~~~~~~~~~~ 02-10
20111522;22012099u;21055859;02070700413;22112020;04061815;042;398;433 ~~~~~~~~~~~~~~~~~~~~~~~~~~~~~~~~~~ 02-11
21111522;23012099u;22055859;03070700413;23112020;05061815;043;642;612 ~~~~~~~~~~~~~~~~~~~~~~~~~~~~~~~~~~ 02-12
22111522;24012099u;23055859;04070700413;24112020;06061815;044 ~~~~~~~~~~~~~~~~~~~~~~~~~~~~~~~~~~~~~~~~~~ 02-13
23111522;25012099u;24055859;05070700413;25112020;07061815;045;643;403;612 ~~~~~~~~~~~~~~~~~~~~~~~~~~~~~~ 02-14
24111522;26012099u;25055859;06070700413;26112020;08061815;046;943;400 ~~~~~~~~~~~~~~~~~~~~~~~~~~~~~~~~~~ 02-15
25111522;27012099u;26055859;07070700413;27112020;09061815;047;450;612 ~~~~~~~~~~~~~~~~~~~~~~~~~~~~~~~~~~ 02-16
26111522;28012099u;27055859;08070700413;28112020;10061815;048;854 ~~~~~~~~~~~~~~~~~~~~~~~~~~~~~~~~~~~~~~ 02-17
27111522;29012099u;28055859;09070700413;29112020;11061815;049;886;854;400;403;409;612 ~~~~~~~~~~~~~~~~~~ 02-18
28111522;30012099u;29055859;10070700413;30112020;12061815;050;644;380;412 ~~~~~~~~~~~~~~~~~~~~~~~~~~~~~~ 02-19
29111522;01022099u;30055859;11070700413;01122020;13061815;051;645;513;612 ~~~~~~~~~~~~~~~~~~~~~~~~~~~~~~ 02-20
30111522;02022099u;01065859;12070700413;02122020;14061815;052;400 ~~~~~~~~~~~~~~~~~~~~~~~~~~~~~~~~~~~~~~ 02-21
01121522;03022099u;02065859;13070700413;03122020;15061815;053;403;612 ~~~~~~~~~~~~~~~~~~~~~~~~~~~~~~~~~~ 02-22
02121522;04022099u;03065859;14070700413;04122020;16061815;054 ~~~~~~~~~~~~~~~~~~~~~~~~~~~~~~~~~~~~~~~~~~ 02-23
03121522;05022099u;04065859;15070700413;05122020;17061815;055;443;646;400;409;612 ~~~~~~~~~~~~~~~~~~~~~~ 02-24
04121522;06022099u;05065859;16070700413;06122020;18061815;056;444 ~~~~~~~~~~~~~~~~~~~~~~~~~~~~~~~~~~~~~~ 02-25
05121522;07022099u;06065859;17070700413;07122020;19061815;057;647;648;412;612 ~~~~~~~~~~~~~~~~~~~~~~~~~~ 02-26
06121522;08022099u;07065859;18070700413;08122020;20061815;058;649;397;400 ~~~~~~~~~~~~~~~~~~~~~~~~~~~~~~ 02-27
07121522;09022099u;08065859;19070700413;09122020;21061815;059;650;612 ~~~~~~~~~~~~~~~~~~~~~~~~~~~~~~~~~~ 02-28
08121522;10022099u;09065859;03080700413;10122020;22061815;061;655 ~~~~~~~~~~~~~~~~~~~~~~~~~~~~~~~~~~~~~~ 03-01
09121522;11022099u;10065859;04080700413;11122020;23061815;062;501;613 ~~~~~~~~~~~~~~~~~~~~~~~~~~~~~~~~~~ 03-02
10121522;12022099u;11065859;05080700413;12122020;24061815;063;517;500;613 ~~~~~~~~~~~~~~~~~~~~~~~~~~~~~~ 03-03
11121522;13022099u;12065859;06080700413;13122020;25061815;064;453;500;613 ~~~~~~~~~~~~~~~~~~~~~~~~~~~~~~ 03-04
12121522;14022099u;13065859;07080700413;14122020;26061815;065;653;400;412 ~~~~~~~~~~~~~~~~~~~~~~~~~~~~~~ 03-05
13121522;15022099u;14065859;08080700413;15122020;27061815;066;654;383;514;544;623;906;500;519;613 ~~~~~~ 03-06
14121522;16022099u;15065859;09080700413;16122020;28061815;067;637;598;500 ~~~~~~~~~~~~~~~~~~~~~~~~~~~~~~ 03-07
15121522;17022099u;16065859;10080700413;17122020;29061815;068;457;562;375;400;613 ~~~~~~~~~~~~~~~~~~~~~~ 03-08
16121522;18022099u;17065859;11080700413;18122020;30061815;069;562;613 ~~~~~~~~~~~~~~~~~~~~~~~~~~~~~~~~~~ 03-09
17121522;19022099u;18065859;12080700413;19122020;01071815;070;562;403;613 ~~~~~~~~~~~~~~~~~~~~~~~~~~~~~~ 03-10
18121522;20022099u;19065859;13080700413;20122020;02071815;071;841;400 ~~~~~~~~~~~~~~~~~~~~~~~~~~~~~~~~~~ 03-11
19121522;21022099u;20065859;14080700413;21122020;03071815;072;656;412;613 ~~~~~~~~~~~~~~~~~~~~~~~~~~~~~~ 03-12
20121522;22022099u;21065859;15080700413;22122020;04071815;073;398;533;924;613 ~~~~~~~~~~~~~~~~~~~~~~~~~~ 03-13
21121522;23022099u;22065859;16080700413;23122020;05071815;074;400;403;409;418;613 ~~~~~~~~~~~~~~~~~~~~~~ 03-14
22121522;24022099u;23065859;17080700413;24122020;06071815;075 ~~~~~~~~~~~~~~~~~~~~~~~~~~~~~~~~~~~~~~~~~~ 03-15
23121522;25022099u;24065859;18080700413;25122020;07071815;076;613 ~~~~~~~~~~~~~~~~~~~~~~~~~~~~~~~~~~~~~~ 03-16
24121522;26022099u;25065859;19080700413;26122020;08071815;077;657;900;842 ~~~~~~~~~~~~~~~~~~~~~~~~~~~~~~ 03-17
25121522;27022099u;26065859;00090700413;27122020;09071815;078;403;613 ~~~~~~~~~~~~~~~~~~~~~~~~~~~~~~~~~~ 03-18
26121522;28022099u;27065859;01090700413;28122020;10071815;079;658;513;466;613 ~~~~~~~~~~~~~~~~~~~~~~~~~~ 03-19
27121522;29022099u;28065859;02090700413;29122020;11071815;080;424;400;409;613 ~~~~~~~~~~~~~~~~~~~~~~~~~~ 03-20
28121522;30022099u;29065859;03090700413;30122020;12071815;081;380;950;459;613 ~~~~~~~~~~~~~~~~~~~~~~~~~~ 03-21
29121522;01222099u;01075859;04090700413;01012021;13071815;082;538;559;932;935;851;403;613 ~~~~~~~~~~~~~~ 03-22
01011523;02222099u;02075859;05090700413;02012021;14071815;083;437;495;400 ~~~~~~~~~~~~~~~~~~~~~~~~~~~~~~ 03-23
02011523;03222099u;03075859;06090700413;03012021;15071815;084;659;613 ~~~~~~~~~~~~~~~~~~~~~~~~~~~~~~~~~~ 03-24
03011523;04222099u;04075859;07090700413;04012021;16071815;085;660;555;577;496;613 ~~~~~~~~~~~~~~~~~~~~~~ 03-25
04011523;05222099u;05075859;08090700413;05012021;17071815;086;400;403;613 ~~~~~~~~~~~~~~~~~~~~~~~~~~~~~~ 03-26
05011523;06222099u;06075859;09090700413;06012021;18071815;087;432 ~~~~~~~~~~~~~~~~~~~~~~~~~~~~~~~~~~~~~~ 03-27
06011523;07222099u;07075859;10090700413;07012021;19071815;088;945;613 ~~~~~~~~~~~~~~~~~~~~~~~~~~~~~~~~~~ 03-28
07011523;08222099u;08075859;11090700413;08012021;20071815;089;652;397;400;613 ~~~~~~~~~~~~~~~~~~~~~~~~~~ 03-29
08011523;09222099u;09075859;12090700413;09012021;21071815;090;576;852;403;613 ~~~~~~~~~~~~~~~~~~~~~~~~~~ 03-30
09011523;10222099u;10075859;13090700413;10012021;22071815;091;861;933 ~~~~~~~~~~~~~~~~~~~~~~~~~~~~~~~~~~ 03-31
10011523;11222099u;11075859;14090700413;11012021;23071815;092;663;877;498;409;421;614 ~~~~~~~~~~~~~~~~~~ 04-01
11011523;12222099u;12075859;15090700413;12012021;24071815;093 ~~~~~~~~~~~~~~~~~~~~~~~~~~~~~~~~~~~~~~~~~~ 04-02
12011523;13222099u;13075859;16090700413;13012021;25071815;094;403;614 ~~~~~~~~~~~~~~~~~~~~~~~~~~~~~~~~~~ 04-03
13011523;14222099u;14075859;17090700413;14012021;26071815;095;637;661;514;571;400;614 ~~~~~~~~~~~~~~~~~~ 04-04
14011523;15222099u;15075859;18090700413;15012021;27071815;096;493;662;384;539;540;575;947;515;614 ~~~~~~ 04-05
15011523;16222099u;16075859;19090700413;16012021;28071815;097;651;614 ~~~~~~~~~~~~~~~~~~~~~~~~~~~~~~~~~~ 04-06
16011523;17222099u;17075859;00100700413;17012021;29071815;098;400;403;651;409;614 ~~~~~~~~~~~~~~~~~~~~~~ 04-07
17011523;18222099u;18075859;01100700413;18012021;30071815;099;496;614;651 ~~~~~~~~~~~~~~~~~~~~~~~~~~~~~~ 04-08
18011523;19222099u;19075859;02100700413;19012021;01081815;100;651;864;412;614 ~~~~~~~~~~~~~~~~~~~~~~~~~~ 04-09
19011523;20222099u;20075859;03100700413;20012021;02081815;101;445;651;400 ~~~~~~~~~~~~~~~~~~~~~~~~~~~~~~ 04-10
20011523;21222099u;21075859;04100700413;21012021;03081815;102;446;403;651;421;614 ~~~~~~~~~~~~~~~~~~~~~~ 04-11
21011523;22222099u;22075859;05100700413;22012021;04081815;103;447;398 ~~~~~~~~~~~~~~~~~~~~~~~~~~~~~~~~~~ 04-12
22011523;23222099u;23075859;06100700413;23012021;05081815;104;448;614 ~~~~~~~~~~~~~~~~~~~~~~~~~~~~~~~~~~ 04-13
23011523;24222099u;24075859;07100700413;24012021;06081815;105;496 ~~~~~~~~~~~~~~~~~~~~~~~~~~~~~~~~~~~~~~ 04-14
24011523;25222099u;25075859;08100700413;25012021;07081815;106;526;403;614 ~~~~~~~~~~~~~~~~~~~~~~~~~~~~~~ 04-15
25011523;26222099u;26075859;09100700413;26012021;08081815;107;631;664;513;939;400;412;496;614 ~~~~~~~~~~ 04-16
26011523;27222099u;27075859;10100700413;27012021;09081815;108;665;614 ~~~~~~~~~~~~~~~~~~~~~~~~~~~~~~~~~~ 04-17
27011523;28222099u;28075859;11100700413;28012021;10081815;109;666 ~~~~~~~~~~~~~~~~~~~~~~~~~~~~~~~~~~~~~~ 04-18
28011523;29222099u;29075859;12100700413;29012021;11081815;110;409;418;614 ~~~~~~~~~~~~~~~~~~~~~~~~~~~~~~ 04-19
29011523;01032099u;30075859;13100700413;30012021;12081815;111;794;380;817;928;496;614 ~~~~~~~~~~~~~~~~~~ 04-20
30011523;02032099u;01085859;14100700413;01022021;13081815;112;824;497;614 ~~~~~~~~~~~~~~~~~~~~~~~~~~~~~~ 04-21
01021523;03032099u;02085859;15100700413;02022021;14081815;113;400 ~~~~~~~~~~~~~~~~~~~~~~~~~~~~~~~~~~~~~~ 04-22
02021523;04032099u;03085859;16100700413;03022021;15081815;114;667;510;902;403;614 ~~~~~~~~~~~~~~~~~~~~~~ 04-23
03021523;05032099u;04085859;17100700413;04022021;16081815;115;671;805;528;614 ~~~~~~~~~~~~~~~~~~~~~~~~~~ 04-24
04021523;06032099u;05085859;18100700413;05022021;17081815;116;668;529;400;614 ~~~~~~~~~~~~~~~~~~~~~~~~~~ 04-25
05021523;07032099u;06085859;19100700413;06022021;18081815;117;669;614 ~~~~~~~~~~~~~~~~~~~~~~~~~~~~~~~~~~ 04-26
06021523;08032099u;07085859;00110700413;07022021;19081815;118;397;553;403;614 ~~~~~~~~~~~~~~~~~~~~~~~~~~ 04-27
07021523;09032099u;08085859;01110700413;08022021;20081815;119;400 ~~~~~~~~~~~~~~~~~~~~~~~~~~~~~~~~~~~~~~ 04-28
08021523;10032099u;09085859;02110700413;09022021;21081815;120;670;927;614 ~~~~~~~~~~~~~~~~~~~~~~~~~~~~~~ 04-29
09021523;11032099u;10085859;03110700413;10022021;22081815;121;836;412 ~~~~~~~~~~~~~~~~~~~~~~~~~~~~~~~~~~ 04-30
10021523;12032099u;11085859;04110700413;11022021;23081815;122;679;889;400;403;409;421;615 ~~~~~~~~~~~~~~ 05-01
11021523;13032099u;12085859;05110700413;12022021;24081815;123;637;672;514 ~~~~~~~~~~~~~~~~~~~~~~~~~~~~~~ 05-02
12021523;14032099u;13085859;06110700413;13022021;25081815;124;673;829;894;615 ~~~~~~~~~~~~~~~~~~~~~~~~~~ 05-03
13021523;15032099u;14085859;07110700413;14022021;26081815;125;674;385;537;937;400 ~~~~~~~~~~~~~~~~~~~~~~ 05-04
14021523;16032099u;15085859;08110700413;15022021;27081815;126;675;892;615 ~~~~~~~~~~~~~~~~~~~~~~~~~~~~~~ 05-05
15021523;17032099u;16085859;09110700413;16022021;28081815;127;676 ~~~~~~~~~~~~~~~~~~~~~~~~~~~~~~~~~~~~~~ 05-06
16021523;18032099u;17085859;10110700413;17022021;29081815;128;677;400;412;418;615 ~~~~~~~~~~~~~~~~~~~~~~ 05-07
17021523;19032099u;18085859;11110700413;18022021;30081815;129;678;518 ~~~~~~~~~~~~~~~~~~~~~~~~~~~~~~~~~~ 05-08
18021523;20032099u;19085859;12110700413;19022021;01091815;130;681;680;410;403;615 ~~~~~~~~~~~~~~~~~~~~~~ 05-09
19021523;21032099u;20085859;13110700413;20022021;02091815;131;451;433;400 ~~~~~~~~~~~~~~~~~~~~~~~~~~~~~~ 05-10
20021523;22032099u;21085859;14110700413;21022021;03091815;132;682;398;844;615 ~~~~~~~~~~~~~~~~~~~~~~~~~~ 05-11
21021523;23032099u;22085859;15110700413;22022021;04091815;133 ~~~~~~~~~~~~~~~~~~~~~~~~~~~~~~~~~~~~~~~~~~ 05-12
22021523;24032099u;23085859;16110700413;23022021;05091815;134;683;375;400;403;615 ~~~~~~~~~~~~~~~~~~~~~~ 05-13
23021523;25032099u;24085859;17110700413;24022021;06091815;135;513;412 ~~~~~~~~~~~~~~~~~~~~~~~~~~~~~~~~~~ 05-14
24021523;26032099u;25085859;18110700413;25022021;07091815;136;686;573;615 ~~~~~~~~~~~~~~~~~~~~~~~~~~~~~~ 05-15
25021523;27032099u;26085859;19110700413;26022021;08091815;137;687;530;568;573;418 ~~~~~~~~~~~~~~~~~~~~~~ 05-16
26021523;28032099u;27085859;00120700413;27022021;09091815;138;684;568;573;624;403;615 ~~~~~~~~~~~~~~~~~~ 05-17
27021523;29032099u;28085859;01120700413;28022021;10091815;139;789;624 ~~~~~~~~~~~~~~~~~~~~~~~~~~~~~~~~~~ 05-18
28021523;30032099u;29085859;02120700413;29022021;11091815;140;380;942;624;400;615 ~~~~~~~~~~~~~~~~~~~~~~ 05-19
29021523;01042099u;01095859;03120700413;30022021;12091815;141;685;830;921;624 ~~~~~~~~~~~~~~~~~~~~~~~~~~ 05-20
01031523;02042099u;02095859;04120700413;31022021;13091815;142;494;797;624;403;615 ~~~~~~~~~~~~~~~~~~~~~~ 05-21
02031523;03042099u;03095859;05120700413;01032021;14091815;143;689;624;400 ~~~~~~~~~~~~~~~~~~~~~~~~~~~~~~ 05-22
03031523;04042099u;04095859;06120700413;02032021;15091815;144;439;798;419;624;615 ~~~~~~~~~~~~~~~~~~~~~~ 05-23
04031523;05042099u;05095859;07120700413;03032021;16091815;145;439 ~~~~~~~~~~~~~~~~~~~~~~~~~~~~~~~~~~~~~~ 05-24
05031523;06042099u;06095859;08120700413;04032021;17091815;146;438;522;400;403;615 ~~~~~~~~~~~~~~~~~~~~~~ 05-25
06031523;07042099u;07095859;09120700413;05032021;18091815;147 ~~~~~~~~~~~~~~~~~~~~~~~~~~~~~~~~~~~~~~~~~~ 05-26
07031523;08042099u;08095859;10120700413;06032021;19091815;148;688;397;615 ~~~~~~~~~~~~~~~~~~~~~~~~~~~~~~ 05-27
08031523;09042099u;09095859;11120700413;07032021;20091815;149 ~~~~~~~~~~~~~~~~~~~~~~~~~~~~~~~~~~~~~~~~~~ 05-28
09031523;10042099u;10095859;12120700413;08032021;21091815;150;514;552;403;615 ~~~~~~~~~~~~~~~~~~~~~~~~~~ 05-29
10031523;11042099u;11095859;13120700413;09032021;22091815;151;896 ~~~~~~~~~~~~~~~~~~~~~~~~~~~~~~~~~~~~~~ 05-30
11031523;12042099u;12095859;14120700413;10032021;23091815;152;449;421;615 ~~~~~~~~~~~~~~~~~~~~~~~~~~~~~~ 05-31
12031523;13042099u;13095859;15120700413;11032021;24091815;153;511 ~~~~~~~~~~~~~~~~~~~~~~~~~~~~~~~~~~~~~~ 06-01
13031523;14042099u;14095859;16120700413;12032021;25091815;154;694;386;941;403;843;616 ~~~~~~~~~~~~~~~~~~ 06-02
14031523;15042099u;15095859;17120700413;13032021;26091815;155;691;874;400;616 ~~~~~~~~~~~~~~~~~~~~~~~~~~ 06-03
15031523;16042099u;16095859;18120700413;14032021;27091815;156;436;616 ~~~~~~~~~~~~~~~~~~~~~~~~~~~~~~~~~~ 06-04
16031523;17042099u;17095859;19120700413;15032021;28091815;157;692 ~~~~~~~~~~~~~~~~~~~~~~~~~~~~~~~~~~~~~~ 06-05
17031523;18042099u;18095859;00130700413;16032021;29091815;158;637;693;511;400;616 ~~~~~~~~~~~~~~~~~~~~~~ 06-06
18031523;19042099u;19095859;01130700413;17032021;30091815;159;690;616 ~~~~~~~~~~~~~~~~~~~~~~~~~~~~~~~~~~ 06-07
19031523;20042099u;20095859;02130700413;18032021;01101815;160;616 ~~~~~~~~~~~~~~~~~~~~~~~~~~~~~~~~~~~~~~ 06-08
20031523;21042099u;21095859;03130700413;19032021;02101815;161;696;413;400;616 ~~~~~~~~~~~~~~~~~~~~~~~~~~ 06-09
21031523;22042099u;22095859;04130700413;20032021;03101815;162;398;513;403;421;616 ~~~~~~~~~~~~~~~~~~~~~~ 06-10
22031523;23042099u;23095859;05130700413;21032021;04101815;163;569;616 ~~~~~~~~~~~~~~~~~~~~~~~~~~~~~~~~~~ 06-11
23031523;24042099u;24095859;06130700413;22032021;05101815;164;569;400;616 ~~~~~~~~~~~~~~~~~~~~~~~~~~~~~~ 06-12
24031523;25042099u;25095859;07130700413;23032021;06101815;165;697;799 ~~~~~~~~~~~~~~~~~~~~~~~~~~~~~~~~~~ 06-13
25031523;26042099u;26095859;08130700413;24032021;07101815;166;695;946;403;843;616 ~~~~~~~~~~~~~~~~~~~~~~ 06-14
26031523;27042099u;27095859;09130700413;25032021;08101815;167;400 ~~~~~~~~~~~~~~~~~~~~~~~~~~~~~~~~~~~~~~ 06-15
27031523;28042099u;28095859;10130700413;26032021;09101815;168;616 ~~~~~~~~~~~~~~~~~~~~~~~~~~~~~~~~~~~~~~ 06-16
28031523;29042099u;29095859;11130700413;27032021;10101815;169 ~~~~~~~~~~~~~~~~~~~~~~~~~~~~~~~~~~~~~~~~~~ 06-17
29031523;30042099u;30095859;12130700413;28032021;11101815;170;698;380;616 ~~~~~~~~~~~~~~~~~~~~~~~~~~~~~~ 06-18
30031523;01052099u;01105859;13130700413;29032021;12101815;171;701;699;700 ~~~~~~~~~~~~~~~~~~~~~~~~~~~~~~ 06-19
01041523;02052099u;02105859;14130700413;30032021;13101815;172;870;460;616 ~~~~~~~~~~~~~~~~~~~~~~~~~~~~~~ 06-20
02041523;03052099u;03105859;15130700413;31032021;14101815;173;452;452;425;400;616 ~~~~~~~~~~~~~~~~~~~~~~ 06-21
03041523;04052099u;04105859;16130700413;01042021;15101815;174;461;403;616 ~~~~~~~~~~~~~~~~~~~~~~~~~~~~~~ 06-22
04041523;05052099u;05105859;17130700413;02042021;16101815;175;432;514;564;616 ~~~~~~~~~~~~~~~~~~~~~~~~~~ 06-23
05041523;06052099u;06105859;18130700413;03042021;17101815;176;704;400;616 ~~~~~~~~~~~~~~~~~~~~~~~~~~~~~~ 06-24
06041523;07052099u;07105859;19130700413;04042021;18101815;177;397 ~~~~~~~~~~~~~~~~~~~~~~~~~~~~~~~~~~~~~~ 06-25
07041523;08052099u;08105859;00140700413;05042021;19101815;178;703;803;616 ~~~~~~~~~~~~~~~~~~~~~~~~~~~~~~ 06-26
08041523;09052099u;09105859;01140700413;06042021;20101815;179;702;400 ~~~~~~~~~~~~~~~~~~~~~~~~~~~~~~~~~~ 06-27
09041523;10052099u;10105859;02140700413;07042021;21101815;180;546;616 ~~~~~~~~~~~~~~~~~~~~~~~~~~~~~~~~~~ 06-28
10041523;11052099u;11105859;03140700413;08042021;22101815;181;616 ~~~~~~~~~~~~~~~~~~~~~~~~~~~~~~~~~~~~~~ 06-29
11041523;12052099u;12105859;04140700413;09042021;23101815;182;400;616 ~~~~~~~~~~~~~~~~~~~~~~~~~~~~~~~~~~ 06-30
12041523;13052099u;13105859;05140700413;10042021;24101815;183 ~~~~~~~~~~~~~~~~~~~~~~~~~~~~~~~~~~~~~~~~~~ 07-01
13041523;14052099u;14105859;06140700413;11042021;25101815;184;387;531;561;617 ~~~~~~~~~~~~~~~~~~~~~~~~~~ 07-02
14041523;15052099u;15105859;07140700413;12042021;26101815;185;565;400 ~~~~~~~~~~~~~~~~~~~~~~~~~~~~~~~~~~ 07-03
15041523;16052099u;16105859;08140700413;13042021;27101815;186;637;705;840;565;403;617 ~~~~~~~~~~~~~~~~~~ 07-04
16041523;17052099u;17105859;09140700413;14042021;28101815;187;795;617 ~~~~~~~~~~~~~~~~~~~~~~~~~~~~~~~~~~ 07-05
17041523;18052099u;18105859;10140700413;15042021;29101815;188;400;617 ~~~~~~~~~~~~~~~~~~~~~~~~~~~~~~~~~~ 07-06
18041523;19052099u;19105859;11140700413;16042021;30101815;189;373 ~~~~~~~~~~~~~~~~~~~~~~~~~~~~~~~~~~~~~~ 07-07
19041523;20052099u;20105859;12140700413;17042021;01111815;190;513;403;617 ~~~~~~~~~~~~~~~~~~~~~~~~~~~~~~ 07-08
20041523;21052099u;21105859;13140700413;18042021;02111815;191;400 ~~~~~~~~~~~~~~~~~~~~~~~~~~~~~~~~~~~~~~ 07-09
21041523;22052099u;22105859;14140700413;19042021;03111815;192;398;617 ~~~~~~~~~~~~~~~~~~~~~~~~~~~~~~~~~~ 07-10
22041523;23052099u;23105859;15140700413;20042021;04111815;193;706;617 ~~~~~~~~~~~~~~~~~~~~~~~~~~~~~~~~~~ 07-11
23041523;24052099u;24105859;16140700413;21042021;05111815;194;400;617 ~~~~~~~~~~~~~~~~~~~~~~~~~~~~~~~~~~ 07-12
24041523;25052099u;25105859;17140700413;22042021;06111815;195;707;617 ~~~~~~~~~~~~~~~~~~~~~~~~~~~~~~~~~~ 07-13
25041523;26052099u;26105859;18140700413;23042021;07111815;196;878;617 ~~~~~~~~~~~~~~~~~~~~~~~~~~~~~~~~~~ 07-14
26041523;27052099u;27105859;19140700413;24042021;08111815;197;711;400;617 ~~~~~~~~~~~~~~~~~~~~~~~~~~~~~~ 07-15
27041523;28052099u;28105859;00150700413;25042021;09111815;198;631;617 ~~~~~~~~~~~~~~~~~~~~~~~~~~~~~~~~~~ 07-16
28041523;29052099u;29105859;01150700413;26042021;10111815;199;596;380;617 ~~~~~~~~~~~~~~~~~~~~~~~~~~~~~~ 07-17
29041523;01062099u;01115859;02150700413;27042021;11111815;200;708;400;617 ~~~~~~~~~~~~~~~~~~~~~~~~~~~~~~ 07-18
01051523;02062099u;02115859;03150700413;28042021;12111815;201;709;617 ~~~~~~~~~~~~~~~~~~~~~~~~~~~~~~~~~~ 07-19
02051523;03062099u;03115859;04150700413;29042021;13111815;202;710;514;403;421;617 ~~~~~~~~~~~~~~~~~~~~~~ 07-20
03051523;04062099u;04115859;05150700413;30042021;14111815;203;400;617 ~~~~~~~~~~~~~~~~~~~~~~~~~~~~~~~~~~ 07-21
04051523;05062099u;05115859;06150700413;31042021;15111815;204;437;617 ~~~~~~~~~~~~~~~~~~~~~~~~~~~~~~~~~~ 07-22
05051523;06062099u;06115859;07150700413;01052021;16111815;205;712 ~~~~~~~~~~~~~~~~~~~~~~~~~~~~~~~~~~~~~~ 07-23
06051523;07062099u;07115859;08150700413;02052021;17111815;206;397;400;403;617 ~~~~~~~~~~~~~~~~~~~~~~~~~~ 07-24
07051523;08062099u;08115859;09150700413;03052021;18111815;207;713 ~~~~~~~~~~~~~~~~~~~~~~~~~~~~~~~~~~~~~~ 07-25
08051523;09062099u;09115859;10150700413;04052021;19111815;208;714;414;617 ~~~~~~~~~~~~~~~~~~~~~~~~~~~~~~ 07-26
09051523;10062099u;10115859;11150700413;05052021;20111815;209;400 ~~~~~~~~~~~~~~~~~~~~~~~~~~~~~~~~~~~~~~ 07-27
10051523;11062099u;11115859;12150700413;06052021;21111815;210;898;403;617 ~~~~~~~~~~~~~~~~~~~~~~~~~~~~~~ 07-28
11051523;12062099u;12115859;13150700413;07052021;22111815;211;617 ~~~~~~~~~~~~~~~~~~~~~~~~~~~~~~~~~~~~~~ 07-29
12051523;13062099u;13115859;14150700413;08052021;23111815;212;715;868;400;421;617 ~~~~~~~~~~~~~~~~~~~~~~ 07-30
13051523;14062099u;14115859;15150700413;09052021;24111815;213;716;388;816 ~~~~~~~~~~~~~~~~~~~~~~~~~~~~~~ 07-31
14051523;15062099u;15115859;16150700413;10052021;25111815;214;637;720;925;618 ~~~~~~~~~~~~~~~~~~~~~~~~~~ 08-01
15051523;16062099u;16115859;17150700413;11052021;26111815;215;717;400 ~~~~~~~~~~~~~~~~~~~~~~~~~~~~~~~~~~ 08-02
16051523;17062099u;17115859;18150700413;12052021;27111815;216;859;415;618 ~~~~~~~~~~~~~~~~~~~~~~~~~~~~~~ 08-03
17051523;18062099u;18115859;19150700413;13052021;28111815;217;718 ~~~~~~~~~~~~~~~~~~~~~~~~~~~~~~~~~~~~~~ 08-04
18051523;19062099u;19115859;00160700413;14052021;29111815;218;513;400;403;618 ~~~~~~~~~~~~~~~~~~~~~~~~~~ 08-05
19051523;20062099u;20115859;01160700413;15052021;30111815;219;433 ~~~~~~~~~~~~~~~~~~~~~~~~~~~~~~~~~~~~~~ 08-06
20051523;21062099u;21115859;02160700413;16052021;01121815;220;596;719;618 ~~~~~~~~~~~~~~~~~~~~~~~~~~~~~~ 08-07
21051523;22062099u;22115859;03160700413;17052021;02121815;221;723;400 ~~~~~~~~~~~~~~~~~~~~~~~~~~~~~~~~~~ 08-08
22051523;23062099u;23115859;04160700413;18052021;03121815;222;721;398;403;421;618 ~~~~~~~~~~~~~~~~~~~~~~ 08-09
23051523;24062099u;24115859;05160700413;19052021;04121815;223 ~~~~~~~~~~~~~~~~~~~~~~~~~~~~~~~~~~~~~~~~~~ 08-10
24051523;25062099u;25115859;06160700413;20052021;05121815;224;400;618 ~~~~~~~~~~~~~~~~~~~~~~~~~~~~~~~~~~ 08-11
25051523;26062099u;26115859;07160700413;21052021;06121815;225;722;901 ~~~~~~~~~~~~~~~~~~~~~~~~~~~~~~~~~~ 08-12
26051523;27062099u;27115859;08160700413;22052021;07121815;226;403;618 ~~~~~~~~~~~~~~~~~~~~~~~~~~~~~~~~~~ 08-13
27051523;28062099u;28115859;09160700413;23052021;08121815;227 ~~~~~~~~~~~~~~~~~~~~~~~~~~~~~~~~~~~~~~~~~~ 08-14
28051523;29062099u;29115859;10160700413;24052021;09121815;228;724;618 ~~~~~~~~~~~~~~~~~~~~~~~~~~~~~~~~~~ 08-15
29051523;01072099u;30115859;11160700413;25052021;10121815;229;380 ~~~~~~~~~~~~~~~~~~~~~~~~~~~~~~~~~~~~~~ 08-16
30051523;02072099u;01125859;12160700413;26052021;11121815;230;514;400;403;618 ~~~~~~~~~~~~~~~~~~~~~~~~~~ 08-17
01061523;03072099u;02125859;13160700413;27052021;12121815;231;579 ~~~~~~~~~~~~~~~~~~~~~~~~~~~~~~~~~~~~~~ 08-18
02061523;04072099u;03125859;14160700413;28052021;13121815;232;421;618 ~~~~~~~~~~~~~~~~~~~~~~~~~~~~~~~~~~ 08-19
03061523;05072099u;04125859;15160700413;29052021;14121815;233;891 ~~~~~~~~~~~~~~~~~~~~~~~~~~~~~~~~~~~~~~ 08-20
04061523;06072099u;05125859;16160700413;30052021;15121815;234;618 ~~~~~~~~~~~~~~~~~~~~~~~~~~~~~~~~~~~~~~ 08-21
05061523;07072099u;06125859;17160700413;31052021;16121815;235;397;572 ~~~~~~~~~~~~~~~~~~~~~~~~~~~~~~~~~~ 08-22
06061523;08072099u;07125859;18160700413;01062021;17121815;236;400;618 ~~~~~~~~~~~~~~~~~~~~~~~~~~~~~~~~~~ 08-23
07061523;09072099u;08125859;19160700413;02062021;18121815;237 ~~~~~~~~~~~~~~~~~~~~~~~~~~~~~~~~~~~~~~~~~~ 08-24
08061523;10072099u;09125859;00170700413;03062021;19121815;238;618 ~~~~~~~~~~~~~~~~~~~~~~~~~~~~~~~~~~~~~~ 08-25
09061523;11072099u;10125859;01170700413;04062021;20121815;239;926 ~~~~~~~~~~~~~~~~~~~~~~~~~~~~~~~~~~~~~~ 08-26
10061523;12072099u;11125859;02170700413;05062021;21121815;240;618 ~~~~~~~~~~~~~~~~~~~~~~~~~~~~~~~~~~~~~~ 08-27
11061523;13072099u;12125859;03170700413;06062021;22121815;241;427;897;938 ~~~~~~~~~~~~~~~~~~~~~~~~~~~~~~ 08-28
12061523;14072099u;13125859;04170700413;07062021;23121815;242;725;567;403;618 ~~~~~~~~~~~~~~~~~~~~~~~~~~ 08-29
13061523;15072099u;14125859;05170700413;08062021;24121815;243;428;725;396;396;556;909;910;925;567 ~~~~~~ 08-30
14061523;16072099u;15125859;06170700413;09062021;25121815;244;796;618 ~~~~~~~~~~~~~~~~~~~~~~~~~~~~~~~~~~ 08-31
15061523;17072099u;16125859;07170700413;10062021;26121815;245;594;513;400 ~~~~~~~~~~~~~~~~~~~~~~~~~~~~~~ 09-01
16061523;18072099u;17125859;08170700413;11062021;27121815;246;595;875;403;619 ~~~~~~~~~~~~~~~~~~~~~~~~~~ 09-02
17061523;19072099u;18125859;09170700413;12062021;28121815;247 ~~~~~~~~~~~~~~~~~~~~~~~~~~~~~~~~~~~~~~~~~~ 09-03
18061523;20072099u;19125859;10170700413;13062021;29121815;248;596;727;400;415;619 ~~~~~~~~~~~~~~~~~~~~~~ 09-04
19061523;21072099u;20125859;11170700413;14062021;30121815;249;429;637;728;819 ~~~~~~~~~~~~~~~~~~~~~~~~~~ 09-05
20061523;22072099u;21125859;12170700413;15062021;01131815;250;430;845;403;619 ~~~~~~~~~~~~~~~~~~~~~~~~~~ 09-06
21061523;23072099u;22125859;13170700413;16062021;02131815;251;434;846;398;872;400;619 ~~~~~~~~~~~~~~~~~~ 09-07
22061523;24072099u;23125859;14170700413;17062021;03131815;252;435;831;871;421;619 ~~~~~~~~~~~~~~~~~~~~~~ 09-08
23061523;25072099u;24125859;15170700413;18062021;04131815;253;619 ~~~~~~~~~~~~~~~~~~~~~~~~~~~~~~~~~~~~~~ 09-09
24061523;26072099u;25125859;16170700413;19062021;05131815;254;730;400;403;619 ~~~~~~~~~~~~~~~~~~~~~~~~~~ 09-10
25061523;27072099u;26125859;17170700413;20062021;06131815;255;596;503;375 ~~~~~~~~~~~~~~~~~~~~~~~~~~~~~~ 09-11
26061523;28072099u;27125859;18170700413;21062021;01011816;256;847;619 ~~~~~~~~~~~~~~~~~~~~~~~~~~~~~~~~~~ 09-12
27061523;29072099u;28125859;19170700413;22062021;02011816;257;455;726;405;400;619 ~~~~~~~~~~~~~~~~~~~~~~ 09-13
28061523;30072099u;29125859;00000800413;23062021;03011816;258;729;380;514;928;930;953;521;619 ~~~~~~~~~~ 09-14
29061523;01082099u;01215860;01000800413;24062021;04011816;259;732;521;619 ~~~~~~~~~~~~~~~~~~~~~~~~~~~~~~ 09-15
01071523;02082099u;02215860;02000800413;25062021;05011816;260;823;521;400;619 ~~~~~~~~~~~~~~~~~~~~~~~~~~ 09-16
02071523;03082099u;03215860;03000800413;26062021;06011816;261;733;550;597;848 ~~~~~~~~~~~~~~~~~~~~~~~~~~ 09-17
03071523;04082099u;04215860;04000800413;27062021;07011816;262;734;915;403;406;619 ~~~~~~~~~~~~~~~~~~~~~~ 09-18
04071523;05082099u;05215860;05000800413;28062021;08011816;263;735;432;400;619 ~~~~~~~~~~~~~~~~~~~~~~~~~~ 09-19
05071523;06082099u;06215860;06000800413;29062021;09011816;264;731;619 ~~~~~~~~~~~~~~~~~~~~~~~~~~~~~~~~~~ 09-20
06071523;07082099u;07215860;07000800413;30062021;10011816;265;397;835;908;462;848 ~~~~~~~~~~~~~~~~~~~~~~ 09-21
07071523;08082099u;08215860;08000800413;31062021;11011816;266;737;423;400;403;619 ~~~~~~~~~~~~~~~~~~~~~~ 09-22
08071523;09082099u;09215860;09000800413;01072021;12011816;267;463;848 ~~~~~~~~~~~~~~~~~~~~~~~~~~~~~~~~~~ 09-23
09071523;10082099u;10215860;10000800413;02072021;13011816;268;741;527;619 ~~~~~~~~~~~~~~~~~~~~~~~~~~~~~~ 09-24
10071523;11082099u;11215860;11000800413;03072021;14011816;269;738;903;400;848 ~~~~~~~~~~~~~~~~~~~~~~~~~~ 09-25
11071523;12082099u;12215860;12000800413;04072021;15011816;270;739;743;403;619 ~~~~~~~~~~~~~~~~~~~~~~~~~~ 09-26
12071523;13082099u;13215860;13000800413;05072021;16011816;271;740 ~~~~~~~~~~~~~~~~~~~~~~~~~~~~~~~~~~~~~~ 09-27
13071523;14082099u;14215860;14000800413;06072021;17011816;272;736;513;520;551;400;619 ~~~~~~~~~~~~~~~~~~ 09-28
14071523;15082099u;15215860;15000800413;07072021;18011816;273;389;390;534;542;948;570;523;619 ~~~~~~~~~~ 09-29
15071523;16082099u;16215860;16000800413;08072021;19011816;274;742;790;436;907;523;853;403;619 ~~~~~~~~~~ 09-30
16071523;17082099u;17215860;17000800413;09072021;20011816;275;747;790;523;853;848 ~~~~~~~~~~~~~~~~~~~~~~ 10-01
17071523;18082099u;18215860;18000800413;10072021;21011816;276;748;790;523;853;620 ~~~~~~~~~~~~~~~~~~~~~~ 10-02
18071523;19082099u;19215860;19000800413;11072021;22011816;277;637;790;523;406;620 ~~~~~~~~~~~~~~~~~~~~~~ 10-03
19071523;20082099u;20215860;00010800413;12072021;23011816;278;749;790;523;400;620 ~~~~~~~~~~~~~~~~~~~~~~ 10-04
20071523;21082099u;21215860;01010800413;13072021;24011816;279;744;790;523;620;848 ~~~~~~~~~~~~~~~~~~~~~~ 10-05
21071523;22082099u;22215860;02010800413;14072021;25011816;280;745;790;524;415;620 ~~~~~~~~~~~~~~~~~~~~~~ 10-06
22071523;23082099u;23215860;03010800413;15072021;26011816;281;746;398;525;400 ~~~~~~~~~~~~~~~~~~~~~~~~~~ 10-07
23071523;24082099u;24215860;04010800413;16072021;27011816;282;753;403;406;421;620 ~~~~~~~~~~~~~~~~~~~~~~ 10-08
24071523;25082099u;25215860;05010800413;17072021;28011816;283;848 ~~~~~~~~~~~~~~~~~~~~~~~~~~~~~~~~~~~~~~ 10-09
25071523;26082099u;26215860;06010800413;18072021;29011816;284;754;858;869;400;620 ~~~~~~~~~~~~~~~~~~~~~~ 10-10
26071523;27082099u;27215860;07010800413;19072021;30011816;285;750;367;825;620 ~~~~~~~~~~~~~~~~~~~~~~~~~~ 10-11
27071523;28082099u;28215860;08010800413;20072021;01021816;286;751;368;838;509;403;620 ~~~~~~~~~~~~~~~~~~ 10-12
28071523;29082099u;29215860;09010800413;21072021;02021816;287;791;380;514;920;400;620;848;574 ~~~~~~~~~~ 10-13
29071523;01092099u;30215860;10010800413;22072021;03021816;288;752;895;415;620 ~~~~~~~~~~~~~~~~~~~~~~~~~~ 10-14
30071523;02092099u;01225860;11010800413;23072021;04021816;289;631 ~~~~~~~~~~~~~~~~~~~~~~~~~~~~~~~~~~~~~~ 10-15
01081523;03092099u;02225860;12010800413;24072021;05021816;290;400;403;620 ~~~~~~~~~~~~~~~~~~~~~~~~~~~~~~ 10-16
02081523;04092099u;03225860;13010800413;25072021;06021816;291;758;620 ~~~~~~~~~~~~~~~~~~~~~~~~~~~~~~~~~~ 10-17
03081523;05092099u;04225860;14010800413;26072021;07021816;292;857;406;421;620 ~~~~~~~~~~~~~~~~~~~~~~~~~~ 10-18
04081523;06092099u;05225860;15010800413;27072021;08021816;293;755;918;400;620 ~~~~~~~~~~~~~~~~~~~~~~~~~~ 10-19
05081523;07092099u;06225860;16010800413;28072021;09021816;294;756;397;919;784;620 ~~~~~~~~~~~~~~~~~~~~~~ 10-20
06081523;08092099u;07225860;17010800413;29072021;10021816;295;757;548;785 ~~~~~~~~~~~~~~~~~~~~~~~~~~~~~~ 10-21
07081523;09092099u;08225860;18010800413;30072021;11021816;296;369;885;563;786;400;620 ~~~~~~~~~~~~~~~~~~ 10-22
08081523;10092099u;09225860;19010800413;01082021;12021816;297;549;560;787;406 ~~~~~~~~~~~~~~~~~~~~~~~~~~ 10-23
09081523;11092099u;10225860;00020800413;02082021;13021816;298;759;899;620 ~~~~~~~~~~~~~~~~~~~~~~~~~~~~~~ 10-24
10081523;12092099u;11225860;01020800413;03082021;14021816;299;371;400 ~~~~~~~~~~~~~~~~~~~~~~~~~~~~~~~~~~ 10-25
11081523;13092099u;12225860;02020800413;04082021;15021816;300;513;620 ~~~~~~~~~~~~~~~~~~~~~~~~~~~~~~~~~~ 10-26
12081523;14092099u;13225860;03020800413;05082021;16021816;301;467 ~~~~~~~~~~~~~~~~~~~~~~~~~~~~~~~~~~~~~~ 10-27
13081523;15092099u;14225860;04020800413;06082021;17021816;302;391;882;922;403;406;421;620 ~~~~~~~~~~~~~~ 10-28
14081523;16092099u;15225860;05020800413;07082021;18021816;303;532;512;620 ~~~~~~~~~~~~~~~~~~~~~~~~~~~~~~ 10-29
15081523;17092099u;16225860;06020800413;08082021;19021816;304;849;620 ~~~~~~~~~~~~~~~~~~~~~~~~~~~~~~~~~~ 10-30
16081523;18092099u;17225860;07020800413;09082021;20021816;305;400 ~~~~~~~~~~~~~~~~~~~~~~~~~~~~~~~~~~~~~~ 10-31
17081523;19092099u;18225860;08020800413;10082021;21021816;306;881;403;621 ~~~~~~~~~~~~~~~~~~~~~~~~~~~~~~ 11-01
18081523;20092099u;19225860;09020800413;11082021;22021816;307;760;433 ~~~~~~~~~~~~~~~~~~~~~~~~~~~~~~~~~~ 11-02
19081523;21092099u;20225860;10020800413;12082021;23021816;308;400;621 ~~~~~~~~~~~~~~~~~~~~~~~~~~~~~~~~~~ 11-03
20081523;22092099u;21225860;11020800413;13082021;24021816;309;761 ~~~~~~~~~~~~~~~~~~~~~~~~~~~~~~~~~~~~~~ 11-04
21081523;23092099u;22225860;12020800413;14082021;25021816;310;762;398;499;375;403;621 ~~~~~~~~~~~~~~~~~~ 11-05
22081523;24092099u;23225860;13020800413;15082021;26021816;311 ~~~~~~~~~~~~~~~~~~~~~~~~~~~~~~~~~~~~~~~~~~ 11-06
23081523;25092099u;24225860;14020800413;16082021;27021816;312;637;763;431;415;621 ~~~~~~~~~~~~~~~~~~~~~~ 11-07
24081523;26092099u;25225860;15020800413;17082021;28021816;313;911 ~~~~~~~~~~~~~~~~~~~~~~~~~~~~~~~~~~~~~~ 11-08
25081523;27092099u;26225860;16020800413;18082021;29021816;314;554;558;403;621 ~~~~~~~~~~~~~~~~~~~~~~~~~~ 11-09
26081523;28092099u;27225860;17020800413;19082021;30021816;315;378;437;514;779;784;785 ~~~~~~~~~~~~~~~~~~ 11-10
27081523;29092099u;28225860;18020800413;20082021;01031816;316;780;893;621 ~~~~~~~~~~~~~~~~~~~~~~~~~~~~~~ 11-11
28081523;01102099u;29225860;19020800413;21082021;02031816;317;764;380;781;786;787;406 ~~~~~~~~~~~~~~~~~~ 11-12
29081523;02102099u;01235860;00030800413;22082021;03031816;318;535;782;788;621 ~~~~~~~~~~~~~~~~~~~~~~~~~~ 11-13
01091523;03102099u;02235860;01030800413;23082021;04031816;319;783;504 ~~~~~~~~~~~~~~~~~~~~~~~~~~~~~~~~~~ 11-14
02091523;04102099u;03235860;02030800413;24082021;05031816;320;765;400;415;621 ~~~~~~~~~~~~~~~~~~~~~~~~~~ 11-15
03091523;05102099u;04235860;03030800413;25082021;06031816;321 ~~~~~~~~~~~~~~~~~~~~~~~~~~~~~~~~~~~~~~~~~~ 11-16
04091523;06102099u;05235860;04030800413;26082021;07031816;322;403;406;421;621 ~~~~~~~~~~~~~~~~~~~~~~~~~~ 11-17
05091523;07102099u;06235860;05030800413;27082021;08031816;323;407;543;400 ~~~~~~~~~~~~~~~~~~~~~~~~~~~~~~ 11-18
06091523;08102099u;07235860;06030800413;28082021;09031816;324;766;397;864;621 ~~~~~~~~~~~~~~~~~~~~~~~~~~ 11-19
07091523;09102099u;08235860;07030800413;29082021;10031816;325 ~~~~~~~~~~~~~~~~~~~~~~~~~~~~~~~~~~~~~~~~~~ 11-20
08091523;10102099u;09235860;08030800413;30082021;11031816;326;767;403;621 ~~~~~~~~~~~~~~~~~~~~~~~~~~~~~~ 11-21
09091523;11102099u;10235860;09030800413;01092021;12031816;327;513;879;788 ~~~~~~~~~~~~~~~~~~~~~~~~~~~~~~ 11-22
10091523;12102099u;11235860;10030800413;02092021;13031816;328;547;415;621 ~~~~~~~~~~~~~~~~~~~~~~~~~~~~~~ 11-23
11091523;13102099u;12235860;11030800413;03092021;14031816;329;934 ~~~~~~~~~~~~~~~~~~~~~~~~~~~~~~~~~~~~~~ 11-24
12091523;14102099u;13235860;12030800413;04092021;15031816;330;769;621 ~~~~~~~~~~~~~~~~~~~~~~~~~~~~~~~~~~ 11-25
13091523;15102099u;14235860;13030800413;05092021;16031816;331;440;505 ~~~~~~~~~~~~~~~~~~~~~~~~~~~~~~~~~~ 11-26
14091523;16102099u;15235860;14030800413;06092021;17031816;332;441;392;880;400;621 ~~~~~~~~~~~~~~~~~~~~~~ 11-27
15091523;17102099u;16235860;15030800413;07092021;18031816;333;770;768;505 ~~~~~~~~~~~~~~~~~~~~~~~~~~~~~~ 11-28
16091523;18102099u;17235860;16030800413;08092021;19031816;334;369;589;403;621 ~~~~~~~~~~~~~~~~~~~~~~~~~~ 11-29
17091523;19102099u;18235860;17030800413;09092021;20031816;335;442;400 ~~~~~~~~~~~~~~~~~~~~~~~~~~~~~~~~~~ 11-30
18091523;20102099u;19235860;18030800413;10092021;21031816;336;771;773;622 ~~~~~~~~~~~~~~~~~~~~~~~~~~~~~~ 12-01
19091523;21102099u;20235860;19030800413;11092021;22031816;337;772;505 ~~~~~~~~~~~~~~~~~~~~~~~~~~~~~~~~~~ 12-02
20091523;22102099u;21235860;00040800413;12092021;23031816;338;370;622 ~~~~~~~~~~~~~~~~~~~~~~~~~~~~~~~~~~ 12-03
21091523;23102099u;22235860;01040800413;13092021;24031816;339;774;398;505 ~~~~~~~~~~~~~~~~~~~~~~~~~~~~~~ 12-04
22091523;24102099u;23235860;02040800413;14092021;25031816;340;637;775;876;622 ~~~~~~~~~~~~~~~~~~~~~~~~~~ 12-05
23091523;25102099u;24235860;03040800413;15092021;26031816;341;590;400;505 ~~~~~~~~~~~~~~~~~~~~~~~~~~~~~~ 12-06
24091523;26102099u;25235860;04040800413;16092021;27031816;342;516;403;622 ~~~~~~~~~~~~~~~~~~~~~~~~~~~~~~ 12-07
25091523;27102099u;26235860;05040800413;17092021;28031816;343;514;936;516 ~~~~~~~~~~~~~~~~~~~~~~~~~~~~~~ 12-08
26091523;28102099u;27235860;06040800413;18092021;29031816;344;516;400;415;622 ~~~~~~~~~~~~~~~~~~~~~~~~~~ 12-09
27091523;29102099u;28235860;07040800413;19092021;30031816;345;508;516;505 ~~~~~~~~~~~~~~~~~~~~~~~~~~~~~~ 12-10
28091523;30102099u;29235860;08040800413;20092021;01041816;346;380;507;516;622 ~~~~~~~~~~~~~~~~~~~~~~~~~~ 12-11
29091523;01112099u;30235860;09040800413;21092021;02041816;347;776;400 ~~~~~~~~~~~~~~~~~~~~~~~~~~~~~~~~~~ 12-12
30091523;02112099u;01245860;10040800413;22092021;03041816;348;777;591;506;516;622 ~~~~~~~~~~~~~~~~~~~~~~ 12-13
01101523;03112099u;02245860;11040800413;23092021;04041816;349;502;516 ~~~~~~~~~~~~~~~~~~~~~~~~~~~~~~~~~~ 12-14
02101523;04112099u;03245860;12040800413;24092021;05041816;350;516;400;622 ~~~~~~~~~~~~~~~~~~~~~~~~~~~~~~ 12-15
03101523;05112099u;04245860;13040800413;25092021;06041816;351;432;944 ~~~~~~~~~~~~~~~~~~~~~~~~~~~~~~~~~~ 12-16
04101523;06112099u;05245860;14040800413;26092021;07041816;352;421;622 ~~~~~~~~~~~~~~~~~~~~~~~~~~~~~~~~~~ 12-17
05101523;07112099u;06245860;15040800413;27092021;08041816;353;778;400 ~~~~~~~~~~~~~~~~~~~~~~~~~~~~~~~~~~ 12-18
06101523;08112099u;07245860;16040800413;28092021;09041816;354;397;417;403;622 ~~~~~~~~~~~~~~~~~~~~~~~~~~ 12-19
07101523;09112099u;08245860;17040800413;29092021;10041816;355;371;513;592;466 ~~~~~~~~~~~~~~~~~~~~~~~~~~ 12-20
08101523;10112099u;09245860;18040800413;30092021;11041816;356;426;400;622 ~~~~~~~~~~~~~~~~~~~~~~~~~~~~~~ 12-21
09101523;11112099u;10245860;19040800413;01102021;12041816;357;465 ~~~~~~~~~~~~~~~~~~~~~~~~~~~~~~~~~~~~~~ 12-22
10101523;12112099u;11245860;00050800413;02102021;13041816;358;557;890;403;622 ~~~~~~~~~~~~~~~~~~~~~~~~~~ 12-23
11101523;13112099u;12245860;01050800413;03102021;14041816;359;400 ~~~~~~~~~~~~~~~~~~~~~~~~~~~~~~~~~~~~~~ 12-24
12101523;14112099u;13245860;02050800413;04102021;15041816;360;596;415;622 ~~~~~~~~~~~~~~~~~~~~~~~~~~~~~~ 12-25
13101523;15112099u;14245860;03050800413;05102021;16041816;361;416;545 ~~~~~~~~~~~~~~~~~~~~~~~~~~~~~~~~~~ 12-26
14101523;16112099u;15245860;04050800413;06102021;17041816;362;395;887;403;421;622 ~~~~~~~~~~~~~~~~~~~~~~ 12-27
15101523;17112099u;16245860;05050800413;07102021;18041816;363 ~~~~~~~~~~~~~~~~~~~~~~~~~~~~~~~~~~~~~~~~~~ 12-28
16101523;18112099u;17245860;06050800413;08102021;19041816;364;622 ~~~~~~~~~~~~~~~~~~~~~~~~~~~~~~~~~~~~~~ 12-29
17101523;19112099u;18245860;07050800413;09102021;20041816;365 ~~~~~~~~~~~~~~~~~~~~~~~~~~~~~~~~~~~~~~~~~~ 12-30
18101523;20112099u;19245860;08050800413;10102021;21041816;366;622 ~~~~~~~~~~~~~~~~~~~~~~~~~~~~~~~~~~~~~~ 12-31
