03031469;061220463;03045807;09091400113;11101968;23041763;001;516;611 ~~~~~~~~~~~~~~~~~~~~~~~~~~~~~~~~~~ 01-01
04031469;071220463;04045807;10091400113;12101968;24041763;002 ~~~~~~~~~~~~~~~~~~~~~~~~~~~~~~~~~~~~~~~~~~ 01-02
05031469;081220463;05045807;11091400113;13101968;25041763;003;397;611 ~~~~~~~~~~~~~~~~~~~~~~~~~~~~~~~~~~ 01-03
06031469;091220463;06045807;12091400113;14101968;26041763;004;513 ~~~~~~~~~~~~~~~~~~~~~~~~~~~~~~~~~~~~~~ 01-04
07031469;101220463;07045807;13091400113;15101968;27041763;005;637;372;611 ~~~~~~~~~~~~~~~~~~~~~~~~~~~~~~ 01-05
08031469;111220463;08045807;14091400113;16101968;28041763;006;406 ~~~~~~~~~~~~~~~~~~~~~~~~~~~~~~~~~~~~~~ 01-06
09031469;121220463;09045807;15091400113;17101968;29041763;007;905;611 ~~~~~~~~~~~~~~~~~~~~~~~~~~~~~~~~~~ 01-07
10031469;131220463;10045807;16091400113;18101968;30041763;008;629 ~~~~~~~~~~~~~~~~~~~~~~~~~~~~~~~~~~~~~~ 01-08
11031469;141220463;11045807;17091400113;19101968;01051763;009;611 ~~~~~~~~~~~~~~~~~~~~~~~~~~~~~~~~~~~~~~ 01-09
12031469;151220463;12045807;18091400113;20101968;02051763;010;511 ~~~~~~~~~~~~~~~~~~~~~~~~~~~~~~~~~~~~~~ 01-10
13031469;161220463;13045807;19091400113;21101968;03051763;011;381;904;406;611 ~~~~~~~~~~~~~~~~~~~~~~~~~~ 01-11
14031469;171220463;14045807;00101400113;22101968;04051763;012;626;541;949 ~~~~~~~~~~~~~~~~~~~~~~~~~~~~~~ 01-12
15031469;181220463;15045807;01101400113;23101968;05051763;013;627;611 ~~~~~~~~~~~~~~~~~~~~~~~~~~~~~~~~~~ 01-13
16031469;191220463;16045807;02101400113;24101968;06051763;014;628 ~~~~~~~~~~~~~~~~~~~~~~~~~~~~~~~~~~~~~~ 01-14
17031469;201220463;17045807;03101400113;25101968;07051763;015;916;511;611 ~~~~~~~~~~~~~~~~~~~~~~~~~~~~~~ 01-15
18031469;211220463;18045807;04101400113;26101968;08051763;016;514;406 ~~~~~~~~~~~~~~~~~~~~~~~~~~~~~~~~~~ 01-16
19031469;221220463;19045807;05101400113;27101968;09051763;017;631;415;843;611 ~~~~~~~~~~~~~~~~~~~~~~~~~~ 01-17
20031469;231220463;20045807;06101400113;28101968;10051763;018;398 ~~~~~~~~~~~~~~~~~~~~~~~~~~~~~~~~~~~~~~ 01-18
21031469;241220463;21045807;07101400113;29101968;11051763;019;630;611 ~~~~~~~~~~~~~~~~~~~~~~~~~~~~~~~~~~ 01-19
22031469;251220463;22045807;08101400113;30101968;12051763;020;625 ~~~~~~~~~~~~~~~~~~~~~~~~~~~~~~~~~~~~~~ 01-20
23031469;261220463;23045807;09101400113;01111968;13051763;021;492;406;843;611 ~~~~~~~~~~~~~~~~~~~~~~~~~~ 01-21
24031469;271220463;24045807;10101400113;02111968;14051763;022;923 ~~~~~~~~~~~~~~~~~~~~~~~~~~~~~~~~~~~~~~ 01-22
25031469;281220463;25045807;11101400113;03111968;15051763;023;632;843;611 ~~~~~~~~~~~~~~~~~~~~~~~~~~~~~~ 01-23
26031469;291220463;26045807;12101400113;04111968;16051763;024 ~~~~~~~~~~~~~~~~~~~~~~~~~~~~~~~~~~~~~~~~~~ 01-24
27031469;301220463;27045807;13101400113;05111968;17051763;025;633;380;888;611 ~~~~~~~~~~~~~~~~~~~~~~~~~~ 01-25
28031469;010120474;28045807;14101400113;06111968;18051763;026;634;419;929;952;479;490;406 ~~~~~~~~~~~~~~ 01-26
29031469;020120474;29045807;15101400113;07111968;19051763;027;635;566;479;490;611 ~~~~~~~~~~~~~~~~~~~~~~ 01-27
30031469;030120474;01055807;16101400113;08111968;20051763;028;636;566 ~~~~~~~~~~~~~~~~~~~~~~~~~~~~~~~~~~ 01-28
01041469;040120474;02055807;17101400113;09111968;21051763;029;436;566;580;611 ~~~~~~~~~~~~~~~~~~~~~~~~~~ 01-29
02041469;050120474;03055807;18101400113;10111968;22051763;030;940;566 ~~~~~~~~~~~~~~~~~~~~~~~~~~~~~~~~~~ 01-30
03041469;060120474;04055807;19101400113;11111968;23051763;031;406;611 ~~~~~~~~~~~~~~~~~~~~~~~~~~~~~~~~~~ 01-31
04041469;070120474;05055807;19101400113;12111968;24051763;032;639;513 ~~~~~~~~~~~~~~~~~~~~~~~~~~~~~~~~~~ 02-01
05041469;080120474;06055807;00111400113;13111968;25051763;033;637;640;397;433;914;612 ~~~~~~~~~~~~~~~~~~ 02-02
06041469;090120474;07055807;01111400113;14111968;26051763;034;536 ~~~~~~~~~~~~~~~~~~~~~~~~~~~~~~~~~~~~~~ 02-03
07041469;100120474;08055807;02111400113;15111968;27051763;035;612 ~~~~~~~~~~~~~~~~~~~~~~~~~~~~~~~~~~~~~~ 02-04
08041469;110120474;09055807;03111400113;16111968;28051763;036;399 ~~~~~~~~~~~~~~~~~~~~~~~~~~~~~~~~~~~~~~ 02-05
09041469;120120474;10055807;04111400113;17111968;29051763;037;374;873;612 ~~~~~~~~~~~~~~~~~~~~~~~~~~~~~~ 02-06
10041469;130120474;11055807;05111400113;18111968;30051763;038;638 ~~~~~~~~~~~~~~~~~~~~~~~~~~~~~~~~~~~~~~ 02-07
11041469;140120474;12055807;06111400113;19111968;01061763;039;804;400;612 ~~~~~~~~~~~~~~~~~~~~~~~~~~~~~~ 02-08
12041469;150120474;13055807;07111400113;20111968;02061763;040;643 ~~~~~~~~~~~~~~~~~~~~~~~~~~~~~~~~~~~~~~ 02-09
13041469;160120474;14055807;08111400113;21111968;03061763;041;382;884;415;581;612 ~~~~~~~~~~~~~~~~~~~~~~ 02-10
14041469;170120474;15055807;09111400113;22111968;04061763;042;641 ~~~~~~~~~~~~~~~~~~~~~~~~~~~~~~~~~~~~~~ 02-11
15041469;180120474;16055807;10111400113;23111968;05061763;043;612 ~~~~~~~~~~~~~~~~~~~~~~~~~~~~~~~~~~~~~~ 02-12
16041469;190120474;17055807;11111400113;24111968;06061763;044;514 ~~~~~~~~~~~~~~~~~~~~~~~~~~~~~~~~~~~~~~ 02-13
17041469;200120474;18055807;12111400113;25111968;07061763;045;642;400;612 ~~~~~~~~~~~~~~~~~~~~~~~~~~~~~~ 02-14
18041469;210120474;19055807;13111400113;26111968;08061763;046;645;406 ~~~~~~~~~~~~~~~~~~~~~~~~~~~~~~~~~~ 02-15
19041469;220120474;20055807;14111400113;27111968;09061763;047;398;612 ~~~~~~~~~~~~~~~~~~~~~~~~~~~~~~~~~~ 02-16
20041469;230120474;21055807;15111400113;28111968;10061763;048;854;375 ~~~~~~~~~~~~~~~~~~~~~~~~~~~~~~~~~~ 02-17
21041469;240120474;22055807;16111400113;29111968;11061763;049;450;854;612 ~~~~~~~~~~~~~~~~~~~~~~~~~~~~~~ 02-18
22041469;250120474;23055807;17111400113;30111968;12061763;050 ~~~~~~~~~~~~~~~~~~~~~~~~~~~~~~~~~~~~~~~~~~ 02-19
23041469;260120474;24055807;18111400113;01121968;13061763;051;943;400;612 ~~~~~~~~~~~~~~~~~~~~~~~~~~~~~~ 02-20
24041469;270120474;25055807;19111400113;02121968;14061763;052;644 ~~~~~~~~~~~~~~~~~~~~~~~~~~~~~~~~~~~~~~ 02-21
25041469;280120474;26055807;00121400113;03121968;15061763;053;649;886;612 ~~~~~~~~~~~~~~~~~~~~~~~~~~~~~~ 02-22
26041469;290120474;27055807;01121400113;04121968;16061763;054;838;400 ~~~~~~~~~~~~~~~~~~~~~~~~~~~~~~~~~~ 02-23
27041469;300120474;28055807;02121400113;05121968;17061763;055;380;832;612 ~~~~~~~~~~~~~~~~~~~~~~~~~~~~~~ 02-24
28041469;010220474;29055807;03121400113;06121968;18061763;056;406 ~~~~~~~~~~~~~~~~~~~~~~~~~~~~~~~~~~~~~~ 02-25
29041469;020220474;30055807;04121400113;07121968;19061763;057;443;646;401;415;612 ~~~~~~~~~~~~~~~~~~~~~~ 02-26
01051469;030220474;01065807;05121400113;08121968;20061763;058;444 ~~~~~~~~~~~~~~~~~~~~~~~~~~~~~~~~~~~~~~ 02-27
02051469;040220474;02065807;06121400113;09121968;21061763;059;647;648;650;375;612 ~~~~~~~~~~~~~~~~~~~~~~ 02-28
03051469;050220474;03065807;10121400113;10121968;22061763;061;654;513 ~~~~~~~~~~~~~~~~~~~~~~~~~~~~~~~~~~ 03-01
04051469;060220474;04065807;11121400113;11121968;23061763;062;637;406;613 ~~~~~~~~~~~~~~~~~~~~~~~~~~~~~~ 03-02
05051469;070220474;05065807;12121400113;12121968;24061763;063;655;613 ~~~~~~~~~~~~~~~~~~~~~~~~~~~~~~~~~~ 03-03
06051469;080220474;06065807;13121400113;13121968;25061763;064;397;613 ~~~~~~~~~~~~~~~~~~~~~~~~~~~~~~~~~~ 03-04
07051469;090220474;07065807;14121400113;14121968;26061763;065 ~~~~~~~~~~~~~~~~~~~~~~~~~~~~~~~~~~~~~~~~~~ 03-05
08051469;100220474;08065807;15121400113;15121968;27061763;066;613 ~~~~~~~~~~~~~~~~~~~~~~~~~~~~~~~~~~~~~~ 03-06
09051469;110220474;09065807;16121400113;16121968;28061763;067;653;613 ~~~~~~~~~~~~~~~~~~~~~~~~~~~~~~~~~~ 03-07
10051469;120220474;10065807;17121400113;17121968;29061763;068;517;831;613 ~~~~~~~~~~~~~~~~~~~~~~~~~~~~~~ 03-08
11051469;130220474;11065807;18121400113;18121968;30061763;069 ~~~~~~~~~~~~~~~~~~~~~~~~~~~~~~~~~~~~~~~~~~ 03-09
12051469;140220474;12065807;19121400113;19121968;01071763;070;613 ~~~~~~~~~~~~~~~~~~~~~~~~~~~~~~~~~~~~~~ 03-10
13051469;150220474;13065807;00131400113;20121968;02071763;071;383;544;623 ~~~~~~~~~~~~~~~~~~~~~~~~~~~~~~ 03-11
14051469;160220474;14065807;01131400113;21121968;03071763;072;437;598;906;519;406;613 ~~~~~~~~~~~~~~~~~~ 03-12
15051469;170220474;15065807;02131400113;22121968;04071763;073;514;562 ~~~~~~~~~~~~~~~~~~~~~~~~~~~~~~~~~~ 03-13
16051469;180220474;16065807;03131400113;23121968;05071763;074;656;562;415;613 ~~~~~~~~~~~~~~~~~~~~~~~~~~ 03-14
17051469;190220474;17065807;04131400113;24121968;06071763;075;562 ~~~~~~~~~~~~~~~~~~~~~~~~~~~~~~~~~~~~~~ 03-15
18051469;200220474;18065807;05131400113;25121968;07071763;076;613 ~~~~~~~~~~~~~~~~~~~~~~~~~~~~~~~~~~~~~~ 03-16
19051469;210220474;19065807;06131400113;26121968;08071763;077;830;406 ~~~~~~~~~~~~~~~~~~~~~~~~~~~~~~~~~~ 03-17
20051469;220220474;20065807;07131400113;27121968;09071763;078;398;432;533;924;613 ~~~~~~~~~~~~~~~~~~~~~~ 03-18
21051469;230220474;21065807;08131400113;28121968;10071763;079;657;812;466;613 ~~~~~~~~~~~~~~~~~~~~~~~~~~ 03-19
22051469;240220474;22065807;09131400113;29121968;11071763;080;424;613 ~~~~~~~~~~~~~~~~~~~~~~~~~~~~~~~~~~ 03-20
23051469;250220474;23065807;10131400113;30121968;12071763;081;658;459;613 ~~~~~~~~~~~~~~~~~~~~~~~~~~~~~~ 03-21
24051469;260220474;24065807;11131400113;01011969;13071763;082;900;851;375;415;613 ~~~~~~~~~~~~~~~~~~~~~~ 03-22
25051469;270220474;25065807;12131400113;02011969;14071763;083;613 ~~~~~~~~~~~~~~~~~~~~~~~~~~~~~~~~~~~~~~ 03-23
26051469;280220474;26065807;13131400113;03011969;15071763;084;613 ~~~~~~~~~~~~~~~~~~~~~~~~~~~~~~~~~~~~~~ 03-24
27051469;290220474;27065807;14131400113;04011969;16071763;085;613 ~~~~~~~~~~~~~~~~~~~~~~~~~~~~~~~~~~~~~~ 03-25
28051469;010320474;28065807;15131400113;05011969;17071763;086;659;380;613 ~~~~~~~~~~~~~~~~~~~~~~~~~~~~~~ 03-26
29051469;020320474;29065807;16131400113;06011969;18071763;087;660;538;559;935;406 ~~~~~~~~~~~~~~~~~~~~~~ 03-27
30051469;030320474;01075807;17131400113;07011969;19071763;088;513;613 ~~~~~~~~~~~~~~~~~~~~~~~~~~~~~~~~~~ 03-28
01061469;040320474;02075807;18131400113;08011969;20071763;089;596;652;555;577 ~~~~~~~~~~~~~~~~~~~~~~~~~~ 03-29
02061469;050320474;03075807;19131400113;09011969;21071763;090;811;833;852;415;613 ~~~~~~~~~~~~~~~~~~~~~~ 03-30
03061469;060320474;04075807;00141400113;10011969;22071763;091 ~~~~~~~~~~~~~~~~~~~~~~~~~~~~~~~~~~~~~~~~~~ 03-31
04061469;070320474;05075807;01141400113;11011969;23071763;092;945;614 ~~~~~~~~~~~~~~~~~~~~~~~~~~~~~~~~~~ 04-01
05061469;080320474;06075807;02141400113;12011969;24071763;093 ~~~~~~~~~~~~~~~~~~~~~~~~~~~~~~~~~~~~~~~~~~ 04-02
06061469;090320474;07075807;03141400113;13011969;25071763;094;663;397;614 ~~~~~~~~~~~~~~~~~~~~~~~~~~~~~~ 04-03
07061469;100320474;08075807;04141400113;14011969;26071763;095;576;571;614 ~~~~~~~~~~~~~~~~~~~~~~~~~~~~~~ 04-04
08061469;110320474;09075807;05141400113;15011969;27071763;096;933;614 ~~~~~~~~~~~~~~~~~~~~~~~~~~~~~~~~~~ 04-05
09061469;120320474;10075807;06141400113;16011969;28071763;097;637;661;877;406;614 ~~~~~~~~~~~~~~~~~~~~~~ 04-06
10061469;130320474;11075807;07141400113;17011969;29071763;098;493;662;554;415;614 ~~~~~~~~~~~~~~~~~~~~~~ 04-07
11061469;140320474;12075807;08141400113;18011969;30071763;099;614;651 ~~~~~~~~~~~~~~~~~~~~~~~~~~~~~~~~~~ 04-08
12061469;150320474;13075807;09141400113;19011969;01081763;100;651;614 ~~~~~~~~~~~~~~~~~~~~~~~~~~~~~~~~~~ 04-09
13061469;160320474;14075807;10141400113;20011969;02081763;101;384;651;514;539;575 ~~~~~~~~~~~~~~~~~~~~~~ 04-10
14061469;170320474;15075807;11141400113;21011969;03081763;102;515;651;614 ~~~~~~~~~~~~~~~~~~~~~~~~~~~~~~ 04-11
15061469;180320474;16075807;12141400113;22011969;04081763;103;445;651 ~~~~~~~~~~~~~~~~~~~~~~~~~~~~~~~~~~ 04-12
16061469;190320474;17075807;13141400113;23011969;05081763;104;446;411;651;375;614 ~~~~~~~~~~~~~~~~~~~~~~ 04-13
17061469;200320474;18075807;14141400113;24011969;06081763;105;447;868;614 ~~~~~~~~~~~~~~~~~~~~~~~~~~~~~~ 04-14
18061469;210320474;19075807;15141400113;25011969;07081763;106;448;794;614 ~~~~~~~~~~~~~~~~~~~~~~~~~~~~~~ 04-15
19061469;220320474;20075807;16141400113;26011969;08081763;107;398;406 ~~~~~~~~~~~~~~~~~~~~~~~~~~~~~~~~~~ 04-16
20061469;230320474;21075807;17141400113;27011969;09081763;108;614 ~~~~~~~~~~~~~~~~~~~~~~~~~~~~~~~~~~~~~~ 04-17
21061469;240320474;22075807;18141400113;28011969;10081763;109;631;664;614 ~~~~~~~~~~~~~~~~~~~~~~~~~~~~~~ 04-18
22061469;250320474;23075807;19141400113;29011969;11081763;110;665;614 ~~~~~~~~~~~~~~~~~~~~~~~~~~~~~~~~~~ 04-19
23061469;260320474;24075807;00151400113;30011969;12081763;111;666;939;412;614 ~~~~~~~~~~~~~~~~~~~~~~~~~~ 04-20
24061469;270320474;25075807;01151400113;01021969;13081763;112;813;614 ~~~~~~~~~~~~~~~~~~~~~~~~~~~~~~~~~~ 04-21
25061469;280320474;26075807;02151400113;02021969;14081763;113;526 ~~~~~~~~~~~~~~~~~~~~~~~~~~~~~~~~~~~~~~ 04-22
26061469;290320474;27075807;03151400113;03021969;15081763;114;614 ~~~~~~~~~~~~~~~~~~~~~~~~~~~~~~~~~~~~~~ 04-23
27061469;300320474;28075807;04151400113;04021969;16081763;115;670;380;513 ~~~~~~~~~~~~~~~~~~~~~~~~~~~~~~ 04-24
28061469;010420474;29075807;05151400113;05021969;17081763;116;667;614 ~~~~~~~~~~~~~~~~~~~~~~~~~~~~~~~~~~ 04-25
29061469;020420474;30075807;06151400113;06021969;18081763;117;671;406;614 ~~~~~~~~~~~~~~~~~~~~~~~~~~~~~~ 04-26
01071469;030420474;01085807;07151400113;07021969;19081763;118;668;902;614 ~~~~~~~~~~~~~~~~~~~~~~~~~~~~~~ 04-27
02071469;040420474;02085807;08151400113;08021969;20081763;119;669;510 ~~~~~~~~~~~~~~~~~~~~~~~~~~~~~~~~~~ 04-28
03071469;050420474;03085807;09151400113;09021969;21081763;120;614 ~~~~~~~~~~~~~~~~~~~~~~~~~~~~~~~~~~~~~~ 04-29
04071469;060420474;04085807;10151400113;10021969;22081763;121;528 ~~~~~~~~~~~~~~~~~~~~~~~~~~~~~~~~~~~~~~ 04-30
05071469;070420474;05085807;11151400113;11021969;23081763;122;676;433;529;406;415;615 ~~~~~~~~~~~~~~~~~~ 05-01
06071469;080420474;06085807;12151400113;12021969;24081763;123;677;397;553 ~~~~~~~~~~~~~~~~~~~~~~~~~~~~~~ 05-02
07071469;090420474;07085807;13151400113;13021969;25081763;124;679;615 ~~~~~~~~~~~~~~~~~~~~~~~~~~~~~~~~~~ 05-03
08071469;100420474;08085807;14151400113;14021969;26081763;125;637;672;927;412 ~~~~~~~~~~~~~~~~~~~~~~~~~~ 05-04
09071469;110420474;09085807;15151400113;15021969;27081763;126;673;375;615 ~~~~~~~~~~~~~~~~~~~~~~~~~~~~~~ 05-05
10071469;120420474;10085807;16151400113;16021969;28081763;127;674;820;889 ~~~~~~~~~~~~~~~~~~~~~~~~~~~~~~ 05-06
11071469;130420474;11085807;17151400113;17021969;29081763;128;675;615 ~~~~~~~~~~~~~~~~~~~~~~~~~~~~~~~~~~ 05-07
12071469;140420474;12085807;18151400113;18021969;30081763;129;683;894 ~~~~~~~~~~~~~~~~~~~~~~~~~~~~~~~~~~ 05-08
13071469;150420474;13085807;19151400113;19021969;01091763;130;385;416;514;537;937;615 ~~~~~~~~~~~~~~~~~~ 05-09
14071469;160420474;14085807;00161400113;20021969;02091763;131;678;892 ~~~~~~~~~~~~~~~~~~~~~~~~~~~~~~~~~~ 05-10
15071469;170420474;15085807;01161400113;21021969;03091763;132;681;680;406;412;615 ~~~~~~~~~~~~~~~~~~~~~~ 05-11
16071469;180420474;16085807;02161400113;22021969;04091763;133;451 ~~~~~~~~~~~~~~~~~~~~~~~~~~~~~~~~~~~~~~ 05-12
17071469;190420474;17085807;03161400113;23021969;05091763;134;682;615 ~~~~~~~~~~~~~~~~~~~~~~~~~~~~~~~~~~ 05-13
18071469;200420474;18085807;04161400113;24021969;06091763;135;518 ~~~~~~~~~~~~~~~~~~~~~~~~~~~~~~~~~~~~~~ 05-14
19071469;210420474;19085807;05161400113;25021969;07091763;136;685;615 ~~~~~~~~~~~~~~~~~~~~~~~~~~~~~~~~~~ 05-15
20071469;220420474;20085807;06161400113;26021969;08091763;137;797;398;406 ~~~~~~~~~~~~~~~~~~~~~~~~~~~~~~ 05-16
21071469;230420474;21085807;07161400113;27021969;09091763;138;686;573;615 ~~~~~~~~~~~~~~~~~~~~~~~~~~~~~~ 05-17
22071469;240420474;22085807;08161400113;28021969;10091763;139;687;568;573 ~~~~~~~~~~~~~~~~~~~~~~~~~~~~~~ 05-18
23071469;250420474;23085807;09161400113;29021969;11091763;140;684;568;573;624;615 ~~~~~~~~~~~~~~~~~~~~~~ 05-19
24071469;260420474;24085807;10161400113;30021969;12091763;141;789;530;624 ~~~~~~~~~~~~~~~~~~~~~~~~~~~~~~ 05-20
25071469;270420474;25085807;11161400113;31021969;13091763;142;513;624;406;615 ~~~~~~~~~~~~~~~~~~~~~~~~~~ 05-21
26071469;280420474;26085807;12161400113;01031969;14091763;143;624 ~~~~~~~~~~~~~~~~~~~~~~~~~~~~~~~~~~~~~~ 05-22
27071469;290420474;27085807;13161400113;02031969;15091763;144;494;798;436;509;624;615 ~~~~~~~~~~~~~~~~~~ 05-23
28071469;300420474;28085807;14161400113;03031969;16091763;145;689;380;921;942;624 ~~~~~~~~~~~~~~~~~~~~~~ 05-24
29071469;010520474;29085807;15161400113;04031969;17091763;146;439;624;615 ~~~~~~~~~~~~~~~~~~~~~~~~~~~~~~ 05-25
30071469;020520474;01095807;16161400113;05031969;18091763;147;439 ~~~~~~~~~~~~~~~~~~~~~~~~~~~~~~~~~~~~~~ 05-26
01081469;030520474;02095807;17161400113;06031969;19091763;148;438;615 ~~~~~~~~~~~~~~~~~~~~~~~~~~~~~~~~~~ 05-27
02081469;040520474;03095807;18161400113;07031969;20091763;149;866 ~~~~~~~~~~~~~~~~~~~~~~~~~~~~~~~~~~~~~~ 05-28
03081469;050520474;04095807;19161400113;08031969;21091763;150;688;564;615 ~~~~~~~~~~~~~~~~~~~~~~~~~~~~~~ 05-29
04081469;060520474;05095807;00171400113;09031969;22091763;151 ~~~~~~~~~~~~~~~~~~~~~~~~~~~~~~~~~~~~~~~~~~ 05-30
05081469;070520474;06095807;01171400113;10031969;23091763;152;522;406;615 ~~~~~~~~~~~~~~~~~~~~~~~~~~~~~~ 05-31
06081469;080520474;07095807;02171400113;11031969;24091763;153;637;693;397;412 ~~~~~~~~~~~~~~~~~~~~~~~~~~ 06-01
07081469;090520474;08095807;03171400113;12031969;25091763;154;449;690;616 ~~~~~~~~~~~~~~~~~~~~~~~~~~~~~~ 06-02
08081469;100520474;09095807;04171400113;13031969;26091763;155;694;552;605 ~~~~~~~~~~~~~~~~~~~~~~~~~~~~~~ 06-03
09081469;110520474;10095807;05171400113;14031969;27091763;156;896;616 ~~~~~~~~~~~~~~~~~~~~~~~~~~~~~~~~~~ 06-04
10081469;120520474;11095807;06171400113;15031969;28091763;157;691;399;406;616 ~~~~~~~~~~~~~~~~~~~~~~~~~~ 06-05
11081469;130520474;12095807;07171400113;16031969;29091763;158;420;514;616 ~~~~~~~~~~~~~~~~~~~~~~~~~~~~~~ 06-06
12081469;140520474;13095807;08171400113;17031969;30091763;159;692;386;941;375;616 ~~~~~~~~~~~~~~~~~~~~~~ 06-07
13081469;150520474;14095807;09171400113;18031969;01101763;160;697;799;874;400;412;616 ~~~~~~~~~~~~~~~~~~ 06-08
14081469;160520474;15095807;10171400113;19031969;02101763;161;695;512;616 ~~~~~~~~~~~~~~~~~~~~~~~~~~~~~~ 06-09
15081469;170520474;16095807;11171400113;20031969;03101763;162;406;616 ~~~~~~~~~~~~~~~~~~~~~~~~~~~~~~~~~~ 06-10
16081469;180520474;17095807;12171400113;21031969;04101763;163;696;569;400 ~~~~~~~~~~~~~~~~~~~~~~~~~~~~~~ 06-11
17081469;190520474;18095807;13171400113;22031969;05101763;164;569;616 ~~~~~~~~~~~~~~~~~~~~~~~~~~~~~~~~~~ 06-12
18081469;200520474;19095807;14171400113;23031969;06101763;165;616 ~~~~~~~~~~~~~~~~~~~~~~~~~~~~~~~~~~~~~~ 06-13
19081469;210520474;20095807;15171400113;24031969;07101763;166;596;699;432;616 ~~~~~~~~~~~~~~~~~~~~~~~~~~ 06-14
20081469;220520474;21095807;16171400113;25031969;08101763;167;398;376;412;616 ~~~~~~~~~~~~~~~~~~~~~~~~~~ 06-15
21081469;230520474;22095807;17171400113;26031969;09101763;168;452;452;421;616 ~~~~~~~~~~~~~~~~~~~~~~~~~~ 06-16
22081469;240520474;23095807;18171400113;27031969;10101763;169 ~~~~~~~~~~~~~~~~~~~~~~~~~~~~~~~~~~~~~~~~~~ 06-17
23081469;250520474;24095807;19171400113;28031969;11101763;170;513;616 ~~~~~~~~~~~~~~~~~~~~~~~~~~~~~~~~~~ 06-18
24081469;260520474;25095807;00001500113;29031969;12101763;171;946 ~~~~~~~~~~~~~~~~~~~~~~~~~~~~~~~~~~~~~~ 06-19
25081469;270520474;26095807;01001500113;30031969;13101763;172;698;460;400;406;616 ~~~~~~~~~~~~~~~~~~~~~~ 06-20
26081469;280520474;27095807;02001500113;31031969;14101763;173;701;425;700;616 ~~~~~~~~~~~~~~~~~~~~~~~~~~ 06-21
27081469;290520474;28095807;03001500113;01041969;15101763;174;702;861;461;616 ~~~~~~~~~~~~~~~~~~~~~~~~~~ 06-22
28081469;012520474;29095807;04001500113;02041969;16101763;175;380;929;952;400 ~~~~~~~~~~~~~~~~~~~~~~~~~~ 06-23
29081469;022520474;30095807;05001500113;03041969;17101763;176;616 ~~~~~~~~~~~~~~~~~~~~~~~~~~~~~~~~~~~~~~ 06-24
01091469;032520474;01105807;06001500113;04041969;18101763;177;870;504 ~~~~~~~~~~~~~~~~~~~~~~~~~~~~~~~~~~ 06-25
02091469;042520474;02105807;07001500113;05041969;19101763;178;704;400;421;616 ~~~~~~~~~~~~~~~~~~~~~~~~~~ 06-26
03091469;052520474;03105807;08001500113;06041969;20101763;179 ~~~~~~~~~~~~~~~~~~~~~~~~~~~~~~~~~~~~~~~~~~ 06-27
04091469;062520474;04105807;09001500113;07041969;21101763;180;703;616 ~~~~~~~~~~~~~~~~~~~~~~~~~~~~~~~~~~ 06-28
05091469;072520474;05105807;10001500113;08041969;22101763;181;401;412;505 ~~~~~~~~~~~~~~~~~~~~~~~~~~~~~~ 06-29
06091469;082520474;06105807;11001500113;09041969;23101763;182;795;397;406;616 ~~~~~~~~~~~~~~~~~~~~~~~~~~ 06-30
07091469;092520474;07105807;12001500113;10041969;24101763;183 ~~~~~~~~~~~~~~~~~~~~~~~~~~~~~~~~~~~~~~~~~~ 07-01
08091469;102520474;08105807;13001500113;11041969;25101763;184;865;617 ~~~~~~~~~~~~~~~~~~~~~~~~~~~~~~~~~~ 07-02
09091469;112520474;09105807;14001500113;12041969;26101763;185;546;617 ~~~~~~~~~~~~~~~~~~~~~~~~~~~~~~~~~~ 07-03
10091469;122520474;10105807;15001500113;13041969;27101763;186;514;617 ~~~~~~~~~~~~~~~~~~~~~~~~~~~~~~~~~~ 07-04
11091469;132520474;11105807;16001500113;14041969;28101763;187;373;565;406 ~~~~~~~~~~~~~~~~~~~~~~~~~~~~~~ 07-05
12091469;142520474;12105807;17001500113;15041969;29101763;188;637;705;840;565;617 ~~~~~~~~~~~~~~~~~~~~~~ 07-06
13091469;152520474;13105807;18001500113;16041969;30101763;189;387;378;531;541;561;949;505 ~~~~~~~~~~~~~~ 07-07
14091469;162520474;14105807;19001500113;17041969;01111763;190;707;617 ~~~~~~~~~~~~~~~~~~~~~~~~~~~~~~~~~~ 07-08
15091469;172520474;15105807;00011500113;18041969;02111763;191 ~~~~~~~~~~~~~~~~~~~~~~~~~~~~~~~~~~~~~~~~~~ 07-09
16091469;182520474;16105807;01011500113;19041969;03111763;192;617 ~~~~~~~~~~~~~~~~~~~~~~~~~~~~~~~~~~~~~~ 07-10
17091469;192520474;17105807;02011500113;20041969;04111763;193;437;505;617 ~~~~~~~~~~~~~~~~~~~~~~~~~~~~~~ 07-11
18091469;202520474;18105807;03011500113;21041969;05111763;194;617 ~~~~~~~~~~~~~~~~~~~~~~~~~~~~~~~~~~~~~~ 07-12
19091469;212520474;19105807;04011500113;22041969;06111763;195;706;617 ~~~~~~~~~~~~~~~~~~~~~~~~~~~~~~~~~~ 07-13
20091469;222520474;20105807;05011500113;23041969;07111763;196;398;617 ~~~~~~~~~~~~~~~~~~~~~~~~~~~~~~~~~~ 07-14
21091469;232520474;21105807;06011500113;24041969;08111763;197;710;402;406;617 ~~~~~~~~~~~~~~~~~~~~~~~~~~ 07-15
22091469;242520474;22105807;07011500113;25041969;09111763;198;513;421;617 ~~~~~~~~~~~~~~~~~~~~~~~~~~~~~~ 07-16
23091469;252520474;23105807;08011500113;26041969;10111763;199;711;856 ~~~~~~~~~~~~~~~~~~~~~~~~~~~~~~~~~~ 07-17
24091469;262520474;24105807;09011500113;27041969;11111763;200;631;878;617 ~~~~~~~~~~~~~~~~~~~~~~~~~~~~~~ 07-18
25091469;272520474;25105807;10011500113;28041969;12111763;201;507;578;403;617 ~~~~~~~~~~~~~~~~~~~~~~~~~~ 07-19
26091469;282520474;26105807;11011500113;29041969;13111763;202;708;860;617 ~~~~~~~~~~~~~~~~~~~~~~~~~~~~~~ 07-20
27091469;292520474;27105807;12011500113;30041969;14111763;203;709;508;505;617 ~~~~~~~~~~~~~~~~~~~~~~~~~~ 07-21
28091469;302520474;28105807;13011500113;31041969;15111763;204;380;928;952;617 ~~~~~~~~~~~~~~~~~~~~~~~~~~ 07-22
29091469;010620474;29105807;14011500113;01051969;16111763;205;929;403 ~~~~~~~~~~~~~~~~~~~~~~~~~~~~~~~~~~ 07-23
30091469;020620474;01115807;15011500113;02051969;17111763;206;807;506;617 ~~~~~~~~~~~~~~~~~~~~~~~~~~~~~~ 07-24
01101469;030620474;02115807;16011500113;03051969;18111763;207;712;715;579;502;406;617 ~~~~~~~~~~~~~~~~~~ 07-25
02101469;040620474;03115807;17011500113;04051969;19111763;208;716;617 ~~~~~~~~~~~~~~~~~~~~~~~~~~~~~~~~~~ 07-26
03101469;050620474;04115807;18011500113;05051969;20111763;209;713;891;403;412 ~~~~~~~~~~~~~~~~~~~~~~~~~~ 07-27
04101469;060620474;05115807;19011500113;06051969;21111763;210;714;433;617 ~~~~~~~~~~~~~~~~~~~~~~~~~~~~~~ 07-28
05101469;070620474;06115807;00021500113;07051969;22111763;211;397;617 ~~~~~~~~~~~~~~~~~~~~~~~~~~~~~~~~~~ 07-29
06101469;080620474;07115807;01021500113;08051969;23111763;212;514;406;617 ~~~~~~~~~~~~~~~~~~~~~~~~~~~~~~ 07-30
07101469;090620474;08115807;02021500113;09051969;24111763;213;403 ~~~~~~~~~~~~~~~~~~~~~~~~~~~~~~~~~~~~~~ 07-31
08101469;100620474;09115807;03021500113;10051969;25111763;214;926;618 ~~~~~~~~~~~~~~~~~~~~~~~~~~~~~~~~~~ 08-01
09101469;110620474;10115807;04021500113;11051969;26111763;215;719;554;938 ~~~~~~~~~~~~~~~~~~~~~~~~~~~~~~ 08-02
10101469;120620474;11115807;05021500113;12051969;27111763;216;637;720;412;618 ~~~~~~~~~~~~~~~~~~~~~~~~~~ 08-03
11101469;130620474;12115807;06021500113;13051969;28111763;217;717 ~~~~~~~~~~~~~~~~~~~~~~~~~~~~~~~~~~~~~~ 08-04
12101469;140620474;13115807;07021500113;14051969;29111763;218;388;556;864;909;910;925;618 ~~~~~~~~~~~~~~ 08-05
13101469;150620474;14115807;08021500113;15051969;30111763;219;718 ~~~~~~~~~~~~~~~~~~~~~~~~~~~~~~~~~~~~~~ 08-06
14101469;160620474;15115807;09021500113;16051969;01121763;220;618 ~~~~~~~~~~~~~~~~~~~~~~~~~~~~~~~~~~~~~~ 08-07
15101469;170620474;16115807;10021500113;17051969;02121763;221;875;403 ~~~~~~~~~~~~~~~~~~~~~~~~~~~~~~~~~~ 08-08
16101469;180620474;17115807;11021500113;18051969;03121763;222;406;618 ~~~~~~~~~~~~~~~~~~~~~~~~~~~~~~~~~~ 08-09
17101469;190620474;18115807;12021500113;19051969;04121763;223;723;412 ~~~~~~~~~~~~~~~~~~~~~~~~~~~~~~~~~~ 08-10
18101469;200620474;19115807;13021500113;20051969;05121763;224;721;618 ~~~~~~~~~~~~~~~~~~~~~~~~~~~~~~~~~~ 08-11
19101469;210620474;20115807;14021500113;21051969;06121763;225;513;403 ~~~~~~~~~~~~~~~~~~~~~~~~~~~~~~~~~~ 08-12
20101469;220620474;21115807;15021500113;22051969;07121763;226;398;872;618 ~~~~~~~~~~~~~~~~~~~~~~~~~~~~~~ 08-13
21101469;230620474;22115807;16021500113;23051969;08121763;227;722;832;871;406 ~~~~~~~~~~~~~~~~~~~~~~~~~~ 08-14
22101469;240620474;23115807;17021500113;24051969;09121763;228;618 ~~~~~~~~~~~~~~~~~~~~~~~~~~~~~~~~~~~~~~ 08-15
23101469;250620474;24115807;18021500113;25051969;10121763;229;596;403 ~~~~~~~~~~~~~~~~~~~~~~~~~~~~~~~~~~ 08-16
24101469;260620474;25115807;19021500113;26051969;11121763;230;724;503;618 ~~~~~~~~~~~~~~~~~~~~~~~~~~~~~~ 08-17
25101469;270620474;26115807;00031500113;27051969;12121763;231 ~~~~~~~~~~~~~~~~~~~~~~~~~~~~~~~~~~~~~~~~~~ 08-18
26101469;280620474;27115807;01031500113;28051969;13121763;232;406;618 ~~~~~~~~~~~~~~~~~~~~~~~~~~~~~~~~~~ 08-19
27101469;290620474;28115807;02031500113;29051969;14121763;233;403 ~~~~~~~~~~~~~~~~~~~~~~~~~~~~~~~~~~~~~~ 08-20
28101469;010720474;29115807;03031500113;30051969;15121763;234;380;618 ~~~~~~~~~~~~~~~~~~~~~~~~~~~~~~~~~~ 08-21
29101469;020720474;30115807;04031500113;31051969;16121763;235 ~~~~~~~~~~~~~~~~~~~~~~~~~~~~~~~~~~~~~~~~~~ 08-22
01111469;030720474;01125807;05031500113;01061969;17121763;236;427;618 ~~~~~~~~~~~~~~~~~~~~~~~~~~~~~~~~~~ 08-23
02111469;040720474;02125807;06031500113;02061969;18121763;237;725;514;550;597;406;412 ~~~~~~~~~~~~~~~~~~ 08-24
03111469;050720474;03125807;07031500113;03061969;19121763;238;428;725;417;915;618 ~~~~~~~~~~~~~~~~~~~~~~ 08-25
04111469;060720474;04125807;08031500113;04061969;20121763;239;796 ~~~~~~~~~~~~~~~~~~~~~~~~~~~~~~~~~~~~~~ 08-26
05111469;070720474;05125807;09031500113;05061969;21121763;240;594;397;572;618 ~~~~~~~~~~~~~~~~~~~~~~~~~~ 08-27
06111469;080720474;06125807;10031500113;06061969;22121763;241;595;404;908 ~~~~~~~~~~~~~~~~~~~~~~~~~~~~~~ 08-28
07111469;090720474;07125807;11031500113;07061969;23121763;242;467;618 ~~~~~~~~~~~~~~~~~~~~~~~~~~~~~~~~~~ 08-29
08111469;100720474;08125807;12031500113;08061969;24121763;243;596 ~~~~~~~~~~~~~~~~~~~~~~~~~~~~~~~~~~~~~~ 08-30
09111469;110720474;09125807;13031500113;09061969;25121763;244;429;903;412;618 ~~~~~~~~~~~~~~~~~~~~~~~~~~ 08-31
10111469;120720474;10125807;14031500113;10061969;26121763;245;430;413 ~~~~~~~~~~~~~~~~~~~~~~~~~~~~~~~~~~ 09-01
11111469;130720474;11125807;15031500113;11061969;27121763;246;434;897;619 ~~~~~~~~~~~~~~~~~~~~~~~~~~~~~~ 09-02
12111469;140720474;12125807;16031500113;12061969;28121763;247;435;520;551;567;406;418 ~~~~~~~~~~~~~~~~~~ 09-03
13111469;150720474;13125807;17031500113;13061969;29121763;248;389;534;907;567;619 ~~~~~~~~~~~~~~~~~~~~~~ 09-04
14111469;160720474;14125807;18031500113;14061969;30121763;249 ~~~~~~~~~~~~~~~~~~~~~~~~~~~~~~~~~~~~~~~~~~ 09-05
15111469;170720474;15125807;19031500113;15061969;01131763;250;727;619 ~~~~~~~~~~~~~~~~~~~~~~~~~~~~~~~~~~ 09-06
16111469;180720474;16125807;00041500113;16061969;02131763;251;637;728;619 ~~~~~~~~~~~~~~~~~~~~~~~~~~~~~~ 09-07
17111469;190720474;17125807;01041500113;17061969;03131763;252;455;845;619 ~~~~~~~~~~~~~~~~~~~~~~~~~~~~~~ 09-08
18111469;200720474;18125807;02041500113;18061969;04131763;253;729;846;513 ~~~~~~~~~~~~~~~~~~~~~~~~~~~~~~ 09-09
19111469;210720474;19125807;03041500113;19061969;05131763;254;432;619 ~~~~~~~~~~~~~~~~~~~~~~~~~~~~~~~~~~ 09-10
20111469;220720474;20125807;04041500113;20061969;06131763;255;865;619 ~~~~~~~~~~~~~~~~~~~~~~~~~~~~~~~~~~ 09-11
21111469;230720474;21125807;05041500113;21061969;01011764;256;730;847;398;418;619 ~~~~~~~~~~~~~~~~~~~~~~ 09-12
22111469;240720474;22125807;06041500113;22061969;02011764;257;726 ~~~~~~~~~~~~~~~~~~~~~~~~~~~~~~~~~~~~~~ 09-13
23111469;250720474;23125807;07041500113;23061969;03011764;258;408;421;619 ~~~~~~~~~~~~~~~~~~~~~~~~~~~~~~ 09-14
24111469;260720474;24125807;08041500113;24061969;04011764;259;731 ~~~~~~~~~~~~~~~~~~~~~~~~~~~~~~~~~~~~~~ 09-15
25111469;270720474;25125807;09041500113;25061969;05011764;260;869;619 ~~~~~~~~~~~~~~~~~~~~~~~~~~~~~~~~~~ 09-16
26111469;280720474;26125807;10041500113;26061969;06011764;261;732;848 ~~~~~~~~~~~~~~~~~~~~~~~~~~~~~~~~~~ 09-17
27111469;290720474;27125807;11041500113;27061969;07011764;262;406;619 ~~~~~~~~~~~~~~~~~~~~~~~~~~~~~~~~~~ 09-18
28111469;300720474;28125807;12041500113;28061969;08011764;263;733;380;436;920 ~~~~~~~~~~~~~~~~~~~~~~~~~~ 09-19
29111469;010820474;29125807;13041500113;29061969;09011764;264;734;895;521;409;619 ~~~~~~~~~~~~~~~~~~~~~~ 09-20
30111469;020820474;01015808;14041500113;30061969;10011764;265;735;514;521;619 ~~~~~~~~~~~~~~~~~~~~~~~~~~ 09-21
01121469;030820474;02015808;15041500113;31061969;11011764;266;740;462;521;619 ~~~~~~~~~~~~~~~~~~~~~~~~~~ 09-22
02121469;040820474;03015808;16041500113;01071969;12011764;267;736;423;619;848 ~~~~~~~~~~~~~~~~~~~~~~~~~~ 09-23
03121469;050820474;04015808;17041500113;02071969;13011764;268;737;463;619 ~~~~~~~~~~~~~~~~~~~~~~~~~~~~~~ 09-24
04121469;060820474;05015808;18041500113;03071969;14011764;269;742;790 ~~~~~~~~~~~~~~~~~~~~~~~~~~~~~~~~~~ 09-25
05121469;070820474;06015808;19041500113;04071969;15011764;270;741;790;397;548;918;409;619 ~~~~~~~~~~~~~~ 09-26
06121469;080820474;07015808;00051500113;05071969;16011764;271;738;790;885;919;848 ~~~~~~~~~~~~~~~~~~~~~~ 09-27
07121469;090820474;08015808;01051500113;06071969;17011764;272;739;743;790;549;560;619 ~~~~~~~~~~~~~~~~~~ 09-28
08121469;100820474;09015808;02051500113;07071969;18011764;273;790;899;619;848 ~~~~~~~~~~~~~~~~~~~~~~~~~~ 09-29
09121469;110820474;10015808;03051500113;08071969;19011764;274;790;501;527;853;619 ~~~~~~~~~~~~~~~~~~~~~~ 09-30
10121469;120820474;11015808;04051500113;09071969;20011764;275;745;790;500;853;848 ~~~~~~~~~~~~~~~~~~~~~~ 10-01
11121469;130820474;12015808;05051500113;10071969;21011764;276;746;500;853;409;620 ~~~~~~~~~~~~~~~~~~~~~~ 10-02
12121469;140820474;13015808;06051500113;11071969;22011764;277;747;393;390;399;532;882;922;406;848 ~~~~~~ 10-03
13121469;150820474;14015808;07051500113;12071969;23011764;278;748;816;500;570;620 ~~~~~~~~~~~~~~~~~~~~~~ 10-04
14121469;160820474;15015808;08051500113;13071969;24011764;279;637;500;523;620;848 ~~~~~~~~~~~~~~~~~~~~~~ 10-05
15121469;170820474;16015808;09051500113;14071969;25011764;280;749;523;620 ~~~~~~~~~~~~~~~~~~~~~~~~~~~~~~ 10-06
16121469;180820474;17015808;10051500113;15071969;26011764;281;744;513;881;523 ~~~~~~~~~~~~~~~~~~~~~~~~~~ 10-07
17121469;190820474;18015808;11051500113;16071969;27011764;282;791;523;406;409;620 ~~~~~~~~~~~~~~~~~~~~~~ 10-08
18121469;200820474;19015808;12051500113;17071969;28011764;283;752;841;523;400;418;848 ~~~~~~~~~~~~~~~~~~ 10-09
19121469;210820474;20015808;13051500113;18071969;29011764;284;753;523;620 ~~~~~~~~~~~~~~~~~~~~~~~~~~~~~~ 10-10
20121469;220820474;21015808;14051500113;19071969;30011764;285;398;367;499;523 ~~~~~~~~~~~~~~~~~~~~~~~~~~ 10-11
21121469;230820474;22015808;15051500113;20071969;01021764;286;754;368;524;400;620 ~~~~~~~~~~~~~~~~~~~~~~ 10-12
22121469;240820474;23015808;16051500113;21071969;02021764;287;750;525;406 ~~~~~~~~~~~~~~~~~~~~~~~~~~~~~~ 10-13
23121469;250820474;24015808;17051500113;22071969;03021764;288;751;620 ~~~~~~~~~~~~~~~~~~~~~~~~~~~~~~~~~~ 10-14
24121469;260820474;25015808;18051500113;23071969;04021764;289;756;911;842;400 ~~~~~~~~~~~~~~~~~~~~~~~~~~ 10-15
25121469;270820474;26015808;19051500113;24071969;05021764;290;757;558;779;784;867;620 ~~~~~~~~~~~~~~~~~~ 10-16
26121469;280820474;27015808;00061500113;25071969;06021764;291;631;780;785 ~~~~~~~~~~~~~~~~~~~~~~~~~~~~~~ 10-17
27121469;290820474;28015808;01061500113;26071969;07021764;292;380;781;786;893;400;406;418;620 ~~~~~~~~~~ 10-18
28121469;010920474;29015808;02061500113;27071969;08021764;293;758;514;782;787;836;620 ~~~~~~~~~~~~~~~~~~ 10-19
29121469;020920474;30015808;03061500113;28071969;09021764;294;535;783;788;784;409;620 ~~~~~~~~~~~~~~~~~~ 10-20
30121469;030920474;01025808;04061500113;29071969;10021764;295;755;785;400;620 ~~~~~~~~~~~~~~~~~~~~~~~~~~ 10-21
01011470;040920474;02025808;05061500113;30071969;11021764;296;369;495;786;620 ~~~~~~~~~~~~~~~~~~~~~~~~~~ 10-22
02011470;050920474;03025808;06061500113;01081969;12021764;297;787;406;620 ~~~~~~~~~~~~~~~~~~~~~~~~~~~~~~ 10-23
03011470;060920474;04025808;07061500113;02081969;13021764;298;401;431;433;543;620 ~~~~~~~~~~~~~~~~~~~~~~ 10-24
04011470;070920474;05025808;08061500113;03081969;14021764;299;849;397;371 ~~~~~~~~~~~~~~~~~~~~~~~~~~~~~~ 10-25
05011470;080920474;06025808;09061500113;04081969;15021764;300;759;409;620 ~~~~~~~~~~~~~~~~~~~~~~~~~~~~~~ 10-26
06011470;090920474;07025808;10061500113;05081969;16021764;301;563;418 ~~~~~~~~~~~~~~~~~~~~~~~~~~~~~~~~~~ 10-27
07011470;100920474;08025808;11061500113;06081969;17021764;302;879;406;496;620 ~~~~~~~~~~~~~~~~~~~~~~~~~~ 10-28
08011470;110920474;09025808;12061500113;07081969;18021764;303;547;620 ~~~~~~~~~~~~~~~~~~~~~~~~~~~~~~~~~~ 10-29
09011470;120920474;10025808;13061500113;08081969;19021764;304;437;934;620 ~~~~~~~~~~~~~~~~~~~~~~~~~~~~~~ 10-30
10011470;130920474;11025808;14061500113;09081969;20021764;305;498 ~~~~~~~~~~~~~~~~~~~~~~~~~~~~~~~~~~~~~~ 10-31
11011470;140920474;12025808;15061500113;10081969;21021764;306;596;621 ~~~~~~~~~~~~~~~~~~~~~~~~~~~~~~~~~~ 11-01
12011470;150920474;13025808;16061500113;11081969;22021764;307;637;763;392;880;406 ~~~~~~~~~~~~~~~~~~~~~~ 11-02
13011470;160920474;14025808;17061500113;12081969;23021764;308;513;621 ~~~~~~~~~~~~~~~~~~~~~~~~~~~~~~~~~~ 11-03
14011470;170920474;15025808;18061500113;13081969;24021764;309;760 ~~~~~~~~~~~~~~~~~~~~~~~~~~~~~~~~~~~~~~ 11-04
15011470;180920474;16025808;19061500113;14081969;25021764;310;496;621 ~~~~~~~~~~~~~~~~~~~~~~~~~~~~~~~~~~ 11-05
16011470;190920474;17025808;00071500113;15081969;26021764;311;761 ~~~~~~~~~~~~~~~~~~~~~~~~~~~~~~~~~~~~~~ 11-06
17011470;200920474;18025808;01071500113;16081969;27021764;312;762;832;406;621 ~~~~~~~~~~~~~~~~~~~~~~~~~~ 11-07
18011470;210920474;19025808;02071500113;17081969;28021764;313 ~~~~~~~~~~~~~~~~~~~~~~~~~~~~~~~~~~~~~~~~~~ 11-08
19011470;220920474;20025808;03071500113;18081969;29021764;314;496;621 ~~~~~~~~~~~~~~~~~~~~~~~~~~~~~~~~~~ 11-09
20011470;230920474;21025808;04071500113;19081969;30021764;315;398;876 ~~~~~~~~~~~~~~~~~~~~~~~~~~~~~~~~~~ 11-10
21011470;240920474;22025808;05071500113;20081969;01031764;316;855;621 ~~~~~~~~~~~~~~~~~~~~~~~~~~~~~~~~~~ 11-11
22011470;250920474;23025808;06071500113;21081969;02031764;317;453;406 ~~~~~~~~~~~~~~~~~~~~~~~~~~~~~~~~~~ 11-12
23011470;260920474;24025808;07071500113;22081969;03031764;318;457;936;409;621 ~~~~~~~~~~~~~~~~~~~~~~~~~~ 11-13
24011470;270920474;25025808;08071500113;23081969;04031764;319;764;554 ~~~~~~~~~~~~~~~~~~~~~~~~~~~~~~~~~~ 11-14
25011470;280920474;26025808;09071500113;24081969;05031764;320;807;621 ~~~~~~~~~~~~~~~~~~~~~~~~~~~~~~~~~~ 11-15
26011470;290920474;27025808;10071500113;25081969;06031764;321;767 ~~~~~~~~~~~~~~~~~~~~~~~~~~~~~~~~~~~~~~ 11-16
27011470;011020474;28025808;11071500113;26081969;07031764;322;765;380;514;406;621 ~~~~~~~~~~~~~~~~~~~~~~ 11-17
28011470;021020474;29025808;12071500113;27081969;08031764;323;422 ~~~~~~~~~~~~~~~~~~~~~~~~~~~~~~~~~~~~~~ 11-18
29011470;031020474;01035808;13071500113;28081969;09031764;324;409;496;621 ~~~~~~~~~~~~~~~~~~~~~~~~~~~~~~ 11-19
30011470;041020474;02035808;14071500113;29081969;10031764;325;497 ~~~~~~~~~~~~~~~~~~~~~~~~~~~~~~~~~~~~~~ 11-20
01021470;051020474;03035808;15071500113;30081969;11031764;326;766;944;621 ~~~~~~~~~~~~~~~~~~~~~~~~~~~~~~ 11-21
02021470;061020474;04035808;16071500113;01091969;12031764;327;788;406 ~~~~~~~~~~~~~~~~~~~~~~~~~~~~~~~~~~ 11-22
03021470;071020474;05035808;17071500113;02091969;13031764;328;768;621 ~~~~~~~~~~~~~~~~~~~~~~~~~~~~~~~~~~ 11-23
04021470;081020474;06035808;18071500113;03091969;14031764;329;397 ~~~~~~~~~~~~~~~~~~~~~~~~~~~~~~~~~~~~~~ 11-24
05021470;091020474;07035808;19071500113;04091969;15031764;330;868;409;621 ~~~~~~~~~~~~~~~~~~~~~~~~~~~~~~ 11-25
06021470;101020474;08035808;00081500113;05091969;16031764;331 ~~~~~~~~~~~~~~~~~~~~~~~~~~~~~~~~~~~~~~~~~~ 11-26
07021470;111020474;09035808;01081500113;06091969;17031764;332;769;406;621 ~~~~~~~~~~~~~~~~~~~~~~~~~~~~~~ 11-27
08021470;121020474;10035808;02081500113;07091969;18031764;333;440;557;890 ~~~~~~~~~~~~~~~~~~~~~~~~~~~~~~ 11-28
09021470;131020474;11035808;03081500113;08091969;19031764;334;441;369;621 ~~~~~~~~~~~~~~~~~~~~~~~~~~~~~~ 11-29
10021470;141020474;12035808;04081500113;09091969;20031764;335;770;513 ~~~~~~~~~~~~~~~~~~~~~~~~~~~~~~~~~~ 11-30
11021470;151020474;13035808;05081500113;10091969;21031764;336;545;589;409;622 ~~~~~~~~~~~~~~~~~~~~~~~~~~ 12-01
12021470;161020474;14035808;06081500113;11091969;22031764;337;442;395;370;887;406 ~~~~~~~~~~~~~~~~~~~~~~ 12-02
13021470;171020474;15035808;07081500113;12091969;23031764;338;771;773;622 ~~~~~~~~~~~~~~~~~~~~~~~~~~~~~~ 12-03
14021470;181020474;16035808;08081500113;13091969;24031764;339;772 ~~~~~~~~~~~~~~~~~~~~~~~~~~~~~~~~~~~~~~ 12-04
15021470;191020474;17035808;09081500113;14091969;25031764;340;622 ~~~~~~~~~~~~~~~~~~~~~~~~~~~~~~~~~~~~~~ 12-05
16021470;201020474;18035808;10081500113;15091969;26031764;341;774 ~~~~~~~~~~~~~~~~~~~~~~~~~~~~~~~~~~~~~~ 12-06
17021470;211020474;19035808;11081500113;16091969;27031764;342;637;775;432;406;409;622 ~~~~~~~~~~~~~~~~~~ 12-07
18021470;221020474;20035808;12081500113;17091969;28031764;343;777;590 ~~~~~~~~~~~~~~~~~~~~~~~~~~~~~~~~~~ 12-08
19021470;231020474;21035808;13081500113;18091969;29031764;344;622 ~~~~~~~~~~~~~~~~~~~~~~~~~~~~~~~~~~~~~~ 12-09
20021470;241020474;22035808;14081500113;19091969;30031764;345;398;844 ~~~~~~~~~~~~~~~~~~~~~~~~~~~~~~~~~~ 12-10
21021470;251020474;23035808;15081500113;20091969;01041764;346;622 ~~~~~~~~~~~~~~~~~~~~~~~~~~~~~~~~~~~~~~ 12-11
22021470;261020474;24035808;16081500113;21091969;02041764;347;406 ~~~~~~~~~~~~~~~~~~~~~~~~~~~~~~~~~~~~~~ 12-12
23021470;271020474;25035808;17081500113;22091969;03041764;348;917;516;409;622 ~~~~~~~~~~~~~~~~~~~~~~~~~~ 12-13
24021470;281020474;26035808;18081500113;23091969;04041764;349;776;516 ~~~~~~~~~~~~~~~~~~~~~~~~~~~~~~~~~~ 12-14
25021470;291020474;27035808;19081500113;24091969;05041764;350;514;591;516;622 ~~~~~~~~~~~~~~~~~~~~~~~~~~ 12-15
26021470;301020474;28035808;00091500113;25091969;06041764;351;380;414;928;952;516 ~~~~~~~~~~~~~~~~~~~~~~ 12-16
27021470;011120474;29035808;01091500113;26091969;07041764;352;929;516;406;622 ~~~~~~~~~~~~~~~~~~~~~~~~~~ 12-17
28021470;021120474;01045808;02091500113;27091969;08041764;353;516 ~~~~~~~~~~~~~~~~~~~~~~~~~~~~~~~~~~~~~~ 12-18
29021470;031120474;02045808;03091500113;28091969;09041764;354;516;409;622 ~~~~~~~~~~~~~~~~~~~~~~~~~~~~~~ 12-19
01031470;041120474;03045808;04091500113;29091969;10041764;355;778;371;516;418 ~~~~~~~~~~~~~~~~~~~~~~~~~~ 12-20
02031470;051120474;04045808;05091500113;30091969;11041764;356;466;622 ~~~~~~~~~~~~~~~~~~~~~~~~~~~~~~~~~~ 12-21
03031470;061120474;05045808;06091500113;01101969;12041764;357;592;426 ~~~~~~~~~~~~~~~~~~~~~~~~~~~~~~~~~~ 12-22
04031470;071120474;06045808;07091500113;02101969;13041764;358;397;465;622 ~~~~~~~~~~~~~~~~~~~~~~~~~~~~~~ 12-23
05031470;081120474;07045808;08091500113;03101969;14041764;359;415 ~~~~~~~~~~~~~~~~~~~~~~~~~~~~~~~~~~~~~~ 12-24
06031470;091120474;08045808;09091500113;04101969;15041764;360;409;622 ~~~~~~~~~~~~~~~~~~~~~~~~~~~~~~~~~~ 12-25
07031470;101120474;09045808;10091500113;05101969;16041764;361 ~~~~~~~~~~~~~~~~~~~~~~~~~~~~~~~~~~~~~~~~~~ 12-26
08031470;111120474;10045808;11091500113;06101969;17041764;362;905;622 ~~~~~~~~~~~~~~~~~~~~~~~~~~~~~~~~~~ 12-27
09031470;121120474;11045808;12091500113;07101969;18041764;363;513 ~~~~~~~~~~~~~~~~~~~~~~~~~~~~~~~~~~~~~~ 12-28
10031470;131120474;12045808;13091500113;08101969;19041764;364;418;622 ~~~~~~~~~~~~~~~~~~~~~~~~~~~~~~~~~~ 12-29
11031470;141120474;13045808;14091500113;09101969;20041764;365;793 ~~~~~~~~~~~~~~~~~~~~~~~~~~~~~~~~~~~~~~ 12-30
12031470;151120474;14045808;15091500113;10101969;21041764;366;381;511;622 ~~~~~~~~~~~~~~~~~~~~~~~~~~~~~~ 12-31
