29091521;29112097s;27245858;17040600413;11102019;23041814;001;611 ~~~~~~~~~~~~~~~~~~~~~~~~~~~~~~~~~~~~~~ 01-01
30091521;01122097s;28245858;18040600413;12102019;24041814;002;380;506 ~~~~~~~~~~~~~~~~~~~~~~~~~~~~~~~~~~ 01-02
01101521;02122097s;29245858;19040600413;13102019;25041814;003;507;513;502;611 ~~~~~~~~~~~~~~~~~~~~~~~~~~ 01-03
02101521;03122097s;01255858;00050600413;14102019;26041814;004;637 ~~~~~~~~~~~~~~~~~~~~~~~~~~~~~~~~~~~~~~ 01-04
03101521;04122097s;02255858;01050600413;15102019;27041814;005;372;611 ~~~~~~~~~~~~~~~~~~~~~~~~~~~~~~~~~~ 01-05
04101521;05122097s;03255858;02050600413;16102019;28041814;006;406 ~~~~~~~~~~~~~~~~~~~~~~~~~~~~~~~~~~~~~~ 01-06
05101521;06122097s;04255858;03050600413;17102019;29041814;007;611 ~~~~~~~~~~~~~~~~~~~~~~~~~~~~~~~~~~~~~~ 01-07
06101521;07122097s;05255858;04050600413;18102019;30041814;008 ~~~~~~~~~~~~~~~~~~~~~~~~~~~~~~~~~~~~~~~~~~ 01-08
07101521;08122097s;06255858;05050600413;19102019;01051814;009;411;611 ~~~~~~~~~~~~~~~~~~~~~~~~~~~~~~~~~~ 01-09
08101521;09122097s;07255858;06050600413;20102019;02051814;010;397 ~~~~~~~~~~~~~~~~~~~~~~~~~~~~~~~~~~~~~~ 01-10
09101521;10122097s;08255858;07050600413;21102019;03051814;011;626;432;406;611 ~~~~~~~~~~~~~~~~~~~~~~~~~~ 01-11
10101521;11122097s;09255858;08050600413;22102019;04051814;012;627 ~~~~~~~~~~~~~~~~~~~~~~~~~~~~~~~~~~~~~~ 01-12
11101521;12122097s;10255858;09050600413;23102019;05051814;013;628;422;816;905;611 ~~~~~~~~~~~~~~~~~~~~~~ 01-13
12101521;13122097s;11255858;10050600413;24102019;06051814;014;629;554;864 ~~~~~~~~~~~~~~~~~~~~~~~~~~~~~~ 01-14
13101521;14122097s;12255858;11050600413;25102019;07051814;015;611 ~~~~~~~~~~~~~~~~~~~~~~~~~~~~~~~~~~~~~~ 01-15
14101521;15122097s;13255858;12050600413;26102019;08051814;016;631 ~~~~~~~~~~~~~~~~~~~~~~~~~~~~~~~~~~~~~~ 01-16
15101521;16122097s;14255858;13050600413;27102019;09051814;017;596;381;514;904;611 ~~~~~~~~~~~~~~~~~~~~~~ 01-17
16101521;17122097s;15255858;14050600413;28102019;10051814;018;630 ~~~~~~~~~~~~~~~~~~~~~~~~~~~~~~~~~~~~~~ 01-18
17101521;18122097s;16255858;15050600413;29102019;11051814;019;625;409;418;611 ~~~~~~~~~~~~~~~~~~~~~~~~~~ 01-19
18101521;19122097s;17255858;16050600413;30102019;12051814;020;492;916 ~~~~~~~~~~~~~~~~~~~~~~~~~~~~~~~~~~ 01-20
19101521;20122097s;18255858;17050600413;01112019;13051814;021;406;611 ~~~~~~~~~~~~~~~~~~~~~~~~~~~~~~~~~~ 01-21
20101521;21122097s;19255858;18050600413;02112019;14051814;022;632 ~~~~~~~~~~~~~~~~~~~~~~~~~~~~~~~~~~~~~~ 01-22
21101521;22122097s;20255858;19050600413;03112019;15051814;023;398;412;611 ~~~~~~~~~~~~~~~~~~~~~~~~~~~~~~ 01-23
22101521;23122097s;21255858;00060600413;04112019;16051814;024 ~~~~~~~~~~~~~~~~~~~~~~~~~~~~~~~~~~~~~~~~~~ 01-24
23101521;24122097s;22255858;01060600413;05112019;17051814;025;634;611 ~~~~~~~~~~~~~~~~~~~~~~~~~~~~~~~~~~ 01-25
24101521;25122097s;23255858;02060600413;06112019;18051814;026;635;406 ~~~~~~~~~~~~~~~~~~~~~~~~~~~~~~~~~~ 01-26
25101521;26122097s;24255858;03060600413;07112019;19051814;027;636;923;611 ~~~~~~~~~~~~~~~~~~~~~~~~~~~~~~ 01-27
26101521;27122097s;25255858;04060600413;08112019;20051814;028;580 ~~~~~~~~~~~~~~~~~~~~~~~~~~~~~~~~~~~~~~ 01-28
27101521;28122097s;26255858;05060600413;09112019;21051814;029;611 ~~~~~~~~~~~~~~~~~~~~~~~~~~~~~~~~~~~~~~ 01-29
28101521;29122097s;27255858;06060600413;10112019;22051814;030;513;412 ~~~~~~~~~~~~~~~~~~~~~~~~~~~~~~~~~~ 01-30
29101521;30122097s;28255858;07060600413;11112019;23051814;031;633;406;409;611 ~~~~~~~~~~~~~~~~~~~~~~~~~~ 01-31
01111521;01012098t;29255858;07060600413;12112019;24051814;032;637;640;380;888;479;490 ~~~~~~~~~~~~~~~~~~ 02-01
02111521;02012098t;30255858;08060600413;13112019;25051814;033;566;479;490;612 ~~~~~~~~~~~~~~~~~~~~~~~~~~ 02-02
03111521;03012098t;01265858;09060600413;14112019;26051814;034;566 ~~~~~~~~~~~~~~~~~~~~~~~~~~~~~~~~~~~~~~ 02-03
04111521;04012098t;02265858;10060600413;15112019;27051814;035;566;612 ~~~~~~~~~~~~~~~~~~~~~~~~~~~~~~~~~~ 02-04
05111521;05012098t;03265858;11060600413;16112019;28051814;036;457;566 ~~~~~~~~~~~~~~~~~~~~~~~~~~~~~~~~~~ 02-05
06111521;06012098t;04265858;12060600413;17112019;29051814;037;638;940;409;412;418;612 ~~~~~~~~~~~~~~~~~~ 02-06
07111521;07012098t;05265858;13060600413;18112019;30051814;038;639 ~~~~~~~~~~~~~~~~~~~~~~~~~~~~~~~~~~~~~~ 02-07
08111521;08012098t;06265858;14060600413;19112019;01061814;039;643;397;914;612 ~~~~~~~~~~~~~~~~~~~~~~~~~~ 02-08
09111521;09012098t;07265858;15060600413;20112019;02061814;040;536;581 ~~~~~~~~~~~~~~~~~~~~~~~~~~~~~~~~~~ 02-09
10111521;10012098t;08265858;16060600413;21112019;03061814;041;641;406;612 ~~~~~~~~~~~~~~~~~~~~~~~~~~~~~~ 02-10
11111521;11012098t;09265858;17060600413;22112019;04061814;042 ~~~~~~~~~~~~~~~~~~~~~~~~~~~~~~~~~~~~~~~~~~ 02-11
12111521;12012098t;10265858;18060600413;23112019;05061814;043;873;409;612 ~~~~~~~~~~~~~~~~~~~~~~~~~~~~~~ 02-12
13111521;13012098t;11265858;19060600413;24112019;06061814;044;642;412 ~~~~~~~~~~~~~~~~~~~~~~~~~~~~~~~~~~ 02-13
14111521;14012098t;12265858;00070600413;25112019;07061814;045;514;612 ~~~~~~~~~~~~~~~~~~~~~~~~~~~~~~~~~~ 02-14
15111521;15012098t;13265858;01070600413;26112019;08061814;046;382;884;406;418 ~~~~~~~~~~~~~~~~~~~~~~~~~~ 02-15
16111521;16012098t;14265858;02070600413;27112019;09061814;047;374;612 ~~~~~~~~~~~~~~~~~~~~~~~~~~~~~~~~~~ 02-16
17111521;17012098t;15265858;03070600413;28112019;10061814;048;450;854 ~~~~~~~~~~~~~~~~~~~~~~~~~~~~~~~~~~ 02-17
18111521;18012098t;16265858;04070600413;29112019;11061814;049;854;612 ~~~~~~~~~~~~~~~~~~~~~~~~~~~~~~~~~~ 02-18
19111521;19012098t;17265858;05070600413;30112019;12061814;050 ~~~~~~~~~~~~~~~~~~~~~~~~~~~~~~~~~~~~~~~~~~ 02-19
20111521;20012098t;18265858;06070600413;01122019;13061814;051;644;612 ~~~~~~~~~~~~~~~~~~~~~~~~~~~~~~~~~~ 02-20
21111521;21012098t;19265858;07070600413;02122019;14061814;052;645 ~~~~~~~~~~~~~~~~~~~~~~~~~~~~~~~~~~~~~~ 02-21
22111521;22012098t;20265858;08070600413;03122019;15061814;053;398;612 ~~~~~~~~~~~~~~~~~~~~~~~~~~~~~~~~~~ 02-22
23111521;23012098t;21265858;09070600413;04122019;16061814;054 ~~~~~~~~~~~~~~~~~~~~~~~~~~~~~~~~~~~~~~~~~~ 02-23
24111521;24012098t;22265858;10070600413;05122019;17061814;055;433;409;612 ~~~~~~~~~~~~~~~~~~~~~~~~~~~~~~ 02-24
25111521;25012098t;23265858;11070600413;06122019;18061814;056;646;436;406 ~~~~~~~~~~~~~~~~~~~~~~~~~~~~~~ 02-25
26111521;26012098t;24265858;12070600413;07122019;19061814;057;943;612 ~~~~~~~~~~~~~~~~~~~~~~~~~~~~~~~~~~ 02-26
27111521;27012098t;25265858;13070600413;08122019;20061814;058;647;648;513;412 ~~~~~~~~~~~~~~~~~~~~~~~~~~ 02-27
28111521;28012098t;26265858;14070600413;09122019;21061814;059;649;650;612 ~~~~~~~~~~~~~~~~~~~~~~~~~~~~~~ 02-28
29111521;29012098t;27265858;18070600413;10122019;22061814;061;637;453;886 ~~~~~~~~~~~~~~~~~~~~~~~~~~~~~~ 03-01
30111521;30012098t;28265858;19070600413;11122019;23061814;062;655;380;811;406;613 ~~~~~~~~~~~~~~~~~~~~~~ 03-02
01121521;01022098t;29265858;00080600413;12122019;24061814;063;928 ~~~~~~~~~~~~~~~~~~~~~~~~~~~~~~~~~~~~~~ 03-03
02121521;02022098t;30265858;01080600413;13122019;25061814;064;443;399;613 ~~~~~~~~~~~~~~~~~~~~~~~~~~~~~~ 03-04
03121521;03022098t;01275858;02080600413;14122019;26061814;065;444 ~~~~~~~~~~~~~~~~~~~~~~~~~~~~~~~~~~~~~~ 03-05
04121521;04022098t;02275858;03080600413;15122019;27061814;066;653;613 ~~~~~~~~~~~~~~~~~~~~~~~~~~~~~~~~~~ 03-06
05121521;05022098t;03275858;04080600413;16122019;28061814;067;596;654;400;613 ~~~~~~~~~~~~~~~~~~~~~~~~~~ 03-07
06121521;06022098t;04275858;05080600413;17122019;29061814;068;613 ~~~~~~~~~~~~~~~~~~~~~~~~~~~~~~~~~~~~~~ 03-08
07121521;07022098t;05275858;06080600413;18122019;30061814;069;613 ~~~~~~~~~~~~~~~~~~~~~~~~~~~~~~~~~~~~~~ 03-09
08121521;08022098t;06275858;07080600413;19122019;01071814;070;397;400;613 ~~~~~~~~~~~~~~~~~~~~~~~~~~~~~~ 03-10
09121521;09022098t;07275858;08080600413;20122019;02071814;071;836;501;613 ~~~~~~~~~~~~~~~~~~~~~~~~~~~~~~ 03-11
10121521;10022098t;08275858;09080600413;21122019;03071814;072;500;406;613 ~~~~~~~~~~~~~~~~~~~~~~~~~~~~~~ 03-12
11121521;11022098t;09275858;10080600413;22122019;04071814;073;656;517;500;400 ~~~~~~~~~~~~~~~~~~~~~~~~~~ 03-13
12121521;12022098t;10275858;11080600413;23122019;05071814;074;514;613 ~~~~~~~~~~~~~~~~~~~~~~~~~~~~~~~~~~ 03-14
13121521;13022098t;11275858;12080600413;24122019;06071814;075;500;613 ~~~~~~~~~~~~~~~~~~~~~~~~~~~~~~~~~~ 03-15
14121521;14022098t;12275858;13080600413;25122019;07071814;076;544;623;500;613 ~~~~~~~~~~~~~~~~~~~~~~~~~~ 03-16
15121521;15022098t;13275858;14080600413;26122019;08071814;077;383;598;906;406 ~~~~~~~~~~~~~~~~~~~~~~~~~~ 03-17
16121521;16022098t;14275858;15080600413;27122019;09071814;078;657;562;861;519;613 ~~~~~~~~~~~~~~~~~~~~~~ 03-18
17121521;17022098t;15275858;16080600413;28122019;10071814;079;562;466;613 ~~~~~~~~~~~~~~~~~~~~~~~~~~~~~~ 03-19
18121521;18022098t;16275858;17080600413;29122019;11071814;080;658;562;424;841;412;613 ~~~~~~~~~~~~~~~~~~ 03-20
19121521;19022098t;17275858;18080600413;30122019;12071814;081;459;613 ~~~~~~~~~~~~~~~~~~~~~~~~~~~~~~~~~~ 03-21
20121521;20022098t;18275858;19080600413;01012020;13071814;082;851;406;613 ~~~~~~~~~~~~~~~~~~~~~~~~~~~~~~ 03-22
21121521;21022098t;19275858;00090600413;02012020;14071814;083;613 ~~~~~~~~~~~~~~~~~~~~~~~~~~~~~~~~~~~~~~ 03-23
22121521;22022098t;20275858;01090600413;03012020;15071814;084;398;533;924;613 ~~~~~~~~~~~~~~~~~~~~~~~~~~ 03-24
23121521;23022098t;21275858;02090600413;04012020;16071814;085;659;400;613 ~~~~~~~~~~~~~~~~~~~~~~~~~~~~~~ 03-25
24121521;24022098t;22275858;03090600413;05012020;17071814;086;660;513;842;613 ~~~~~~~~~~~~~~~~~~~~~~~~~~ 03-26
25121521;25022098t;23275858;04090600413;06012020;18071814;087;401 ~~~~~~~~~~~~~~~~~~~~~~~~~~~~~~~~~~~~~~ 03-27
26121521;26022098t;24275858;05090600413;07012020;19071814;088;900;613 ~~~~~~~~~~~~~~~~~~~~~~~~~~~~~~~~~~ 03-28
27121521;27022098t;25275858;06090600413;08012020;20071814;089;652 ~~~~~~~~~~~~~~~~~~~~~~~~~~~~~~~~~~~~~~ 03-29
28121521;28022098t;26275858;07090600413;09012020;21071814;090;852;613 ~~~~~~~~~~~~~~~~~~~~~~~~~~~~~~~~~~ 03-30
29121521;29022098t;27275858;08090600413;10012020;22071814;091 ~~~~~~~~~~~~~~~~~~~~~~~~~~~~~~~~~~~~~~~~~~ 03-31
30121521;30022098t;28275858;09090600413;11012020;23071814;092;380;952;406;418;614 ~~~~~~~~~~~~~~~~~~~~~~ 04-01
01011522;01032098t;29275858;10090600413;12012020;24071814;093;663;538;559;929;935;495 ~~~~~~~~~~~~~~~~~~ 04-02
02011522;02032098t;01285858;11090600413;13012020;25071814;094;614 ~~~~~~~~~~~~~~~~~~~~~~~~~~~~~~~~~~~~~~ 04-03
03011522;03032098t;02285858;12090600413;14012020;26071814;095;555;577;571;614 ~~~~~~~~~~~~~~~~~~~~~~~~~~ 04-04
04011522;04032098t;03285858;13090600413;15012020;27071814;096;637;661;830;614 ~~~~~~~~~~~~~~~~~~~~~~~~~~ 04-05
05011522;05032098t;04285858;14090600413;16012020;28071814;097;662;614 ~~~~~~~~~~~~~~~~~~~~~~~~~~~~~~~~~~ 04-06
06011522;06032098t;05285858;15090600413;17012020;29071814;098;651;410;945;614 ~~~~~~~~~~~~~~~~~~~~~~~~~~ 04-07
07011522;07032098t;06285858;16090600413;18012020;30071814;099;397;651 ~~~~~~~~~~~~~~~~~~~~~~~~~~~~~~~~~~ 04-08
08011522;08032098t;07285858;17090600413;19012020;01081814;100;432;651;614 ~~~~~~~~~~~~~~~~~~~~~~~~~~~~~~ 04-09
09011522;09032098t;08285858;18090600413;20012020;02081814;101;437;576;651;933 ~~~~~~~~~~~~~~~~~~~~~~~~~~ 04-10
10011522;10032098t;09285858;19090600413;21012020;03081814;102;514;877;498;651;406;614 ~~~~~~~~~~~~~~~~~~ 04-11
11011522;11032098t;10285858;00100600413;22012020;04081814;103;554;375;496;651 ~~~~~~~~~~~~~~~~~~~~~~~~~~ 04-12
12011522;12032098t;11285858;01100600413;23012020;05081814;104;493;614 ~~~~~~~~~~~~~~~~~~~~~~~~~~~~~~~~~~ 04-13
13011522;13032098t;12285858;02100600413;24012020;06081814;105;496 ~~~~~~~~~~~~~~~~~~~~~~~~~~~~~~~~~~~~~~ 04-14
14011522;14032098t;13285858;03100600413;25012020;07081814;106;384;539;541;575;949;614 ~~~~~~~~~~~~~~~~~~ 04-15
15011522;15032098t;14285858;04100600413;26012020;08081814;107;406 ~~~~~~~~~~~~~~~~~~~~~~~~~~~~~~~~~~~~~~ 04-16
16011522;16032098t;15285858;05100600413;27012020;09081814;108;631;664;515;412;614 ~~~~~~~~~~~~~~~~~~~~~~ 04-17
17011522;17032098t;16285858;06100600413;28012020;10081814;109;445;665;496;614 ~~~~~~~~~~~~~~~~~~~~~~~~~~ 04-18
18011522;18032098t;17285858;07100600413;29012020;11081814;110;446;666;418;614 ~~~~~~~~~~~~~~~~~~~~~~~~~~ 04-19
19011522;19032098t;18285858;08100600413;30012020;12081814;111;447 ~~~~~~~~~~~~~~~~~~~~~~~~~~~~~~~~~~~~~~ 04-20
20011522;20032098t;19285858;09100600413;01022020;13081814;112;448;794;614 ~~~~~~~~~~~~~~~~~~~~~~~~~~~~~~ 04-21
21011522;21032098t;20285858;10100600413;02022020;14081814;113;496;614 ~~~~~~~~~~~~~~~~~~~~~~~~~~~~~~~~~~ 04-22
22011522;22032098t;21285858;11100600413;03022020;15081814;114;398;513;614 ~~~~~~~~~~~~~~~~~~~~~~~~~~~~~~ 04-23
23011522;23032098t;22285858;12100600413;04022020;16081814;115;667;496;614 ~~~~~~~~~~~~~~~~~~~~~~~~~~~~~~ 04-24
24011522;24032098t;23285858;13100600413;05022020;17081814;116;671;614 ~~~~~~~~~~~~~~~~~~~~~~~~~~~~~~~~~~ 04-25
25011522;25032098t;24285858;14100600413;06022020;18081814;117;668;824;863;406;496 ~~~~~~~~~~~~~~~~~~~~~~ 04-26
26011522;26032098t;25285858;15100600413;07022020;19081814;118;669;939;624;614 ~~~~~~~~~~~~~~~~~~~~~~~~~~ 04-27
27011522;27032098t;26285858;16100600413;08022020;20081814;119;526;624;418;614 ~~~~~~~~~~~~~~~~~~~~~~~~~~ 04-28
28011522;28032098t;27285858;17100600413;09022020;21081814;120;624;614 ~~~~~~~~~~~~~~~~~~~~~~~~~~~~~~~~~~ 04-29
29011522;29032098t;28285858;18100600413;10022020;22081814;121;670;624;496 ~~~~~~~~~~~~~~~~~~~~~~~~~~~~~~ 04-30
30011522;01042098t;29285858;19100600413;11022020;23081814;122;677;380;497;624;406;412;615 ~~~~~~~~~~~~~~ 05-01
01021522;02042098t;30285858;00110600413;12022020;24081814;123;679;624 ~~~~~~~~~~~~~~~~~~~~~~~~~~~~~~~~~~ 05-02
02021522;03042098t;01295858;01110600413;13022020;25081814;124;637;672;510;902;624;615 ~~~~~~~~~~~~~~~~~~ 05-03
03021522;04042098t;02295858;02110600413;14022020;26081814;125;673;375 ~~~~~~~~~~~~~~~~~~~~~~~~~~~~~~~~~~ 05-04
04021522;05042098t;03295858;03110600413;15022020;27081814;126;674;793;615 ~~~~~~~~~~~~~~~~~~~~~~~~~~~~~~ 05-05
05021522;06042098t;04295858;04110600413;16022020;28081814;127;675;514;528;406 ~~~~~~~~~~~~~~~~~~~~~~~~~~ 05-06
06021522;07042098t;05295858;05110600413;17022020;29081814;128;676;397;553;868;529;418;615 ~~~~~~~~~~~~~~ 05-07
07021522;08042098t;06295858;06110600413;18022020;30081814;129;412 ~~~~~~~~~~~~~~~~~~~~~~~~~~~~~~~~~~~~~~ 05-08
08021522;09042098t;07295858;07110600413;19022020;01091814;130;678;927;615 ~~~~~~~~~~~~~~~~~~~~~~~~~~~~~~ 05-09
09021522;10042098t;08295858;08110600413;20022020;02091814;131;681;680 ~~~~~~~~~~~~~~~~~~~~~~~~~~~~~~~~~~ 05-10
10021522;11042098t;09295858;09110600413;21022020;03091814;132;451;889;406;615 ~~~~~~~~~~~~~~~~~~~~~~~~~~ 05-11
11021522;12042098t;10295858;10110600413;22022020;04091814;133;682 ~~~~~~~~~~~~~~~~~~~~~~~~~~~~~~~~~~~~~~ 05-12
12021522;13042098t;11295858;11110600413;23022020;05091814;134;894;615 ~~~~~~~~~~~~~~~~~~~~~~~~~~~~~~~~~~ 05-13
13021522;14042098t;12295858;12110600413;24022020;06091814;135;683 ~~~~~~~~~~~~~~~~~~~~~~~~~~~~~~~~~~~~~~ 05-14
14021522;15042098t;13295858;13110600413;25022020;07091814;136;797;385;537;832;937;615 ~~~~~~~~~~~~~~~~~~ 05-15
15021522;16042098t;14295858;14110600413;26022020;08091814;137;686;892;573;406 ~~~~~~~~~~~~~~~~~~~~~~~~~~ 05-16
16021522;17042098t;15295858;15110600413;27022020;09091814;138;687;573;615 ~~~~~~~~~~~~~~~~~~~~~~~~~~~~~~ 05-17
17021522;18042098t;16295858;16110600413;28022020;10091814;139;684;573 ~~~~~~~~~~~~~~~~~~~~~~~~~~~~~~~~~~ 05-18
18021522;19042098t;17295858;17110600413;29022020;11091814;140;789;615 ~~~~~~~~~~~~~~~~~~~~~~~~~~~~~~~~~~ 05-19
19021522;20042098t;18295858;18110600413;30022020;12091814;141;419;518 ~~~~~~~~~~~~~~~~~~~~~~~~~~~~~~~~~~ 05-20
20021522;21042098t;19295858;19110600413;31022020;13091814;142;685;513;844;615 ~~~~~~~~~~~~~~~~~~~~~~~~~~ 05-21
21021522;22042098t;20295858;00120600413;01032020;14091814;143;412 ~~~~~~~~~~~~~~~~~~~~~~~~~~~~~~~~~~~~~~ 05-22
22021522;23042098t;21295858;01120600413;02032020;15091814;144;689;798;398;433;615 ~~~~~~~~~~~~~~~~~~~~~~ 05-23
23021522;24042098t;22295858;02120600413;03032020;16091814;145;439 ~~~~~~~~~~~~~~~~~~~~~~~~~~~~~~~~~~~~~~ 05-24
24021522;25042098t;23295858;03120600413;04032020;17091814;146;439;615 ~~~~~~~~~~~~~~~~~~~~~~~~~~~~~~~~~~ 05-25
25021522;26042098t;24295858;04120600413;05032020;18091814;147;438;413;530;406 ~~~~~~~~~~~~~~~~~~~~~~~~~~ 05-26
26021522;27042098t;25295858;05120600413;06032020;19091814;148;615 ~~~~~~~~~~~~~~~~~~~~~~~~~~~~~~~~~~~~~~ 05-27
27021522;28042098t;26295858;06120600413;07032020;20091814;149;688 ~~~~~~~~~~~~~~~~~~~~~~~~~~~~~~~~~~~~~~ 05-28
28021522;29042098t;27295858;07120600413;08032020;21091814;150;494;615 ~~~~~~~~~~~~~~~~~~~~~~~~~~~~~~~~~~ 05-29
29021522;30042098t;28295858;08120600413;09032020;22091814;151;380;921;942 ~~~~~~~~~~~~~~~~~~~~~~~~~~~~~~ 05-30
01031522;01052098t;29295858;09120600413;10032020;23091814;152;406;615 ~~~~~~~~~~~~~~~~~~~~~~~~~~~~~~~~~~ 05-31
02031522;02052098t;01305858;10120600413;11032020;24091814;153;690 ~~~~~~~~~~~~~~~~~~~~~~~~~~~~~~~~~~~~~~ 06-01
03031522;03052098t;02305858;11120600413;12032020;25091814;154;694;514;616 ~~~~~~~~~~~~~~~~~~~~~~~~~~~~~~ 06-02
04031522;04052098t;03305858;12120600413;13032020;26091814;155;616 ~~~~~~~~~~~~~~~~~~~~~~~~~~~~~~~~~~~~~~ 06-03
05031522;05052098t;04305858;13120600413;14032020;27091814;156;691;564;616 ~~~~~~~~~~~~~~~~~~~~~~~~~~~~~~ 06-04
06031522;06052098t;05305858;14120600413;15032020;28091814;157;616 ~~~~~~~~~~~~~~~~~~~~~~~~~~~~~~~~~~~~~~ 06-05
07031522;07052098t;06305858;15120600413;16032020;29091814;158;692;397;522;375;616 ~~~~~~~~~~~~~~~~~~~~~~ 06-06
08031522;08052098t;07305858;16120600413;17032020;30091814;159;637;693;616 ~~~~~~~~~~~~~~~~~~~~~~~~~~~~~~ 06-07
09031522;09052098t;08305858;17120600413;18032020;01101814;160;449;695;552;616 ~~~~~~~~~~~~~~~~~~~~~~~~~~ 06-08
10031522;10052098t;09305858;18120600413;19032020;02101814;161;896;616 ~~~~~~~~~~~~~~~~~~~~~~~~~~~~~~~~~~ 06-09
11031522;11052098t;10305858;19120600413;20032020;03101814;162;696;406;616 ~~~~~~~~~~~~~~~~~~~~~~~~~~~~~~ 06-10
12031522;12052098t;11305858;00130600413;21032020;04101814;163;511;569;616 ~~~~~~~~~~~~~~~~~~~~~~~~~~~~~~ 06-11
13031522;13052098t;12305858;01130600413;22032020;05101814;164;569;843;616 ~~~~~~~~~~~~~~~~~~~~~~~~~~~~~~ 06-12
14031522;14052098t;13305858;02130600413;23032020;06101814;165;699;386;874;941;616 ~~~~~~~~~~~~~~~~~~~~~~ 06-13
15031522;15052098t;14305858;03130600413;24032020;07101814;166;697;799;616 ~~~~~~~~~~~~~~~~~~~~~~~~~~~~~~ 06-14
16031522;16052098t;15305858;04130600413;25032020;08101814;167;452;452;406;616 ~~~~~~~~~~~~~~~~~~~~~~~~~~ 06-15
17031522;17052098t;16305858;05130600413;26032020;09101814;168;511;616 ~~~~~~~~~~~~~~~~~~~~~~~~~~~~~~~~~~ 06-16
18031522;18052098t;17305858;06130600413;27032020;10101814;169;375 ~~~~~~~~~~~~~~~~~~~~~~~~~~~~~~~~~~~~~~ 06-17
19031522;19052098t;18305858;07130600413;28032020;11101814;170;513;863;616 ~~~~~~~~~~~~~~~~~~~~~~~~~~~~~~ 06-18
20031522;20052098t;19305858;08130600413;29032020;12101814;171;698;820;616 ~~~~~~~~~~~~~~~~~~~~~~~~~~~~~~ 06-19
21031522;21052098t;20305858;09130600413;30032020;13101814;172;701;460;700;406;843;616 ~~~~~~~~~~~~~~~~~~ 06-20
22031522;22052098t;21305858;10130600413;31032020;14101814;173;398;425;616 ~~~~~~~~~~~~~~~~~~~~~~~~~~~~~~ 06-21
23031522;23052098t;22305858;11130600413;01042020;15101814;174;436;461;616 ~~~~~~~~~~~~~~~~~~~~~~~~~~~~~~ 06-22
24031522;24052098t;23305858;12130600413;02042020;16101814;175;616 ~~~~~~~~~~~~~~~~~~~~~~~~~~~~~~~~~~~~~~ 06-23
25031522;25052098t;24305858;13130600413;03042020;17101814;176;843;616 ~~~~~~~~~~~~~~~~~~~~~~~~~~~~~~~~~~ 06-24
26031522;26052098t;25305858;14130600413;04042020;18101814;177;704;946 ~~~~~~~~~~~~~~~~~~~~~~~~~~~~~~~~~~ 06-25
27031522;27052098t;26305858;15130600413;05042020;19101814;178;376;616 ~~~~~~~~~~~~~~~~~~~~~~~~~~~~~~~~~~ 06-26
28031522;28052098t;27305858;16130600413;06042020;20101814;179;703;616 ~~~~~~~~~~~~~~~~~~~~~~~~~~~~~~~~~~ 06-27
29031522;29052098t;28305858;17130600413;07042020;21101814;180;702;380;831;616 ~~~~~~~~~~~~~~~~~~~~~~~~~~ 06-28
30031522;01062098t;29305858;18130600413;08042020;22101814;181;795;616 ~~~~~~~~~~~~~~~~~~~~~~~~~~~~~~~~~~ 06-29
01041522;02062098t;30305858;19130600413;09042020;23101814;182;514;870;616 ~~~~~~~~~~~~~~~~~~~~~~~~~~~~~~ 06-30
02041522;03062098t;01315858;00140600413;10042020;24101814;183 ~~~~~~~~~~~~~~~~~~~~~~~~~~~~~~~~~~~~~~~~~~ 07-01
03041522;04062098t;02315858;01140600413;11042020;25101814;184;617 ~~~~~~~~~~~~~~~~~~~~~~~~~~~~~~~~~~~~~~ 07-02
04041522;05062098t;03315858;02140600413;12042020;26101814;185;820 ~~~~~~~~~~~~~~~~~~~~~~~~~~~~~~~~~~~~~~ 07-03
05041522;06062098t;04315858;03140600413;13042020;27101814;186;373;565;617 ~~~~~~~~~~~~~~~~~~~~~~~~~~~~~~ 07-04
06041522;07062098t;05315858;04140600413;14042020;28101814;187;637;705;840;397;565 ~~~~~~~~~~~~~~~~~~~~~~ 07-05
07041522;08062098t;06315858;05140600413;15042020;29101814;188;399;432;617 ~~~~~~~~~~~~~~~~~~~~~~~~~~~~~~ 07-06
08041522;09062098t;07315858;06140600413;16042020;30101814;189 ~~~~~~~~~~~~~~~~~~~~~~~~~~~~~~~~~~~~~~~~~~ 07-07
09041522;10062098t;08315858;07140600413;17042020;01111814;190;617 ~~~~~~~~~~~~~~~~~~~~~~~~~~~~~~~~~~~~~~ 07-08
10041522;11062098t;09315858;08140600413;18042020;02111814;191;546;617 ~~~~~~~~~~~~~~~~~~~~~~~~~~~~~~~~~~ 07-09
11041522;12062098t;10315858;09140600413;19042020;03111814;192;406;617 ~~~~~~~~~~~~~~~~~~~~~~~~~~~~~~~~~~ 07-10
12041522;13062098t;11315858;10140600413;20042020;04111814;193 ~~~~~~~~~~~~~~~~~~~~~~~~~~~~~~~~~~~~~~~~~~ 07-11
13041522;14062098t;12315858;11140600413;21042020;05111814;194;706;400;617 ~~~~~~~~~~~~~~~~~~~~~~~~~~~~~~ 07-12
14041522;15062098t;13315858;12140600413;22042020;06111814;195;387;531;561 ~~~~~~~~~~~~~~~~~~~~~~~~~~~~~~ 07-13
15041522;16062098t;14315858;13140600413;23042020;07111814;196;707;617 ~~~~~~~~~~~~~~~~~~~~~~~~~~~~~~~~~~ 07-14
16041522;17062098t;15315858;14140600413;24042020;08111814;197;513;406;617 ~~~~~~~~~~~~~~~~~~~~~~~~~~~~~~ 07-15
17041522;18062098t;16315858;15140600413;25042020;09111814;198;711;617 ~~~~~~~~~~~~~~~~~~~~~~~~~~~~~~~~~~ 07-16
18041522;19062098t;17315858;16140600413;26042020;10111814;199;631;833 ~~~~~~~~~~~~~~~~~~~~~~~~~~~~~~~~~~ 07-17
19041522;20062098t;18315858;17140600413;27042020;11111814;200;617 ~~~~~~~~~~~~~~~~~~~~~~~~~~~~~~~~~~~~~~ 07-18
20041522;21062098t;19315858;18140600413;28042020;12111814;201;708 ~~~~~~~~~~~~~~~~~~~~~~~~~~~~~~~~~~~~~~ 07-19
21041522;22062098t;20315858;19140600413;29042020;13111814;202;709;406;617 ~~~~~~~~~~~~~~~~~~~~~~~~~~~~~~ 07-20
22041522;23062098t;21315858;00150600413;30042020;14111814;203;710;398;400;617 ~~~~~~~~~~~~~~~~~~~~~~~~~~ 07-21
23041522;24062098t;22315858;01150600413;31042020;15111814;204;414;617 ~~~~~~~~~~~~~~~~~~~~~~~~~~~~~~~~~~ 07-22
24041522;25062098t;23315858;02150600413;01052020;16111814;205;617 ~~~~~~~~~~~~~~~~~~~~~~~~~~~~~~~~~~~~~~ 07-23
25041522;26062098t;24315858;03150600413;02052020;17111814;206;712;866;878;400;617 ~~~~~~~~~~~~~~~~~~~~~~ 07-24
26041522;27062098t;25315858;04150600413;03052020;18111814;207;716;406 ~~~~~~~~~~~~~~~~~~~~~~~~~~~~~~~~~~ 07-25
27041522;28062098t;26315858;05150600413;04052020;19111814;208;713;617 ~~~~~~~~~~~~~~~~~~~~~~~~~~~~~~~~~~ 07-26
28041522;29062098t;27315858;06150600413;05052020;20111814;209;714;617 ~~~~~~~~~~~~~~~~~~~~~~~~~~~~~~~~~~ 07-27
29041522;01072098t;28315858;07150600413;06052020;21111814;210;380;514;928;617 ~~~~~~~~~~~~~~~~~~~~~~~~~~ 07-28
01051522;02072098t;29315858;08150600413;07052020;22111814;211 ~~~~~~~~~~~~~~~~~~~~~~~~~~~~~~~~~~~~~~~~~~ 07-29
02051522;03072098t;01325858;09150600413;08052020;23111814;212;401;579;617 ~~~~~~~~~~~~~~~~~~~~~~~~~~~~~~ 07-30
03051522;04072098t;02325858;10150600413;09052020;24111814;213;715 ~~~~~~~~~~~~~~~~~~~~~~~~~~~~~~~~~~~~~~ 07-31
04051522;05072098t;03325858;11150600413;10052020;25111814;214;719;891;618 ~~~~~~~~~~~~~~~~~~~~~~~~~~~~~~ 08-01
05051522;06072098t;04325858;12150600413;11052020;26111814;215;637;720 ~~~~~~~~~~~~~~~~~~~~~~~~~~~~~~~~~~ 08-02
06051522;07072098t;05325858;13150600413;12052020;27111814;216;717;397;572;618 ~~~~~~~~~~~~~~~~~~~~~~~~~~ 08-03
07051522;08072098t;06325858;14150600413;13052020;28111814;217 ~~~~~~~~~~~~~~~~~~~~~~~~~~~~~~~~~~~~~~~~~~ 08-04
08051522;09072098t;07325858;15150600413;14052020;29111814;218;718;618 ~~~~~~~~~~~~~~~~~~~~~~~~~~~~~~~~~~ 08-05
09051522;10072098t;08325858;16150600413;15052020;30111814;219 ~~~~~~~~~~~~~~~~~~~~~~~~~~~~~~~~~~~~~~~~~~ 08-06
10051522;11072098t;09325858;17150600413;16052020;01121814;220;835;926;415;618 ~~~~~~~~~~~~~~~~~~~~~~~~~~ 08-07
11051522;12072098t;10325858;18150600413;17052020;02121814;221;437;938 ~~~~~~~~~~~~~~~~~~~~~~~~~~~~~~~~~~ 08-08
12051522;13072098t;11325858;19150600413;18052020;03121814;222;723;406;618 ~~~~~~~~~~~~~~~~~~~~~~~~~~~~~~ 08-09
13051522;14072098t;12325858;00160600413;19052020;04121814;223;721;567 ~~~~~~~~~~~~~~~~~~~~~~~~~~~~~~~~~~ 08-10
14051522;15072098t;13325858;01160600413;20052020;05121814;224;388;513;556;909;910;925;567;618 ~~~~~~~~~~ 08-11
15051522;16072098t;14325858;02160600413;21052020;06121814;225 ~~~~~~~~~~~~~~~~~~~~~~~~~~~~~~~~~~~~~~~~~~ 08-12
16051522;17072098t;15325858;03160600413;22052020;07121814;226;722;378;618 ~~~~~~~~~~~~~~~~~~~~~~~~~~~~~~ 08-13
17051522;18072098t;16325858;04160600413;23052020;08121814;227;406 ~~~~~~~~~~~~~~~~~~~~~~~~~~~~~~~~~~~~~~ 08-14
18051522;19072098t;17325858;05160600413;24052020;09121814;228;875;415;618 ~~~~~~~~~~~~~~~~~~~~~~~~~~~~~~ 08-15
19051522;20072098t;18325858;06160600413;25052020;10121814;229;724 ~~~~~~~~~~~~~~~~~~~~~~~~~~~~~~~~~~~~~~ 08-16
20051522;21072098t;19325858;07160600413;26052020;11121814;230;618 ~~~~~~~~~~~~~~~~~~~~~~~~~~~~~~~~~~~~~~ 08-17
21051522;22072098t;20325858;08160600413;27052020;12121814;231 ~~~~~~~~~~~~~~~~~~~~~~~~~~~~~~~~~~~~~~~~~~ 08-18
22051522;23072098t;21325858;09160600413;28052020;13121814;232;398;433;872;618 ~~~~~~~~~~~~~~~~~~~~~~~~~~ 08-19
23051522;24072098t;22325858;10160600413;29052020;14121814;233;871 ~~~~~~~~~~~~~~~~~~~~~~~~~~~~~~~~~~~~~~ 08-20
24051522;25072098t;23325858;11160600413;30052020;15121814;234;618 ~~~~~~~~~~~~~~~~~~~~~~~~~~~~~~~~~~~~~~ 08-21
25051522;26072098t;24325858;12160600413;31052020;16121814;235;427 ~~~~~~~~~~~~~~~~~~~~~~~~~~~~~~~~~~~~~~ 08-22
26051522;27072098t;25325858;13160600413;01062020;17121814;236;503;618 ~~~~~~~~~~~~~~~~~~~~~~~~~~~~~~~~~~ 08-23
27051522;28072098t;26325858;14160600413;02062020;18121814;237;428;855 ~~~~~~~~~~~~~~~~~~~~~~~~~~~~~~~~~~ 08-24
28051522;29072098t;27325858;15160600413;03062020;19121814;238;796;618 ~~~~~~~~~~~~~~~~~~~~~~~~~~~~~~~~~~ 08-25
29051522;01082098t;28325858;16160600413;04062020;20121814;239;594;380;514 ~~~~~~~~~~~~~~~~~~~~~~~~~~~~~~ 08-26
30051522;02082098t;29325858;17160600413;05062020;21121814;240;595;864;618 ~~~~~~~~~~~~~~~~~~~~~~~~~~~~~~ 08-27
01061522;03082098t;30325858;18160600413;06062020;22121814;241 ~~~~~~~~~~~~~~~~~~~~~~~~~~~~~~~~~~~~~~~~~~ 08-28
02061522;04082098t;01335858;19160600413;07062020;23121814;242;596;550;597;406;618 ~~~~~~~~~~~~~~~~~~~~~~ 08-29
03061522;05082098t;02335858;00170600413;08062020;24121814;243;429;725;856;915 ~~~~~~~~~~~~~~~~~~~~~~~~~~ 08-30
04061522;06082098t;03335858;01170600413;09062020;25121814;244;430;725;865;415;618 ~~~~~~~~~~~~~~~~~~~~~~ 08-31
05061522;07082098t;04335858;02170600413;10062020;26121814;245;434 ~~~~~~~~~~~~~~~~~~~~~~~~~~~~~~~~~~~~~~ 09-01
06061522;08082098t;05335858;03170600413;11062020;27121814;246;435;397;908;619 ~~~~~~~~~~~~~~~~~~~~~~~~~~ 09-02
07061522;09082098t;06335858;04170600413;12062020;28121814;247 ~~~~~~~~~~~~~~~~~~~~~~~~~~~~~~~~~~~~~~~~~~ 09-03
08061522;10082098t;07335858;05170600413;13062020;29121814;248;619 ~~~~~~~~~~~~~~~~~~~~~~~~~~~~~~~~~~~~~~ 09-04
09061522;11082098t;08335858;06170600413;14062020;30121814;249;727;619 ~~~~~~~~~~~~~~~~~~~~~~~~~~~~~~~~~~ 09-05
10061522;12082098t;09335858;07170600413;15062020;01131814;250;637;728;903;619 ~~~~~~~~~~~~~~~~~~~~~~~~~~ 09-06
11061522;13082098t;10335858;08170600413;16062020;02131814;251;455;845;513;897;619 ~~~~~~~~~~~~~~~~~~~~~~ 09-07
12061522;14082098t;11335858;09170600413;17062020;03131814;252;729;846;406;415;619 ~~~~~~~~~~~~~~~~~~~~~~ 09-08
13061522;15082098t;12335858;10170600413;18062020;04131814;253;520;551;570 ~~~~~~~~~~~~~~~~~~~~~~~~~~~~~~ 09-09
14061522;16082098t;13335858;11170600413;19062020;05131814;254;389;534;619 ~~~~~~~~~~~~~~~~~~~~~~~~~~~~~~ 09-10
15061522;17082098t;14335858;12170600413;20062020;01011815;255;730;402;907 ~~~~~~~~~~~~~~~~~~~~~~~~~~~~~~ 09-11
16061522;18082098t;15335858;13170600413;21062020;02011815;256;847;619 ~~~~~~~~~~~~~~~~~~~~~~~~~~~~~~~~~~ 09-12
17061522;19082098t;16335858;14170600413;22062020;03011815;257;726;619 ~~~~~~~~~~~~~~~~~~~~~~~~~~~~~~~~~~ 09-13
18061522;20082098t;17335858;15170600413;23062020;04011815;258;619 ~~~~~~~~~~~~~~~~~~~~~~~~~~~~~~~~~~~~~~ 09-14
19061522;21082098t;18335858;16170600413;24062020;05011815;259;403;619 ~~~~~~~~~~~~~~~~~~~~~~~~~~~~~~~~~~ 09-15
20061522;22082098t;19335858;17170600413;25062020;06011815;260;732;415;619 ~~~~~~~~~~~~~~~~~~~~~~~~~~~~~~ 09-16
21061522;23082098t;20335858;18170600413;26062020;07011815;261;848 ~~~~~~~~~~~~~~~~~~~~~~~~~~~~~~~~~~~~~~ 09-17
22061522;24082098t;21335858;19170600413;27062020;08011815;262;733;398;619 ~~~~~~~~~~~~~~~~~~~~~~~~~~~~~~ 09-18
23061522;25082098t;22335858;00000700413;28062020;09011815;263;734 ~~~~~~~~~~~~~~~~~~~~~~~~~~~~~~~~~~~~~~ 09-19
24061522;26082098t;23335858;01000700413;29062020;10011815;264;735;825;619 ~~~~~~~~~~~~~~~~~~~~~~~~~~~~~~ 09-20
25061522;27082098t;24335858;02000700413;30062020;11011815;265;731;869;462;848 ~~~~~~~~~~~~~~~~~~~~~~~~~~ 09-21
26061522;28082098t;25335858;03000700413;31062020;12011815;266;736;423;619 ~~~~~~~~~~~~~~~~~~~~~~~~~~~~~~ 09-22
27061522;29082098t;26335858;04000700413;01072020;13011815;267;737;514;463;403;619 ~~~~~~~~~~~~~~~~~~~~~~ 09-23
28061522;30082098t;27335858;05000700413;02072020;14011815;268;742;380;920;619 ~~~~~~~~~~~~~~~~~~~~~~~~~~ 09-24
29061522;01092098t;28335858;06000700413;03072020;15011815;269;741;895;929;952;619;574 ~~~~~~~~~~~~~~~~~~ 09-25
01071522;02092098t;29335858;07000700413;04072020;16011815;270;738;521;619 ~~~~~~~~~~~~~~~~~~~~~~~~~~~~~~ 09-26
02071522;03092098t;01015859;08000700413;05072020;17011815;271;739;743;521;403 ~~~~~~~~~~~~~~~~~~~~~~~~~~ 09-27
03071522;04092098t;02015859;09000700413;06072020;18011815;272;740;521;619 ~~~~~~~~~~~~~~~~~~~~~~~~~~~~~~ 09-28
04071522;05092098t;03015859;10000700413;07072020;19011815;273;619;848 ~~~~~~~~~~~~~~~~~~~~~~~~~~~~~~~~~~ 09-29
05071522;06092098t;04015859;11000700413;08072020;20011815;274;853;619 ~~~~~~~~~~~~~~~~~~~~~~~~~~~~~~~~~~ 09-30
06071522;07092098t;05015859;12000700413;09072020;21011815;275;746;790;397;918;853;403 ~~~~~~~~~~~~~~~~~~ 10-01
07071522;08092098t;06015859;13000700413;10072020;22011815;276;747;790;432;548;919;853;415;620 ~~~~~~~~~~ 10-02
08071522;09092098t;07015859;14000700413;11072020;23011815;277;748;790;885;563;406;848 ~~~~~~~~~~~~~~~~~~ 10-03
09071522;10092098t;08015859;15000700413;12072020;24011815;278;637;790;549;560;620 ~~~~~~~~~~~~~~~~~~~~~~ 10-04
10071522;11092098t;09015859;16000700413;13072020;25011815;279;749;790;513;403;620 ~~~~~~~~~~~~~~~~~~~~~~ 10-05
11071522;12092098t;10015859;17000700413;14072020;26011815;280;744;790;899;527;620 ~~~~~~~~~~~~~~~~~~~~~~ 10-06
12071522;13092098t;11015859;18000700413;15072020;27011815;281;745;790;620 ~~~~~~~~~~~~~~~~~~~~~~~~~~~~~~ 10-07
13071522;14092098t;12015859;19000700413;16072020;28011815;282;752;838;406;620 ~~~~~~~~~~~~~~~~~~~~~~~~~~ 10-08
14071522;15092098t;13015859;00010700413;17072020;29011815;283;753;882;922;403;620 ~~~~~~~~~~~~~~~~~~~~~~ 10-09
15071522;16092098t;14015859;01010700413;18072020;30011815;284;391;390;532;541;949;415;620 ~~~~~~~~~~~~~~ 10-10
16071522;17092098t;15015859;02010700413;19072020;01021815;285;754;367;523;620;848 ~~~~~~~~~~~~~~~~~~~~~~ 10-11
17071522;18092098t;16015859;03010700413;20072020;02021815;286;750;368;815;523;620 ~~~~~~~~~~~~~~~~~~~~~~ 10-12
18071522;19092098t;17015859;04010700413;21072020;03021815;287;751;881;523;403;406;620;848 ~~~~~~~~~~~~~~ 10-13
19071522;20092098t;18015859;05010700413;22072020;04021815;288;791;523;620 ~~~~~~~~~~~~~~~~~~~~~~~~~~~~~~ 10-14
20071522;21092098t;19015859;06010700413;23072020;05021815;289;757;523;620 ~~~~~~~~~~~~~~~~~~~~~~~~~~~~~~ 10-15
21071522;22092098t;20015859;07010700413;24072020;06021815;290;631;807;523;620 ~~~~~~~~~~~~~~~~~~~~~~~~~~ 10-16
22071522;23092098t;21015859;08010700413;25072020;07021815;291;398;499;523;403 ~~~~~~~~~~~~~~~~~~~~~~~~~~ 10-17
23071522;24092098t;22015859;09010700413;26072020;08021815;292;758;436;524;406;415;620 ~~~~~~~~~~~~~~~~~~ 10-18
24071522;25092098t;23015859;10010700413;27072020;09021815;293;525 ~~~~~~~~~~~~~~~~~~~~~~~~~~~~~~~~~~~~~~ 10-19
25071522;26092098t;24015859;11010700413;28072020;10021815;294;755;911;784;620 ~~~~~~~~~~~~~~~~~~~~~~~~~~ 10-20
26071522;27092098t;25015859;12010700413;29072020;11021815;295;756;514;558;779;785;620 ~~~~~~~~~~~~~~~~~~ 10-21
27071522;28092098t;26015859;13010700413;30072020;12021815;296;369;780;784;785;509;786;620 ~~~~~~~~~~~~~~ 10-22
28071522;29092098t;27015859;14010700413;01082020;13021815;297;404;781;786;893;787;406 ~~~~~~~~~~~~~~~~~~ 10-23
29071522;01102098t;28015859;15010700413;02082020;14021815;298;380;782;929;952;620 ~~~~~~~~~~~~~~~~~~~~~~ 10-24
30071522;02102098t;29015859;16010700413;03082020;15021815;299;759;371;535;783;787 ~~~~~~~~~~~~~~~~~~~~~~ 10-25
01081522;03102098t;30015859;17010700413;04082020;16021815;300;467;788;620 ~~~~~~~~~~~~~~~~~~~~~~~~~~~~~~ 10-26
02081522;04102098t;01025859;18010700413;05082020;17021815;301;620 ~~~~~~~~~~~~~~~~~~~~~~~~~~~~~~~~~~~~~~ 10-27
03081522;05102098t;02025859;19010700413;06082020;18021815;302;406;620 ~~~~~~~~~~~~~~~~~~~~~~~~~~~~~~~~~~ 10-28
04081522;06102098t;03025859;00020700413;07082020;19021815;303;620 ~~~~~~~~~~~~~~~~~~~~~~~~~~~~~~~~~~~~~~ 10-29
05081522;07102098t;04025859;01020700413;08082020;20021815;304;399;543;620 ~~~~~~~~~~~~~~~~~~~~~~~~~~~~~~ 10-30
06081522;08102098t;05025859;02020700413;09082020;21021815;305;849;397;377 ~~~~~~~~~~~~~~~~~~~~~~~~~~~~~~ 10-31
07081522;09102098t;06025859;03020700413;10082020;22021815;306;637;763;621 ~~~~~~~~~~~~~~~~~~~~~~~~~~~~~~ 11-01
08081522;10102098t;07025859;04020700413;11082020;23021815;307;513;400 ~~~~~~~~~~~~~~~~~~~~~~~~~~~~~~~~~~ 11-02
09081522;11102098t;08025859;05020700413;12082020;24021815;308;760;879;415;621 ~~~~~~~~~~~~~~~~~~~~~~~~~~ 11-03
10081522;12102098t;09025859;06020700413;13082020;25021815;309;850;547 ~~~~~~~~~~~~~~~~~~~~~~~~~~~~~~~~~~ 11-04
11081522;13102098t;10025859;07020700413;14082020;26021815;310;761;934;621 ~~~~~~~~~~~~~~~~~~~~~~~~~~~~~~ 11-05
12081522;14102098t;11025859;08020700413;15082020;27021815;311;762;431;865 ~~~~~~~~~~~~~~~~~~~~~~~~~~~~~~ 11-06
13081522;15102098t;12025859;09020700413;16082020;28021815;312;406;621 ~~~~~~~~~~~~~~~~~~~~~~~~~~~~~~~~~~ 11-07
14081522;16102098t;13025859;10020700413;17082020;29021815;313;392;880;512;400 ~~~~~~~~~~~~~~~~~~~~~~~~~~ 11-08
15081522;17102098t;14025859;11020700413;18082020;30021815;314;621 ~~~~~~~~~~~~~~~~~~~~~~~~~~~~~~~~~~~~~~ 11-09
16081522;18102098t;15025859;12020700413;19082020;01031815;315 ~~~~~~~~~~~~~~~~~~~~~~~~~~~~~~~~~~~~~~~~~~ 11-10
17081522;19102098t;16025859;13020700413;20082020;02031815;316;400;621 ~~~~~~~~~~~~~~~~~~~~~~~~~~~~~~~~~~ 11-11
18081522;20102098t;17025859;14020700413;21082020;03031815;317;406 ~~~~~~~~~~~~~~~~~~~~~~~~~~~~~~~~~~~~~~ 11-12
19081522;21102098t;18025859;15020700413;22082020;04031815;318;764;621 ~~~~~~~~~~~~~~~~~~~~~~~~~~~~~~~~~~ 11-13
20081522;22102098t;19025859;16020700413;23082020;05031815;319;400 ~~~~~~~~~~~~~~~~~~~~~~~~~~~~~~~~~~~~~~ 11-14
21081522;23102098t;20025859;17020700413;24082020;06031815;320;767;398;433;876;621 ~~~~~~~~~~~~~~~~~~~~~~ 11-15
22081522;24102098t;21025859;18020700413;25082020;07031815;321;765;514;835 ~~~~~~~~~~~~~~~~~~~~~~~~~~~~~~ 11-16
23081522;25102098t;22025859;19020700413;26082020;08031815;322;400;621 ~~~~~~~~~~~~~~~~~~~~~~~~~~~~~~~~~~ 11-17
24081522;26102098t;23025859;00030700413;27082020;09031815;323 ~~~~~~~~~~~~~~~~~~~~~~~~~~~~~~~~~~~~~~~~~~ 11-18
25081522;27102098t;24025859;01030700413;28082020;10031815;324;401;936;621 ~~~~~~~~~~~~~~~~~~~~~~~~~~~~~~ 11-19
26081522;28102098t;25025859;02030700413;29082020;11031815;325;766 ~~~~~~~~~~~~~~~~~~~~~~~~~~~~~~~~~~~~~~ 11-20
27081522;29102098t;26025859;03030700413;30082020;12031815;326;596;621 ~~~~~~~~~~~~~~~~~~~~~~~~~~~~~~~~~~ 11-21
28081522;30102098t;27025859;04030700413;01092020;13031815;327;768;380;788;406 ~~~~~~~~~~~~~~~~~~~~~~~~~~ 11-22
29081522;01112098t;28025859;05030700413;02092020;14031815;328;621 ~~~~~~~~~~~~~~~~~~~~~~~~~~~~~~~~~~~~~~ 11-23
01091522;02112098t;29025859;06030700413;03092020;15031815;329;504 ~~~~~~~~~~~~~~~~~~~~~~~~~~~~~~~~~~~~~~ 11-24
02091522;03112098t;01035859;07030700413;04092020;16031815;330;621 ~~~~~~~~~~~~~~~~~~~~~~~~~~~~~~~~~~~~~~ 11-25
03091522;04112098t;02035859;08030700413;05092020;17031815;331;769;505 ~~~~~~~~~~~~~~~~~~~~~~~~~~~~~~~~~~ 11-26
04091522;05112098t;03035859;09030700413;06092020;18031815;332;440;437;406;621 ~~~~~~~~~~~~~~~~~~~~~~~~~~ 11-27
05091522;06112098t;04035859;10030700413;07092020;19031815;333;441;944 ~~~~~~~~~~~~~~~~~~~~~~~~~~~~~~~~~~ 11-28
06091522;07112098t;05035859;11030700413;08092020;20031815;334;770;369;621 ~~~~~~~~~~~~~~~~~~~~~~~~~~~~~~ 11-29
07091522;08112098t;06035859;12030700413;09092020;21031815;335;397;513;589 ~~~~~~~~~~~~~~~~~~~~~~~~~~~~~~ 11-30
08091522;09112098t;07035859;13030700413;10092020;22031815;336;442;622 ~~~~~~~~~~~~~~~~~~~~~~~~~~~~~~~~~~ 12-01
09091522;10112098t;08035859;14030700413;11092020;23031815;337;771;773;406 ~~~~~~~~~~~~~~~~~~~~~~~~~~~~~~ 12-02
10091522;11112098t;09035859;15030700413;12092020;24031815;338;772;370;622 ~~~~~~~~~~~~~~~~~~~~~~~~~~~~~~ 12-03
11091522;12112098t;10035859;16030700413;13092020;25031815;339;557;890 ~~~~~~~~~~~~~~~~~~~~~~~~~~~~~~~~~~ 12-04
12091522;13112098t;11035859;17030700413;14092020;26031815;340;774;622 ~~~~~~~~~~~~~~~~~~~~~~~~~~~~~~~~~~ 12-05
13091522;14112098t;12035859;18030700413;15092020;27031815;341;637;775;505 ~~~~~~~~~~~~~~~~~~~~~~~~~~~~~~ 12-06
14091522;15112098t;13035859;19030700413;16092020;28031815;342;590;406;622 ~~~~~~~~~~~~~~~~~~~~~~~~~~~~~~ 12-07
15091522;16112098t;14035859;00040700413;17092020;29031815;343;395;545;887 ~~~~~~~~~~~~~~~~~~~~~~~~~~~~~~ 12-08
16091522;17112098t;15035859;01040700413;18092020;30031815;344;622 ~~~~~~~~~~~~~~~~~~~~~~~~~~~~~~~~~~~~~~ 12-09
17091522;18112098t;16035859;02040700413;19092020;01041815;345;505 ~~~~~~~~~~~~~~~~~~~~~~~~~~~~~~~~~~~~~~ 12-10
18091522;19112098t;17035859;03040700413;20092020;02041815;346;514;622 ~~~~~~~~~~~~~~~~~~~~~~~~~~~~~~~~~~ 12-11
19091522;20112098t;18035859;04040700413;21092020;03041815;347;867;406 ~~~~~~~~~~~~~~~~~~~~~~~~~~~~~~~~~~ 12-12
20091522;21112098t;19035859;05040700413;22092020;04041815;348;776;622 ~~~~~~~~~~~~~~~~~~~~~~~~~~~~~~~~~~ 12-13
21091522;22112098t;20035859;06040700413;23092020;05041815;349;777;398;591 ~~~~~~~~~~~~~~~~~~~~~~~~~~~~~~ 12-14
22091522;23112098t;21035859;07040700413;24092020;06041815;350;622 ~~~~~~~~~~~~~~~~~~~~~~~~~~~~~~~~~~~~~~ 12-15
23091522;24112098t;22035859;08040700413;25092020;07041815;351;417 ~~~~~~~~~~~~~~~~~~~~~~~~~~~~~~~~~~~~~~ 12-16
24091522;25112098t;23035859;09040700413;26092020;08041815;352;868;622 ~~~~~~~~~~~~~~~~~~~~~~~~~~~~~~~~~~ 12-17
25091522;26112098t;24035859;10040700413;27092020;09041815;353;917;505 ~~~~~~~~~~~~~~~~~~~~~~~~~~~~~~~~~~ 12-18
26091522;27112098t;25035859;11040700413;28092020;10041815;354;596;778;516;622 ~~~~~~~~~~~~~~~~~~~~~~~~~~ 12-19
27091522;28112098t;26035859;12040700413;29092020;11041815;355;371;466;508;516 ~~~~~~~~~~~~~~~~~~~~~~~~~~ 12-20
28091522;29112098t;27035859;13040700413;30092020;12041815;356;592;426;516;622 ~~~~~~~~~~~~~~~~~~~~~~~~~~ 12-21
29091522;01122098t;28035859;14040700413;01102020;13041815;357;380;416;928;465;516;406;505 ~~~~~~~~~~~~~~ 12-22
30091522;02122098t;29035859;15040700413;02102020;14041815;358;506;516;622 ~~~~~~~~~~~~~~~~~~~~~~~~~~~~~~ 12-23
01101522;03122098t;01045859;16040700413;03102020;15041815;359;502;516 ~~~~~~~~~~~~~~~~~~~~~~~~~~~~~~~~~~ 12-24
02101522;04122098t;02045859;17040700413;04102020;16041815;360;516;622 ~~~~~~~~~~~~~~~~~~~~~~~~~~~~~~~~~~ 12-25
03101522;05122098t;03045859;18040700413;05102020;17041815;361;516 ~~~~~~~~~~~~~~~~~~~~~~~~~~~~~~~~~~~~~~ 12-26
04101522;06122098t;04045859;19040700413;06102020;18041815;362;513;622 ~~~~~~~~~~~~~~~~~~~~~~~~~~~~~~~~~~ 12-27
05101522;07122098t;05045859;00050700413;07102020;19041815;363 ~~~~~~~~~~~~~~~~~~~~~~~~~~~~~~~~~~~~~~~~~~ 12-28
06101522;08122098t;06045859;01050700413;08102020;20041815;364;432;622 ~~~~~~~~~~~~~~~~~~~~~~~~~~~~~~~~~~ 12-29
07101522;09122098t;07045859;02050700413;09102020;21041815;365;397 ~~~~~~~~~~~~~~~~~~~~~~~~~~~~~~~~~~~~~~ 12-30
08101522;10122098t;08045859;03050700413;10102020;22041815;366;622 ~~~~~~~~~~~~~~~~~~~~~~~~~~~~~~~~~~~~~~ 12-31
