25101490;27112067O;26245828;00151500213;11101989;22041784;001;917;611 ~~~~~~~~~~~~~~~~~~~~~~~~~~~~~~~~~~ 01-01
26101490;28112067O;27245828;01151500213;12101989;23041784;002 ~~~~~~~~~~~~~~~~~~~~~~~~~~~~~~~~~~~~~~~~~~ 01-02
27101490;29112067O;28245828;02151500213;13101989;24041784;003;411;611 ~~~~~~~~~~~~~~~~~~~~~~~~~~~~~~~~~~ 01-03
28101490;30112067O;29245828;03151500213;14101989;25041784;004;380;372 ~~~~~~~~~~~~~~~~~~~~~~~~~~~~~~~~~~ 01-04
29101490;01122067O;01255828;04151500213;15101989;26041784;005;611 ~~~~~~~~~~~~~~~~~~~~~~~~~~~~~~~~~~~~~~ 01-05
01111490;02122067O;02255828;05151500213;16101989;27041784;006;514 ~~~~~~~~~~~~~~~~~~~~~~~~~~~~~~~~~~~~~~ 01-06
02111490;03122067O;03255828;06151500213;17101989;28041784;007;637;611 ~~~~~~~~~~~~~~~~~~~~~~~~~~~~~~~~~~ 01-07
03111490;04122067O;04255828;07151500213;18101989;29041784;008;627;436 ~~~~~~~~~~~~~~~~~~~~~~~~~~~~~~~~~~ 01-08
04111490;05122067O;05255828;08151500213;19101989;30041784;009;628;611 ~~~~~~~~~~~~~~~~~~~~~~~~~~~~~~~~~~ 01-09
05111490;06122067O;06255828;09151500213;20101989;01051784;010;629 ~~~~~~~~~~~~~~~~~~~~~~~~~~~~~~~~~~~~~~ 01-10
06111490;07122067O;07255828;10151500213;21101989;02051784;011;397;406;611 ~~~~~~~~~~~~~~~~~~~~~~~~~~~~~~ 01-11
07111490;08122067O;08255828;11151500213;22101989;03051784;012 ~~~~~~~~~~~~~~~~~~~~~~~~~~~~~~~~~~~~~~~~~~ 01-12
08111490;09122067O;09255828;12151500213;23101989;04051784;013;596;611 ~~~~~~~~~~~~~~~~~~~~~~~~~~~~~~~~~~ 01-13
09111490;10122067O;10255828;13151500213;24101989;05051784;014;626 ~~~~~~~~~~~~~~~~~~~~~~~~~~~~~~~~~~~~~~ 01-14
10111490;11122067O;11255828;14151500213;25101989;06051784;015;625;399;905;611 ~~~~~~~~~~~~~~~~~~~~~~~~~~ 01-15
11111490;12122067O;12255828;15151500213;26101989;07051784;016;492;406 ~~~~~~~~~~~~~~~~~~~~~~~~~~~~~~~~~~ 01-16
12111490;13122067O;13255828;16151500213;27101989;08051784;017;433;611 ~~~~~~~~~~~~~~~~~~~~~~~~~~~~~~~~~~ 01-17
13111490;14122067O;14255828;17151500213;28101989;09051784;018;400 ~~~~~~~~~~~~~~~~~~~~~~~~~~~~~~~~~~~~~~ 01-18
14111490;15122067O;15255828;18151500213;29101989;10051784;019;631;381;904;611 ~~~~~~~~~~~~~~~~~~~~~~~~~~ 01-19
15111490;16122067O;16255828;19151500213;30101989;11051784;020 ~~~~~~~~~~~~~~~~~~~~~~~~~~~~~~~~~~~~~~~~~~ 01-20
16111490;17122067O;17255828;00161500213;01111989;12051784;021;630;400;611 ~~~~~~~~~~~~~~~~~~~~~~~~~~~~~~ 01-21
17111490;18122067O;18255828;01161500213;02111989;13051784;022;513 ~~~~~~~~~~~~~~~~~~~~~~~~~~~~~~~~~~~~~~ 01-22
18111490;19122067O;19255828;02161500213;03111989;14051784;023;916;611 ~~~~~~~~~~~~~~~~~~~~~~~~~~~~~~~~~~ 01-23
19111490;20122067O;20255828;03161500213;04111989;15051784;024;400;412 ~~~~~~~~~~~~~~~~~~~~~~~~~~~~~~~~~~ 01-24
20111490;21122067O;21255828;04161500213;05111989;16051784;025;632;611 ~~~~~~~~~~~~~~~~~~~~~~~~~~~~~~~~~~ 01-25
21111490;22122067O;22255828;05161500213;06111989;17051784;026;406 ~~~~~~~~~~~~~~~~~~~~~~~~~~~~~~~~~~~~~~ 01-26
22111490;23122067O;23255828;06161500213;07111989;18051784;027;633;398;611 ~~~~~~~~~~~~~~~~~~~~~~~~~~~~~~ 01-27
23111490;24122067O;24255828;07161500213;08111989;19051784;028;634;811 ~~~~~~~~~~~~~~~~~~~~~~~~~~~~~~~~~~ 01-28
24111490;25122067O;25255828;08161500213;09111989;20051784;029;635;611 ~~~~~~~~~~~~~~~~~~~~~~~~~~~~~~~~~~ 01-29
25111490;26122067O;26255828;09161500213;10111989;21051784;030;636;923 ~~~~~~~~~~~~~~~~~~~~~~~~~~~~~~~~~~ 01-30
26111490;27122067O;27255828;10161500213;11111989;22051784;031;554;412;580;611 ~~~~~~~~~~~~~~~~~~~~~~~~~~ 01-31
27111490;28122067O;28255828;10161500213;12111989;23051784;032 ~~~~~~~~~~~~~~~~~~~~~~~~~~~~~~~~~~~~~~~~~~ 02-01
28111490;29122067O;29255828;11161500213;13111989;24051784;033;638;400;612 ~~~~~~~~~~~~~~~~~~~~~~~~~~~~~~ 02-02
29111490;01012068P;30255828;12161500213;14111989;25051784;034;639;380;888;479;490 ~~~~~~~~~~~~~~~~~~~~~~ 02-03
30111490;02012068P;01265828;13161500213;15111989;26051784;035;637;640;514;566;479;490;612 ~~~~~~~~~~~~~~ 02-04
01121490;03012068P;02265828;14161500213;16111989;27051784;036;401;566;406 ~~~~~~~~~~~~~~~~~~~~~~~~~~~~~~ 02-05
02121490;04012068P;03265828;15161500213;17111989;28051784;037;566;612 ~~~~~~~~~~~~~~~~~~~~~~~~~~~~~~~~~~ 02-06
03121490;05012068P;04265828;16161500213;18111989;29051784;038;940;566 ~~~~~~~~~~~~~~~~~~~~~~~~~~~~~~~~~~ 02-07
04121490;06012068P;05265828;17161500213;19111989;30051784;039;612 ~~~~~~~~~~~~~~~~~~~~~~~~~~~~~~~~~~~~~~ 02-08
05121490;07012068P;06265828;18161500213;20111989;01061784;040;642;397;914 ~~~~~~~~~~~~~~~~~~~~~~~~~~~~~~ 02-09
06121490;08012068P;07265828;19161500213;21111989;02061784;041;536;406;612 ~~~~~~~~~~~~~~~~~~~~~~~~~~~~~~ 02-10
07121490;09012068P;08265828;00171500213;22111989;03061784;042;643 ~~~~~~~~~~~~~~~~~~~~~~~~~~~~~~~~~~~~~~ 02-11
08121490;10012068P;09265828;01171500213;23111989;04061784;043;581;612 ~~~~~~~~~~~~~~~~~~~~~~~~~~~~~~~~~~ 02-12
09121490;11012068P;10265828;02171500213;24111989;05061784;044;641;873;501 ~~~~~~~~~~~~~~~~~~~~~~~~~~~~~~ 02-13
10121490;12012068P;11265828;03171500213;25111989;06061784;045;500;412;612 ~~~~~~~~~~~~~~~~~~~~~~~~~~~~~~ 02-14
11121490;13012068P;12265828;04171500213;26111989;07061784;046;500 ~~~~~~~~~~~~~~~~~~~~~~~~~~~~~~~~~~~~~~ 02-15
12121490;14012068P;13265828;05171500213;27111989;08061784;047;644;612 ~~~~~~~~~~~~~~~~~~~~~~~~~~~~~~~~~~ 02-16
13121490;15012068P;14265828;06171500213;28111989;09061784;048;645;382;819;500;854 ~~~~~~~~~~~~~~~~~~~~~~ 02-17
14121490;16012068P;15265828;07171500213;29111989;10061784;049;437;513;884;500;854;612 ~~~~~~~~~~~~~~~~~~ 02-18
15121490;17012068P;16265828;08171500213;30111989;11061784;050 ~~~~~~~~~~~~~~~~~~~~~~~~~~~~~~~~~~~~~~~~~~ 02-19
16121490;18012068P;17265828;09171500213;01121989;12061784;051;450;612 ~~~~~~~~~~~~~~~~~~~~~~~~~~~~~~~~~~ 02-20
17121490;19012068P;18265828;10171500213;02121989;13061784;052;412 ~~~~~~~~~~~~~~~~~~~~~~~~~~~~~~~~~~~~~~ 02-21
18121490;20012068P;19265828;11171500213;03121989;14061784;053;841;612 ~~~~~~~~~~~~~~~~~~~~~~~~~~~~~~~~~~ 02-22
19121490;21012068P;20265828;12171500213;04121989;15061784;054;647;648 ~~~~~~~~~~~~~~~~~~~~~~~~~~~~~~~~~~ 02-23
20121490;22012068P;21265828;13171500213;05121989;16061784;055;649;418;612 ~~~~~~~~~~~~~~~~~~~~~~~~~~~~~~ 02-24
21121490;23012068P;22265828;14171500213;06121989;17061784;056;398 ~~~~~~~~~~~~~~~~~~~~~~~~~~~~~~~~~~~~~~ 02-25
22121490;24012068P;23265828;15171500213;07121989;18061784;057;612 ~~~~~~~~~~~~~~~~~~~~~~~~~~~~~~~~~~~~~~ 02-26
23121490;25012068P;24265828;16171500213;08121989;19061784;058 ~~~~~~~~~~~~~~~~~~~~~~~~~~~~~~~~~~~~~~~~~~ 02-27
24121490;26012068P;25265828;17171500213;09121989;20061784;059;646;842;412;612 ~~~~~~~~~~~~~~~~~~~~~~~~~~ 02-28
25121490;27012068P;26265828;18171500213;10121989;21061784;060;650;943 ~~~~~~~~~~~~~~~~~~~~~~~~~~~~~~~~~~ 02-29
26121490;28012068P;27265828;01001600213;11121989;22061784;061;653;432;406;613 ~~~~~~~~~~~~~~~~~~~~~~~~~~ 03-01
27121490;29012068P;28265828;02001600213;12121989;23061784;062;654;886 ~~~~~~~~~~~~~~~~~~~~~~~~~~~~~~~~~~ 03-02
28121490;30012068P;29265828;03001600213;13121989;24061784;063;637;380;514;613 ~~~~~~~~~~~~~~~~~~~~~~~~~~ 03-03
29121490;01022068P;30265828;04001600213;14121989;25061784;064;655;418 ~~~~~~~~~~~~~~~~~~~~~~~~~~~~~~~~~~ 03-04
01011491;02022068P;01275828;05001600213;15121989;26061784;065;495;613 ~~~~~~~~~~~~~~~~~~~~~~~~~~~~~~~~~~ 03-05
02011491;03022068P;02275828;06001600213;16121989;27061784;066;443;406;412 ~~~~~~~~~~~~~~~~~~~~~~~~~~~~~~ 03-06
03011491;04022068P;03275828;07001600213;17121989;28061784;067;444;496;613 ~~~~~~~~~~~~~~~~~~~~~~~~~~~~~~ 03-07
04011491;05022068P;04275828;08001600213;18121989;29061784;068;656 ~~~~~~~~~~~~~~~~~~~~~~~~~~~~~~~~~~~~~~ 03-08
05011491;06022068P;05275828;09001600213;19121989;30061784;069;613 ~~~~~~~~~~~~~~~~~~~~~~~~~~~~~~~~~~~~~~ 03-09
06011491;07022068P;06275828;10001600213;20121989;01071784;070;397;830;861;866 ~~~~~~~~~~~~~~~~~~~~~~~~~~ 03-10
07011491;08022068P;07275828;11001600213;21121989;02071784;071;406;496;613 ~~~~~~~~~~~~~~~~~~~~~~~~~~~~~~ 03-11
08011491;09022068P;08275828;12001600213;22121989;03071784;072 ~~~~~~~~~~~~~~~~~~~~~~~~~~~~~~~~~~~~~~~~~~ 03-12
09011491;10022068P;09275828;13001600213;23121989;04071784;073;419;412;613 ~~~~~~~~~~~~~~~~~~~~~~~~~~~~~~ 03-13
10011491;11022068P;10275828;14001600213;24121989;05071784;074;517;868;498 ~~~~~~~~~~~~~~~~~~~~~~~~~~~~~~ 03-14
11011491;12022068P;11275828;15001600213;25121989;06071784;075;658;613 ~~~~~~~~~~~~~~~~~~~~~~~~~~~~~~~~~~ 03-15
12011491;13022068P;12275828;16001600213;26121989;07071784;076;513 ~~~~~~~~~~~~~~~~~~~~~~~~~~~~~~~~~~~~~~ 03-16
13011491;14022068P;13275828;17001600213;27121989;08071784;077;496;613 ~~~~~~~~~~~~~~~~~~~~~~~~~~~~~~~~~~ 03-17
14011491;15022068P;14275828;18001600213;28121989;09071784;078;383;414;544;623;906;519 ~~~~~~~~~~~~~~~~~~ 03-18
15011491;16022068P;15275828;19001600213;29121989;10071784;079;598;466;613 ~~~~~~~~~~~~~~~~~~~~~~~~~~~~~~ 03-19
16011491;17022068P;16275828;00011600213;30121989;11071784;080;657;562;424;412 ~~~~~~~~~~~~~~~~~~~~~~~~~~ 03-20
17011491;18022068P;17275828;01011600213;01011990;12071784;081;562;459;851;406;496;613 ~~~~~~~~~~~~~~~~~~ 03-21
18011491;19022068P;18275828;02011600213;02011990;13071784;082;562 ~~~~~~~~~~~~~~~~~~~~~~~~~~~~~~~~~~~~~~ 03-22
19011491;20022068P;19275828;03011600213;03011990;14071784;083;613 ~~~~~~~~~~~~~~~~~~~~~~~~~~~~~~~~~~~~~~ 03-23
20011491;21022068P;20275828;04011600213;04011990;15071784;084 ~~~~~~~~~~~~~~~~~~~~~~~~~~~~~~~~~~~~~~~~~~ 03-24
21011491;22022068P;21275828;05011600213;05011990;16071784;085;613 ~~~~~~~~~~~~~~~~~~~~~~~~~~~~~~~~~~~~~~ 03-25
22011491;23022068P;22275828;06011600213;06011990;17071784;086;398;533;924;415 ~~~~~~~~~~~~~~~~~~~~~~~~~~ 03-26
23011491;24022068P;23275828;07011600213;07011990;18071784;087;659;412;613 ~~~~~~~~~~~~~~~~~~~~~~~~~~~~~~ 03-27
24011491;25022068P;24275828;08011600213;08011990;19071784;088;660;652 ~~~~~~~~~~~~~~~~~~~~~~~~~~~~~~~~~~ 03-28
25011491;26022068P;25275828;09011600213;09011990;20071784;089;900;852;613 ~~~~~~~~~~~~~~~~~~~~~~~~~~~~~~ 03-29
26011491;27022068P;26275828;10011600213;10011990;21071784;090;554 ~~~~~~~~~~~~~~~~~~~~~~~~~~~~~~~~~~~~~~ 03-30
27011491;28022068P;27275828;11011600213;11011990;22071784;091;496;613 ~~~~~~~~~~~~~~~~~~~~~~~~~~~~~~~~~~ 03-31
28011491;29022068P;28275828;12011600213;12011990;23071784;092;662;514;810 ~~~~~~~~~~~~~~~~~~~~~~~~~~~~~~ 04-01
29011491;01032068P;29275828;13011600213;13011990;24071784;093;651;380;928;614 ~~~~~~~~~~~~~~~~~~~~~~~~~~ 04-02
30011491;02032068P;01285828;14011600213;14011990;25071784;094;538;651;559;935;497;412 ~~~~~~~~~~~~~~~~~~ 04-03
01021491;03032068P;02285828;15011600213;15011990;26071784;095;663;555;651;577;571;614 ~~~~~~~~~~~~~~~~~~ 04-04
02021491;04032068P;03285828;16011600213;16011990;27071784;096;651 ~~~~~~~~~~~~~~~~~~~~~~~~~~~~~~~~~~~~~~ 04-05
03021491;05032068P;04285828;17011600213;17011990;28071784;097;614;651 ~~~~~~~~~~~~~~~~~~~~~~~~~~~~~~~~~~ 04-06
04021491;06032068P;05285828;18011600213;18011990;29071784;098;637;661;651;945 ~~~~~~~~~~~~~~~~~~~~~~~~~~ 04-07
05021491;07032068P;06285828;19011600213;19011990;30071784;099;614 ~~~~~~~~~~~~~~~~~~~~~~~~~~~~~~~~~~~~~~ 04-08
06021491;08032068P;07285828;00021600213;20011990;01081784;100;397 ~~~~~~~~~~~~~~~~~~~~~~~~~~~~~~~~~~~~~~ 04-09
07021491;09032068P;08285828;01021600213;21011990;02081784;101;576;933;412;614 ~~~~~~~~~~~~~~~~~~~~~~~~~~ 04-10
08021491;10032068P;09285828;02021600213;22011990;03081784;102 ~~~~~~~~~~~~~~~~~~~~~~~~~~~~~~~~~~~~~~~~~~ 04-11
09021491;11032068P;10285828;03021600213;23011990;04081784;103;614 ~~~~~~~~~~~~~~~~~~~~~~~~~~~~~~~~~~~~~~ 04-12
10021491;12032068P;11285828;04021600213;24011990;05081784;104;596;513;877 ~~~~~~~~~~~~~~~~~~~~~~~~~~~~~~ 04-13
11021491;13032068P;12285828;05021600213;25011990;06081784;105;433;865;614 ~~~~~~~~~~~~~~~~~~~~~~~~~~~~~~ 04-14
12021491;14032068P;13285828;06021600213;26011990;07081784;106;493;406 ~~~~~~~~~~~~~~~~~~~~~~~~~~~~~~~~~~ 04-15
13021491;15032068P;14285828;07021600213;27011990;08081784;107;794;614 ~~~~~~~~~~~~~~~~~~~~~~~~~~~~~~~~~~ 04-16
14021491;16032068P;15285828;08021600213;28011990;09081784;108;384;539;575;515 ~~~~~~~~~~~~~~~~~~~~~~~~~~ 04-17
15021491;17032068P;16285828;09021600213;29011990;10081784;109;614 ~~~~~~~~~~~~~~~~~~~~~~~~~~~~~~~~~~~~~~ 04-18
16021491;18032068P;17285828;10021600213;30011990;11081784;110;631;664 ~~~~~~~~~~~~~~~~~~~~~~~~~~~~~~~~~~ 04-19
17021491;19032068P;18285828;11021600213;31011990;12081784;111;445;665;614 ~~~~~~~~~~~~~~~~~~~~~~~~~~~~~~ 04-20
18021491;20032068P;19285828;12021600213;01021990;13081784;112;446;666 ~~~~~~~~~~~~~~~~~~~~~~~~~~~~~~~~~~ 04-21
19021491;21032068P;20285828;13021600213;02021990;14081784;113;447;614 ~~~~~~~~~~~~~~~~~~~~~~~~~~~~~~~~~~ 04-22
20021491;22032068P;21285828;14021600213;03021990;15081784;114;448;844 ~~~~~~~~~~~~~~~~~~~~~~~~~~~~~~~~~~ 04-23
21021491;23032068P;22285828;15021600213;04021990;16081784;115;398;614 ~~~~~~~~~~~~~~~~~~~~~~~~~~~~~~~~~~ 04-24
22021491;24032068P;23285828;16021600213;05021990;17081784;116;670;406 ~~~~~~~~~~~~~~~~~~~~~~~~~~~~~~~~~~ 04-25
23021491;25032068P;24285828;17021600213;06021990;18081784;117;667;614 ~~~~~~~~~~~~~~~~~~~~~~~~~~~~~~~~~~ 04-26
24021491;26032068P;25285828;18021600213;07021990;19081784;118;671 ~~~~~~~~~~~~~~~~~~~~~~~~~~~~~~~~~~~~~~ 04-27
25021491;27032068P;26285828;19021600213;08021990;20081784;119;668;939;614 ~~~~~~~~~~~~~~~~~~~~~~~~~~~~~~ 04-28
26021491;28032068P;27285828;00031600213;09021990;21081784;120;669;402;436;514;526;624 ~~~~~~~~~~~~~~~~~~ 04-29
27021491;29032068P;28285828;01031600213;10021990;22081784;121;624;406;614 ~~~~~~~~~~~~~~~~~~~~~~~~~~~~~~ 04-30
28021491;30032068P;29285828;02031600213;11021990;23081784;122;675;380;624 ~~~~~~~~~~~~~~~~~~~~~~~~~~~~~~ 05-01
29021491;01042068P;30285828;03031600213;12021990;24081784;123;676;624;615 ~~~~~~~~~~~~~~~~~~~~~~~~~~~~~~ 05-02
01031491;02042068P;01295828;04031600213;13021990;25081784;124;677;813;902;624 ~~~~~~~~~~~~~~~~~~~~~~~~~~ 05-03
02031491;03042068P;02295828;05031600213;14021990;26081784;125;679;510;624;615 ~~~~~~~~~~~~~~~~~~~~~~~~~~ 05-04
03031491;04042068P;03295828;06031600213;15021990;27081784;126;637;672;624;415;615 ~~~~~~~~~~~~~~~~~~~~~~ 05-05
04031491;05042068P;04295828;07031600213;16021990;28081784;127;673;528;615 ~~~~~~~~~~~~~~~~~~~~~~~~~~~~~~ 05-06
05031491;06042068P;05295828;08031600213;17021990;29081784;128;674;529;615 ~~~~~~~~~~~~~~~~~~~~~~~~~~~~~~ 05-07
06031491;07042068P;06295828;09031600213;18021990;30081784;129;397;553;412;615 ~~~~~~~~~~~~~~~~~~~~~~~~~~ 05-08
07031491;08042068P;07295828;10031600213;19021990;01091784;130;683 ~~~~~~~~~~~~~~~~~~~~~~~~~~~~~~~~~~~~~~ 05-09
08031491;09042068P;08295828;11031600213;20021990;02091784;131;399;825;927;615 ~~~~~~~~~~~~~~~~~~~~~~~~~~ 05-10
09031491;10042068P;09295828;12031600213;21021990;03091784;132;678;513 ~~~~~~~~~~~~~~~~~~~~~~~~~~~~~~~~~~ 05-11
10031491;11042068P;10295828;13031600213;22021990;04091784;133;681;680;615 ~~~~~~~~~~~~~~~~~~~~~~~~~~~~~~ 05-12
11031491;12042068P;11295828;14031600213;23021990;05091784;134;451;889;415;615 ~~~~~~~~~~~~~~~~~~~~~~~~~~ 05-13
12031491;13042068P;12295828;15031600213;24021990;06091784;135;682;511;615 ~~~~~~~~~~~~~~~~~~~~~~~~~~~~~~ 05-14
13031491;14042068P;13295828;16031600213;25021990;07091784;136;894;403;406;412;615 ~~~~~~~~~~~~~~~~~~~~~~ 05-15
14031491;15042068P;14295828;17031600213;26021990;08091784;137;685;385;615 ~~~~~~~~~~~~~~~~~~~~~~~~~~~~~~ 05-16
15031491;16042068P;15295828;18031600213;27021990;09091784;138;797;537;540;937;947;843;615 ~~~~~~~~~~~~~~ 05-17
16031491;17042068P;16295828;19031600213;28021990;10091784;139;686;413;892;573;615 ~~~~~~~~~~~~~~~~~~~~~~ 05-18
17031491;18042068P;17295828;00041600213;29021990;11091784;140;687;511;573;843 ~~~~~~~~~~~~~~~~~~~~~~~~~~ 05-19
18031491;19042068P;18295828;01041600213;30021990;12091784;141;684;518;573;406;615 ~~~~~~~~~~~~~~~~~~~~~~ 05-20
19031491;20042068P;19295828;02041600213;31021990;13091784;142;789;615 ~~~~~~~~~~~~~~~~~~~~~~~~~~~~~~~~~~ 05-21
20031491;21042068P;20295828;03041600213;01031990;14091784;143;798;400;615 ~~~~~~~~~~~~~~~~~~~~~~~~~~~~~~ 05-22
21031491;22042068P;21295828;04041600213;02031990;15091784;144;802;403;615 ~~~~~~~~~~~~~~~~~~~~~~~~~~~~~~ 05-23
22031491;23042068P;22295828;05041600213;03031990;16091784;145;398;615 ~~~~~~~~~~~~~~~~~~~~~~~~~~~~~~~~~~ 05-24
23031491;24042068P;23295828;06041600213;04031990;17091784;146;689;406 ~~~~~~~~~~~~~~~~~~~~~~~~~~~~~~~~~~ 05-25
24031491;25042068P;24295828;07041600213;05031990;18091784;147;439;514;615 ~~~~~~~~~~~~~~~~~~~~~~~~~~~~~~ 05-26
25031491;26042068P;25295828;08041600213;06031990;19091784;148;439;530;403;843;615 ~~~~~~~~~~~~~~~~~~~~~~ 05-27
26031491;27042068P;26295828;09041600213;07031990;20091784;149;438;432;400;615 ~~~~~~~~~~~~~~~~~~~~~~~~~~ 05-28
27031491;28042068P;27295828;10041600213;08031990;21091784;150 ~~~~~~~~~~~~~~~~~~~~~~~~~~~~~~~~~~~~~~~~~~ 05-29
28031491;29042068P;28295828;11041600213;09031990;22091784;151;688;380;942;406;615 ~~~~~~~~~~~~~~~~~~~~~~ 05-30
29031491;01052068P;29295828;12041600213;10031990;23091784;152;494;921;930;953;400;403 ~~~~~~~~~~~~~~~~~~ 05-31
30031491;02052068P;01305828;13041600213;11031990;24091784;153;692;694;616 ~~~~~~~~~~~~~~~~~~~~~~~~~~~~~~ 06-01
01041491;03052068P;02305828;14041600213;12031990;25091784;154;637;693;838 ~~~~~~~~~~~~~~~~~~~~~~~~~~~~~~ 06-02
02041491;04052068P;03305828;15041600213;13031990;26091784;155;690;401;408;616 ~~~~~~~~~~~~~~~~~~~~~~~~~~ 06-03
03041491;05052068P;04305828;16041600213;14031990;27091784;156;564;406;605 ~~~~~~~~~~~~~~~~~~~~~~~~~~~~~~ 06-04
04041491;06052068P;05305828;17041600213;15031990;28091784;157;616 ~~~~~~~~~~~~~~~~~~~~~~~~~~~~~~~~~~~~~~ 06-05
05041491;07052068P;06305828;18041600213;16031990;29091784;158;691;522 ~~~~~~~~~~~~~~~~~~~~~~~~~~~~~~~~~~ 06-06
06041491;08052068P;07305828;19041600213;17031990;30091784;159;397;513;616 ~~~~~~~~~~~~~~~~~~~~~~~~~~~~~~ 06-07
07041491;09052068P;08305828;00051600213;18031990;01101784;160;403 ~~~~~~~~~~~~~~~~~~~~~~~~~~~~~~~~~~~~~~ 06-08
08041491;10052068P;09305828;01051600213;19031990;02101784;161;697;799;406;409;616 ~~~~~~~~~~~~~~~~~~~~~~ 06-09
09041491;11052068P;10305828;02051600213;20031990;03101784;162;449;695;552;569 ~~~~~~~~~~~~~~~~~~~~~~~~~~ 06-10
10041491;12052068P;11305828;03051600213;21031990;04101784;163;404;896;569;616 ~~~~~~~~~~~~~~~~~~~~~~~~~~ 06-11
11041491;13052068P;12305828;04051600213;22031990;05101784;164;696 ~~~~~~~~~~~~~~~~~~~~~~~~~~~~~~~~~~~~~~ 06-12
12041491;14052068P;13305828;05051600213;23031990;06101784;165;616 ~~~~~~~~~~~~~~~~~~~~~~~~~~~~~~~~~~~~~~ 06-13
13041491;15052068P;14305828;06051600213;24031990;07101784;166 ~~~~~~~~~~~~~~~~~~~~~~~~~~~~~~~~~~~~~~~~~~ 06-14
14041491;16052068P;15305828;07051600213;25031990;08101784;167;701;699;386;874;941;616 ~~~~~~~~~~~~~~~~~~ 06-15
15041491;17052068P;16305828;08051600213;26031990;09101784;168 ~~~~~~~~~~~~~~~~~~~~~~~~~~~~~~~~~~~~~~~~~~ 06-16
16041491;18052068P;17305828;09051600213;27031990;10101784;169;452;452;437;616 ~~~~~~~~~~~~~~~~~~~~~~~~~~ 06-17
17041491;19052068P;18305828;10051600213;28031990;11101784;170 ~~~~~~~~~~~~~~~~~~~~~~~~~~~~~~~~~~~~~~~~~~ 06-18
18041491;20052068P;19305828;11051600213;29031990;12101784;171;460;406;616 ~~~~~~~~~~~~~~~~~~~~~~~~~~~~~~ 06-19
19041491;21052068P;20305828;12051600213;30031990;13101784;172;514;425 ~~~~~~~~~~~~~~~~~~~~~~~~~~~~~~~~~~ 06-20
20041491;22052068P;21305828;13051600213;31031990;14101784;173;698;461;409;616 ~~~~~~~~~~~~~~~~~~~~~~~~~~ 06-21
21041491;23052068P;22305828;14051600213;01041990;15101784;174;398;700 ~~~~~~~~~~~~~~~~~~~~~~~~~~~~~~~~~~ 06-22
22041491;24052068P;23305828;15051600213;02041990;16101784;175;702;616 ~~~~~~~~~~~~~~~~~~~~~~~~~~~~~~~~~~ 06-23
23041491;25052068P;24305828;16051600213;03041990;17101784;176;865;406 ~~~~~~~~~~~~~~~~~~~~~~~~~~~~~~~~~~ 06-24
24041491;26052068P;25305828;17051600213;04041990;18101784;177;946;616 ~~~~~~~~~~~~~~~~~~~~~~~~~~~~~~~~~~ 06-25
25041491;27052068P;26305828;18051600213;05041990;19101784;178 ~~~~~~~~~~~~~~~~~~~~~~~~~~~~~~~~~~~~~~~~~~ 06-26
26041491;28052068P;27305828;19051600213;06041990;20101784;179;704;616 ~~~~~~~~~~~~~~~~~~~~~~~~~~~~~~~~~~ 06-27
27041491;29052068P;28305828;00061600213;07041990;21101784;180 ~~~~~~~~~~~~~~~~~~~~~~~~~~~~~~~~~~~~~~~~~~ 06-28
28041491;01062068P;29305828;01061600213;08041990;22101784;181;703;380;406;616 ~~~~~~~~~~~~~~~~~~~~~~~~~~ 06-29
29041491;02062068P;30305828;02061600213;09041990;23101784;182;415 ~~~~~~~~~~~~~~~~~~~~~~~~~~~~~~~~~~~~~~ 06-30
01051491;03062068P;01315828;03061600213;10041990;24101784;183;795;420;870;617 ~~~~~~~~~~~~~~~~~~~~~~~~~~ 07-01
02051491;04062068P;02315828;04061600213;11041990;25101784;184 ~~~~~~~~~~~~~~~~~~~~~~~~~~~~~~~~~~~~~~~~~~ 07-02
03051491;05062068P;03315828;05061600213;12041990;26101784;185;374;409;617 ~~~~~~~~~~~~~~~~~~~~~~~~~~~~~~ 07-03
04051491;06062068P;04315828;06061600213;13041990;27101784;186;373 ~~~~~~~~~~~~~~~~~~~~~~~~~~~~~~~~~~~~~~ 07-04
05051491;07062068P;05315828;07061600213;14041990;28101784;187;513;864;617 ~~~~~~~~~~~~~~~~~~~~~~~~~~~~~~ 07-05
06051491;08062068P;06315828;08061600213;15041990;29101784;188;565 ~~~~~~~~~~~~~~~~~~~~~~~~~~~~~~~~~~~~~~ 07-06
07051491;09062068P;07315828;09061600213;16041990;30101784;189;637;705;840;397;565;617 ~~~~~~~~~~~~~~~~~~ 07-07
08051491;10062068P;08315828;10061600213;17041990;01111784;190 ~~~~~~~~~~~~~~~~~~~~~~~~~~~~~~~~~~~~~~~~~~ 07-08
09051491;11062068P;09315828;11061600213;18041990;02111784;191;707;406;409;617 ~~~~~~~~~~~~~~~~~~~~~~~~~~ 07-09
10051491;12062068P;10315828;12061600213;19041990;03111784;192 ~~~~~~~~~~~~~~~~~~~~~~~~~~~~~~~~~~~~~~~~~~ 07-10
11051491;13062068P;11315828;13061600213;20041990;04111784;193;433;546;617 ~~~~~~~~~~~~~~~~~~~~~~~~~~~~~~ 07-11
12051491;14062068P;12315828;14061600213;21041990;05111784;194 ~~~~~~~~~~~~~~~~~~~~~~~~~~~~~~~~~~~~~~~~~~ 07-12
13051491;15062068P;13315828;15061600213;22041990;06111784;195;617 ~~~~~~~~~~~~~~~~~~~~~~~~~~~~~~~~~~~~~~ 07-13
14051491;16062068P;14315828;16061600213;23041990;07111784;196;706;387;375;406 ~~~~~~~~~~~~~~~~~~~~~~~~~~ 07-14
15051491;17062068P;15315828;17061600213;24041990;08111784;197;709;531;561;409;617 ~~~~~~~~~~~~~~~~~~~~~~ 07-15
16051491;18062068P;16315828;18061600213;25041990;09111784;198;710 ~~~~~~~~~~~~~~~~~~~~~~~~~~~~~~~~~~~~~~ 07-16
17051491;19062068P;17315828;19061600213;26041990;10111784;199;514;617 ~~~~~~~~~~~~~~~~~~~~~~~~~~~~~~~~~~ 07-17
18051491;20062068P;18315828;00071600213;27041990;11111784;200;711 ~~~~~~~~~~~~~~~~~~~~~~~~~~~~~~~~~~~~~~ 07-18
19051491;21062068P;19315828;01071600213;28041990;12111784;201;631;406;617 ~~~~~~~~~~~~~~~~~~~~~~~~~~~~~~ 07-19
20051491;22062068P;20315828;02071600213;29041990;13111784;202 ~~~~~~~~~~~~~~~~~~~~~~~~~~~~~~~~~~~~~~~~~~ 07-20
21051491;23062068P;21315828;03071600213;30041990;14111784;203;708;398;855;409;617 ~~~~~~~~~~~~~~~~~~~~~~ 07-21
22051491;24062068P;22315828;04071600213;31041990;15111784;204;714 ~~~~~~~~~~~~~~~~~~~~~~~~~~~~~~~~~~~~~~ 07-22
23051491;25062068P;23315828;05071600213;01051990;16111784;205;617 ~~~~~~~~~~~~~~~~~~~~~~~~~~~~~~~~~~~~~~ 07-23
24051491;26062068P;24315828;06071600213;02051990;17111784;206;406 ~~~~~~~~~~~~~~~~~~~~~~~~~~~~~~~~~~~~~~ 07-24
25051491;27062068P;25315828;07071600213;03051990;18111784;207;878;375;617 ~~~~~~~~~~~~~~~~~~~~~~~~~~~~~~ 07-25
26051491;28062068P;26315828;08071600213;04051990;19111784;208;712;715 ~~~~~~~~~~~~~~~~~~~~~~~~~~~~~~~~~~ 07-26
27051491;29062068P;27315828;09071600213;05051990;20111784;209;716;409;617 ~~~~~~~~~~~~~~~~~~~~~~~~~~~~~~ 07-27
28051491;30062068P;28315828;10071600213;06051990;21111784;210;713;380 ~~~~~~~~~~~~~~~~~~~~~~~~~~~~~~~~~~ 07-28
29051491;01072068P;29315828;11071600213;07051990;22111784;211;406;617 ~~~~~~~~~~~~~~~~~~~~~~~~~~~~~~~~~~ 07-29
30051491;02072068P;01325828;12071600213;08051990;23111784;212;867 ~~~~~~~~~~~~~~~~~~~~~~~~~~~~~~~~~~~~~~ 07-30
01061491;03072068P;02325828;13071600213;09051990;24111784;213;421;617 ~~~~~~~~~~~~~~~~~~~~~~~~~~~~~~~~~~ 07-31
02061491;04072068P;03325828;14071600213;10051990;25111784;214;579;415 ~~~~~~~~~~~~~~~~~~~~~~~~~~~~~~~~~~ 08-01
03061491;05072068P;04325828;15071600213;11051990;26111784;215;513;409;618 ~~~~~~~~~~~~~~~~~~~~~~~~~~~~~~ 08-02
04061491;06072068P;05325828;16071600213;12051990;27111784;216;719;457;891;618 ~~~~~~~~~~~~~~~~~~~~~~~~~~ 08-03
05061491;07072068P;06325828;17071600213;13051990;28111784;217;637;720;572;618 ~~~~~~~~~~~~~~~~~~~~~~~~~~ 08-04
06061491;08072068P;07325828;18071600213;14051990;29111784;218;717;820;618 ~~~~~~~~~~~~~~~~~~~~~~~~~~~~~~ 08-05
07061491;09072068P;08325828;19071600213;15051990;30111784;219;397;618 ~~~~~~~~~~~~~~~~~~~~~~~~~~~~~~~~~~ 08-06
08061491;10072068P;09325828;00081600213;16051990;01121784;220;718;618 ~~~~~~~~~~~~~~~~~~~~~~~~~~~~~~~~~~ 08-07
09061491;11072068P;10325828;01081600213;17051990;02121784;221;722;618 ~~~~~~~~~~~~~~~~~~~~~~~~~~~~~~~~~~ 08-08
10061491;12072068P;11325828;02081600213;18051990;03121784;222;926 ~~~~~~~~~~~~~~~~~~~~~~~~~~~~~~~~~~~~~~ 08-09
11061491;13072068P;12325828;03081600213;19051990;04121784;223;938;421;618 ~~~~~~~~~~~~~~~~~~~~~~~~~~~~~~ 08-10
12061491;14072068P;13325828;04081600213;20051990;05121784;224;723;567;618 ~~~~~~~~~~~~~~~~~~~~~~~~~~~~~~ 08-11
13061491;15072068P;14325828;05081600213;21051990;06121784;225;721;567;618 ~~~~~~~~~~~~~~~~~~~~~~~~~~~~~~ 08-12
14061491;16072068P;15325828;06081600213;22051990;07121784;226;388;556;909;910;925;406 ~~~~~~~~~~~~~~~~~~ 08-13
15061491;17072068P;16325828;07081600213;23051990;08121784;227;514;833;618 ~~~~~~~~~~~~~~~~~~~~~~~~~~~~~~ 08-14
16061491;18072068P;17325828;08081600213;24051990;09121784;228;875 ~~~~~~~~~~~~~~~~~~~~~~~~~~~~~~~~~~~~~~ 08-15
17061491;19072068P;18325828;09081600213;25051990;10121784;229;375;618 ~~~~~~~~~~~~~~~~~~~~~~~~~~~~~~~~~~ 08-16
18061491;20072068P;19325828;10081600213;26051990;11121784;230;596;618 ~~~~~~~~~~~~~~~~~~~~~~~~~~~~~~~~~~ 08-17
19061491;21072068P;20325828;11081600213;27051990;12121784;231;724;416;618 ~~~~~~~~~~~~~~~~~~~~~~~~~~~~~~ 08-18
20061491;22072068P;21325828;12081600213;28051990;13121784;232;398;872 ~~~~~~~~~~~~~~~~~~~~~~~~~~~~~~~~~~ 08-19
21061491;23072068P;22325828;13081600213;29051990;14121784;233;823;871;409;421;618 ~~~~~~~~~~~~~~~~~~~~~~ 08-20
22061491;24072068P;23325828;14081600213;30051990;15121784;234 ~~~~~~~~~~~~~~~~~~~~~~~~~~~~~~~~~~~~~~~~~~ 08-21
23061491;25072068P;24325828;15081600213;31051990;16121784;235;618 ~~~~~~~~~~~~~~~~~~~~~~~~~~~~~~~~~~~~~~ 08-22
24061491;26072068P;25325828;16081600213;01061990;17121784;236;503;406 ~~~~~~~~~~~~~~~~~~~~~~~~~~~~~~~~~~ 08-23
25061491;27072068P;26325828;17081600213;02061990;18121784;237;427;432;618 ~~~~~~~~~~~~~~~~~~~~~~~~~~~~~~ 08-24
26061491;28072068P;27325828;18081600213;03061990;19121784;238;725;863 ~~~~~~~~~~~~~~~~~~~~~~~~~~~~~~~~~~ 08-25
27061491;29072068P;28325828;19081600213;04061990;20121784;239;428;725;409;618 ~~~~~~~~~~~~~~~~~~~~~~~~~~ 08-26
28061491;30072068P;29325828;00091600213;05061990;21121784;240;796;380;436;928 ~~~~~~~~~~~~~~~~~~~~~~~~~~ 08-27
29061491;01082068P;30325828;01091600213;06061990;22121784;241;594;406;618 ~~~~~~~~~~~~~~~~~~~~~~~~~~~~~~ 08-28
01071491;02082068P;01335828;02091600213;07061990;23121784;242;595;513 ~~~~~~~~~~~~~~~~~~~~~~~~~~~~~~~~~~ 08-29
02071491;03082068P;02335828;03091600213;08061990;24121784;243;618 ~~~~~~~~~~~~~~~~~~~~~~~~~~~~~~~~~~~~~~ 08-30
03071491;04082068P;03335828;04091600213;09061990;25121784;244;596;550;597 ~~~~~~~~~~~~~~~~~~~~~~~~~~~~~~ 08-31
04071491;05082068P;04335828;05091600213;10061990;26121784;245;429;637;728;915;409;619 ~~~~~~~~~~~~~~~~~~ 09-01
05071491;06082068P;05335828;06091600213;11061990;27121784;246;430;406 ~~~~~~~~~~~~~~~~~~~~~~~~~~~~~~~~~~ 09-02
06071491;07082068P;06335828;07091600213;12061990;28121784;247;434;619 ~~~~~~~~~~~~~~~~~~~~~~~~~~~~~~~~~~ 09-03
07071491;08082068P;07335828;08091600213;13061990;29121784;248;435;397 ~~~~~~~~~~~~~~~~~~~~~~~~~~~~~~~~~~ 09-04
08071491;09082068P;08335828;09091600213;14061990;30121784;249;908;619 ~~~~~~~~~~~~~~~~~~~~~~~~~~~~~~~~~~ 09-05
09071491;10082068P;09335828;10091600213;15061990;01131784;250 ~~~~~~~~~~~~~~~~~~~~~~~~~~~~~~~~~~~~~~~~~~ 09-06
10071491;11082068P;10335828;11091600213;16061990;02131784;251;727;375;619 ~~~~~~~~~~~~~~~~~~~~~~~~~~~~~~ 09-07
11071491;12082068P;11335828;12091600213;17061990;03131784;252;903 ~~~~~~~~~~~~~~~~~~~~~~~~~~~~~~~~~~~~~~ 09-08
12071491;13082068P;12335828;13091600213;18061990;04131784;253;455;845;897;421;619 ~~~~~~~~~~~~~~~~~~~~~~ 09-09
13071491;14082068P;13335828;14091600213;19061990;05131784;254;729;846;399;520;551 ~~~~~~~~~~~~~~~~~~~~~~ 09-10
14071491;15082068P;14335828;15091600213;20061990;01011785;255;389;534;570;619 ~~~~~~~~~~~~~~~~~~~~~~~~~~ 09-11
15071491;16082068P;15335828;16091600213;21061990;02011785;256;726;847;514;907 ~~~~~~~~~~~~~~~~~~~~~~~~~~ 09-12
16071491;17082068P;16335828;17091600213;22061990;03011785;257;730;400;409;619 ~~~~~~~~~~~~~~~~~~~~~~~~~~ 09-13
17071491;18082068P;17335828;18091600213;23061990;04011785;258 ~~~~~~~~~~~~~~~~~~~~~~~~~~~~~~~~~~~~~~~~~~ 09-14
18071491;19082068P;18335828;19091600213;24061990;05011785;259;735;619 ~~~~~~~~~~~~~~~~~~~~~~~~~~~~~~~~~~ 09-15
19071491;20082068P;19335828;00101600213;25061990;06011785;260;731;856;400 ~~~~~~~~~~~~~~~~~~~~~~~~~~~~~~ 09-16
20071491;21082068P;20335828;01101600213;26061990;07011785;261;619;848 ~~~~~~~~~~~~~~~~~~~~~~~~~~~~~~~~~~ 09-17
21071491;22082068P;21335828;02101600213;27061990;08011785;262;732;398 ~~~~~~~~~~~~~~~~~~~~~~~~~~~~~~~~~~ 09-18
22071491;23082068P;22335828;03101600213;28061990;09011785;263;400;409;619 ~~~~~~~~~~~~~~~~~~~~~~~~~~~~~~ 09-19
23071491;24082068P;23335828;04101600213;29061990;10011785;264;733 ~~~~~~~~~~~~~~~~~~~~~~~~~~~~~~~~~~~~~~ 09-20
24071491;25082068P;24335828;05101600213;30061990;11011785;265;734;462;619;848 ~~~~~~~~~~~~~~~~~~~~~~~~~~ 09-21
25071491;26082068P;25335828;06101600213;31061990;12011785;266;739;869;423;400 ~~~~~~~~~~~~~~~~~~~~~~~~~~ 09-22
26071491;27082068P;26335828;07101600213;01071990;13011785;267;740;463;619;848 ~~~~~~~~~~~~~~~~~~~~~~~~~~ 09-23
27071491;28082068P;27335828;08101600213;02071990;14011785;268;736;467;509 ~~~~~~~~~~~~~~~~~~~~~~~~~~~~~~ 09-24
28071491;29082068P;28335828;09101600213;03071990;15011785;269;737;513;400;848;619 ~~~~~~~~~~~~~~~~~~~~~~ 09-25
29071491;01092068P;29335828;10101600213;04071990;16011785;270;742;790;380;920;521 ~~~~~~~~~~~~~~~~~~~~~~ 09-26
30071491;02092068P;01015829;11101600213;05071990;17011785;271;741;790;895;521;406;619 ~~~~~~~~~~~~~~~~~~ 09-27
01081491;03092068P;02015829;12101600213;06071990;18011785;272;738;790;521 ~~~~~~~~~~~~~~~~~~~~~~~~~~~~~~ 09-28
02081491;04092068P;03015829;13101600213;07071990;19011785;273;743;790;375;848;619 ~~~~~~~~~~~~~~~~~~~~~~ 09-29
03081491;05092068P;04015829;14101600213;08071990;20011785;274;790;853 ~~~~~~~~~~~~~~~~~~~~~~~~~~~~~~~~~~ 09-30
04081491;06092068P;05015829;15101600213;09071990;21011785;275;744;790;853;400;409;620 ~~~~~~~~~~~~~~~~~~ 10-01
05081491;07092068P;06015829;16101600213;10071990;22011785;276;745;790;401;410;853 ~~~~~~~~~~~~~~~~~~~~~~ 10-02
06081491;08092068P;07015829;17101600213;11071990;23011785;277;746;918;620;848 ~~~~~~~~~~~~~~~~~~~~~~~~~~ 10-03
07081491;09092068P;08015829;18101600213;12071990;24011785;278;747;397;548;919;563 ~~~~~~~~~~~~~~~~~~~~~~ 10-04
08081491;10092068P;09015829;19101600213;13071990;25011785;279;748;829;885;620 ~~~~~~~~~~~~~~~~~~~~~~~~~~ 10-05
09081491;11092068P;10015829;00111600213;14071990;26011785;280;637;549;560;527 ~~~~~~~~~~~~~~~~~~~~~~~~~~ 10-06
10081491;12092068P;11015829;01111600213;15071990;27011785;281;749;433;899;620 ~~~~~~~~~~~~~~~~~~~~~~~~~~ 10-07
11081491;13092068P;12015829;02111600213;16071990;28011785;282;751 ~~~~~~~~~~~~~~~~~~~~~~~~~~~~~~~~~~~~~~ 10-08
12081491;14092068P;13015829;03111600213;17071990;29011785;283;791;437;620;848 ~~~~~~~~~~~~~~~~~~~~~~~~~~ 10-09
13081491;15092068P;14015829;04111600213;18071990;30011785;284;752;393;390;367;514;823;882;922;375 ~~~~~~ 10-10
14081491;16092068P;15015829;05111600213;19071990;01021785;285;753;368;417;532;512;523;620 ~~~~~~~~~~~~~~ 10-11
15081491;17092068P;16015829;06111600213;20071990;02021785;286;523 ~~~~~~~~~~~~~~~~~~~~~~~~~~~~~~~~~~~~~~ 10-12
16081491;18092068P;17015829;07111600213;21071990;03021785;287;754;523;848;620 ~~~~~~~~~~~~~~~~~~~~~~~~~~ 10-13
17081491;19092068P;18015829;08111600213;22071990;04021785;288;750;881;523 ~~~~~~~~~~~~~~~~~~~~~~~~~~~~~~ 10-14
18081491;20092068P;19015829;09111600213;23071990;05021785;289;755;523;620 ~~~~~~~~~~~~~~~~~~~~~~~~~~~~~~ 10-15
19081491;21092068P;20015829;10111600213;24071990;06021785;290;756;523 ~~~~~~~~~~~~~~~~~~~~~~~~~~~~~~~~~~ 10-16
20081491;22092068P;21015829;11111600213;25071990;07021785;291;757;398;499;523;620 ~~~~~~~~~~~~~~~~~~~~~~ 10-17
21081491;23092068P;22015829;12111600213;26071990;08021785;292;631;524 ~~~~~~~~~~~~~~~~~~~~~~~~~~~~~~~~~~ 10-18
22081491;24092068P;23015829;13111600213;27071990;09021785;293;525;620 ~~~~~~~~~~~~~~~~~~~~~~~~~~~~~~~~~~ 10-19
23081491;25092068P;24015829;14111600213;28071990;10021785;294;758;784 ~~~~~~~~~~~~~~~~~~~~~~~~~~~~~~~~~~ 10-20
24081491;26092068P;25015829;15111600213;29071990;11021785;295;369;911;785;620 ~~~~~~~~~~~~~~~~~~~~~~~~~~ 10-21
25081491;27092068P;26015829;16111600213;30071990;12021785;296;558;786;406 ~~~~~~~~~~~~~~~~~~~~~~~~~~~~~~ 10-22
26081491;28092068P;27015829;17111600213;01081990;13021785;297;513;779;784;787;620 ~~~~~~~~~~~~~~~~~~~~~~ 10-23
27081491;29092068P;28015829;18111600213;02081990;14021785;298;371;780;785 ~~~~~~~~~~~~~~~~~~~~~~~~~~~~~~ 10-24
28081491;30092068P;29015829;19111600213;03081990;15021785;299;380;781;786;868;893;620 ~~~~~~~~~~~~~~~~~~ 10-25
29081491;01102068P;30015829;00121600213;04081990;16021785;300;849;782;787;835 ~~~~~~~~~~~~~~~~~~~~~~~~~~ 10-26
01091491;02102068P;01025829;01121600213;05081990;17021785;301;759;535;783;788;504;620 ~~~~~~~~~~~~~~~~~~ 10-27
02091491;03102068P;02025829;02121600213;06081990;18021785;302 ~~~~~~~~~~~~~~~~~~~~~~~~~~~~~~~~~~~~~~~~~~ 10-28
03091491;04102068P;03025829;03121600213;07081990;19021785;303;793;431;421;505;620 ~~~~~~~~~~~~~~~~~~~~~~ 10-29
04091491;05102068P;04025829;04121600213;08081990;20021785;304 ~~~~~~~~~~~~~~~~~~~~~~~~~~~~~~~~~~~~~~~~~~ 10-30
05091491;06102068P;05025829;05121600213;09081990;21021785;305;620 ~~~~~~~~~~~~~~~~~~~~~~~~~~~~~~~~~~~~~~ 10-31
06091491;07102068P;06025829;06121600213;10081990;22021785;306;762;543;375 ~~~~~~~~~~~~~~~~~~~~~~~~~~~~~~ 11-01
07091491;08102068P;07025829;07121600213;11081990;23021785;307;397;621 ~~~~~~~~~~~~~~~~~~~~~~~~~~~~~~~~~~ 11-02
08091491;09102068P;08025829;08121600213;12081990;24021785;308;637;763 ~~~~~~~~~~~~~~~~~~~~~~~~~~~~~~~~~~ 11-03
09091491;10102068P;09025829;09121600213;13081990;25021785;309;621 ~~~~~~~~~~~~~~~~~~~~~~~~~~~~~~~~~~~~~~ 11-04
10091491;11102068P;10025829;10121600213;14081990;26021785;310;760;547;879;621 ~~~~~~~~~~~~~~~~~~~~~~~~~~ 11-05
11091491;12102068P;11025829;11121600213;15081990;27021785;311;850;554;934;406;505;621 ~~~~~~~~~~~~~~~~~~ 11-06
12091491;13102068P;12025829;12121600213;16081990;28021785;312;761;514;418 ~~~~~~~~~~~~~~~~~~~~~~~~~~~~~~ 11-07
13091491;14102068P;13025829;13121600213;17081990;29021785;313;764;621 ~~~~~~~~~~~~~~~~~~~~~~~~~~~~~~~~~~ 11-08
14091491;15102068P;14025829;14121600213;18081990;30021785;314;394;541;880;949 ~~~~~~~~~~~~~~~~~~~~~~~~~~ 11-09
15091491;16102068P;15025829;15121600213;19081990;01031785;315;505;621 ~~~~~~~~~~~~~~~~~~~~~~~~~~~~~~~~~~ 11-10
16091491;17102068P;16025829;16121600213;20081990;02031785;316;621 ~~~~~~~~~~~~~~~~~~~~~~~~~~~~~~~~~~~~~~ 11-11
17091491;18102068P;17025829;17121600213;21081990;03031785;317;621 ~~~~~~~~~~~~~~~~~~~~~~~~~~~~~~~~~~~~~~ 11-12
18091491;19102068P;18025829;18121600213;22081990;04031785;318 ~~~~~~~~~~~~~~~~~~~~~~~~~~~~~~~~~~~~~~~~~~ 11-13
19091491;20102068P;19025829;19121600213;23081990;05031785;319;621 ~~~~~~~~~~~~~~~~~~~~~~~~~~~~~~~~~~~~~~ 11-14
20091491;21102068P;20025829;00131600213;24081990;06031785;320;766;621 ~~~~~~~~~~~~~~~~~~~~~~~~~~~~~~~~~~ 11-15
21091491;22102068P;21025829;01131600213;25081990;07031785;321;398;876;406;418;621 ~~~~~~~~~~~~~~~~~~~~~~ 11-16
22091491;23102068P;22025829;02131600213;26081990;08031785;322;767;621 ~~~~~~~~~~~~~~~~~~~~~~~~~~~~~~~~~~ 11-17
23091491;24102068P;23025829;03131600213;27081990;09031785;323;765;621 ~~~~~~~~~~~~~~~~~~~~~~~~~~~~~~~~~~ 11-18
24091491;25102068P;24025829;04131600213;28081990;10031785;324;513 ~~~~~~~~~~~~~~~~~~~~~~~~~~~~~~~~~~~~~~ 11-19
25091491;26102068P;25025829;05131600213;29081990;11031785;325;432;936;621 ~~~~~~~~~~~~~~~~~~~~~~~~~~~~~~ 11-20
26091491;27102068P;26025829;06131600213;30081990;12031785;326;769;621 ~~~~~~~~~~~~~~~~~~~~~~~~~~~~~~~~~~ 11-21
27091491;28102068P;27025829;07131600213;01091990;13031785;327;440;508;788;621 ~~~~~~~~~~~~~~~~~~~~~~~~~~ 11-22
28091491;29102068P;28025829;08131600213;02091990;14031785;328;441;507;621 ~~~~~~~~~~~~~~~~~~~~~~~~~~~~~~ 11-23
29091491;30102068P;29025829;09131600213;03091990;15031785;329;770;768;380;952;621 ~~~~~~~~~~~~~~~~~~~~~~ 11-24
30091491;01112068P;01035829;10131600213;04091990;16031785;330;929;506;418;621 ~~~~~~~~~~~~~~~~~~~~~~~~~~ 11-25
01101491;02112068P;02035829;11131600213;05091990;17031785;331;442;502;621 ~~~~~~~~~~~~~~~~~~~~~~~~~~~~~~ 11-26
02101491;03112068P;03035829;12131600213;06091990;18031785;332;771 ~~~~~~~~~~~~~~~~~~~~~~~~~~~~~~~~~~~~~~ 11-27
03101491;04112068P;04035829;13131600213;07091990;19031785;333;772;369;621 ~~~~~~~~~~~~~~~~~~~~~~~~~~~~~~ 11-28
04101491;05112068P;05035829;14131600213;08091990;20031785;334;944;621 ~~~~~~~~~~~~~~~~~~~~~~~~~~~~~~~~~~ 11-29
05101491;06112068P;06035829;15131600213;09091990;21031785;335;621 ~~~~~~~~~~~~~~~~~~~~~~~~~~~~~~~~~~~~~~ 11-30
06101491;07112068P;07035829;16131600213;10091990;22031785;336;637;775;397;406 ~~~~~~~~~~~~~~~~~~~~~~~~~~ 12-01
07101491;08112068P;08035829;17131600213;11091990;23031785;337;370;589;622 ~~~~~~~~~~~~~~~~~~~~~~~~~~~~~~ 12-02
08101491;09112068P;09035829;18131600213;12091990;24031785;338;622 ~~~~~~~~~~~~~~~~~~~~~~~~~~~~~~~~~~~~~~ 12-03
09101491;10112068P;10035829;19131600213;13091990;25031785;339;773;375;622 ~~~~~~~~~~~~~~~~~~~~~~~~~~~~~~ 12-04
10101491;11112068P;11035829;00141600213;14091990;26031785;340;514;557;890;622 ~~~~~~~~~~~~~~~~~~~~~~~~~~ 12-05
11101491;12112068P;12035829;01141600213;15091990;27031785;341;379;622 ~~~~~~~~~~~~~~~~~~~~~~~~~~~~~~~~~~ 12-06
12101491;13112068P;13035829;02141600213;16091990;28031785;342;774;376;832;622 ~~~~~~~~~~~~~~~~~~~~~~~~~~ 12-07
13101491;14112068P;14035829;03141600213;17091990;29031785;343;776;395;545;887;622 ~~~~~~~~~~~~~~~~~~~~~~ 12-08
14101491;15112068P;15035829;04141600213;18091990;30031785;344;777;590;622 ~~~~~~~~~~~~~~~~~~~~~~~~~~~~~~ 12-09
15101491;16112068P;16035829;05141600213;19091990;01041785;345;622 ~~~~~~~~~~~~~~~~~~~~~~~~~~~~~~~~~~~~~~ 12-10
16101491;17112068P;17035829;06141600213;20091990;02041785;346;406 ~~~~~~~~~~~~~~~~~~~~~~~~~~~~~~~~~~~~~~ 12-11
17101491;18112068P;18035829;07141600213;21091990;03041785;347;622 ~~~~~~~~~~~~~~~~~~~~~~~~~~~~~~~~~~~~~~ 12-12
18101491;19112068P;19035829;08141600213;22091990;04041785;348;422;622 ~~~~~~~~~~~~~~~~~~~~~~~~~~~~~~~~~~ 12-13
19101491;20112068P;20035829;09141600213;23091990;05041785;349;596;622 ~~~~~~~~~~~~~~~~~~~~~~~~~~~~~~~~~~ 12-14
20101491;21112068P;21035829;10141600213;24091990;06041785;350;622 ~~~~~~~~~~~~~~~~~~~~~~~~~~~~~~~~~~~~~~ 12-15
21101491;22112068P;22035829;11141600213;25091990;07041785;351;398;591;406;622 ~~~~~~~~~~~~~~~~~~~~~~~~~~ 12-16
22101491;23112068P;23035829;12141600213;26091990;08041785;352;513;622 ~~~~~~~~~~~~~~~~~~~~~~~~~~~~~~~~~~ 12-17
23101491;24112068P;24035829;13141600213;27091990;09041785;353;622 ~~~~~~~~~~~~~~~~~~~~~~~~~~~~~~~~~~~~~~ 12-18
24101491;25112068P;25035829;14141600213;28091990;10041785;354;516;622 ~~~~~~~~~~~~~~~~~~~~~~~~~~~~~~~~~~ 12-19
25101491;26112068P;26035829;15141600213;29091990;11041785;355;371;917;466;516;622 ~~~~~~~~~~~~~~~~~~~~~~ 12-20
26101491;27112068P;27035829;16141600213;30091990;12041785;356;778;426;516;406 ~~~~~~~~~~~~~~~~~~~~~~~~~~ 12-21
27101491;28112068P;28035829;17141600213;01101990;13041785;357;436;804;465;516;418;622 ~~~~~~~~~~~~~~~~~~ 12-22
28101491;29112068P;29035829;18141600213;02101990;14041785;358;592;516 ~~~~~~~~~~~~~~~~~~~~~~~~~~~~~~~~~~ 12-23
29101491;01122068P;30035829;19141600213;03101990;15041785;359;380;928;622 ~~~~~~~~~~~~~~~~~~~~~~~~~~~~~~ 12-24
01111491;02122068P;01045829;00151600213;04101990;16041785;360;836;516;622 ~~~~~~~~~~~~~~~~~~~~~~~~~~~~~~ 12-25
02111491;03122068P;02045829;01151600213;05101990;17041785;361;516;406;622 ~~~~~~~~~~~~~~~~~~~~~~~~~~~~~~ 12-31
03111491;04122068P;03045829;02151600213;06101990;18041785;362;516;622 ~~~~~~~~~~~~~~~~~~~~~~~~~~~~~~~~~~ 12-27
04111491;05122068P;04045829;03151600213;07101990;19041785;363;453;622 ~~~~~~~~~~~~~~~~~~~~~~~~~~~~~~~~~~ 12-28
05111491;06122068P;05045829;04151600213;08101990;20041785;364;399 ~~~~~~~~~~~~~~~~~~~~~~~~~~~~~~~~~~~~~~ 12-29
06111491;07122068P;06045829;05151600213;09101990;21041785;365;622 ~~~~~~~~~~~~~~~~~~~~~~~~~~~~~~~~~~~~~~ 12-30
07111491;08122068P;07045829;06151600213;10101990;22041785;366;397;514 ~~~~~~~~~~~~~~~~~~~~~~~~~~~~~~~~~~ 12-31
