07091452;08122030l;06045791;05051800013;11101952;23041747;001;611 ~~~~~~~~~~~~~~~~~~~~~~~~~~~~~~~~~~~~~~ 01-01
08091452;09122030l;07045791;06051800013;12101952;24041747;002 ~~~~~~~~~~~~~~~~~~~~~~~~~~~~~~~~~~~~~~~~~~ 01-02
09091452;10122030l;08045791;07051800013;13101952;25041747;003;611 ~~~~~~~~~~~~~~~~~~~~~~~~~~~~~~~~~~~~~~ 01-03
10091452;11122030l;09045791;08051800013;14101952;26041747;004;637;372;905 ~~~~~~~~~~~~~~~~~~~~~~~~~~~~~~ 01-04
11091452;12122030l;10045791;09051800013;15101952;27041747;005;437;505;611 ~~~~~~~~~~~~~~~~~~~~~~~~~~~~~~ 01-05
12091452;13122030l;11045791;10051800013;16101952;28041747;006;513 ~~~~~~~~~~~~~~~~~~~~~~~~~~~~~~~~~~~~~~ 01-06
13091452;14122030l;12045791;11051800013;17101952;29041747;007;505;611 ~~~~~~~~~~~~~~~~~~~~~~~~~~~~~~~~~~ 01-07
14091452;15122030l;13045791;12051800013;18101952;30041747;008;381;904 ~~~~~~~~~~~~~~~~~~~~~~~~~~~~~~~~~~ 01-08
15091452;16122030l;14045791;13051800013;19101952;01051747;009;505;611 ~~~~~~~~~~~~~~~~~~~~~~~~~~~~~~~~~~ 01-09
16091452;17122030l;15045791;14051800013;20101952;02051747;010 ~~~~~~~~~~~~~~~~~~~~~~~~~~~~~~~~~~~~~~~~~~ 01-10
17091452;18122030l;16045791;15051800013;21101952;03051747;011;626;611 ~~~~~~~~~~~~~~~~~~~~~~~~~~~~~~~~~~ 01-11
18091452;19122030l;17045791;16051800013;22101952;04051747;012;627;834;916;375 ~~~~~~~~~~~~~~~~~~~~~~~~~~ 01-12
19091452;20122030l;18045791;17051800013;23101952;05051747;013;628;611 ~~~~~~~~~~~~~~~~~~~~~~~~~~~~~~~~~~ 01-13
20091452;21122030l;19045791;18051800013;24101952;06051747;014;629 ~~~~~~~~~~~~~~~~~~~~~~~~~~~~~~~~~~~~~~ 01-14
21091452;22122030l;20045791;19051800013;25101952;07051747;015;412;505;611 ~~~~~~~~~~~~~~~~~~~~~~~~~~~~~~ 01-15
22091452;23122030l;21045791;00061800013;26101952;08051747;016;631;398 ~~~~~~~~~~~~~~~~~~~~~~~~~~~~~~~~~~ 01-16
23091452;24122030l;22045791;01061800013;27101952;09051747;017;415;611 ~~~~~~~~~~~~~~~~~~~~~~~~~~~~~~~~~~ 01-17
24091452;25122030l;23045791;02061800013;28101952;10051747;018;630 ~~~~~~~~~~~~~~~~~~~~~~~~~~~~~~~~~~~~~~ 01-18
25091452;26122030l;24045791;03061800013;29101952;11051747;019;625;923;611 ~~~~~~~~~~~~~~~~~~~~~~~~~~~~~~ 01-19
26091452;27122030l;25045791;04061800013;30101952;12051747;020;492 ~~~~~~~~~~~~~~~~~~~~~~~~~~~~~~~~~~~~~~ 01-20
27091452;28122030l;26045791;05061800013;01111952;13051747;021;376;514;508;611 ~~~~~~~~~~~~~~~~~~~~~~~~~~ 01-21
28091452;29122030l;27045791;06061800013;02111952;14051747;022;632;380;412 ~~~~~~~~~~~~~~~~~~~~~~~~~~~~~~ 01-22
29091452;01012031m;28045791;07061800013;03111952;15051747;023;888;479;490;611 ~~~~~~~~~~~~~~~~~~~~~~~~~~ 01-23
30091452;02012031m;29045791;08061800013;04111952;16051747;024;507;506;566;479;490 ~~~~~~~~~~~~~~~~~~~~~~ 01-24
01101452;03012031m;01055791;09061800013;05111952;17051747;025;634;502;566;611 ~~~~~~~~~~~~~~~~~~~~~~~~~~ 01-25
02101452;04012031m;02055791;10061800013;06111952;18051747;026;635;566 ~~~~~~~~~~~~~~~~~~~~~~~~~~~~~~~~~~ 01-26
03101452;05012031m;03055791;11061800013;07111952;19051747;027;636;432;940;566;611 ~~~~~~~~~~~~~~~~~~~~~~ 01-27
04101452;06012031m;04055791;12061800013;08111952;20051747;028;580 ~~~~~~~~~~~~~~~~~~~~~~~~~~~~~~~~~~~~~~ 01-28
05101452;07012031m;05055791;13061800013;09111952;21051747;029;397;914;412;611 ~~~~~~~~~~~~~~~~~~~~~~~~~~ 01-29
06101452;08012031m;06055791;14061800013;10111952;22051747;030;536 ~~~~~~~~~~~~~~~~~~~~~~~~~~~~~~~~~~~~~~ 01-30
07101452;09012031m;07055791;15061800013;11111952;23051747;031;633;611 ~~~~~~~~~~~~~~~~~~~~~~~~~~~~~~~~~~ 01-31
08101452;10012031m;08055791;15061800013;12111952;24051747;032;637;640 ~~~~~~~~~~~~~~~~~~~~~~~~~~~~~~~~~~ 02-01
09101452;11012031m;09055791;16061800013;13111952;25051747;033;413;513;612 ~~~~~~~~~~~~~~~~~~~~~~~~~~~~~~ 02-02
10101452;12012031m;10055791;17061800013;14111952;26051747;034;873 ~~~~~~~~~~~~~~~~~~~~~~~~~~~~~~~~~~~~~~ 02-03
11101452;13012031m;11055791;18061800013;15111952;27051747;035;612 ~~~~~~~~~~~~~~~~~~~~~~~~~~~~~~~~~~~~~~ 02-04
12101452;14012031m;12055791;19061800013;16111952;28051747;036 ~~~~~~~~~~~~~~~~~~~~~~~~~~~~~~~~~~~~~~~~~~ 02-05
13101452;15012031m;13055791;00071800013;17111952;29051747;037;638;612 ~~~~~~~~~~~~~~~~~~~~~~~~~~~~~~~~~~ 02-06
14101452;16012031m;14055791;01071800013;18111952;30051747;038;639;382;884 ~~~~~~~~~~~~~~~~~~~~~~~~~~~~~~ 02-07
15101452;17012031m;15055791;02071800013;19111952;01061747;039;643;612 ~~~~~~~~~~~~~~~~~~~~~~~~~~~~~~~~~~ 02-08
16101452;18012031m;16055791;03071800013;20111952;02061747;040;581 ~~~~~~~~~~~~~~~~~~~~~~~~~~~~~~~~~~~~~~ 02-09
17101452;19012031m;17055791;04071800013;21111952;03061747;041;641;415;610;612 ~~~~~~~~~~~~~~~~~~~~~~~~~~ 02-10
18101452;20012031m;18055791;05071800013;22111952;04061747;042 ~~~~~~~~~~~~~~~~~~~~~~~~~~~~~~~~~~~~~~~~~~ 02-11
19101452;21012031m;19055791;06071800013;23111952;05061747;043;612 ~~~~~~~~~~~~~~~~~~~~~~~~~~~~~~~~~~~~~~ 02-12
20101452;22012031m;20055791;07071800013;24111952;06061747;044;642 ~~~~~~~~~~~~~~~~~~~~~~~~~~~~~~~~~~~~~~ 02-13
21101452;23012031m;21055791;08071800013;25111952;07061747;045;398;612 ~~~~~~~~~~~~~~~~~~~~~~~~~~~~~~~~~~ 02-14
22101452;24012031m;22055791;09071800013;26111952;08061747;046 ~~~~~~~~~~~~~~~~~~~~~~~~~~~~~~~~~~~~~~~~~~ 02-15
23101452;25012031m;23055791;10071800013;27111952;09061747;047;612 ~~~~~~~~~~~~~~~~~~~~~~~~~~~~~~~~~~~~~~ 02-16
24101452;26012031m;24055791;11071800013;28111952;10061747;048;450;943;854 ~~~~~~~~~~~~~~~~~~~~~~~~~~~~~~ 02-17
25101452;27012031m;25055791;12071800013;29111952;11061747;049;554;854;415;612 ~~~~~~~~~~~~~~~~~~~~~~~~~~ 02-18
26101452;28012031m;26055791;13071800013;30111952;12061747;050;514 ~~~~~~~~~~~~~~~~~~~~~~~~~~~~~~~~~~~~~~ 02-19
27101452;29012031m;27055791;14071800013;01121952;13061747;051;644;886;612 ~~~~~~~~~~~~~~~~~~~~~~~~~~~~~~ 02-20
28101452;01022031m;28055791;15071800013;02121952;14061747;052;645;380 ~~~~~~~~~~~~~~~~~~~~~~~~~~~~~~~~~~ 02-21
29101452;02022031m;29055791;16071800013;03121952;15061747;053;612 ~~~~~~~~~~~~~~~~~~~~~~~~~~~~~~~~~~~~~~ 02-22
01111452;03022031m;30055791;17071800013;04121952;16061747;054;612 ~~~~~~~~~~~~~~~~~~~~~~~~~~~~~~~~~~~~~~ 02-23
02111452;04022031m;01065791;18071800013;05121952;17061747;055;612 ~~~~~~~~~~~~~~~~~~~~~~~~~~~~~~~~~~~~~~ 02-24
03111452;05022031m;02065791;19071800013;06121952;18061747;056;443;646;416 ~~~~~~~~~~~~~~~~~~~~~~~~~~~~~~ 02-25
04111452;06022031m;03065791;00081800013;07121952;19061747;057;444;612 ~~~~~~~~~~~~~~~~~~~~~~~~~~~~~~~~~~ 02-26
05111452;07022031m;04065791;01081800013;08121952;20061747;058;647;648 ~~~~~~~~~~~~~~~~~~~~~~~~~~~~~~~~~~ 02-27
06111452;08022031m;05065791;02081800013;09121952;21061747;059;596;649;650;397;612 ~~~~~~~~~~~~~~~~~~~~~~ 02-28
07111452;09022031m;06065791;06081800013;10121952;22061747;061;637;833 ~~~~~~~~~~~~~~~~~~~~~~~~~~~~~~~~~~ 03-01
08111452;10022031m;07065791;07081800013;11121952;23061747;062;655;513;613 ~~~~~~~~~~~~~~~~~~~~~~~~~~~~~~ 03-02
09111452;11022031m;08065791;08081800013;12121952;24061747;063;613 ~~~~~~~~~~~~~~~~~~~~~~~~~~~~~~~~~~~~~~ 03-03
10111452;12022031m;09065791;09081800013;13121952;25061747;064;517;613 ~~~~~~~~~~~~~~~~~~~~~~~~~~~~~~~~~~ 03-04
11111452;13022031m;10065791;10081800013;14121952;26061747;065;613 ~~~~~~~~~~~~~~~~~~~~~~~~~~~~~~~~~~~~~~ 03-05
12111452;14022031m;11065791;11081800013;15121952;27061747;066;653;613 ~~~~~~~~~~~~~~~~~~~~~~~~~~~~~~~~~~ 03-06
13111452;15022031m;12065791;12081800013;16121952;28061747;067;654;613 ~~~~~~~~~~~~~~~~~~~~~~~~~~~~~~~~~~ 03-07
14111452;16022031m;13065791;13081800013;17121952;29061747;068;383;544;623;613 ~~~~~~~~~~~~~~~~~~~~~~~~~~ 03-08
15111452;17022031m;14065791;14081800013;18121952;30061747;069;598;906;519;613 ~~~~~~~~~~~~~~~~~~~~~~~~~~ 03-09
16111452;18022031m;15065791;15081800013;19121952;01071747;070;562;613 ~~~~~~~~~~~~~~~~~~~~~~~~~~~~~~~~~~ 03-10
17111452;19022031m;16065791;16081800013;20121952;02071747;071;562;613 ~~~~~~~~~~~~~~~~~~~~~~~~~~~~~~~~~~ 03-11
18111452;20022031m;17065791;17081800013;21121952;03071747;072;433;562;613 ~~~~~~~~~~~~~~~~~~~~~~~~~~~~~~ 03-12
19111452;21022031m;18065791;18081800013;22121952;04071747;073;656;613 ~~~~~~~~~~~~~~~~~~~~~~~~~~~~~~~~~~ 03-13
20111452;22022031m;19065791;19081800013;23121952;05071747;074;613 ~~~~~~~~~~~~~~~~~~~~~~~~~~~~~~~~~~~~~~ 03-14
21111452;23022031m;20065791;00091800013;24121952;06071747;075;398;613 ~~~~~~~~~~~~~~~~~~~~~~~~~~~~~~~~~~ 03-15
22111452;24022031m;21065791;01091800013;25121952;07071747;076;533;821;924;613 ~~~~~~~~~~~~~~~~~~~~~~~~~~ 03-16
23111452;25022031m;22065791;02091800013;26121952;08071747;077;514;613 ~~~~~~~~~~~~~~~~~~~~~~~~~~~~~~~~~~ 03-17
24111452;26022031m;23065791;03091800013;27121952;09071747;078;657;436;613 ~~~~~~~~~~~~~~~~~~~~~~~~~~~~~~ 03-18
25111452;27022031m;24065791;04091800013;28121952;10071747;079;900 ~~~~~~~~~~~~~~~~~~~~~~~~~~~~~~~~~~~~~~ 03-19
26111452;28022031m;25065791;05091800013;29121952;11071747;080;658;466;613 ~~~~~~~~~~~~~~~~~~~~~~~~~~~~~~ 03-20
27111452;29022031m;26065791;06091800013;30121952;12071747;081;596;424 ~~~~~~~~~~~~~~~~~~~~~~~~~~~~~~~~~~ 03-21
28111452;30022031m;27065791;07091800013;01011953;13071747;082;380;459;851;613 ~~~~~~~~~~~~~~~~~~~~~~~~~~ 03-22
29111452;01032031m;28065791;08091800013;02011953;14071747;083;613 ~~~~~~~~~~~~~~~~~~~~~~~~~~~~~~~~~~~~~~ 03-23
30111452;02032031m;29065791;09091800013;03011953;15071747;084;538;559;935;613 ~~~~~~~~~~~~~~~~~~~~~~~~~~ 03-24
01121452;03032031m;01075791;10091800013;04011953;16071747;085;659 ~~~~~~~~~~~~~~~~~~~~~~~~~~~~~~~~~~~~~~ 03-25
02121452;04032031m;02075791;11091800013;05011953;17071747;086;660;399;555;577;613 ~~~~~~~~~~~~~~~~~~~~~~ 03-26
03121452;05032031m;03075791;12091800013;06011953;18071747;087 ~~~~~~~~~~~~~~~~~~~~~~~~~~~~~~~~~~~~~~~~~~ 03-27
04121452;06032031m;04075791;13091800013;07011953;19071747;088;613 ~~~~~~~~~~~~~~~~~~~~~~~~~~~~~~~~~~~~~~ 03-28
05121452;07032031m;05075791;14091800013;08011953;20071747;089;652;405;945;400;613 ~~~~~~~~~~~~~~~~~~~~~~ 03-29
06121452;08032031m;06075791;15091800013;09011953;21071747;090;397;513;852;613 ~~~~~~~~~~~~~~~~~~~~~~~~~~ 03-30
07121452;09032031m;07075791;16091800013;10011953;22071747;091 ~~~~~~~~~~~~~~~~~~~~~~~~~~~~~~~~~~~~~~~~~~ 03-31
08121452;10032031m;08075791;17091800013;11011953;23071747;092;576;933;400;614 ~~~~~~~~~~~~~~~~~~~~~~~~~~ 04-01
09121452;11032031m;09075791;18091800013;12011953;24071747;093;663;501 ~~~~~~~~~~~~~~~~~~~~~~~~~~~~~~~~~~ 04-02
10121452;12032031m;10075791;19091800013;13011953;25071747;094;877;500;614 ~~~~~~~~~~~~~~~~~~~~~~~~~~~~~~ 04-03
11121452;13032031m;11075791;00101800013;14011953;26071747;095;500;400;614 ~~~~~~~~~~~~~~~~~~~~~~~~~~~~~~ 04-04
12121452;14032031m;12075791;01101800013;15011953;27071747;096;637;661;571;614 ~~~~~~~~~~~~~~~~~~~~~~~~~~ 04-05
13121452;15032031m;13075791;02101800013;16011953;28071747;097;493;662;500 ~~~~~~~~~~~~~~~~~~~~~~~~~~~~~~ 04-06
14121452;16032031m;14075791;03101800013;17011953;29071747;098;384;539;651;575;500;400;614 ~~~~~~~~~~~~~~ 04-07
15121452;17032031m;15075791;04101800013;18011953;30071747;099;515;651 ~~~~~~~~~~~~~~~~~~~~~~~~~~~~~~~~~~ 04-08
16121452;18032031m;16075791;05101800013;19011953;01081747;100;651;614 ~~~~~~~~~~~~~~~~~~~~~~~~~~~~~~~~~~ 04-09
17121452;19032031m;17075791;06101800013;20011953;02081747;101;400;651 ~~~~~~~~~~~~~~~~~~~~~~~~~~~~~~~~~~ 04-10
18121452;20032031m;18075791;07101800013;21011953;03081747;102;445;514;651;841;614 ~~~~~~~~~~~~~~~~~~~~~~ 04-11
19121452;21032031m;19075791;08101800013;22011953;04081747;103;446;614;651 ~~~~~~~~~~~~~~~~~~~~~~~~~~~~~~ 04-12
20121452;22032031m;20075791;09101800013;23011953;05081747;104;447;400;614 ~~~~~~~~~~~~~~~~~~~~~~~~~~~~~~ 04-13
21121452;23032031m;21075791;10101800013;24011953;06081747;105;448;398;614 ~~~~~~~~~~~~~~~~~~~~~~~~~~~~~~ 04-14
22121452;24032031m;22075791;11101800013;25011953;07081747;106;408;614 ~~~~~~~~~~~~~~~~~~~~~~~~~~~~~~~~~~ 04-15
23121452;25032031m;23075791;12101800013;26011953;08081747;107;829;835;868;400 ~~~~~~~~~~~~~~~~~~~~~~~~~~ 04-16
24121452;26032031m;24075791;13101800013;27011953;09081747;108;631;664;939;842;614 ~~~~~~~~~~~~~~~~~~~~~~ 04-17
25121452;27032031m;25075791;14101800013;28011953;10081747;109;665;401;804;406;614 ~~~~~~~~~~~~~~~~~~~~~~ 04-18
26121452;28032031m;26075791;15101800013;29011953;11081747;110;666;614 ~~~~~~~~~~~~~~~~~~~~~~~~~~~~~~~~~~ 04-19
27121452;29032031m;27075791;16101800013;30011953;12081747;111;526;614 ~~~~~~~~~~~~~~~~~~~~~~~~~~~~~~~~~~ 04-20
28121452;30032031m;28075791;17101800013;01021953;13081747;112;794;380;928;409;614 ~~~~~~~~~~~~~~~~~~~~~~ 04-21
29121452;01232031m;29075791;18101800013;02021953;14081747;113;614 ~~~~~~~~~~~~~~~~~~~~~~~~~~~~~~~~~~~~~~ 04-22
01011453;02232031m;30075791;19101800013;03021953;15081747;114;495;614 ~~~~~~~~~~~~~~~~~~~~~~~~~~~~~~~~~~ 04-23
02011453;03232031m;01085791;00111800013;04021953;16081747;115;667;510;902 ~~~~~~~~~~~~~~~~~~~~~~~~~~~~~~ 04-24
03011453;04232031m;02085791;01111800013;05021953;17081747;116;671;432;496;614 ~~~~~~~~~~~~~~~~~~~~~~~~~~ 04-25
04011453;05232031m;03085791;02111800013;06021953;18081747;117;668 ~~~~~~~~~~~~~~~~~~~~~~~~~~~~~~~~~~~~~~ 04-26
05011453;06232031m;04085791;03111800013;07021953;19081747;118;669;513;528;614 ~~~~~~~~~~~~~~~~~~~~~~~~~~ 04-27
06011453;07232031m;05085791;04111800013;08021953;20081747;119;553;836;529;406;614 ~~~~~~~~~~~~~~~~~~~~~~ 04-28
07011453;08232031m;06085791;05111800013;09021953;21081747;120;397;614 ~~~~~~~~~~~~~~~~~~~~~~~~~~~~~~~~~~ 04-29
08011453;09232031m;07085791;06111800013;10021953;22081747;121;670;821 ~~~~~~~~~~~~~~~~~~~~~~~~~~~~~~~~~~ 04-30
09011453;10232031m;08085791;07111800013;11021953;23081747;122;677;927;615 ~~~~~~~~~~~~~~~~~~~~~~~~~~~~~~ 05-01
10011453;11232031m;09085791;08111800013;12021953;24081747;123;679;437;498 ~~~~~~~~~~~~~~~~~~~~~~~~~~~~~~ 05-02
11011453;12232031m;10085791;09111800013;13021953;25081747;124;637;672;889;406;615 ~~~~~~~~~~~~~~~~~~~~~~ 05-03
12011453;13232031m;11085791;10111800013;14021953;26081747;125;673;857 ~~~~~~~~~~~~~~~~~~~~~~~~~~~~~~~~~~ 05-04
13011453;14232031m;12085791;11111800013;15021953;27081747;126;674;894;615 ~~~~~~~~~~~~~~~~~~~~~~~~~~~~~~ 05-05
14011453;15232031m;13085791;12111800013;16021953;28081747;127;675;385 ~~~~~~~~~~~~~~~~~~~~~~~~~~~~~~~~~~ 05-06
15011453;16232031m;14085791;13111800013;17021953;29081747;128;676;537;542;937;948;496;615 ~~~~~~~~~~~~~~ 05-07
16011453;17232031m;15085791;14111800013;18021953;30081747;129;892;406 ~~~~~~~~~~~~~~~~~~~~~~~~~~~~~~~~~~ 05-08
17011453;18232031m;16085791;15111800013;19021953;01091747;130;678;514;615 ~~~~~~~~~~~~~~~~~~~~~~~~~~~~~~ 05-09
18011453;19232031m;17085791;16111800013;20021953;02091747;131;681;680 ~~~~~~~~~~~~~~~~~~~~~~~~~~~~~~~~~~ 05-10
19011453;20232031m;18085791;17111800013;21021953;03091747;132;451;518;615 ~~~~~~~~~~~~~~~~~~~~~~~~~~~~~~ 05-11
20011453;21232031m;19085791;18111800013;22021953;04091747;133;682;858 ~~~~~~~~~~~~~~~~~~~~~~~~~~~~~~~~~~ 05-12
21011453;22232031m;20085791;19111800013;23021953;05091747;134;398;406;496;615 ~~~~~~~~~~~~~~~~~~~~~~~~~~ 05-13
22011453;23232031m;21085791;00121800013;24021953;06091747;135;683;420;818 ~~~~~~~~~~~~~~~~~~~~~~~~~~~~~~ 05-14
23011453;24232031m;22085791;01121800013;25021953;07091747;136;797;409;615 ~~~~~~~~~~~~~~~~~~~~~~~~~~~~~~ 05-15
24011453;25232031m;23085791;02121800013;26021953;08091747;137;686;573 ~~~~~~~~~~~~~~~~~~~~~~~~~~~~~~~~~~ 05-16
25011453;26232031m;24085791;03121800013;27021953;09091747;138;687;530;568;573;615 ~~~~~~~~~~~~~~~~~~~~~~ 05-17
26011453;27232031m;25085791;04121800013;28021953;10091747;139;684;568;573;624;406 ~~~~~~~~~~~~~~~~~~~~~~ 05-18
27011453;28232031m;26085791;05121800013;29021953;11091747;140;789;624;496;615 ~~~~~~~~~~~~~~~~~~~~~~~~~~ 05-19
28011453;29232031m;27085791;06121800013;30021953;12091747;141;942;624 ~~~~~~~~~~~~~~~~~~~~~~~~~~~~~~~~~~ 05-20
29011453;01042031m;28085791;07121800013;31021953;13091747;142;685;380;921;932;950;624;615 ~~~~~~~~~~~~~~ 05-21
30011453;02042031m;29085791;08121800013;01031953;14091747;143;494;497;624 ~~~~~~~~~~~~~~~~~~~~~~~~~~~~~~ 05-22
01021453;03042031m;01095791;09121800013;02031953;15091747;144;689;798;624;406;615 ~~~~~~~~~~~~~~~~~~~~~~ 05-23
02021453;04042031m;02095791;10121800013;03031953;16091747;145;439;805;624;421 ~~~~~~~~~~~~~~~~~~~~~~~~~~ 05-24
03021453;05042031m;03095791;11121800013;04031953;17091747;146;439;513;615 ~~~~~~~~~~~~~~~~~~~~~~~~~~~~~~ 05-25
04021453;06042031m;04095791;12121800013;05031953;18091747;147;438 ~~~~~~~~~~~~~~~~~~~~~~~~~~~~~~~~~~~~~~ 05-26
05021453;07042031m;05095791;13121800013;06031953;19091747;148;409;615 ~~~~~~~~~~~~~~~~~~~~~~~~~~~~~~~~~~ 05-27
06021453;08042031m;06095791;14121800013;07031953;20091747;149;688;522;406 ~~~~~~~~~~~~~~~~~~~~~~~~~~~~~~ 05-28
07021453;09042031m;07095791;15121800013;08031953;21091747;150;397;615 ~~~~~~~~~~~~~~~~~~~~~~~~~~~~~~~~~~ 05-29
08021453;10042031m;08095791;16121800013;09031953;22091747;151 ~~~~~~~~~~~~~~~~~~~~~~~~~~~~~~~~~~~~~~~~~~ 05-30
09021453;11042031m;09095791;17121800013;10031953;23091747;152;552;615 ~~~~~~~~~~~~~~~~~~~~~~~~~~~~~~~~~~ 05-31
10021453;12042031m;10095791;18121800013;11031953;24091747;153;449;690;896 ~~~~~~~~~~~~~~~~~~~~~~~~~~~~~~ 06-01
11021453;13042031m;11095791;19121800013;12031953;25091747;154;694;866;406;409;616 ~~~~~~~~~~~~~~~~~~~~~~ 06-02
12021453;14042031m;12095791;00131800013;13031953;26091747;155 ~~~~~~~~~~~~~~~~~~~~~~~~~~~~~~~~~~~~~~~~~~ 06-03
13021453;15042031m;13095791;01131800013;14031953;27091747;156;691;616 ~~~~~~~~~~~~~~~~~~~~~~~~~~~~~~~~~~ 06-04
14021453;16042031m;14095791;02131800013;15031953;28091747;157;386;542;874;941;948;616 ~~~~~~~~~~~~~~~~~~ 06-05
15021453;17042031m;15095791;03131800013;16031953;29091747;158;692;514;616 ~~~~~~~~~~~~~~~~~~~~~~~~~~~~~~ 06-06
16021453;18042031m;16095791;04131800013;17031953;30091747;159;637;693;616 ~~~~~~~~~~~~~~~~~~~~~~~~~~~~~~ 06-07
17021453;19042031m;17095791;05131800013;18031953;01101747;160;695;433;409;616 ~~~~~~~~~~~~~~~~~~~~~~~~~~ 06-08
18021453;20042031m;18095791;06131800013;19031953;02101747;161;616 ~~~~~~~~~~~~~~~~~~~~~~~~~~~~~~~~~~~~~~ 06-09
19021453;21042031m;19095791;07131800013;20031953;03101747;162;696;616 ~~~~~~~~~~~~~~~~~~~~~~~~~~~~~~~~~~ 06-10
20021453;22042031m;20095791;08131800013;21031953;04101747;163;398;844;569;616 ~~~~~~~~~~~~~~~~~~~~~~~~~~ 06-11
21021453;23042031m;21095791;09131800013;22031953;05101747;164;569;406;616 ~~~~~~~~~~~~~~~~~~~~~~~~~~~~~~ 06-12
22021453;24042031m;22095791;10131800013;23031953;06101747;165;699;407 ~~~~~~~~~~~~~~~~~~~~~~~~~~~~~~~~~~ 06-13
23021453;25042031m;23095791;11131800013;24031953;07101747;166;697;799;409;616 ~~~~~~~~~~~~~~~~~~~~~~~~~~ 06-14
24021453;26042031m;24095791;12131800013;25031953;08101747;167;452;452;457;946;616 ~~~~~~~~~~~~~~~~~~~~~~ 06-15
25021453;27042031m;25095791;13131800013;26031953;09101747;168;616 ~~~~~~~~~~~~~~~~~~~~~~~~~~~~~~~~~~~~~~ 06-16
26021453;28042031m;26095791;14131800013;27031953;10101747;169;616 ~~~~~~~~~~~~~~~~~~~~~~~~~~~~~~~~~~~~~~ 06-17
27021453;29042031m;27095791;15131800013;28031953;11101747;170;616 ~~~~~~~~~~~~~~~~~~~~~~~~~~~~~~~~~~~~~~ 06-18
28021453;30042031m;28095791;16131800013;29031953;12101747;171;698;380 ~~~~~~~~~~~~~~~~~~~~~~~~~~~~~~~~~~ 06-19
29021453;01052031m;29095791;17131800013;30031953;13101747;172;701;460;700;409;616 ~~~~~~~~~~~~~~~~~~~~~~ 06-20
01031453;02052031m;30095791;18131800013;31031953;14101747;173;513;425 ~~~~~~~~~~~~~~~~~~~~~~~~~~~~~~~~~~ 06-21
02031453;03052031m;01105791;19131800013;01041953;15101747;174;870;461;616 ~~~~~~~~~~~~~~~~~~~~~~~~~~~~~~ 06-22
03031453;04052031m;02105791;00141800013;02041953;16101747;175;616 ~~~~~~~~~~~~~~~~~~~~~~~~~~~~~~~~~~~~~~ 06-23
04031453;05052031m;03105791;01141800013;03041953;17101747;176;564;616 ~~~~~~~~~~~~~~~~~~~~~~~~~~~~~~~~~~ 06-24
05031453;06052031m;04105791;02141800013;04041953;18101747;177;704;616 ~~~~~~~~~~~~~~~~~~~~~~~~~~~~~~~~~~ 06-25
06031453;07052031m;05105791;03141800013;05041953;19101747;178;616 ~~~~~~~~~~~~~~~~~~~~~~~~~~~~~~~~~~~~~~ 06-26
07031453;08052031m;06105791;04141800013;06041953;20101747;179;703;397 ~~~~~~~~~~~~~~~~~~~~~~~~~~~~~~~~~~ 06-27
08031453;09052031m;07105791;05141800013;07041953;21101747;180;702;616 ~~~~~~~~~~~~~~~~~~~~~~~~~~~~~~~~~~ 06-28
09031453;10052031m;08105791;06141800013;08041953;22101747;181;795;616 ~~~~~~~~~~~~~~~~~~~~~~~~~~~~~~~~~~ 06-29
10031453;11052031m;09105791;07141800013;09041953;23101747;182;616 ~~~~~~~~~~~~~~~~~~~~~~~~~~~~~~~~~~~~~~ 06-30
11031453;12052031m;10105791;08141800013;10041953;24101747;183;546;843 ~~~~~~~~~~~~~~~~~~~~~~~~~~~~~~~~~~ 07-01
12031453;13052031m;11105791;09141800013;11041953;25101747;184;511;409;617 ~~~~~~~~~~~~~~~~~~~~~~~~~~~~~~ 07-02
13031453;14052031m;12105791;10141800013;12041953;26101747;185;843;617 ~~~~~~~~~~~~~~~~~~~~~~~~~~~~~~~~~~ 07-03
14031453;15052031m;13105791;11141800013;13041953;27101747;186;387;514;531;561;565;617 ~~~~~~~~~~~~~~~~~~ 07-04
15031453;16052031m;14105791;12141800013;14041953;28101747;187;637;705;840;565 ~~~~~~~~~~~~~~~~~~~~~~~~~~ 07-05
16031453;17052031m;15105791;13141800013;15041953;29101747;188;373;617 ~~~~~~~~~~~~~~~~~~~~~~~~~~~~~~~~~~ 07-06
17031453;18052031m;16105791;14141800013;16041953;30101747;189;865;511;617 ~~~~~~~~~~~~~~~~~~~~~~~~~~~~~~ 07-07
18031453;19052031m;17105791;15141800013;17041953;01111747;190;409;617 ~~~~~~~~~~~~~~~~~~~~~~~~~~~~~~~~~~ 07-08
19031453;20052031m;18105791;16141800013;18041953;02111747;191;843;617 ~~~~~~~~~~~~~~~~~~~~~~~~~~~~~~~~~~ 07-09
20031453;21052031m;19105791;17141800013;19041953;03111747;192;617 ~~~~~~~~~~~~~~~~~~~~~~~~~~~~~~~~~~~~~~ 07-10
21031453;22052031m;20105791;18141800013;20041953;04111747;193;398;578 ~~~~~~~~~~~~~~~~~~~~~~~~~~~~~~~~~~ 07-11
22031453;23052031m;21105791;19141800013;21041953;05111747;194;706;617 ~~~~~~~~~~~~~~~~~~~~~~~~~~~~~~~~~~ 07-12
23031453;24052031m;22105791;00151800013;22041953;06111747;195 ~~~~~~~~~~~~~~~~~~~~~~~~~~~~~~~~~~~~~~~~~~ 07-13
24031453;25052031m;23105791;01151800013;23041953;07111747;196;707;409;617 ~~~~~~~~~~~~~~~~~~~~~~~~~~~~~~ 07-14
25031453;26052031m;24105791;02151800013;24041953;08111747;197;436;878 ~~~~~~~~~~~~~~~~~~~~~~~~~~~~~~~~~~ 07-15
26031453;27052031m;25105791;03151800013;25041953;09111747;198;711;617 ~~~~~~~~~~~~~~~~~~~~~~~~~~~~~~~~~~ 07-16
27031453;28052031m;26105791;04151800013;26041953;10111747;199;631 ~~~~~~~~~~~~~~~~~~~~~~~~~~~~~~~~~~~~~~ 07-17
28031453;29052031m;27105791;05151800013;27041953;11111747;200;513;617 ~~~~~~~~~~~~~~~~~~~~~~~~~~~~~~~~~~ 07-18
29031453;01062031m;28105791;06151800013;28041953;12111747;201;708;380;417;617 ~~~~~~~~~~~~~~~~~~~~~~~~~~ 07-19
30031453;02062031m;29105791;07151800013;29041953;13111747;202;709;402;617 ~~~~~~~~~~~~~~~~~~~~~~~~~~~~~~ 07-20
01041453;03062031m;01115791;08151800013;30041953;14111747;203;710;617 ~~~~~~~~~~~~~~~~~~~~~~~~~~~~~~~~~~ 07-21
02041453;04062031m;02115791;09151800013;31041953;15111747;204;432;579;617 ~~~~~~~~~~~~~~~~~~~~~~~~~~~~~~ 07-22
03041453;05062031m;03115791;10151800013;01051953;16111747;205 ~~~~~~~~~~~~~~~~~~~~~~~~~~~~~~~~~~~~~~~~~~ 07-23
04041453;06062031m;04115791;11151800013;02051953;17111747;206;712;825;891;403;617 ~~~~~~~~~~~~~~~~~~~~~~ 07-24
05041453;07062031m;05115791;12151800013;03051953;18111747;207;716;617 ~~~~~~~~~~~~~~~~~~~~~~~~~~~~~~~~~~ 07-25
06041453;08062031m;06115791;13151800013;04051953;19111747;208;713;409;617 ~~~~~~~~~~~~~~~~~~~~~~~~~~~~~~ 07-26
07041453;09062031m;07115791;14151800013;05051953;20111747;209;714;397;617 ~~~~~~~~~~~~~~~~~~~~~~~~~~~~~~ 07-27
08041453;10062031m;08115791;15151800013;06051953;21111747;210;617 ~~~~~~~~~~~~~~~~~~~~~~~~~~~~~~~~~~~~~~ 07-28
09041453;11062031m;09115791;16151800013;07051953;22111747;211;399;617 ~~~~~~~~~~~~~~~~~~~~~~~~~~~~~~~~~~ 07-29
10041453;12062031m;10115791;17151800013;08051953;23111747;212;926;617 ~~~~~~~~~~~~~~~~~~~~~~~~~~~~~~~~~~ 07-30
11041453;13062031m;11115791;18151800013;09051953;24111747;213;715 ~~~~~~~~~~~~~~~~~~~~~~~~~~~~~~~~~~~~~~ 07-31
12041453;14062031m;12115791;19151800013;10051953;25111747;214;719;938;400;403;409;618 ~~~~~~~~~~~~~~~~~~ 08-01
13041453;15062031m;13115791;00161800013;11051953;26111747;215;637;720;388;514;909;910 ~~~~~~~~~~~~~~~~~~ 08-02
14041453;16062031m;14115791;01161800013;12051953;27111747;216;717;556;925;618 ~~~~~~~~~~~~~~~~~~~~~~~~~~ 08-03
15041453;17062031m;15115791;02161800013;13051953;28111747;217;400 ~~~~~~~~~~~~~~~~~~~~~~~~~~~~~~~~~~~~~~ 08-04
16041453;18062031m;16115791;03161800013;14051953;29111747;218;718;467;875;618 ~~~~~~~~~~~~~~~~~~~~~~~~~~ 08-05
17041453;19062031m;17115791;04161800013;15051953;30111747;219;418 ~~~~~~~~~~~~~~~~~~~~~~~~~~~~~~~~~~~~~~ 08-06
18041453;20062031m;18115791;05161800013;16051953;01121747;220;864;400;409;618 ~~~~~~~~~~~~~~~~~~~~~~~~~~ 08-07
19041453;21062031m;19115791;06161800013;17051953;02121747;221 ~~~~~~~~~~~~~~~~~~~~~~~~~~~~~~~~~~~~~~~~~~ 08-08
20041453;22062031m;20115791;07161800013;18051953;03121747;222;723;398;872;403;618 ~~~~~~~~~~~~~~~~~~~~~~ 08-09
21041453;23062031m;21115791;08161800013;19051953;04121747;223;721;871;400 ~~~~~~~~~~~~~~~~~~~~~~~~~~~~~~ 08-10
22041453;24062031m;22115791;09161800013;20051953;05121747;224;618 ~~~~~~~~~~~~~~~~~~~~~~~~~~~~~~~~~~~~~~ 08-11
23041453;25062031m;23115791;10161800013;21051953;06121747;225;421 ~~~~~~~~~~~~~~~~~~~~~~~~~~~~~~~~~~~~~~ 08-12
24041453;26062031m;24115791;11161800013;22051953;07121747;226;722;503;400;403;618 ~~~~~~~~~~~~~~~~~~~~~~ 08-13
25041453;27062031m;25115791;12161800013;23051953;08121747;227;513 ~~~~~~~~~~~~~~~~~~~~~~~~~~~~~~~~~~~~~~ 08-14
26041453;28062031m;26115791;13161800013;24051953;09121747;228;618 ~~~~~~~~~~~~~~~~~~~~~~~~~~~~~~~~~~~~~~ 08-15
27041453;29062031m;27115791;14161800013;25051953;10121747;229;724;410;400 ~~~~~~~~~~~~~~~~~~~~~~~~~~~~~~ 08-16
28041453;30062031m;28115791;15161800013;26051953;11121747;230;380;618 ~~~~~~~~~~~~~~~~~~~~~~~~~~~~~~~~~~ 08-17
29041453;01072031m;29115791;16161800013;27051953;12121747;231;928 ~~~~~~~~~~~~~~~~~~~~~~~~~~~~~~~~~~~~~~ 08-18
01051453;02072031m;30115791;17161800013;28051953;13121747;232;400;618 ~~~~~~~~~~~~~~~~~~~~~~~~~~~~~~~~~~ 08-19
02051453;03072031m;01125791;18161800013;29051953;14121747;233 ~~~~~~~~~~~~~~~~~~~~~~~~~~~~~~~~~~~~~~~~~~ 08-20
03051453;04072031m;02125791;19161800013;30051953;15121747;234;403;618 ~~~~~~~~~~~~~~~~~~~~~~~~~~~~~~~~~~ 08-21
04051453;05072031m;03125791;00171800013;31051953;16121747;235;427;401;421 ~~~~~~~~~~~~~~~~~~~~~~~~~~~~~~ 08-22
05051453;06072031m;04125791;01171800013;01061953;17121747;236;618 ~~~~~~~~~~~~~~~~~~~~~~~~~~~~~~~~~~~~~~ 08-23
06051453;07072031m;05125791;02171800013;02061953;18121747;237;428;572;418 ~~~~~~~~~~~~~~~~~~~~~~~~~~~~~~ 08-24
07051453;08072031m;06125791;03171800013;03061953;19121747;238;796;397;403;618 ~~~~~~~~~~~~~~~~~~~~~~~~~~ 08-25
08051453;09072031m;07125791;04171800013;04061953;20121747;239;594;374 ~~~~~~~~~~~~~~~~~~~~~~~~~~~~~~~~~~ 08-26
09051453;10072031m;08125791;05171800013;05061953;21121747;240;595;618 ~~~~~~~~~~~~~~~~~~~~~~~~~~~~~~~~~~ 08-27
10051453;11072031m;09125791;06171800013;06061953;22121747;241;898 ~~~~~~~~~~~~~~~~~~~~~~~~~~~~~~~~~~~~~~ 08-28
11051453;12072031m;10125791;07171800013;07061953;23121747;242;596;437;554;618 ~~~~~~~~~~~~~~~~~~~~~~~~~~ 08-29
12051453;13072031m;11125791;08171800013;08061953;24121747;243;429;725;514;897 ~~~~~~~~~~~~~~~~~~~~~~~~~~ 08-30
13051453;14072031m;12125791;09171800013;09061953;25121747;244;430;725;567;618 ~~~~~~~~~~~~~~~~~~~~~~~~~~ 08-31
14051453;15072031m;13125791;10171800013;10061953;26121747;245;434;389;404;567 ~~~~~~~~~~~~~~~~~~~~~~~~~~ 09-01
15051453;16072031m;14125791;11171800013;11061953;27121747;246;435;418;619 ~~~~~~~~~~~~~~~~~~~~~~~~~~~~~~ 09-02
16051453;17072031m;15125791;12171800013;12061953;28121747;247 ~~~~~~~~~~~~~~~~~~~~~~~~~~~~~~~~~~~~~~~~~~ 09-03
17051453;18072031m;16125791;13171800013;13061953;29121747;248;433;619 ~~~~~~~~~~~~~~~~~~~~~~~~~~~~~~~~~~ 09-04
18051453;19072031m;17125791;14171800013;14061953;30121747;249;727 ~~~~~~~~~~~~~~~~~~~~~~~~~~~~~~~~~~~~~~ 09-05
19051453;20072031m;18125791;15171800013;15061953;01131747;250;637;728;375;619 ~~~~~~~~~~~~~~~~~~~~~~~~~~ 09-06
20051453;21072031m;19125791;16171800013;16061953;02131747;251;455;845;619 ~~~~~~~~~~~~~~~~~~~~~~~~~~~~~~ 09-07
21051453;22072031m;20125791;17171800013;17061953;03131747;252;729;846;398;619 ~~~~~~~~~~~~~~~~~~~~~~~~~~ 09-08
22051453;23072031m;21125791;18171800013;18061953;04131747;253 ~~~~~~~~~~~~~~~~~~~~~~~~~~~~~~~~~~~~~~~~~~ 09-09
23051453;24072031m;22125791;19171800013;19061953;05131747;254;619 ~~~~~~~~~~~~~~~~~~~~~~~~~~~~~~~~~~~~~~ 09-10
24051453;25072031m;23125791;00001900013;20061953;06131747;255;730;513 ~~~~~~~~~~~~~~~~~~~~~~~~~~~~~~~~~~ 09-11
25051453;26072031m;24125791;01001900013;21061953;01011748;256;847;901;619 ~~~~~~~~~~~~~~~~~~~~~~~~~~~~~~ 09-12
26051453;27072031m;25125791;02001900013;22061953;02011748;257;726;619 ~~~~~~~~~~~~~~~~~~~~~~~~~~~~~~~~~~ 09-13
27051453;28072031m;26125791;03001900013;23061953;03011748;258;619 ~~~~~~~~~~~~~~~~~~~~~~~~~~~~~~~~~~~~~~ 09-14
28051453;29072031m;27125791;04001900013;24061953;04011748;259 ~~~~~~~~~~~~~~~~~~~~~~~~~~~~~~~~~~~~~~~~~~ 09-15
29051453;30072031m;28125791;05001900013;25061953;05011748;260;732;380;865;619 ~~~~~~~~~~~~~~~~~~~~~~~~~~ 09-16
30051453;01082031m;29125791;06001900013;26061953;06011748;261;521 ~~~~~~~~~~~~~~~~~~~~~~~~~~~~~~~~~~~~~~ 09-17
01061453;02082031m;01015792;07001900013;27061953;07011748;262;733;521;619 ~~~~~~~~~~~~~~~~~~~~~~~~~~~~~~ 09-18
02061453;03082031m;02015792;08001900013;28061953;08011748;263;734;597;521 ~~~~~~~~~~~~~~~~~~~~~~~~~~~~~~ 09-19
03061453;04082031m;03015792;09001900013;29061953;09011748;264;735;550;418;619 ~~~~~~~~~~~~~~~~~~~~~~~~~~ 09-20
04061453;05082031m;04015792;10001900013;30061953;10011748;265;731;915;848 ~~~~~~~~~~~~~~~~~~~~~~~~~~~~~~ 09-21
05061453;06082031m;05015792;11001900013;31061953;11011748;266;736;462;619 ~~~~~~~~~~~~~~~~~~~~~~~~~~~~~~ 09-22
06061453;07082031m;06015792;12001900013;01071953;12011748;267;737;397;423;619;848 ~~~~~~~~~~~~~~~~~~~~~~ 09-23
07061453;08082031m;07015792;13001900013;02071953;13011748;268;742;908;463;619 ~~~~~~~~~~~~~~~~~~~~~~~~~~ 09-24
08061453;09082031m;08015792;14001900013;03071953;14011748;269;741;619;848 ~~~~~~~~~~~~~~~~~~~~~~~~~~~~~~ 09-25
09061453;10082031m;09015792;15001900013;04071953;15011748;270;738;619 ~~~~~~~~~~~~~~~~~~~~~~~~~~~~~~~~~~ 09-26
10061453;11082031m;10015792;16001900013;05071953;16011748;271;739;743;514;903;527;848 ~~~~~~~~~~~~~~~~~~ 09-27
11061453;12082031m;11015792;17001900013;06071953;17011748;272;740;619 ~~~~~~~~~~~~~~~~~~~~~~~~~~~~~~~~~~ 09-28
12061453;13082031m;12015792;18001900013;07071953;18011748;273;520;551;812;619;848 ~~~~~~~~~~~~~~~~~~~~~~ 09-29
13061453;14082031m;13015792;19001900013;08071953;19011748;274;390;396;396;534;853;619 ~~~~~~~~~~~~~~~~~~ 09-30
14061453;15082031m;14015792;00011900013;09071953;20011748;275;746;790;907;570;853 ~~~~~~~~~~~~~~~~~~~~~~ 10-01
15061453;16082031m;15015792;01011900013;10071953;21011748;276;747;790;523;853;620 ~~~~~~~~~~~~~~~~~~~~~~ 10-02
16061453;17082031m;16015792;02011900013;11071953;22011748;277;748;790;414;523;620;848 ~~~~~~~~~~~~~~~~~~ 10-03
17061453;18082031m;17015792;03011900013;12071953;23011748;278;637;790;523;620 ~~~~~~~~~~~~~~~~~~~~~~~~~~ 10-04
18061453;19082031m;18015792;04011900013;13071953;24011748;279;749;790;411;523 ~~~~~~~~~~~~~~~~~~~~~~~~~~ 10-05
19061453;20082031m;19015792;05011900013;14071953;25011748;280;744;790;523;620 ~~~~~~~~~~~~~~~~~~~~~~~~~~ 10-06
20061453;21082031m;20015792;06011900013;15071953;26011748;281;745;790;453;523;620 ~~~~~~~~~~~~~~~~~~~~~~ 10-07
21061453;22082031m;21015792;07011900013;16071953;27011748;282;752;398;523;418;620 ~~~~~~~~~~~~~~~~~~~~~~ 10-08
22061453;23082031m;22015792;08011900013;17071953;28011748;283;753;513;524;620;848 ~~~~~~~~~~~~~~~~~~~~~~ 10-09
23061453;24082031m;23015792;09011900013;18071953;29011748;284;367;525;620 ~~~~~~~~~~~~~~~~~~~~~~~~~~~~~~ 10-10
24061453;25082031m;24015792;10011900013;19071953;30011748;285;754;368;415;421;848 ~~~~~~~~~~~~~~~~~~~~~~ 10-11
25061453;26082031m;25015792;11011900013;20071953;01021748;286;750;869;620 ~~~~~~~~~~~~~~~~~~~~~~~~~~~~~~ 10-12
26061453;27082031m;26015792;12011900013;21071953;02021748;287;751;620 ~~~~~~~~~~~~~~~~~~~~~~~~~~~~~~~~~~ 10-13
27061453;28082031m;27015792;13011900013;22071953;03021748;288;791;620 ~~~~~~~~~~~~~~~~~~~~~~~~~~~~~~~~~~ 10-14
28061453;29082031m;28015792;14011900013;23071953;04021748;289;757;920;620 ~~~~~~~~~~~~~~~~~~~~~~~~~~~~~~ 10-15
29061453;01092031m;29015792;15011900013;24071953;05021748;290;631;380;620 ~~~~~~~~~~~~~~~~~~~~~~~~~~~~~~ 10-16
01071453;02092031m;30015792;16011900013;25071953;06021748;291;895;620 ~~~~~~~~~~~~~~~~~~~~~~~~~~~~~~~~~~ 10-17
02071453;03092031m;01025792;17011900013;26071953;07021748;292;758;432;620 ~~~~~~~~~~~~~~~~~~~~~~~~~~~~~~ 10-18
03071453;04092031m;02025792;18011900013;27071953;08021748;293;412;415;620 ~~~~~~~~~~~~~~~~~~~~~~~~~~~~~~ 10-19
04071453;05092031m;03025792;19011900013;28071953;09021748;294;755;431;784;375;620 ~~~~~~~~~~~~~~~~~~~~~~ 10-20
05071453;06092031m;04025792;00021900013;29071953;10021748;295;756;867;918;785 ~~~~~~~~~~~~~~~~~~~~~~~~~~ 10-21
06071453;07092031m;05025792;01021900013;30071953;11021748;296;369;514;919;786;620 ~~~~~~~~~~~~~~~~~~~~~~ 10-22
07071453;08092031m;06025792;02021900013;01081953;12021748;297;397;548;787;620 ~~~~~~~~~~~~~~~~~~~~~~~~~~ 10-23
08071453;09092031m;07025792;03021900013;02081953;13021748;298;422;885;563;620 ~~~~~~~~~~~~~~~~~~~~~~~~~~ 10-24
09071453;10092031m;08025792;04021900013;03081953;14021748;299;759;371;549;560 ~~~~~~~~~~~~~~~~~~~~~~~~~~ 10-25
10071453;11092031m;09025792;05021900013;04081953;15021748;300;899;412;418;620 ~~~~~~~~~~~~~~~~~~~~~~~~~~ 10-26
11071453;12092031m;10025792;06021900013;05081953;16021748;301;620 ~~~~~~~~~~~~~~~~~~~~~~~~~~~~~~~~~~~~~~ 10-27
12071453;13092031m;11025792;07021900013;06081953;17021748;302;620 ~~~~~~~~~~~~~~~~~~~~~~~~~~~~~~~~~~~~~~ 10-28
13071453;14092031m;12025792;08021900013;07081953;18021748;303;882;922;620 ~~~~~~~~~~~~~~~~~~~~~~~~~~~~~~ 10-29
14071453;15092031m;13025792;09021900013;08081953;19021748;304;393;532;542;948;620 ~~~~~~~~~~~~~~~~~~~~~~ 10-30
15071453;16092031m;14025792;10021900013;09081953;20021748;305;849;375 ~~~~~~~~~~~~~~~~~~~~~~~~~~~~~~~~~~ 10-31
16071453;17092031m;15025792;11021900013;10081953;21021748;306;637;763;621 ~~~~~~~~~~~~~~~~~~~~~~~~~~~~~~ 11-01
17071453;18092031m;16025792;12021900013;11081953;22021748;307;881;412 ~~~~~~~~~~~~~~~~~~~~~~~~~~~~~~~~~~ 11-02
18071453;19092031m;17025792;13021900013;12081953;23021748;308;760;621 ~~~~~~~~~~~~~~~~~~~~~~~~~~~~~~~~~~ 11-03
19071453;20092031m;18025792;14021900013;13081953;24021748;309;418 ~~~~~~~~~~~~~~~~~~~~~~~~~~~~~~~~~~~~~~ 11-04
20071453;21092031m;19025792;15021900013;14081953;25021748;310;761;621 ~~~~~~~~~~~~~~~~~~~~~~~~~~~~~~~~~~ 11-05
21071453;22092031m;20025792;16021900013;15081953;26021748;311;762;398;499;513 ~~~~~~~~~~~~~~~~~~~~~~~~~~ 11-06
22071453;23092031m;21025792;17021900013;16081953;27021748;312;596;621 ~~~~~~~~~~~~~~~~~~~~~~~~~~~~~~~~~~ 11-07
23071453;24092031m;22025792;18021900013;17081953;28021748;313 ~~~~~~~~~~~~~~~~~~~~~~~~~~~~~~~~~~~~~~~~~~ 11-08
24071453;25092031m;23025792;19021900013;18081953;29021748;314;436;621 ~~~~~~~~~~~~~~~~~~~~~~~~~~~~~~~~~~ 11-09
25071453;26092031m;24025792;00031900013;19081953;30021748;315;911 ~~~~~~~~~~~~~~~~~~~~~~~~~~~~~~~~~~~~~~ 11-10
26071453;27092031m;25025792;01031900013;20081953;01031748;316;558;375;621 ~~~~~~~~~~~~~~~~~~~~~~~~~~~~~~ 11-11
27071453;28092031m;26025792;02031900013;21081953;02031748;317;779;784;509;415 ~~~~~~~~~~~~~~~~~~~~~~~~~~ 11-12
28071453;29092031m;27025792;03031900013;22081953;03031748;318;764;780;785;893;418;621 ~~~~~~~~~~~~~~~~~~ 11-13
29071453;30092031m;28025792;04031900013;23081953;04031748;319;380;781;786;951 ~~~~~~~~~~~~~~~~~~~~~~~~~~ 11-14
30071453;01102031m;29025792;05031900013;24081953;05031748;320;767;782;787;931;621 ~~~~~~~~~~~~~~~~~~~~~~ 11-15
01081453;02102031m;01035792;06031900013;25081953;06031748;321;765;535;783;788;859 ~~~~~~~~~~~~~~~~~~~~~~ 11-16
02081453;03102031m;02035792;07031900013;26081953;07031748;322;514;621 ~~~~~~~~~~~~~~~~~~~~~~~~~~~~~~~~~~ 11-17
03081453;04102031m;03035792;08031900013;27081953;08031748;323 ~~~~~~~~~~~~~~~~~~~~~~~~~~~~~~~~~~~~~~~~~~ 11-18
04081453;05102031m;04035792;09031900013;28081953;09031748;324;399;621 ~~~~~~~~~~~~~~~~~~~~~~~~~~~~~~~~~~ 11-19
05081453;06102031m;05035792;10031900013;29081953;10031748;325;766;543;415 ~~~~~~~~~~~~~~~~~~~~~~~~~~~~~~ 11-20
06081453;07102031m;06035792;11031900013;30081953;11031748;326;397;621 ~~~~~~~~~~~~~~~~~~~~~~~~~~~~~~~~~~ 11-21
07081453;08102031m;07035792;12031900013;01091953;12031748;327;768;788;375;400;418 ~~~~~~~~~~~~~~~~~~~~~~ 11-22
08081453;09102031m;08035792;13031900013;02091953;13031748;328;879;412;621 ~~~~~~~~~~~~~~~~~~~~~~~~~~~~~~ 11-23
09081453;10102031m;09035792;14031900013;03091953;14031748;329;547 ~~~~~~~~~~~~~~~~~~~~~~~~~~~~~~~~~~~~~~ 11-24
10081453;11102031m;10035792;15031900013;04091953;15031748;330;934;400;621 ~~~~~~~~~~~~~~~~~~~~~~~~~~~~~~ 11-25
11081453;12102031m;11035792;16031900013;05091953;16031748;331;769 ~~~~~~~~~~~~~~~~~~~~~~~~~~~~~~~~~~~~~~ 11-26
12081453;13102031m;12035792;17031900013;06091953;17031748;332;440;868;621 ~~~~~~~~~~~~~~~~~~~~~~~~~~~~~~ 11-27
13081453;14102031m;13035792;18031900013;07091953;18031748;333;441;392;369;880;400 ~~~~~~~~~~~~~~~~~~~~~~ 11-28
14081453;15102031m;14035792;19031900013;08091953;19031748;334;770;512;621 ~~~~~~~~~~~~~~~~~~~~~~~~~~~~~~ 11-29
15081453;16102031m;15035792;00041900013;09091953;20031748;335;589;412 ~~~~~~~~~~~~~~~~~~~~~~~~~~~~~~~~~~ 11-30
16081453;17102031m;16035792;01041900013;10091953;21031748;336;442;433;400;418;622 ~~~~~~~~~~~~~~~~~~~~~~ 12-01
17081453;18102031m;17035792;02041900013;11091953;22031748;337;771;773;370 ~~~~~~~~~~~~~~~~~~~~~~~~~~~~~~ 12-02
18081453;19102031m;18035792;03041900013;12091953;23031748;338;772;513;622 ~~~~~~~~~~~~~~~~~~~~~~~~~~~~~~ 12-03
19081453;20102031m;19035792;04041900013;13091953;24031748;339;400 ~~~~~~~~~~~~~~~~~~~~~~~~~~~~~~~~~~~~~~ 12-04
20081453;21102031m;20035792;05041900013;14091953;25031748;340;774;622 ~~~~~~~~~~~~~~~~~~~~~~~~~~~~~~~~~~ 12-05
21081453;22102031m;21035792;06041900013;15091953;26031748;341;637;775;398 ~~~~~~~~~~~~~~~~~~~~~~~~~~~~~~ 12-06
22081453;23102031m;22035792;07041900013;16091953;27031748;342;876;590;412;622 ~~~~~~~~~~~~~~~~~~~~~~~~~~ 12-07
23081453;24102031m;23035792;08041900013;17091953;28031748;343;814 ~~~~~~~~~~~~~~~~~~~~~~~~~~~~~~~~~~~~~~ 12-08
24081453;25102031m;24035792;09041900013;18091953;29031748;344;401;622 ~~~~~~~~~~~~~~~~~~~~~~~~~~~~~~~~~~ 12-09
25081453;26102031m;25035792;10041900013;19091953;30031748;345;936;516 ~~~~~~~~~~~~~~~~~~~~~~~~~~~~~~~~~~ 12-10
26081453;27102031m;26035792;11041900013;20091953;01041748;346;861;516;622 ~~~~~~~~~~~~~~~~~~~~~~~~~~~~~~ 12-11
27081453;28102031m;27035792;12041900013;21091953;02041748;347;516 ~~~~~~~~~~~~~~~~~~~~~~~~~~~~~~~~~~~~~~ 12-12
28081453;29102031m;28035792;13041900013;22091953;03041748;348;776;516;622 ~~~~~~~~~~~~~~~~~~~~~~~~~~~~~~ 12-13
29081453;01112031m;29035792;14041900013;23091953;04041748;349;777;380;591;516;412 ~~~~~~~~~~~~~~~~~~~~~~ 12-14
01091453;02112031m;30035792;15041900013;24091953;05041748;350;514;504;622 ~~~~~~~~~~~~~~~~~~~~~~~~~~~~~~ 12-15
02091453;03112031m;01045792;16041900013;25091953;06041748;351;516 ~~~~~~~~~~~~~~~~~~~~~~~~~~~~~~~~~~~~~~ 12-16
03091453;04112031m;02045792;17041900013;26091953;07041748;352;838;516;505;622 ~~~~~~~~~~~~~~~~~~~~~~~~~~ 12-17
04091453;05112031m;03045792;18041900013;27091953;08041748;353;437;944;516 ~~~~~~~~~~~~~~~~~~~~~~~~~~~~~~ 12-18
05091453;06112031m;04045792;19041900013;28091953;09041748;354;778;418;622 ~~~~~~~~~~~~~~~~~~~~~~~~~~~~~~ 12-19
06091453;07112031m;05045792;00051900013;29091953;10041748;355;397;371 ~~~~~~~~~~~~~~~~~~~~~~~~~~~~~~~~~~ 12-20
07091453;08112031m;06045792;01051900013;30091953;11041748;356;592;466;622 ~~~~~~~~~~~~~~~~~~~~~~~~~~~~~~ 12-21
08091453;09112031m;07045792;02051900013;01101953;12041748;357;426 ~~~~~~~~~~~~~~~~~~~~~~~~~~~~~~~~~~~~~~ 12-22
09091453;10112031m;08045792;03051900013;02101953;13041748;358;465;622 ~~~~~~~~~~~~~~~~~~~~~~~~~~~~~~~~~~ 12-23
10091453;11112031m;09045792;04051900013;03101953;14041748;359;419;557;890 ~~~~~~~~~~~~~~~~~~~~~~~~~~~~~~ 12-24
11091453;12112031m;10045792;05051900013;04101953;15041748;360;622 ~~~~~~~~~~~~~~~~~~~~~~~~~~~~~~~~~~~~~~ 12-25
12091453;13112031m;11045792;06051900013;05101953;16041748;361;596 ~~~~~~~~~~~~~~~~~~~~~~~~~~~~~~~~~~~~~~ 12-26
13091453;14112031m;12045792;07051900013;06101953;17041748;362;505;622 ~~~~~~~~~~~~~~~~~~~~~~~~~~~~~~~~~~ 12-27
14091453;15112031m;13045792;08051900013;07101953;18041748;363;395;545;887 ~~~~~~~~~~~~~~~~~~~~~~~~~~~~~~ 12-28
15091453;16112031m;14045792;09051900013;08101953;19041748;364;622 ~~~~~~~~~~~~~~~~~~~~~~~~~~~~~~~~~~~~~~ 12-29
16091453;17112031m;15045792;10051900013;09101953;20041748;365 ~~~~~~~~~~~~~~~~~~~~~~~~~~~~~~~~~~~~~~~~~~ 12-30
17091453;18112031m;16045792;11051900013;10101953;21041748;366;513;622 ~~~~~~~~~~~~~~~~~~~~~~~~~~~~~~~~~~ 12-31
