07041472;081220496;07045810;05101700113;11101971;23041766;001;637;611 ~~~~~~~~~~~~~~~~~~~~~~~~~~~~~~~~~~ 01-01
08041472;091220496;08045810;06101700113;12101971;24041766;002 ~~~~~~~~~~~~~~~~~~~~~~~~~~~~~~~~~~~~~~~~~~ 01-02
09041472;101220496;09045810;07101700113;13101971;25041766;003;905;611 ~~~~~~~~~~~~~~~~~~~~~~~~~~~~~~~~~~ 01-03
10041472;111220496;10045810;08101700113;14101971;26041766;004;372 ~~~~~~~~~~~~~~~~~~~~~~~~~~~~~~~~~~~~~~ 01-04
11041472;121220496;11045810;09101700113;15101971;27041766;005;611 ~~~~~~~~~~~~~~~~~~~~~~~~~~~~~~~~~~~~~~ 01-05
12041472;131220496;12045810;10101700113;16101971;28041766;006;401 ~~~~~~~~~~~~~~~~~~~~~~~~~~~~~~~~~~~~~~ 01-06
13041472;141220496;13045810;11101700113;17101971;29041766;007;381;904;409;611 ~~~~~~~~~~~~~~~~~~~~~~~~~~ 01-07
14041472;151220496;14045810;12101700113;18101971;30041766;008;626;378 ~~~~~~~~~~~~~~~~~~~~~~~~~~~~~~~~~~ 01-08
15041472;161220496;15045810;13101700113;19101971;01051766;009;627;415;611 ~~~~~~~~~~~~~~~~~~~~~~~~~~~~~~ 01-09
16041472;171220496;16045810;14101700113;20101971;02051766;010;628;418 ~~~~~~~~~~~~~~~~~~~~~~~~~~~~~~~~~~ 01-10
17041472;181220496;17045810;15101700113;21101971;03051766;011;629;513;916;611 ~~~~~~~~~~~~~~~~~~~~~~~~~~ 01-11
18041472;191220496;18045810;16101700113;22101971;04051766;012 ~~~~~~~~~~~~~~~~~~~~~~~~~~~~~~~~~~~~~~~~~~ 01-12
19041472;201220496;19045810;17101700113;23101971;05051766;013;409;611 ~~~~~~~~~~~~~~~~~~~~~~~~~~~~~~~~~~ 01-13
20041472;211220496;20045810;18101700113;24101971;06051766;014 ~~~~~~~~~~~~~~~~~~~~~~~~~~~~~~~~~~~~~~~~~~ 01-14
21041472;221220496;21045810;19101700113;25101971;07051766;015;630;398;611 ~~~~~~~~~~~~~~~~~~~~~~~~~~~~~~ 01-15
22041472;231220496;22045810;00111700113;26101971;08051766;016;625 ~~~~~~~~~~~~~~~~~~~~~~~~~~~~~~~~~~~~~~ 01-16
23041472;241220496;23045810;01111700113;27101971;09051766;017;492;437;611 ~~~~~~~~~~~~~~~~~~~~~~~~~~~~~~ 01-17
24041472;251220496;24045810;02111700113;28101971;10051766;018 ~~~~~~~~~~~~~~~~~~~~~~~~~~~~~~~~~~~~~~~~~~ 01-18
25041472;261220496;25045810;03111700113;29101971;11051766;019;457;864;923;611 ~~~~~~~~~~~~~~~~~~~~~~~~~~ 01-19
26041472;271220496;26045810;04111700113;30101971;12051766;020;631 ~~~~~~~~~~~~~~~~~~~~~~~~~~~~~~~~~~~~~~ 01-20
27041472;281220496;27045810;05111700113;01111971;13051766;021;611 ~~~~~~~~~~~~~~~~~~~~~~~~~~~~~~~~~~~~~~ 01-21
28041472;291220496;28045810;06111700113;02111971;14051766;022;380 ~~~~~~~~~~~~~~~~~~~~~~~~~~~~~~~~~~~~~~ 01-22
29041472;010120507;29045810;07111700113;03111971;15051766;023;514;888;479;490;611 ~~~~~~~~~~~~~~~~~~~~~~ 01-23
01051472;020120507;01055810;08111700113;04111971;16051766;024;566;479;490 ~~~~~~~~~~~~~~~~~~~~~~~~~~~~~~ 01-24
02051472;030120507;02055810;09111700113;05111971;17051766;025;566;415;580;611 ~~~~~~~~~~~~~~~~~~~~~~~~~~ 01-25
03051472;040120507;03055810;10111700113;06111971;18051766;026;632;566 ~~~~~~~~~~~~~~~~~~~~~~~~~~~~~~~~~~ 01-26
04051472;050120507;04055810;11111700113;07111971;19051766;027;940;566;611 ~~~~~~~~~~~~~~~~~~~~~~~~~~~~~~ 01-27
05051472;060120507;05055810;12111700113;08111971;20051766;028;596;633 ~~~~~~~~~~~~~~~~~~~~~~~~~~~~~~~~~~ 01-28
06051472;070120507;06055810;13111700113;09111971;21051766;029;634;397;914;611 ~~~~~~~~~~~~~~~~~~~~~~~~~~ 01-29
07051472;080120507;07055810;14111700113;10111971;22051766;030;635;536 ~~~~~~~~~~~~~~~~~~~~~~~~~~~~~~~~~~ 01-30
08051472;090120507;08055810;15111700113;11111971;23051766;031;636;611 ~~~~~~~~~~~~~~~~~~~~~~~~~~~~~~~~~~ 01-31
09051472;100120507;09055810;15111700113;12111971;24051766;032 ~~~~~~~~~~~~~~~~~~~~~~~~~~~~~~~~~~~~~~~~~~ 02-01
10051472;110120507;10055810;16111700113;13111971;25051766;033;419;873;612 ~~~~~~~~~~~~~~~~~~~~~~~~~~~~~~ 02-02
11051472;120120507;11055810;17111700113;14111971;26051766;034;638 ~~~~~~~~~~~~~~~~~~~~~~~~~~~~~~~~~~~~~~ 02-03
12051472;130120507;12055810;18111700113;15111971;27051766;035;639;612 ~~~~~~~~~~~~~~~~~~~~~~~~~~~~~~~~~~ 02-04
13051472;140120507;13055810;19111700113;16111971;28051766;036;637;640 ~~~~~~~~~~~~~~~~~~~~~~~~~~~~~~~~~~ 02-05
14051472;150120507;14055810;00121700113;17111971;29051766;037;382;432;884;612 ~~~~~~~~~~~~~~~~~~~~~~~~~~ 02-06
15051472;160120507;15055810;01121700113;18111971;30051766;038;513;823 ~~~~~~~~~~~~~~~~~~~~~~~~~~~~~~~~~~ 02-07
16051472;170120507;16055810;02121700113;19111971;01061766;039;612 ~~~~~~~~~~~~~~~~~~~~~~~~~~~~~~~~~~~~~~ 02-08
17051472;180120507;17055810;03121700113;20111971;02061766;040 ~~~~~~~~~~~~~~~~~~~~~~~~~~~~~~~~~~~~~~~~~~ 02-09
18051472;190120507;18055810;04121700113;21111971;03061766;041;642;415;612 ~~~~~~~~~~~~~~~~~~~~~~~~~~~~~~ 02-10
19051472;200120507;19055810;05121700113;22111971;04061766;042 ~~~~~~~~~~~~~~~~~~~~~~~~~~~~~~~~~~~~~~~~~~ 02-11
20051472;210120507;20055810;06121700113;23111971;05061766;043;643;409;612 ~~~~~~~~~~~~~~~~~~~~~~~~~~~~~~ 02-12
21051472;220120507;21055810;07121700113;24111971;06061766;044;581 ~~~~~~~~~~~~~~~~~~~~~~~~~~~~~~~~~~~~~~ 02-13
22051472;230120507;22055810;08121700113;25111971;07061766;045;641;398;612 ~~~~~~~~~~~~~~~~~~~~~~~~~~~~~~ 02-14
23051472;240120507;23055810;09121700113;26111971;08061766;046 ~~~~~~~~~~~~~~~~~~~~~~~~~~~~~~~~~~~~~~~~~~ 02-15
24051472;250120507;24055810;10121700113;27111971;09061766;047;612 ~~~~~~~~~~~~~~~~~~~~~~~~~~~~~~~~~~~~~~ 02-16
25051472;260120507;25055810;11121700113;28111971;10061766;048;644;854 ~~~~~~~~~~~~~~~~~~~~~~~~~~~~~~~~~~ 02-17
26051472;270120507;26055810;12121700113;29111971;11061766;049;645;943;854;409;612 ~~~~~~~~~~~~~~~~~~~~~~ 02-18
27051472;280120507;27055810;13121700113;30111971;12061766;050 ~~~~~~~~~~~~~~~~~~~~~~~~~~~~~~~~~~~~~~~~~~ 02-19
28051472;290120507;28055810;14121700113;01121971;13061766;051;886;612 ~~~~~~~~~~~~~~~~~~~~~~~~~~~~~~~~~~ 02-20
29051472;010220507;29055810;15121700113;02121971;14061766;052;450;380;514;928 ~~~~~~~~~~~~~~~~~~~~~~~~~~ 02-21
30051472;020220507;30055810;16121700113;03121971;15061766;053;443;646;612 ~~~~~~~~~~~~~~~~~~~~~~~~~~~~~~ 02-22
01061472;030220507;01065810;17121700113;04121971;16061766;054;444 ~~~~~~~~~~~~~~~~~~~~~~~~~~~~~~~~~~~~~~ 02-23
02061472;040220507;02065810;18121700113;05121971;17061766;055;647;648;612 ~~~~~~~~~~~~~~~~~~~~~~~~~~~~~~ 02-24
03061472;050220507;03065810;19121700113;06121971;18061766;056;649 ~~~~~~~~~~~~~~~~~~~~~~~~~~~~~~~~~~~~~~ 02-25
04061472;060220507;04065810;00131700113;07121971;19061766;057;612 ~~~~~~~~~~~~~~~~~~~~~~~~~~~~~~~~~~~~~~ 02-26
05061472;070220507;05065810;01131700113;08121971;20061766;058 ~~~~~~~~~~~~~~~~~~~~~~~~~~~~~~~~~~~~~~~~~~ 02-27
06061472;080220507;06065810;02131700113;09121971;21061766;059;650;397;612 ~~~~~~~~~~~~~~~~~~~~~~~~~~~~~~ 02-28
07061472;090220507;07065810;06131700113;10121971;22061766;061 ~~~~~~~~~~~~~~~~~~~~~~~~~~~~~~~~~~~~~~~~~~ 03-01
08061472;100220507;08065810;07131700113;11121971;23061766;062;409;613 ~~~~~~~~~~~~~~~~~~~~~~~~~~~~~~~~~~ 03-02
09061472;110220507;09065810;08131700113;12121971;24061766;063;653 ~~~~~~~~~~~~~~~~~~~~~~~~~~~~~~~~~~~~~~ 03-03
10061472;120220507;10065810;09131700113;13121971;25061766;064;596;654;517;613 ~~~~~~~~~~~~~~~~~~~~~~~~~~ 03-04
11061472;130220507;11065810;10131700113;14121971;26061766;065;637 ~~~~~~~~~~~~~~~~~~~~~~~~~~~~~~~~~~~~~~ 03-05
12061472;140220507;12065810;11131700113;15121971;27061766;066;655;513;613 ~~~~~~~~~~~~~~~~~~~~~~~~~~~~~~ 03-06
13061472;150220507;13065810;12131700113;16121971;28061766;067 ~~~~~~~~~~~~~~~~~~~~~~~~~~~~~~~~~~~~~~~~~~ 03-07
14061472;160220507;14065810;13131700113;17121971;29061766;068;383;544;623;906;519;409;613 ~~~~~~~~~~~~~~ 03-08
15061472;170220507;15065810;14131700113;18121971;30061766;069;598;838;613 ~~~~~~~~~~~~~~~~~~~~~~~~~~~~~~ 03-09
16061472;180220507;16065810;15131700113;19121971;01071766;070;656;613 ~~~~~~~~~~~~~~~~~~~~~~~~~~~~~~~~~~ 03-10
17061472;190220507;17065810;16131700113;20121971;02071766;071 ~~~~~~~~~~~~~~~~~~~~~~~~~~~~~~~~~~~~~~~~~~ 03-11
18061472;200220507;18065810;17131700113;21121971;03071766;072;613 ~~~~~~~~~~~~~~~~~~~~~~~~~~~~~~~~~~~~~~ 03-12
19061472;210220507;19065810;18131700113;22121971;04071766;073;613 ~~~~~~~~~~~~~~~~~~~~~~~~~~~~~~~~~~~~~~ 03-13
20061472;220220507;20065810;19131700113;23121971;05071766;074;409;415;613 ~~~~~~~~~~~~~~~~~~~~~~~~~~~~~~ 03-14
21061472;230220507;21065810;00141700113;24121971;06071766;075;657;613 ~~~~~~~~~~~~~~~~~~~~~~~~~~~~~~~~~~ 03-15
22061472;240220507;22065810;01141700113;25121971;07071766;076;398;533;924;613 ~~~~~~~~~~~~~~~~~~~~~~~~~~ 03-16
23061472;250220507;23065810;02141700113;26121971;08071766;077;658;613 ~~~~~~~~~~~~~~~~~~~~~~~~~~~~~~~~~~ 03-17
24061472;260220507;24065810;03141700113;27121971;09071766;078;613 ~~~~~~~~~~~~~~~~~~~~~~~~~~~~~~~~~~~~~~ 03-18
25061472;270220507;25065810;04141700113;28121971;10071766;079;900;466 ~~~~~~~~~~~~~~~~~~~~~~~~~~~~~~~~~~ 03-19
26061472;280220507;26065810;05141700113;29121971;11071766;080;410;424;613 ~~~~~~~~~~~~~~~~~~~~~~~~~~~~~~ 03-20
27061472;290220507;27065810;06141700113;30121971;12071766;081;514;459;613 ~~~~~~~~~~~~~~~~~~~~~~~~~~~~~~ 03-21
28061472;300220507;28065810;07141700113;01011972;13071766;082;659;380;433;851;415;613 ~~~~~~~~~~~~~~~~~~ 03-22
29061472;010320507;29065810;08141700113;02011972;14071766;083;374;538;559;935;613 ~~~~~~~~~~~~~~~~~~~~~~ 03-23
01071472;020320507;01075810;09141700113;03011972;15071766;084;613 ~~~~~~~~~~~~~~~~~~~~~~~~~~~~~~~~~~~~~~ 03-24
02071472;030320507;02075810;10141700113;04011972;16071766;085;555;577;613 ~~~~~~~~~~~~~~~~~~~~~~~~~~~~~~ 03-25
03071472;040320507;03075810;11141700113;05011972;17071766;086;613 ~~~~~~~~~~~~~~~~~~~~~~~~~~~~~~~~~~~~~~ 03-26
04071472;050320507;04075810;12141700113;06011972;18071766;087;613 ~~~~~~~~~~~~~~~~~~~~~~~~~~~~~~~~~~~~~~ 03-27
05071472;060320507;05075810;13141700113;07011972;19071766;088;945;613 ~~~~~~~~~~~~~~~~~~~~~~~~~~~~~~~~~~ 03-28
06071472;070320507;06075810;14141700113;08011972;20071766;089;652;397;613 ~~~~~~~~~~~~~~~~~~~~~~~~~~~~~~ 03-29
07071472;080320507;07075810;15141700113;09011972;21071766;090;660;436;852;415;613 ~~~~~~~~~~~~~~~~~~~~~~ 03-30
08071472;090320507;08075810;16141700113;10011972;22071766;091;576;830;933 ~~~~~~~~~~~~~~~~~~~~~~~~~~~~~~ 03-31
09071472;100320507;09075810;17141700113;11011972;23071766;092;614 ~~~~~~~~~~~~~~~~~~~~~~~~~~~~~~~~~~~~~~ 04-01
10071472;110320507;10075810;18141700113;12011972;24071766;093;637;661;513;877 ~~~~~~~~~~~~~~~~~~~~~~~~~~ 04-02
11071472;120320507;11075810;19141700113;13011972;25071766;094;493;662;614 ~~~~~~~~~~~~~~~~~~~~~~~~~~~~~~ 04-03
12071472;130320507;12075810;00151700113;14011972;26071766;095;571;651 ~~~~~~~~~~~~~~~~~~~~~~~~~~~~~~~~~~ 04-04
13071472;140320507;13075810;01151700113;15011972;27071766;096;651;614 ~~~~~~~~~~~~~~~~~~~~~~~~~~~~~~~~~~ 04-05
14071472;150320507;14075810;02151700113;16011972;28071766;097;663;651 ~~~~~~~~~~~~~~~~~~~~~~~~~~~~~~~~~~ 04-06
15071472;160320507;15075810;03151700113;17011972;29071766;098;384;539;651;575;515;614 ~~~~~~~~~~~~~~~~~~ 04-07
16071472;170320507;16075810;04151700113;18011972;30071766;099;445;399;651 ~~~~~~~~~~~~~~~~~~~~~~~~~~~~~~ 04-08
17071472;180320507;17075810;05151700113;19011972;01081766;100;446;651;614 ~~~~~~~~~~~~~~~~~~~~~~~~~~~~~~ 04-09
18071472;190320507;18075810;06151700113;20011972;02081766;101;447;614 ~~~~~~~~~~~~~~~~~~~~~~~~~~~~~~~~~~ 04-10
19071472;200320507;19075810;07151700113;21011972;03081766;102;448;400;614 ~~~~~~~~~~~~~~~~~~~~~~~~~~~~~~ 04-11
20071472;210320507;20075810;08151700113;22011972;04081766;103 ~~~~~~~~~~~~~~~~~~~~~~~~~~~~~~~~~~~~~~~~~~ 04-12
21071472;220320507;21075810;09151700113;23011972;05081766;104;614 ~~~~~~~~~~~~~~~~~~~~~~~~~~~~~~~~~~~~~~ 04-13
22071472;230320507;22075810;10151700113;24011972;06081766;105;398;400 ~~~~~~~~~~~~~~~~~~~~~~~~~~~~~~~~~~ 04-14
23071472;240320507;23075810;11151700113;25011972;07081766;106;665;415;614 ~~~~~~~~~~~~~~~~~~~~~~~~~~~~~~ 04-15
24071472;250320507;24075810;12151700113;26011972;08081766;107;666;614 ~~~~~~~~~~~~~~~~~~~~~~~~~~~~~~~~~~ 04-16
25071472;260320507;25075810;13151700113;27011972;09081766;108;939;400;614 ~~~~~~~~~~~~~~~~~~~~~~~~~~~~~~ 04-17
26071472;270320507;26075810;14151700113;28011972;10081766;109;794;514;526;833 ~~~~~~~~~~~~~~~~~~~~~~~~~~ 04-18
27071472;280320507;27075810;15151700113;29011972;11081766;110;509;614 ~~~~~~~~~~~~~~~~~~~~~~~~~~~~~~~~~~ 04-19
28071472;290320507;28075810;16151700113;30011972;12081766;111;400 ~~~~~~~~~~~~~~~~~~~~~~~~~~~~~~~~~~~~~~ 04-20
29071472;012320507;29075810;17151700113;01021972;13081766;112;631;664;380;614 ~~~~~~~~~~~~~~~~~~~~~~~~~~ 04-21
30071472;022320507;30075810;18151700113;02021972;14081766;113 ~~~~~~~~~~~~~~~~~~~~~~~~~~~~~~~~~~~~~~~~~~ 04-22
01081472;032320507;01085810;19151700113;03021972;15081766;114;902;415;614 ~~~~~~~~~~~~~~~~~~~~~~~~~~~~~~ 04-23
02081472;042320507;02085810;00161700113;04021972;16081766;115;669;510 ~~~~~~~~~~~~~~~~~~~~~~~~~~~~~~~~~~ 04-24
03081472;052320507;03085810;01161700113;05021972;17081766;116;375;614 ~~~~~~~~~~~~~~~~~~~~~~~~~~~~~~~~~~ 04-25
04081472;062320507;04085810;02161700113;06021972;18081766;117;528;400;614 ~~~~~~~~~~~~~~~~~~~~~~~~~~~~~~ 04-26
05081472;072320507;05085810;03161700113;07021972;19081766;118;670;529;614 ~~~~~~~~~~~~~~~~~~~~~~~~~~~~~~ 04-27
06081472;082320507;06085810;04161700113;08021972;20081766;119;667;397;553;614 ~~~~~~~~~~~~~~~~~~~~~~~~~~ 04-28
07081472;092320507;07085810;05161700113;09021972;21081766;120;671;614 ~~~~~~~~~~~~~~~~~~~~~~~~~~~~~~~~~~ 04-29
08081472;102320507;08085810;06161700113;10021972;22081766;121;668;513;927 ~~~~~~~~~~~~~~~~~~~~~~~~~~~~~~ 04-30
09081472;112320507;09085810;07161700113;11021972;23081766;122;673;401;415;615 ~~~~~~~~~~~~~~~~~~~~~~~~~~ 05-01
10081472;122320507;10085810;08161700113;12021972;24081766;123;674;889 ~~~~~~~~~~~~~~~~~~~~~~~~~~~~~~~~~~ 05-02
11081472;132320507;11085810;09161700113;13021972;25081766;124;675;615 ~~~~~~~~~~~~~~~~~~~~~~~~~~~~~~~~~~ 05-03
12081472;142320507;12085810;10161700113;14021972;26081766;125;676 ~~~~~~~~~~~~~~~~~~~~~~~~~~~~~~~~~~~~~~ 05-04
13081472;152320507;13085810;11161700113;15021972;27081766;126;677;432;894;615 ~~~~~~~~~~~~~~~~~~~~~~~~~~ 05-05
14081472;162320507;14085810;12161700113;16021972;28081766;127;679;678;385;537;937;949;512;375 ~~~~~~~~~~ 05-06
15081472;172320507;15085810;13161700113;17021972;29081766;128;637;672;680;541;892;615 ~~~~~~~~~~~~~~~~~~ 05-07
16081472;182320507;16085810;14161700113;18021972;30081766;129;451 ~~~~~~~~~~~~~~~~~~~~~~~~~~~~~~~~~~~~~~ 05-08
17081472;192320507;17085810;15161700113;19021972;01091766;130;682;801;615 ~~~~~~~~~~~~~~~~~~~~~~~~~~~~~~ 05-09
18081472;202320507;18085810;16161700113;20021972;02091766;131;518 ~~~~~~~~~~~~~~~~~~~~~~~~~~~~~~~~~~~~~~ 05-10
19081472;212320507;19085810;17161700113;21021972;03091766;132;683;615 ~~~~~~~~~~~~~~~~~~~~~~~~~~~~~~~~~~ 05-11
20081472;222320507;20085810;18161700113;22021972;04091766;133;868 ~~~~~~~~~~~~~~~~~~~~~~~~~~~~~~~~~~~~~~ 05-12
21081472;232320507;21085810;19161700113;23021972;05091766;134;398;615 ~~~~~~~~~~~~~~~~~~~~~~~~~~~~~~~~~~ 05-13
22081472;242320507;22085810;00171700113;24021972;06091766;135;681 ~~~~~~~~~~~~~~~~~~~~~~~~~~~~~~~~~~~~~~ 05-14
23081472;252320507;23085810;01171700113;25021972;07091766;136;684;514;815;624;615 ~~~~~~~~~~~~~~~~~~~~~~ 05-15
24081472;262320507;24085810;02171700113;26021972;08091766;137;437;624 ~~~~~~~~~~~~~~~~~~~~~~~~~~~~~~~~~~ 05-16
25081472;272320507;25085810;03171700113;27021972;09091766;138;530;624;375;415;615 ~~~~~~~~~~~~~~~~~~~~~~ 05-17
26081472;282320507;26085810;04171700113;28021972;10091766;139;685;411;624 ~~~~~~~~~~~~~~~~~~~~~~~~~~~~~~ 05-18
27081472;292320507;27085810;05171700113;29021972;11091766;140;494;797;818;624;615 ~~~~~~~~~~~~~~~~~~~~~~ 05-19
28081472;302320507;28085810;06171700113;30021972;12091766;141;686;380;921;942;951;573;624 ~~~~~~~~~~~~~~ 05-20
29081472;010420507;29085810;07171700113;31021972;13091766;142;687;931;573;624;615 ~~~~~~~~~~~~~~~~~~~~~~ 05-21
01091472;020420507;01095810;08171700113;01031972;14091766;143;504;573 ~~~~~~~~~~~~~~~~~~~~~~~~~~~~~~~~~~ 05-22
02091472;030420507;02095810;09171700113;02031972;15091766;144;798;789;615 ~~~~~~~~~~~~~~~~~~~~~~~~~~~~~~ 05-23
03091472;040420507;03095810;10171700113;03031972;16091766;145;416 ~~~~~~~~~~~~~~~~~~~~~~~~~~~~~~~~~~~~~~ 05-24
04091472;050420507;04095810;11171700113;04031972;17091766;146;688;615 ~~~~~~~~~~~~~~~~~~~~~~~~~~~~~~~~~~ 05-25
05091472;060420507;05095810;12171700113;05031972;18091766;147 ~~~~~~~~~~~~~~~~~~~~~~~~~~~~~~~~~~~~~~~~~~ 05-26
06091472;070420507;06095810;13171700113;06031972;19091766;148;689;522;615 ~~~~~~~~~~~~~~~~~~~~~~~~~~~~~~ 05-27
07091472;080420507;07095810;14171700113;07031972;20091766;149;439;397;513;375 ~~~~~~~~~~~~~~~~~~~~~~~~~~ 05-28
08091472;090420507;08095810;15171700113;08031972;21091766;150;449;439;615 ~~~~~~~~~~~~~~~~~~~~~~~~~~~~~~ 05-29
09091472;100420507;09095810;16171700113;09031972;22091766;151;438 ~~~~~~~~~~~~~~~~~~~~~~~~~~~~~~~~~~~~~~ 05-30
10091472;110420507;10095810;17171700113;10031972;23091766;152;552;615 ~~~~~~~~~~~~~~~~~~~~~~~~~~~~~~~~~~ 05-31
11091472;120420507;11095810;18171700113;11031972;24091766;153;691;896;505 ~~~~~~~~~~~~~~~~~~~~~~~~~~~~~~ 06-01
12091472;130420507;12095810;19171700113;12031972;25091766;154;694;616 ~~~~~~~~~~~~~~~~~~~~~~~~~~~~~~~~~~ 06-02
13091472;140420507;13095810;00001800113;13031972;26091766;155;692 ~~~~~~~~~~~~~~~~~~~~~~~~~~~~~~~~~~~~~~ 06-03
14091472;150420507;14095810;01001800113;14031972;27091766;156;637;693;821;941;616 ~~~~~~~~~~~~~~~~~~~~~~ 06-04
15091472;160420507;15095810;02001800113;15031972;28091766;157;690;386;874;505;616 ~~~~~~~~~~~~~~~~~~~~~~ 06-05
16091472;170420507;16095810;03001800113;16031972;29091766;158;616;605 ~~~~~~~~~~~~~~~~~~~~~~~~~~~~~~~~~~ 06-06
17091472;180420507;17095810;04001800113;17031972;30091766;159 ~~~~~~~~~~~~~~~~~~~~~~~~~~~~~~~~~~~~~~~~~~ 06-07
18091472;190420507;18095810;05001800113;18031972;01101766;160;616 ~~~~~~~~~~~~~~~~~~~~~~~~~~~~~~~~~~~~~~ 06-08
19091472;200420507;19095810;06001800113;19031972;02101766;161;514;505;616 ~~~~~~~~~~~~~~~~~~~~~~~~~~~~~~ 06-09
20091472;210420507;20095810;07001800113;20031972;03101766;162;596;420;616 ~~~~~~~~~~~~~~~~~~~~~~~~~~~~~~ 06-10
21091472;220420507;21095810;08001800113;21031972;04101766;163;697;799;398;569 ~~~~~~~~~~~~~~~~~~~~~~~~~~ 06-11
22091472;230420507;22095810;09001800113;22031972;05101766;164;695;569;616 ~~~~~~~~~~~~~~~~~~~~~~~~~~~~~~ 06-12
23091472;240420507;23095810;10001800113;23031972;06101766;165;505;616 ~~~~~~~~~~~~~~~~~~~~~~~~~~~~~~~~~~ 06-13
24091472;250420507;24095810;11001800113;24031972;07101766;166;696;616 ~~~~~~~~~~~~~~~~~~~~~~~~~~~~~~~~~~ 06-14
25091472;260420507;25095810;12001800113;25031972;08101766;167;831;946 ~~~~~~~~~~~~~~~~~~~~~~~~~~~~~~~~~~ 06-15
26091472;270420507;26095810;13001800113;26031972;09101766;168;698;616 ~~~~~~~~~~~~~~~~~~~~~~~~~~~~~~~~~~ 06-16
27091472;280420507;27095810;14001800113;27031972;10101766;169;701;699;507;508;700;505 ~~~~~~~~~~~~~~~~~~ 06-17
28091472;290420507;28095810;15001800113;28031972;11101766;170;433;616 ~~~~~~~~~~~~~~~~~~~~~~~~~~~~~~~~~~ 06-18
29091472;010520507;29095810;16001800113;29031972;12101766;171;452;452;380;375 ~~~~~~~~~~~~~~~~~~~~~~~~~~ 06-19
30091472;020520507;30095810;17001800113;30031972;13101766;172;460;506;616 ~~~~~~~~~~~~~~~~~~~~~~~~~~~~~~ 06-20
01101472;030520507;01105810;18001800113;31031972;14101766;173;870;425;502 ~~~~~~~~~~~~~~~~~~~~~~~~~~~~~~ 06-21
02101472;040520507;02105810;19001800113;01041972;15101766;174;461;412;616 ~~~~~~~~~~~~~~~~~~~~~~~~~~~~~~ 06-22
03101472;050520507;03105810;00011800113;02041972;16101766;175;564 ~~~~~~~~~~~~~~~~~~~~~~~~~~~~~~~~~~~~~~ 06-23
04101472;060520507;04105810;01011800113;03041972;17101766;176;703;616 ~~~~~~~~~~~~~~~~~~~~~~~~~~~~~~~~~~ 06-24
05101472;070520507;05105810;02011800113;04041972;18101766;177;702;513 ~~~~~~~~~~~~~~~~~~~~~~~~~~~~~~~~~~ 06-25
06101472;080520507;06105810;03011800113;05041972;19101766;178;616 ~~~~~~~~~~~~~~~~~~~~~~~~~~~~~~~~~~~~~~ 06-26
07101472;090520507;07105810;04011800113;06041972;20101766;179;397;829 ~~~~~~~~~~~~~~~~~~~~~~~~~~~~~~~~~~ 06-27
08101472;100520507;08105810;05011800113;07041972;21101766;180;616 ~~~~~~~~~~~~~~~~~~~~~~~~~~~~~~~~~~~~~~ 06-28
09101472;110520507;09105810;06011800113;08041972;22101766;181;704;412;616 ~~~~~~~~~~~~~~~~~~~~~~~~~~~~~~ 06-29
10101472;120520507;10105810;07011800113;09041972;23101766;182;421;616 ~~~~~~~~~~~~~~~~~~~~~~~~~~~~~~~~~~ 06-30
11101472;130520507;11105810;08011800113;10041972;24101766;183;546;565 ~~~~~~~~~~~~~~~~~~~~~~~~~~~~~~~~~~ 07-01
12101472;140520507;12105810;09011800113;11041972;25101766;184;637;705;840;565;617 ~~~~~~~~~~~~~~~~~~~~~~ 07-02
13101472;150520507;13105810;10011800113;12041972;26101766;185;795;617 ~~~~~~~~~~~~~~~~~~~~~~~~~~~~~~~~~~ 07-03
14101472;160520507;14105810;11011800113;13041972;27101766;186;387;531;561;617 ~~~~~~~~~~~~~~~~~~~~~~~~~~ 07-04
15101472;170520507;15105810;12011800113;14041972;28101766;187;617 ~~~~~~~~~~~~~~~~~~~~~~~~~~~~~~~~~~~~~~ 07-05
16101472;180520507;16105810;13011800113;15041972;29101766;188;373;617 ~~~~~~~~~~~~~~~~~~~~~~~~~~~~~~~~~~ 07-06
17101472;190520507;17105810;14011800113;16041972;30101766;189;514 ~~~~~~~~~~~~~~~~~~~~~~~~~~~~~~~~~~~~~~ 07-07
18101472;200520507;18105810;15011800113;17041972;01111766;190;617 ~~~~~~~~~~~~~~~~~~~~~~~~~~~~~~~~~~~~~~ 07-08
19101472;210520507;19105810;16011800113;18041972;02111766;191;706;617 ~~~~~~~~~~~~~~~~~~~~~~~~~~~~~~~~~~ 07-09
20101472;220520507;20105810;17011800113;19041972;03111766;192;819;617 ~~~~~~~~~~~~~~~~~~~~~~~~~~~~~~~~~~ 07-10
21101472;230520507;21105810;18011800113;20041972;04111766;193;707;398 ~~~~~~~~~~~~~~~~~~~~~~~~~~~~~~~~~~ 07-11
22101472;240520507;22105810;19011800113;21041972;05111766;194;617 ~~~~~~~~~~~~~~~~~~~~~~~~~~~~~~~~~~~~~~ 07-12
23101472;250520507;23105810;00021800113;22041972;06111766;195 ~~~~~~~~~~~~~~~~~~~~~~~~~~~~~~~~~~~~~~~~~~ 07-13
24101472;260520507;24105810;01021800113;23041972;07111766;196;878;617 ~~~~~~~~~~~~~~~~~~~~~~~~~~~~~~~~~~ 07-14
25101472;270520507;25105810;02021800113;24041972;08111766;197;405;578;617 ~~~~~~~~~~~~~~~~~~~~~~~~~~~~~~ 07-15
26101472;280520507;26105810;03021800113;25041972;09111766;198;708;379;617 ~~~~~~~~~~~~~~~~~~~~~~~~~~~~~~ 07-16
27101472;290520507;27105810;04021800113;26041972;10111766;199;709;617 ~~~~~~~~~~~~~~~~~~~~~~~~~~~~~~~~~~ 07-17
28101472;300520507;28105810;05021800113;27041972;11111766;200;710;380;928;617 ~~~~~~~~~~~~~~~~~~~~~~~~~~ 07-18
29101472;010620507;29105810;06021800113;28041972;12111766;201 ~~~~~~~~~~~~~~~~~~~~~~~~~~~~~~~~~~~~~~~~~~ 07-19
01111472;020620507;01115810;07021800113;29041972;13111766;202;711;406;412;421;617 ~~~~~~~~~~~~~~~~~~~~~~ 07-20
02111472;030620507;02115810;08021800113;30041972;14111766;203;631 ~~~~~~~~~~~~~~~~~~~~~~~~~~~~~~~~~~~~~~ 07-21
03111472;040620507;03115810;09021800113;31041972;15111766;204;513;579;375;617 ~~~~~~~~~~~~~~~~~~~~~~~~~~ 07-22
04111472;050620507;04115810;10021800113;01051972;16111766;205;713;617 ~~~~~~~~~~~~~~~~~~~~~~~~~~~~~~~~~~ 07-23
05111472;060620507;05115810;11021800113;02051972;17111766;206;714;891;617 ~~~~~~~~~~~~~~~~~~~~~~~~~~~~~~ 07-24
06111472;070620507;06115810;12021800113;03051972;18111766;207;836;406;617 ~~~~~~~~~~~~~~~~~~~~~~~~~~~~~~ 07-25
07111472;080620507;07115810;13021800113;04051972;19111766;208;397;617 ~~~~~~~~~~~~~~~~~~~~~~~~~~~~~~~~~~ 07-26
08111472;090620507;08115810;14021800113;05051972;20111766;209;617 ~~~~~~~~~~~~~~~~~~~~~~~~~~~~~~~~~~~~~~ 07-27
09111472;100620507;09115810;15021800113;06051972;21111766;210;712;715;436;817;861;617 ~~~~~~~~~~~~~~~~~~ 07-28
10111472;110620507;10115810;16021800113;07051972;22111766;211;716;938 ~~~~~~~~~~~~~~~~~~~~~~~~~~~~~~~~~~ 07-29
11111472;120620507;11115810;17021800113;08051972;23111766;212;926;406;421;617 ~~~~~~~~~~~~~~~~~~~~~~~~~~ 07-30
12111472;130620507;12115810;18021800113;09051972;24111766;213 ~~~~~~~~~~~~~~~~~~~~~~~~~~~~~~~~~~~~~~~~~~ 07-31
13111472;140620507;13115810;19021800113;10051972;25111766;214;432;618 ~~~~~~~~~~~~~~~~~~~~~~~~~~~~~~~~~~ 08-01
14111472;150620507;14115810;00031800113;11051972;26111766;215;718;388;909;910;375 ~~~~~~~~~~~~~~~~~~~~~~ 08-02
15111472;160620507;15115810;01031800113;12051972;27111766;216;556;925;412;618 ~~~~~~~~~~~~~~~~~~~~~~~~~~ 08-03
16111472;170620507;16115810;02031800113;13051972;28111766;217;514;839;406 ~~~~~~~~~~~~~~~~~~~~~~~~~~~~~~ 08-04
17111472;180620507;17115810;03031800113;14051972;29111766;218;719;875;618 ~~~~~~~~~~~~~~~~~~~~~~~~~~~~~~ 08-05
18111472;190620507;18115810;04031800113;15051972;30111766;219;637;720;376 ~~~~~~~~~~~~~~~~~~~~~~~~~~~~~~ 08-06
19111472;200620507;19115810;05031800113;16051972;01121766;220;717;866;618 ~~~~~~~~~~~~~~~~~~~~~~~~~~~~~~ 08-07
20111472;210620507;20115810;06031800113;17051972;02121766;221 ~~~~~~~~~~~~~~~~~~~~~~~~~~~~~~~~~~~~~~~~~~ 08-08
21111472;220620507;21115810;07031800113;18051972;03121766;222;398;872;406;618 ~~~~~~~~~~~~~~~~~~~~~~~~~~ 08-09
22111472;230620507;22115810;08031800113;19051972;04121766;223;722;871;412 ~~~~~~~~~~~~~~~~~~~~~~~~~~~~~~ 08-10
23111472;240620507;23115810;09031800113;20051972;05121766;224;399;618 ~~~~~~~~~~~~~~~~~~~~~~~~~~~~~~~~~~ 08-11
24111472;250620507;24115810;10031800113;21051972;06121766;225 ~~~~~~~~~~~~~~~~~~~~~~~~~~~~~~~~~~~~~~~~~~ 08-12
25111472;260620507;25115810;11031800113;22051972;07121766;226;723;503;618 ~~~~~~~~~~~~~~~~~~~~~~~~~~~~~~ 08-13
26111472;270620507;26115810;12031800113;23051972;08121766;227;721;857;400 ~~~~~~~~~~~~~~~~~~~~~~~~~~~~~~ 08-14
27111472;280620507;27115810;13031800113;24051972;09121766;228;858;618 ~~~~~~~~~~~~~~~~~~~~~~~~~~~~~~~~~~ 08-15
28111472;290620507;28115810;14031800113;25051972;10121766;229 ~~~~~~~~~~~~~~~~~~~~~~~~~~~~~~~~~~~~~~~~~~ 08-16
29111472;010720507;29115810;15031800113;26051972;11121766;230;380;400;618 ~~~~~~~~~~~~~~~~~~~~~~~~~~~~~~ 08-17
30111472;020720507;30115810;16031800113;27051972;12121766;231 ~~~~~~~~~~~~~~~~~~~~~~~~~~~~~~~~~~~~~~~~~~ 08-18
01121472;030720507;01125810;17031800113;28051972;13121766;232;513;406;618 ~~~~~~~~~~~~~~~~~~~~~~~~~~~~~~ 08-19
02121472;040720507;02125810;18031800113;29051972;14121766;233;724;400 ~~~~~~~~~~~~~~~~~~~~~~~~~~~~~~~~~~ 08-20
03121472;050720507;03125810;19031800113;30051972;15121766;234;618 ~~~~~~~~~~~~~~~~~~~~~~~~~~~~~~~~~~~~~~ 08-21
04121472;060720507;04125810;00041800113;31051972;16121766;235 ~~~~~~~~~~~~~~~~~~~~~~~~~~~~~~~~~~~~~~~~~~ 08-22
05121472;070720507;05125810;01041800113;01061972;17121766;236;572;618 ~~~~~~~~~~~~~~~~~~~~~~~~~~~~~~~~~~ 08-23
06121472;080720507;06125810;02041800113;02061972;18121766;237 ~~~~~~~~~~~~~~~~~~~~~~~~~~~~~~~~~~~~~~~~~~ 08-24
07121472;090720507;07125810;03041800113;03061972;19121766;238;397;618 ~~~~~~~~~~~~~~~~~~~~~~~~~~~~~~~~~~ 08-25
08121472;100720507;08125810;04041800113;04061972;20121766;239;427 ~~~~~~~~~~~~~~~~~~~~~~~~~~~~~~~~~~~~~~ 08-26
09121472;110720507;09125810;05041800113;05061972;21121766;240;725;501;618 ~~~~~~~~~~~~~~~~~~~~~~~~~~~~~~ 08-27
10121472;120720507;10125810;06041800113;06061972;22121766;241;428;725;898;500 ~~~~~~~~~~~~~~~~~~~~~~~~~~ 08-28
11121472;130720507;11125810;07041800113;07061972;23121766;242;796;554;500;400;406;618 ~~~~~~~~~~~~~~~~~~ 08-29
12121472;140720507;12125810;08041800113;08061972;24121766;243;594;897;567 ~~~~~~~~~~~~~~~~~~~~~~~~~~~~~~ 08-30
13121472;150720507;13125810;09041800113;09061972;25121766;244;595;417;500;567;618 ~~~~~~~~~~~~~~~~~~~~~~ 08-31
14121472;160720507;14125810;10041800113;10061972;26121766;245;389;514;864;500;400 ~~~~~~~~~~~~~~~~~~~~~~ 09-01
15121472;170720507;15125810;11041800113;11061972;27121766;246;596;727;467;619 ~~~~~~~~~~~~~~~~~~~~~~~~~~ 09-02
16121472;180720507;16125810;12041800113;12061972;28121766;247;429;637;728;401;619 ~~~~~~~~~~~~~~~~~~~~~~ 09-03
17121472;190720507;17125810;13041800113;13061972;29121766;248;430;619 ~~~~~~~~~~~~~~~~~~~~~~~~~~~~~~~~~~ 09-04
18121472;200720507;18125810;14041800113;14061972;30121766;249;434;841 ~~~~~~~~~~~~~~~~~~~~~~~~~~~~~~~~~~ 09-05
19121472;210720507;19125810;15041800113;15061972;01131766;250;435;619 ~~~~~~~~~~~~~~~~~~~~~~~~~~~~~~~~~~ 09-06
20121472;220720507;20125810;16041800113;16061972;02131766;251;398;859;412;619 ~~~~~~~~~~~~~~~~~~~~~~~~~~ 09-07
21121472;230720507;21125810;17041800113;17061972;03131766;252;730;406;619 ~~~~~~~~~~~~~~~~~~~~~~~~~~~~~~ 09-08
22121472;240720507;22125810;18041800113;18061972;04131766;253;418 ~~~~~~~~~~~~~~~~~~~~~~~~~~~~~~~~~~~~~~ 09-09
23121472;250720507;23125810;19041800113;19061972;05131766;254;437;619 ~~~~~~~~~~~~~~~~~~~~~~~~~~~~~~~~~~ 09-10
24121472;260720507;24125810;00051800113;20061972;01011767;255;455;845;901;842 ~~~~~~~~~~~~~~~~~~~~~~~~~~ 09-11
25121472;270720507;25125810;01051800113;21061972;02011767;256;729;847;846;619 ~~~~~~~~~~~~~~~~~~~~~~~~~~ 09-12
26121472;280720507;26125810;02051800113;22061972;03011767;257;726;407;619 ~~~~~~~~~~~~~~~~~~~~~~~~~~~~~~ 09-13
27121472;290720507;27125810;03051800113;23061972;04011767;258;433;412;619 ~~~~~~~~~~~~~~~~~~~~~~~~~~~~~~ 09-14
28121472;300720507;28125810;04051800113;24061972;05011767;259;733;380;513;865 ~~~~~~~~~~~~~~~~~~~~~~~~~~ 09-15
29121472;010820507;29125810;05051800113;25061972;06011767;260;734;521;619 ~~~~~~~~~~~~~~~~~~~~~~~~~~~~~~ 09-16
30121472;020820507;01015811;06051800113;26061972;07011767;261;735;521;619 ~~~~~~~~~~~~~~~~~~~~~~~~~~~~~~ 09-17
01011473;030820507;02015811;07051800113;27061972;08011767;262;731;495;521;418;619 ~~~~~~~~~~~~~~~~~~~~~~ 09-18
02011473;040820507;03015811;08051800113;28061972;09011767;263;597;619;848 ~~~~~~~~~~~~~~~~~~~~~~~~~~~~~~ 09-19
03011473;050820507;04015811;09051800113;29061972;10011767;264;732;550;619 ~~~~~~~~~~~~~~~~~~~~~~~~~~~~~~ 09-20
04011473;060820507;05015811;10051800113;30061972;11011767;265;915;412;619 ~~~~~~~~~~~~~~~~~~~~~~~~~~~~~~ 09-21
05011473;070820507;06015811;11051800113;31061972;12011767;266;462;619 ~~~~~~~~~~~~~~~~~~~~~~~~~~~~~~~~~~ 09-22
06011473;080820507;07015811;12051800113;01071972;13011767;267;738;397;423 ~~~~~~~~~~~~~~~~~~~~~~~~~~~~~~ 09-23
07011473;090820507;08015811;13051800113;02071972;14011767;268;739;743;908;463;619 ~~~~~~~~~~~~~~~~~~~~~~ 09-24
08011473;100820507;09015811;14051800113;03071972;15011767;269;740;402;619;848 ~~~~~~~~~~~~~~~~~~~~~~~~~~ 09-25
09011473;110820507;10015811;15051800113;04071972;16011767;270;736;527;619 ~~~~~~~~~~~~~~~~~~~~~~~~~~~~~~ 09-26
10011473;120820507;11015811;16051800113;05071972;17011767;271;737;903;498 ~~~~~~~~~~~~~~~~~~~~~~~~~~~~~~ 09-27
11011473;130820507;12015811;17051800113;06071972;18011767;272;742;790;412;619 ~~~~~~~~~~~~~~~~~~~~~~~~~~ 09-28
12011473;140820507;13015811;18051800113;07071972;19011767;273;741;790;520;551;619 ~~~~~~~~~~~~~~~~~~~~~~ 09-29
13011473;150820507;14015811;19051800113;08071972;20011767;274;790;390;396;396;514;534;570;853;619 ~~~~~~ 09-30
14011473;160820507;15015811;00061800113;09071972;21011767;275;637;790;907;523;853;848 ~~~~~~~~~~~~~~~~~~ 10-01
15011473;170820507;16015811;01061800113;10071972;22011767;276;749;790;523;853;620 ~~~~~~~~~~~~~~~~~~~~~~ 10-02
16011473;180820507;17015811;02061800113;11071972;23011767;277;744;790;523;403;620;848 ~~~~~~~~~~~~~~~~~~ 10-03
17011473;190820507;18015811;03061800113;12071972;24011767;278;745;790;523;620 ~~~~~~~~~~~~~~~~~~~~~~~~~~ 10-04
18011473;200820507;19015811;04061800113;13071972;25011767;279;746;523;412;620;848 ~~~~~~~~~~~~~~~~~~~~~~ 10-05
19011473;210820507;20015811;05061800113;14071972;26011767;280;747;413;523;418;620 ~~~~~~~~~~~~~~~~~~~~~~ 10-06
20011473;220820507;21015811;06061800113;15071972;27011767;281;748;398;523;403;620;848 ~~~~~~~~~~~~~~~~~~ 10-07
21011473;230820507;22015811;07061800113;16071972;28011767;282;754;524;620 ~~~~~~~~~~~~~~~~~~~~~~~~~~~~~~ 10-08
22011473;240820507;23015811;08061800113;17071972;29011767;283;750;525;848 ~~~~~~~~~~~~~~~~~~~~~~~~~~~~~~ 10-09
23011473;250820507;24015811;09061800113;18071972;30011767;284;751;367;496;620 ~~~~~~~~~~~~~~~~~~~~~~~~~~ 10-10
24011473;260820507;25015811;10061800113;19071972;01021767;285;791;368;869;403 ~~~~~~~~~~~~~~~~~~~~~~~~~~ 10-11
25011473;270820507;26015811;11061800113;20071972;02021767;286;752;513;620 ~~~~~~~~~~~~~~~~~~~~~~~~~~~~~~ 10-12
26011473;280820507;27015811;12061800113;21071972;03021767;287;753 ~~~~~~~~~~~~~~~~~~~~~~~~~~~~~~~~~~~~~~ 10-13
27011473;290820507;28015811;13061800113;22071972;04021767;288;574;620 ~~~~~~~~~~~~~~~~~~~~~~~~~~~~~~~~~~ 10-14
28011473;300820507;29015811;14061800113;23071972;05021767;289;758;380;920;620 ~~~~~~~~~~~~~~~~~~~~~~~~~~ 10-15
29011473;010920507;30015811;15061800113;24071972;06021767;290;895;496;620 ~~~~~~~~~~~~~~~~~~~~~~~~~~~~~~ 10-16
30011473;020920507;01025811;16061800113;25071972;07021767;291;755;497;620 ~~~~~~~~~~~~~~~~~~~~~~~~~~~~~~ 10-17
01021473;030920507;02025811;17061800113;26071972;08021767;292;756;620 ~~~~~~~~~~~~~~~~~~~~~~~~~~~~~~~~~~ 10-18
02021473;040920507;03025811;18061800113;27071972;09021767;293;757;620 ~~~~~~~~~~~~~~~~~~~~~~~~~~~~~~~~~~ 10-19
03021473;050920507;04025811;19061800113;28071972;10021767;294;631;792;784;620 ~~~~~~~~~~~~~~~~~~~~~~~~~~ 10-20
04021473;060920507;05025811;00071800113;29071972;11021767;295;369;918;785 ~~~~~~~~~~~~~~~~~~~~~~~~~~~~~~ 10-21
05021473;070920507;06025811;01071800113;30071972;12021767;296;759;919;786;620 ~~~~~~~~~~~~~~~~~~~~~~~~~~ 10-22
06021473;080920507;07025811;02071800113;01081972;13021767;297;397;548;787;403 ~~~~~~~~~~~~~~~~~~~~~~~~~~ 10-23
07021473;090920507;08025811;03071800113;02081972;14021767;298;371;431;885;563;418;620 ~~~~~~~~~~~~~~~~~~ 10-24
08021473;100920507;09025811;04071800113;03081972;15021767;299;549;560;620 ~~~~~~~~~~~~~~~~~~~~~~~~~~~~~~ 10-25
09021473;110920507;10025811;05071800113;04081972;16021767;300;899;620 ~~~~~~~~~~~~~~~~~~~~~~~~~~~~~~~~~~ 10-26
10021473;120920507;11025811;06071800113;05081972;17021767;301;403;620 ~~~~~~~~~~~~~~~~~~~~~~~~~~~~~~~~~~ 10-27
11021473;130920507;12025811;07071800113;06081972;18021767;302;849;432;514;620 ~~~~~~~~~~~~~~~~~~~~~~~~~~ 10-28
12021473;140920507;13025811;08071800113;07081972;19021767;303;391;882;922;620 ~~~~~~~~~~~~~~~~~~~~~~~~~~ 10-29
13021473;150920507;14025811;09071800113;08081972;20021767;304;532;541;949;620 ~~~~~~~~~~~~~~~~~~~~~~~~~~ 10-30
14021473;160920507;15025811;10071800113;09081972;21021767;305 ~~~~~~~~~~~~~~~~~~~~~~~~~~~~~~~~~~~~~~~~~~ 10-31
15021473;170920507;16025811;11071800113;10081972;22021767;306;621 ~~~~~~~~~~~~~~~~~~~~~~~~~~~~~~~~~~~~~~ 11-01
16021473;180920507;17025811;12071800113;11081972;23021767;307;761;881;418 ~~~~~~~~~~~~~~~~~~~~~~~~~~~~~~ 11-02
17021473;190920507;18025811;13071800113;12081972;24021767;308;762;621 ~~~~~~~~~~~~~~~~~~~~~~~~~~~~~~~~~~ 11-03
18021473;200920507;19025811;14071800113;13081972;25021767;309;403 ~~~~~~~~~~~~~~~~~~~~~~~~~~~~~~~~~~~~~~ 11-04
19021473;210920507;20025811;15071800113;14081972;26021767;310;637;763;621 ~~~~~~~~~~~~~~~~~~~~~~~~~~~~~~ 11-05
20021473;220920507;21025811;16071800113;15081972;27021767;311;398;404;499;844 ~~~~~~~~~~~~~~~~~~~~~~~~~~ 11-06
21021473;230920507;22025811;17071800113;16081972;28021767;312;760;621 ~~~~~~~~~~~~~~~~~~~~~~~~~~~~~~~~~~ 11-07
22021473;240920507;23025811;18071800113;17081972;29021767;313;850 ~~~~~~~~~~~~~~~~~~~~~~~~~~~~~~~~~~~~~~ 11-08
23021473;250920507;24025811;19071800113;18081972;30021767;314;513;621 ~~~~~~~~~~~~~~~~~~~~~~~~~~~~~~~~~~ 11-09
24021473;260920507;25025811;00081800113;19081972;01031767;315;764;558;911 ~~~~~~~~~~~~~~~~~~~~~~~~~~~~~~ 11-10
25021473;270920507;26025811;01081800113;20081972;02031767;316;784;418;621 ~~~~~~~~~~~~~~~~~~~~~~~~~~~~~~ 11-11
26021473;280920507;27025811;02081800113;21081972;03031767;317;779;785 ~~~~~~~~~~~~~~~~~~~~~~~~~~~~~~~~~~ 11-12
27021473;290920507;28025811;03081800113;22081972;04031767;318;780;893;621 ~~~~~~~~~~~~~~~~~~~~~~~~~~~~~~ 11-13
28021473;011020507;29025811;04081800113;23081972;05031767;319;380;781;786;929;952 ~~~~~~~~~~~~~~~~~~~~~~ 11-14
29021473;021020507;30025811;05081800113;24081972;06031767;320;782;787;621 ~~~~~~~~~~~~~~~~~~~~~~~~~~~~~~ 11-15
01031473;031020507;01035811;06081800113;25081972;07031767;321;535;783;788 ~~~~~~~~~~~~~~~~~~~~~~~~~~~~~~ 11-16
02031473;041020507;02035811;07081800113;26081972;08031767;322;766;421;621 ~~~~~~~~~~~~~~~~~~~~~~~~~~~~~~ 11-17
03031473;051020507;03035811;08081800113;27081972;09031767;323 ~~~~~~~~~~~~~~~~~~~~~~~~~~~~~~~~~~~~~~~~~~ 11-18
04031473;061020507;04035811;09081800113;28081972;10031767;324;767;453;621 ~~~~~~~~~~~~~~~~~~~~~~~~~~~~~~ 11-19
05031473;071020507;05035811;10081800113;29081972;11031767;325;765;543;865;418 ~~~~~~~~~~~~~~~~~~~~~~~~~~ 11-20
06031473;081020507;06035811;11081800113;30081972;12031767;326;397;422;621 ~~~~~~~~~~~~~~~~~~~~~~~~~~~~~~ 11-21
07031473;091020507;07035811;12081800113;01091972;13031767;327;436;788 ~~~~~~~~~~~~~~~~~~~~~~~~~~~~~~~~~~ 11-22
08031473;101020507;08035811;13081800113;02091972;14031767;328;769;621 ~~~~~~~~~~~~~~~~~~~~~~~~~~~~~~~~~~ 11-23
09031473;111020507;09035811;14081800113;03091972;15031767;329;440;547;879 ~~~~~~~~~~~~~~~~~~~~~~~~~~~~~~ 11-24
10031473;121020507;10035811;15081800113;04091972;16031767;330;441;514;554;934;621 ~~~~~~~~~~~~~~~~~~~~~~ 11-25
11031473;131020507;11035811;16081800113;05091972;17031767;331;770;768 ~~~~~~~~~~~~~~~~~~~~~~~~~~~~~~~~~~ 11-26
12031473;141020507;12035811;17081800113;06091972;18031767;332;589;511;621 ~~~~~~~~~~~~~~~~~~~~~~~~~~~~~~ 11-27
13031473;151020507;13035811;18081800113;07091972;19031767;333;442;394;369;880 ~~~~~~~~~~~~~~~~~~~~~~~~~~ 11-28
14031473;161020507;14035811;19081800113;08091972;20031767;334;771;418;621 ~~~~~~~~~~~~~~~~~~~~~~~~~~~~~~ 11-29
15031473;171020507;15035811;00091800113;09091972;21031767;335;772 ~~~~~~~~~~~~~~~~~~~~~~~~~~~~~~~~~~~~~~ 11-30
16031473;181020507;16035811;01091800113;10091972;22031767;336;399;622 ~~~~~~~~~~~~~~~~~~~~~~~~~~~~~~~~~~ 12-01
17031473;191020507;17035811;02091800113;11091972;23031767;337;774;370;511 ~~~~~~~~~~~~~~~~~~~~~~~~~~~~~~ 12-02
18031473;201020507;18035811;03091800113;12091972;24031767;338;637;775;622 ~~~~~~~~~~~~~~~~~~~~~~~~~~~~~~ 12-03
19031473;211020507;19035811;04091800113;13091972;25031767;339;590;843 ~~~~~~~~~~~~~~~~~~~~~~~~~~~~~~~~~~ 12-04
20031473;221020507;20035811;05091800113;14091972;26031767;340;398;622 ~~~~~~~~~~~~~~~~~~~~~~~~~~~~~~~~~~ 12-05
21031473;231020507;21035811;06091800113;15091972;27031767;341;773;876 ~~~~~~~~~~~~~~~~~~~~~~~~~~~~~~~~~~ 12-06
22031473;241020507;22035811;07091800113;16091972;28031767;342;513;829;400;622 ~~~~~~~~~~~~~~~~~~~~~~~~~~ 12-07
23031473;251020507;23035811;08091800113;17091972;29031767;343 ~~~~~~~~~~~~~~~~~~~~~~~~~~~~~~~~~~~~~~~~~~ 12-08
24031473;261020507;24035811;09091800113;18091972;30031767;344;622 ~~~~~~~~~~~~~~~~~~~~~~~~~~~~~~~~~~~~~~ 12-09
25031473;271020507;25035811;10091800113;19091972;01041767;345;776;936;516;400 ~~~~~~~~~~~~~~~~~~~~~~~~~~ 12-10
26031473;281020507;26035811;11091800113;20091972;02041767;346;777;433;591;516;622 ~~~~~~~~~~~~~~~~~~~~~~ 12-11
27031473;291020507;27035811;12091800113;21091972;03041767;347;516 ~~~~~~~~~~~~~~~~~~~~~~~~~~~~~~~~~~~~~~ 12-12
28031473;301020507;28035811;13091800113;22091972;04041767;348;380;516;400;622 ~~~~~~~~~~~~~~~~~~~~~~~~~~ 12-13
29031473;011120507;29035811;14091800113;23091972;05041767;349;516 ~~~~~~~~~~~~~~~~~~~~~~~~~~~~~~~~~~~~~~ 12-14
30031473;021120507;30035811;15091800113;24091972;06041767;350;622 ~~~~~~~~~~~~~~~~~~~~~~~~~~~~~~~~~~~~~~ 12-15
01041473;031120507;01045811;16091800113;25091972;07041767;351;596;778;516;400 ~~~~~~~~~~~~~~~~~~~~~~~~~~ 12-16
02041473;041120507;02045811;17091800113;26091972;08041767;352;516;418;622 ~~~~~~~~~~~~~~~~~~~~~~~~~~~~~~ 12-17
03041473;051120507;03045811;18091800113;27091972;09041767;353;944;592;516 ~~~~~~~~~~~~~~~~~~~~~~~~~~~~~~ 12-18
04041473;061120507;04045811;19091800113;28091972;10041767;354;400;622 ~~~~~~~~~~~~~~~~~~~~~~~~~~~~~~~~~~ 12-19
05041473;071120507;05045811;00101800113;29091972;11041767;355;397;371;514;466 ~~~~~~~~~~~~~~~~~~~~~~~~~~ 12-20
06041473;081120507;06045811;01101800113;30091972;12041767;356;401;408;426;622 ~~~~~~~~~~~~~~~~~~~~~~~~~~ 12-21
07041473;091120507;07045811;02101800113;01101972;13041767;357;465 ~~~~~~~~~~~~~~~~~~~~~~~~~~~~~~~~~~~~~~ 12-22
08041473;101120507;08045811;03101800113;02101972;14041767;358;868;622 ~~~~~~~~~~~~~~~~~~~~~~~~~~~~~~~~~~ 12-23
09041473;111120507;09045811;04101800113;03101972;15041767;359;557;890 ~~~~~~~~~~~~~~~~~~~~~~~~~~~~~~~~~~ 12-24
10041473;121120507;10045811;05101800113;04101972;16041767;360;622 ~~~~~~~~~~~~~~~~~~~~~~~~~~~~~~~~~~~~~~ 12-25
11041473;131120507;11045811;06101800113;05101972;17041767;361 ~~~~~~~~~~~~~~~~~~~~~~~~~~~~~~~~~~~~~~~~~~ 12-26
12041473;141120507;12045811;07101800113;06101972;18041767;362;395;545;867;409;622 ~~~~~~~~~~~~~~~~~~~~~~ 12-27
13041473;151120507;13045811;08101800113;07101972;19041767;363;887 ~~~~~~~~~~~~~~~~~~~~~~~~~~~~~~~~~~~~~~ 12-28
14041473;161120507;14045811;09101800113;08101972;20041767;364;622 ~~~~~~~~~~~~~~~~~~~~~~~~~~~~~~~~~~~~~~ 12-29
15041473;171120507;15045811;10101800113;09101972;21041767;365;414 ~~~~~~~~~~~~~~~~~~~~~~~~~~~~~~~~~~~~~~ 12-30
16041473;181120507;16045811;11101800113;10101972;22041767;366;437;622 ~~~~~~~~~~~~~~~~~~~~~~~~~~~~~~~~~~ 12-31
