11101455;11312033o;10045794;01060100113;11101955;23041750;001;514;905 ~~~~~~~~~~~~~~~~~~~~~~~~~~~~~~~~~~ 01-01
12101455;12312033o;11045794;02060100113;12101955;24041750;002 ~~~~~~~~~~~~~~~~~~~~~~~~~~~~~~~~~~~~~~~~~~ 01-02
13101455;13312033o;12045794;03060100113;13101955;25041750;003 ~~~~~~~~~~~~~~~~~~~~~~~~~~~~~~~~~~~~~~~~~~ 01-03
14101455;14312033o;13045794;04060100113;14101955;26041750;004;381;372;904 ~~~~~~~~~~~~~~~~~~~~~~~~~~~~~~ 01-04
15101455;15312033o;14045794;05060100113;15101955;27041750;005 ~~~~~~~~~~~~~~~~~~~~~~~~~~~~~~~~~~~~~~~~~~ 01-05
16101455;16312033o;15045794;06060100113;16101955;28041750;006 ~~~~~~~~~~~~~~~~~~~~~~~~~~~~~~~~~~~~~~~~~~ 01-06
17101455;17312033o;16045794;07060100113;17101955;29041750;007;637 ~~~~~~~~~~~~~~~~~~~~~~~~~~~~~~~~~~~~~~ 01-07
18101455;18312033o;17045794;08060100113;18101955;30041750;008;627;861;916;412 ~~~~~~~~~~~~~~~~~~~~~~~~~~ 01-08
19101455;19312033o;18045794;09060100113;19101955;01051750;009;628 ~~~~~~~~~~~~~~~~~~~~~~~~~~~~~~~~~~~~~~ 01-09
20101455;20312033o;19045794;10060100113;20101955;02051750;010;629 ~~~~~~~~~~~~~~~~~~~~~~~~~~~~~~~~~~~~~~ 01-10
21101455;21312033o;20045794;11060100113;21101955;03051750;011 ~~~~~~~~~~~~~~~~~~~~~~~~~~~~~~~~~~~~~~~~~~ 01-11
22101455;22312033o;21045794;12060100113;22101955;04051750;012;398;817 ~~~~~~~~~~~~~~~~~~~~~~~~~~~~~~~~~~ 01-12
23101455;23312033o;22045794;13060100113;23101955;05051750;013;596;513 ~~~~~~~~~~~~~~~~~~~~~~~~~~~~~~~~~~ 01-13
24101455;24312033o;23045794;14060100113;24101955;06051750;014;626 ~~~~~~~~~~~~~~~~~~~~~~~~~~~~~~~~~~~~~~ 01-14
25101455;25312033o;24045794;15060100113;25101955;07051750;015;625;412 ~~~~~~~~~~~~~~~~~~~~~~~~~~~~~~~~~~ 01-15
26101455;26312033o;25045794;16060100113;26101955;08051750;016;492;923;406 ~~~~~~~~~~~~~~~~~~~~~~~~~~~~~~ 01-16
27101455;27312033o;26045794;17060100113;27101955;09051750;017;415 ~~~~~~~~~~~~~~~~~~~~~~~~~~~~~~~~~~~~~~ 01-17
28101455;28312033o;27045794;18060100113;28101955;10051750;018 ~~~~~~~~~~~~~~~~~~~~~~~~~~~~~~~~~~~~~~~~~~ 01-18
29101455;29312033o;28045794;19060100113;29101955;11051750;019;631 ~~~~~~~~~~~~~~~~~~~~~~~~~~~~~~~~~~~~~~ 01-19
01111455;01122033o;29045794;00070100113;30101955;12051750;020;596;380;888 ~~~~~~~~~~~~~~~~~~~~~~~~~~~~~~ 01-20
02111455;02122033o;01055794;01070100113;01111955;13051750;021;630;822;864 ~~~~~~~~~~~~~~~~~~~~~~~~~~~~~~ 01-21
03111455;03122033o;02055794;02070100113;02111955;14051750;022;412 ~~~~~~~~~~~~~~~~~~~~~~~~~~~~~~~~~~~~~~ 01-22
04111455;04122033o;03055794;03070100113;03111955;15051750;023 ~~~~~~~~~~~~~~~~~~~~~~~~~~~~~~~~~~~~~~~~~~ 01-23
05111455;05122033o;04055794;04070100113;04111955;16051750;024;940 ~~~~~~~~~~~~~~~~~~~~~~~~~~~~~~~~~~~~~~ 01-24
06111455;06122033o;05055794;05070100113;05111955;17051750;025;632;514;415 ~~~~~~~~~~~~~~~~~~~~~~~~~~~~~~ 01-25
07111455;07122033o;06055794;06070100113;06111955;18051750;026;436;914;406 ~~~~~~~~~~~~~~~~~~~~~~~~~~~~~~ 01-26
08111455;08122033o;07055794;07070100113;07111955;19051750;027;633;397;536 ~~~~~~~~~~~~~~~~~~~~~~~~~~~~~~ 01-27
09111455;09122033o;08055794;08070100113;08111955;20051750;028;634 ~~~~~~~~~~~~~~~~~~~~~~~~~~~~~~~~~~~~~~ 01-28
10111455;10122033o;09055794;09070100113;09111955;21051750;029;635;412 ~~~~~~~~~~~~~~~~~~~~~~~~~~~~~~~~~~ 01-29
11111455;11122033o;10055794;10070100113;10111955;22051750;030;636;873 ~~~~~~~~~~~~~~~~~~~~~~~~~~~~~~~~~~ 01-30
12111455;12122033o;11055794;11070100113;11111955;23051750;031;433;406;580 ~~~~~~~~~~~~~~~~~~~~~~~~~~~~~~ 01-31
13111455;13122033o;12055794;11070100113;12111955;24051750;032 ~~~~~~~~~~~~~~~~~~~~~~~~~~~~~~~~~~~~~~~~~~ 02-01
14111455;14122033o;13055794;12070100113;13111955;25051750;033;638;399;415 ~~~~~~~~~~~~~~~~~~~~~~~~~~~~~~ 02-02
15111455;15122033o;14055794;13070100113;14111955;26051750;034;639;382;376;884 ~~~~~~~~~~~~~~~~~~~~~~~~~~ 02-03
16111455;16122033o;15055794;14070100113;15111955;27051750;035;637;640 ~~~~~~~~~~~~~~~~~~~~~~~~~~~~~~~~~~ 02-04
17111455;17122033o;16055794;15070100113;16111955;28051750;036;400;406;612 ~~~~~~~~~~~~~~~~~~~~~~~~~~~~~~ 02-05
18111455;18122033o;17055794;16070100113;17111955;29051750;037 ~~~~~~~~~~~~~~~~~~~~~~~~~~~~~~~~~~~~~~~~~~ 02-06
19111455;19122033o;18055794;17070100113;18111955;30051750;038;813 ~~~~~~~~~~~~~~~~~~~~~~~~~~~~~~~~~~~~~~ 02-07
20111455;20122033o;19055794;18070100113;19111955;01061750;039;793;400 ~~~~~~~~~~~~~~~~~~~~~~~~~~~~~~~~~~ 02-08
21111455;21122033o;20055794;19070100113;20111955;02061750;040;642;513 ~~~~~~~~~~~~~~~~~~~~~~~~~~~~~~~~~~ 02-09
22111455;22122033o;21055794;00080100113;21111955;03061750;041;406;415 ~~~~~~~~~~~~~~~~~~~~~~~~~~~~~~~~~~ 02-10
23111455;23122033o;22055794;01080100113;22111955;04061750;042;643;398;612 ~~~~~~~~~~~~~~~~~~~~~~~~~~~~~~ 02-11
24111455;24122033o;23055794;02080100113;23111955;05061750;043;581 ~~~~~~~~~~~~~~~~~~~~~~~~~~~~~~~~~~~~~~ 02-12
25111455;25122033o;24055794;03080100113;24111955;06061750;044;641;612 ~~~~~~~~~~~~~~~~~~~~~~~~~~~~~~~~~~ 02-13
26111455;26122033o;25055794;04080100113;25111955;07061750;045 ~~~~~~~~~~~~~~~~~~~~~~~~~~~~~~~~~~~~~~~~~~ 02-14
27111455;27122033o;26055794;05080100113;26111955;08061750;046;943;612 ~~~~~~~~~~~~~~~~~~~~~~~~~~~~~~~~~~ 02-15
28111455;28122033o;27055794;06080100113;27111955;09061750;047;644;803 ~~~~~~~~~~~~~~~~~~~~~~~~~~~~~~~~~~ 02-16
29111455;29122033o;28055794;07080100113;28111955;10061750;048;645;886;854;400;612 ~~~~~~~~~~~~~~~~~~~~~~ 02-17
30111455;30122033o;29055794;08080100113;29111955;11061750;049;380;854;415 ~~~~~~~~~~~~~~~~~~~~~~~~~~~~~~ 02-18
01121455;01012034p;30055794;09080100113;30111955;12061750;050;479;490;412;612 ~~~~~~~~~~~~~~~~~~~~~~~~~~ 02-19
02121455;02012034p;01065794;10080100113;01121955;13061750;051;450;566;479;490;400;406 ~~~~~~~~~~~~~~~~~~ 02-20
03121455;03012034p;02065794;11080100113;02121955;14061750;052;443;514;566;612 ~~~~~~~~~~~~~~~~~~~~~~~~~~ 02-21
04121455;04012034p;03065794;12080100113;03121955;15061750;053;444;566 ~~~~~~~~~~~~~~~~~~~~~~~~~~~~~~~~~~ 02-22
05121455;05012034p;04065794;13080100113;04121955;16061750;054;647;648;401;566 ~~~~~~~~~~~~~~~~~~~~~~~~~~ 02-23
06121455;06012034p;05065794;14080100113;05121955;17061750;055;649;811 ~~~~~~~~~~~~~~~~~~~~~~~~~~~~~~~~~~ 02-24
07121455;07012034p;06065794;15080100113;06121955;18061750;056;397 ~~~~~~~~~~~~~~~~~~~~~~~~~~~~~~~~~~~~~~ 02-25
08121455;08012034p;07065794;16080100113;07121955;19061750;057 ~~~~~~~~~~~~~~~~~~~~~~~~~~~~~~~~~~~~~~~~~~ 02-26
09121455;09012034p;08065794;17080100113;08121955;20061750;058;501;612 ~~~~~~~~~~~~~~~~~~~~~~~~~~~~~~~~~~ 02-27
10121455;10012034p;09065794;18080100113;09121955;21061750;059;646;650;517;500 ~~~~~~~~~~~~~~~~~~~~~~~~~~ 02-28
11121455;11012034p;10065794;02090100113;10121955;22061750;061;500;612 ~~~~~~~~~~~~~~~~~~~~~~~~~~~~~~~~~~ 03-01
12121455;12012034p;11065794;03090100113;11121955;23061750;062;653;406 ~~~~~~~~~~~~~~~~~~~~~~~~~~~~~~~~~~ 03-02
13121455;13012034p;12065794;04090100113;12121955;24061750;063;654;500;612;613 ~~~~~~~~~~~~~~~~~~~~~~~~~~ 03-03
14121455;14012034p;13065794;05090100113;13121955;25061750;064;637;383;544;623;906;500 ~~~~~~~~~~~~~~~~~~ 03-04
15121455;15012034p;14065794;06090100113;14121955;26061750;065;655;598;519;412 ~~~~~~~~~~~~~~~~~~~~~~~~~~ 03-05
16121455;16012034p;15065794;07090100113;15121955;27061750;066;562 ~~~~~~~~~~~~~~~~~~~~~~~~~~~~~~~~~~~~~~ 03-06
17121455;17012034p;16065794;08090100113;16121955;28061750;067;562;822;612 ~~~~~~~~~~~~~~~~~~~~~~~~~~~~~~ 03-07
18121455;18012034p;17065794;09090100113;17121955;29061750;068;562;841 ~~~~~~~~~~~~~~~~~~~~~~~~~~~~~~~~~~ 03-08
19121455;19012034p;18065794;10090100113;18121955;30061750;069;656;437;513;613 ~~~~~~~~~~~~~~~~~~~~~~~~~~ 03-09
20121455;20012034p;19065794;11090100113;19121955;01071750;070;416 ~~~~~~~~~~~~~~~~~~~~~~~~~~~~~~~~~~~~~~ 03-10
21121455;21012034p;20065794;12090100113;20121955;02071750;071 ~~~~~~~~~~~~~~~~~~~~~~~~~~~~~~~~~~~~~~~~~~ 03-11
22121455;22012034p;21065794;13090100113;21121955;03071750;072;398;406;412 ~~~~~~~~~~~~~~~~~~~~~~~~~~~~~~ 03-12
23121455;23012034p;22065794;14090100113;22121955;04071750;073;533;924;612;613 ~~~~~~~~~~~~~~~~~~~~~~~~~~ 03-13
24121455;24012034p;23065794;15090100113;23121955;05071750;074;842 ~~~~~~~~~~~~~~~~~~~~~~~~~~~~~~~~~~~~~~ 03-14
25121455;25012034p;24065794;16090100113;24121955;06071750;075 ~~~~~~~~~~~~~~~~~~~~~~~~~~~~~~~~~~~~~~~~~~ 03-15
26121455;26012034p;25065794;17090100113;25121955;07071750;076;658;413;432;900 ~~~~~~~~~~~~~~~~~~~~~~~~~~ 03-16
27121455;27012034p;26065794;18090100113;26121955;08071750;077;817;613 ~~~~~~~~~~~~~~~~~~~~~~~~~~~~~~~~~~ 03-17
28121455;28012034p;27065794;19090100113;27121955;09071750;078 ~~~~~~~~~~~~~~~~~~~~~~~~~~~~~~~~~~~~~~~~~~ 03-18
29121455;29012034p;28065794;00100100113;28121955;10071750;079;466;613 ~~~~~~~~~~~~~~~~~~~~~~~~~~~~~~~~~~ 03-19
30121455;01022034p;29065794;01100100113;29121955;11071750;080;380;928;930;953;424 ~~~~~~~~~~~~~~~~~~~~~~ 03-20
01011456;02022034p;01075794;02100100113;30121955;12071750;081;657;514;538;559;833;935;459;495;612;613 ~~ 03-21
02011456;03022034p;02075794;03100100113;01011956;13071750;082;555;577;851;406 ~~~~~~~~~~~~~~~~~~~~~~~~~~ 03-22
03011456;04022034p;03075794;04100100113;02011956;14071750;083;612 ~~~~~~~~~~~~~~~~~~~~~~~~~~~~~~~~~~~~~~ 03-23
04011456;05022034p;04075794;05100100113;03011956;15071750;084 ~~~~~~~~~~~~~~~~~~~~~~~~~~~~~~~~~~~~~~~~~~ 03-24
05011456;06022034p;05075794;06100100113;04011956;16071750;085;945;496;612 ~~~~~~~~~~~~~~~~~~~~~~~~~~~~~~ 03-25
06011456;07022034p;06075794;07100100113;05011956;17071750;086;397 ~~~~~~~~~~~~~~~~~~~~~~~~~~~~~~~~~~~~~~ 03-26
07011456;08022034p;07075794;08100100113;06011956;18071750;087;406;612;613 ~~~~~~~~~~~~~~~~~~~~~~~~~~~~~~ 03-27
08011456;09022034p;08075794;09100100113;07011956;19071750;088;659;576;933 ~~~~~~~~~~~~~~~~~~~~~~~~~~~~~~ 03-28
09011456;10022034p;09075794;10100100113;08011956;20071750;089;660;652 ~~~~~~~~~~~~~~~~~~~~~~~~~~~~~~~~~~ 03-29
10011456;11022034p;10075794;11100100113;09011956;21071750;090;830;877;498;852 ~~~~~~~~~~~~~~~~~~~~~~~~~~ 03-30
11011456;12022034p;11075794;12100100113;10011956;22071750;091;496;612 ~~~~~~~~~~~~~~~~~~~~~~~~~~~~~~~~~~ 03-31
12011456;13022034p;12075794;13100100113;11011956;23071750;092;637;661 ~~~~~~~~~~~~~~~~~~~~~~~~~~~~~~~~~~ 04-01
13011456;14022034p;13075794;14100100113;12011956;24071750;093;493;662;819;496 ~~~~~~~~~~~~~~~~~~~~~~~~~~ 04-02
14011456;15022034p;14075794;15100100113;13011956;25071750;094;384;539;651;542;575;948 ~~~~~~~~~~~~~~~~~~ 04-03
15011456;16022034p;15075794;16100100113;14011956;26071750;095;651;571;515 ~~~~~~~~~~~~~~~~~~~~~~~~~~~~~~ 04-04
16011456;17022034p;16075794;17100100113;15011956;27071750;096;663;651 ~~~~~~~~~~~~~~~~~~~~~~~~~~~~~~~~~~ 04-05
17011456;18022034p;17075794;18100100113;16011956;28071750;097;513;406;651;612 ~~~~~~~~~~~~~~~~~~~~~~~~~~ 04-06
18011456;19022034p;18075794;19100100113;17011956;29071750;098;445;651 ~~~~~~~~~~~~~~~~~~~~~~~~~~~~~~~~~~ 04-07
19011456;20022034p;19075794;00110100113;18011956;30071750;099;446;612;651;614 ~~~~~~~~~~~~~~~~~~~~~~~~~~ 04-08
20011456;21022034p;20075794;01110100113;19011956;01081750;100;447 ~~~~~~~~~~~~~~~~~~~~~~~~~~~~~~~~~~~~~~ 04-09
21011456;22022034p;21075794;02110100113;20011956;02081750;101;448;612;614 ~~~~~~~~~~~~~~~~~~~~~~~~~~~~~~ 04-10
22011456;23022034p;22075794;03110100113;21011956;03081750;102;398;406 ~~~~~~~~~~~~~~~~~~~~~~~~~~~~~~~~~~ 04-11
23011456;24022034p;23075794;04110100113;22011956;04081750;103;496;614 ~~~~~~~~~~~~~~~~~~~~~~~~~~~~~~~~~~ 04-12
24011456;25022034p;24075794;05110100113;23011956;05081750;104 ~~~~~~~~~~~~~~~~~~~~~~~~~~~~~~~~~~~~~~~~~~ 04-13
25011456;26022034p;25075794;06110100113;24011956;06081750;105;496;614 ~~~~~~~~~~~~~~~~~~~~~~~~~~~~~~~~~~ 04-14
26011456;27022034p;26075794;07110100113;25011956;07081750;106;666;939 ~~~~~~~~~~~~~~~~~~~~~~~~~~~~~~~~~~ 04-15
27011456;28022034p;27075794;08110100113;26011956;08081750;107;526;406;612;614 ~~~~~~~~~~~~~~~~~~~~~~~~~~ 04-16
28011456;29022034p;28075794;09110100113;27011956;09081750;108;794 ~~~~~~~~~~~~~~~~~~~~~~~~~~~~~~~~~~~~~~ 04-17
29011456;30022034p;29075794;10110100113;28011956;10081750;109;380;496;614 ~~~~~~~~~~~~~~~~~~~~~~~~~~~~~~ 04-18
30011456;01032034p;30075794;11110100113;29011956;11081750;110;514;497 ~~~~~~~~~~~~~~~~~~~~~~~~~~~~~~~~~~ 04-19
01021456;02032034p;01085794;12110100113;30011956;12081750;111;631;664;902;614 ~~~~~~~~~~~~~~~~~~~~~~~~~~ 04-20
02021456;03032034p;02085794;13110100113;01021956;13081750;112;665;510 ~~~~~~~~~~~~~~~~~~~~~~~~~~~~~~~~~~ 04-21
03021456;04032034p;03085794;14110100113;02021956;14081750;113;612 ~~~~~~~~~~~~~~~~~~~~~~~~~~~~~~~~~~~~~~ 04-22
04021456;05032034p;04085794;15110100113;03021956;15081750;114;528 ~~~~~~~~~~~~~~~~~~~~~~~~~~~~~~~~~~~~~~ 04-23
05021456;06032034p;05085794;16110100113;04021956;16081750;115;553;529;614 ~~~~~~~~~~~~~~~~~~~~~~~~~~~~~~ 04-24
06021456;07032034p;06085794;17110100113;05021956;17081750;116;397 ~~~~~~~~~~~~~~~~~~~~~~~~~~~~~~~~~~~~~~ 04-25
07021456;08032034p;07085794;18110100113;06021956;18081750;117;670;927;612;614 ~~~~~~~~~~~~~~~~~~~~~~~~~~ 04-26
08021456;09032034p;08085794;19110100113;07021956;19081750;118;667 ~~~~~~~~~~~~~~~~~~~~~~~~~~~~~~~~~~~~~~ 04-27
09021456;10032034p;09085794;00120100113;08021956;20081750;119;671;612 ~~~~~~~~~~~~~~~~~~~~~~~~~~~~~~~~~~ 04-28
10021456;11032034p;10085794;01120100113;09021956;21081750;120;668;433;889 ~~~~~~~~~~~~~~~~~~~~~~~~~~~~~~ 04-29
11021456;12032034p;11085794;02120100113;10021956;22081750;121;669 ~~~~~~~~~~~~~~~~~~~~~~~~~~~~~~~~~~~~~~ 04-30
12021456;13032034p;12085794;03120100113;11021956;23081750;122;674;894;406 ~~~~~~~~~~~~~~~~~~~~~~~~~~~~~~ 05-01
13021456;14032034p;13085794;04120100113;12021956;24081750;123;675;612 ~~~~~~~~~~~~~~~~~~~~~~~~~~~~~~~~~~ 05-02
14021456;15032034p;14085794;05120100113;13021956;25081750;124;676;385;513;537;937 ~~~~~~~~~~~~~~~~~~~~~~ 05-03
15021456;16032034p;15085794;06120100113;14021956;26081750;125;677;892;612 ~~~~~~~~~~~~~~~~~~~~~~~~~~~~~~ 05-04
16021456;17032034p;16085794;07120100113;15021956;27081750;126;679 ~~~~~~~~~~~~~~~~~~~~~~~~~~~~~~~~~~~~~~ 05-05
17021456;18032034p;17085794;08120100113;16021956;28081750;127;637;672;612 ~~~~~~~~~~~~~~~~~~~~~~~~~~~~~~ 05-06
18021456;19032034p;18085794;09120100113;17021956;29081750;128;673;518 ~~~~~~~~~~~~~~~~~~~~~~~~~~~~~~~~~~ 05-07
19021456;20032034p;19085794;10120100113;18021956;30081750;129;682 ~~~~~~~~~~~~~~~~~~~~~~~~~~~~~~~~~~~~~~ 05-08
20021456;21032034p;20085794;11120100113;19021956;01091750;130;844;615 ~~~~~~~~~~~~~~~~~~~~~~~~~~~~~~~~~~ 05-09
21021456;22032034p;21085794;12120100113;20021956;02091750;131;683;612 ~~~~~~~~~~~~~~~~~~~~~~~~~~~~~~~~~~ 05-10
22021456;23032034p;22085794;13120100113;21021956;03091750;132;398;406 ~~~~~~~~~~~~~~~~~~~~~~~~~~~~~~~~~~ 05-11
23021456;24032034p;23085794;14120100113;22021956;04091750;133;678;832 ~~~~~~~~~~~~~~~~~~~~~~~~~~~~~~~~~~ 05-12
24021456;25032034p;24085794;15120100113;23021956;05091750;134;681;680;615 ~~~~~~~~~~~~~~~~~~~~~~~~~~~~~~ 05-13
25021456;26032034p;25085794;16120100113;24021956;06091750;135;451;530;868;624 ~~~~~~~~~~~~~~~~~~~~~~~~~~ 05-14
26021456;27032034p;26085794;17120100113;25021956;07091750;136;624 ~~~~~~~~~~~~~~~~~~~~~~~~~~~~~~~~~~~~~~ 05-15
27021456;28032034p;27085794;18120100113;26021956;08091750;137;624;406 ~~~~~~~~~~~~~~~~~~~~~~~~~~~~~~~~~~ 05-16
28021456;29032034p;28085794;19120100113;27021956;09091750;138;685;380;514;942;624;615 ~~~~~~~~~~~~~~~~~~ 05-17
29021456;01042034p;29085794;00130100113;28021956;10091750;139;494;797;921;624 ~~~~~~~~~~~~~~~~~~~~~~~~~~ 05-18
01031456;02042034p;01095794;01130100113;29021956;11091750;140;686;420;573;624 ~~~~~~~~~~~~~~~~~~~~~~~~~~ 05-19
02031456;03042034p;02095794;02130100113;30021956;12091750;141;687;436;573;624 ~~~~~~~~~~~~~~~~~~~~~~~~~~ 05-20
03031456;04042034p;03095794;03130100113;31021956;13091750;142;684;836;573 ~~~~~~~~~~~~~~~~~~~~~~~~~~~~~~ 05-21
04031456;05042034p;04095794;04130100113;01031956;14091750;143;789 ~~~~~~~~~~~~~~~~~~~~~~~~~~~~~~~~~~~~~~ 05-22
05031456;06042034p;05095794;05130100113;02031956;15091750;144;798;615 ~~~~~~~~~~~~~~~~~~~~~~~~~~~~~~~~~~ 05-23
06031456;07042034p;06095794;06130100113;03031956;16091750;145;397;522;612 ~~~~~~~~~~~~~~~~~~~~~~~~~~~~~~ 05-24
07031456;08042034p;07095794;07130100113;04031956;17091750;146;615 ~~~~~~~~~~~~~~~~~~~~~~~~~~~~~~~~~~~~~~ 05-25
08031456;09042034p;08095794;08130100113;05031956;18091750;147;689;406 ~~~~~~~~~~~~~~~~~~~~~~~~~~~~~~~~~~ 05-26
09031456;10042034p;09095794;09130100113;06031956;19091750;148;439;552;615 ~~~~~~~~~~~~~~~~~~~~~~~~~~~~~~ 05-27
10031456;11042034p;10095794;10130100113;07031956;20091750;149;449;439;896 ~~~~~~~~~~~~~~~~~~~~~~~~~~~~~~ 05-28
11031456;12042034p;11095794;11130100113;08031956;21091750;150;438;615 ~~~~~~~~~~~~~~~~~~~~~~~~~~~~~~~~~~ 05-29
12031456;13042034p;12095794;12130100113;09031956;22091750;151;513;816;511 ~~~~~~~~~~~~~~~~~~~~~~~~~~~~~~ 05-30
13031456;14042034p;13095794;13130100113;10031956;23091750;152;688;843 ~~~~~~~~~~~~~~~~~~~~~~~~~~~~~~~~~~ 05-31
14031456;15042034p;14095794;14130100113;11031956;24091750;153;386;941;612 ~~~~~~~~~~~~~~~~~~~~~~~~~~~~~~ 06-01
15031456;16042034p;15095794;15130100113;12031956;25091750;154;692;694;399;874 ~~~~~~~~~~~~~~~~~~~~~~~~~~ 06-02
16031456;17042034p;16095794;16130100113;13031956;26091750;155;637;693;835;612;616 ~~~~~~~~~~~~~~~~~~~~~~ 06-03
17031456;18042034p;17095794;17130100113;14031956;27091750;156;690;511 ~~~~~~~~~~~~~~~~~~~~~~~~~~~~~~~~~~ 06-04
18031456;19042034p;18095794;18130100113;15031956;28091750;157;400;406;612;616 ~~~~~~~~~~~~~~~~~~~~~~~~~~ 06-05
19031456;20042034p;19095794;19130100113;16031956;29091750;158 ~~~~~~~~~~~~~~~~~~~~~~~~~~~~~~~~~~~~~~~~~~ 06-06
20031456;21042034p;20095794;00140100113;17031956;30091750;159;691;612;616 ~~~~~~~~~~~~~~~~~~~~~~~~~~~~~~ 06-07
21031456;22042034p;21095794;01140100113;18031956;01101750;160;400;421;843 ~~~~~~~~~~~~~~~~~~~~~~~~~~~~~~ 06-08
22031456;23042034p;22095794;02140100113;19031956;02101750;161;596;398 ~~~~~~~~~~~~~~~~~~~~~~~~~~~~~~~~~~ 06-09
23031456;24042034p;23095794;03140100113;20031956;03101750;162;697;799;406 ~~~~~~~~~~~~~~~~~~~~~~~~~~~~~~ 06-10
24031456;25042034p;24095794;04140100113;21031956;04101750;163;695;569 ~~~~~~~~~~~~~~~~~~~~~~~~~~~~~~~~~~ 06-11
25031456;26042034p;25095794;05140100113;22031956;05101750;164;377;432;946;569 ~~~~~~~~~~~~~~~~~~~~~~~~~~ 06-12
26031456;27042034p;26095794;06140100113;23031956;06101750;165;696;554;612;616 ~~~~~~~~~~~~~~~~~~~~~~~~~~ 06-13
27031456;28042034p;27095794;07140100113;24031956;07101750;166;514;400 ~~~~~~~~~~~~~~~~~~~~~~~~~~~~~~~~~~ 06-14
28031456;29042034p;28095794;08140100113;25031956;08101750;167;698;406 ~~~~~~~~~~~~~~~~~~~~~~~~~~~~~~~~~~ 06-15
29031456;01052034p;29095794;09140100113;26031956;09101750;168;701;699;380 ~~~~~~~~~~~~~~~~~~~~~~~~~~~~~~ 06-16
30031456;02052034p;30095794;10140100113;27031956;10101750;169;400;616 ~~~~~~~~~~~~~~~~~~~~~~~~~~~~~~~~~~ 06-17
01041456;03052034p;01105794;11140100113;28031956;11101750;170;452;452;421 ~~~~~~~~~~~~~~~~~~~~~~~~~~~~~~ 06-18
02041456;04052034p;02105794;12140100113;29031956;12101750;171 ~~~~~~~~~~~~~~~~~~~~~~~~~~~~~~~~~~~~~~~~~~ 06-19
03041456;05052034p;03105794;13140100113;30031956;13101750;172;460;564;400 ~~~~~~~~~~~~~~~~~~~~~~~~~~~~~~ 06-20
04041456;06052034p;04105794;14140100113;31031956;14101750;173;425 ~~~~~~~~~~~~~~~~~~~~~~~~~~~~~~~~~~~~~~ 06-21
05041456;07052034p;05105794;15140100113;01041956;15101750;174;461 ~~~~~~~~~~~~~~~~~~~~~~~~~~~~~~~~~~~~~~ 06-22
06041456;08052034p;06105794;16140100113;02041956;16101750;175;397;700;400 ~~~~~~~~~~~~~~~~~~~~~~~~~~~~~~ 06-23
07041456;09052034p;07105794;17140100113;03041956;17101750;176;702 ~~~~~~~~~~~~~~~~~~~~~~~~~~~~~~~~~~~~~~ 06-24
08041456;10052034p;08105794;18140100113;04041956;18101750;177;616 ~~~~~~~~~~~~~~~~~~~~~~~~~~~~~~~~~~~~~~ 06-25
09041456;11052034p;09105794;19140100113;05041956;19101750;178;401;815 ~~~~~~~~~~~~~~~~~~~~~~~~~~~~~~~~~~ 06-26
10041456;12052034p;10105794;00150100113;06041956;20101750;179;513;898;612;616 ~~~~~~~~~~~~~~~~~~~~~~~~~~ 06-27
11041456;13052034p;11105794;01150100113;07041956;21101750;180;704 ~~~~~~~~~~~~~~~~~~~~~~~~~~~~~~~~~~~~~~ 06-28
12041456;14052034p;12105794;02150100113;08041956;22101750;181;616 ~~~~~~~~~~~~~~~~~~~~~~~~~~~~~~~~~~~~~~ 06-29
13041456;15052034p;13105794;03150100113;09041956;23101750;182;703;406 ~~~~~~~~~~~~~~~~~~~~~~~~~~~~~~~~~~ 06-30
14041456;16052034p;14105794;04150100113;10041956;24101750;183;637;705;840;387;612 ~~~~~~~~~~~~~~~~~~~~~~ 07-01
15041456;17052034p;15105794;05150100113;11041956;25101750;184;795 ~~~~~~~~~~~~~~~~~~~~~~~~~~~~~~~~~~~~~~ 07-02
16041456;18052034p;16105794;06150100113;12041956;26101750;185 ~~~~~~~~~~~~~~~~~~~~~~~~~~~~~~~~~~~~~~~~~~ 07-03
17041456;19052034p;17105794;07150100113;13041956;27101750;186 ~~~~~~~~~~~~~~~~~~~~~~~~~~~~~~~~~~~~~~~~~~ 07-04
18041456;20052034p;18105794;08150100113;14041956;28101750;187;406;612 ~~~~~~~~~~~~~~~~~~~~~~~~~~~~~~~~~~ 07-05
19041456;21052034p;19105794;09150100113;15041956;29101750;188;373 ~~~~~~~~~~~~~~~~~~~~~~~~~~~~~~~~~~~~~~ 07-06
20041456;22052034p;20105794;10150100113;16041956;30101750;189;578;565;612;617 ~~~~~~~~~~~~~~~~~~~~~~~~~~ 07-07
21041456;23052034p;21105794;11150100113;17041956;01111750;190;706;398;437;565 ~~~~~~~~~~~~~~~~~~~~~~~~~~ 07-08
22041456;24052034p;22105794;12150100113;18041956;02111750;191;612;617 ~~~~~~~~~~~~~~~~~~~~~~~~~~~~~~~~~~ 07-09
23041456;25052034p;23105794;13150100113;19041956;03111750;192;707 ~~~~~~~~~~~~~~~~~~~~~~~~~~~~~~~~~~~~~~ 07-10
24041456;26052034p;24105794;14150100113;20041956;04111750;193;617 ~~~~~~~~~~~~~~~~~~~~~~~~~~~~~~~~~~~~~~ 07-11
25041456;27052034p;25105794;15150100113;21041956;05111750;194;514;901 ~~~~~~~~~~~~~~~~~~~~~~~~~~~~~~~~~~ 07-12
26041456;28052034p;26105794;16150100113;22041956;06111750;195;617 ~~~~~~~~~~~~~~~~~~~~~~~~~~~~~~~~~~~~~~ 07-13
27041456;29052034p;27105794;17150100113;23041956;07111750;196 ~~~~~~~~~~~~~~~~~~~~~~~~~~~~~~~~~~~~~~~~~~ 07-14
28041456;30052034p;28105794;18150100113;24041956;08111750;197;708;380;406;612;617 ~~~~~~~~~~~~~~~~~~~~~~ 07-15
29041456;01062034p;29105794;19150100113;25041956;09111750;198;709 ~~~~~~~~~~~~~~~~~~~~~~~~~~~~~~~~~~~~~~ 07-16
01051456;02062034p;01115794;00160100113;26041956;10111750;199;710;824;870;612;617 ~~~~~~~~~~~~~~~~~~~~~~ 07-17
02051456;03062034p;02115794;01160100113;27041956;11111750;200 ~~~~~~~~~~~~~~~~~~~~~~~~~~~~~~~~~~~~~~~~~~ 07-18
03051456;04062034p;03115794;02160100113;28041956;12111750;201;711 ~~~~~~~~~~~~~~~~~~~~~~~~~~~~~~~~~~~~~~ 07-19
04051456;05062034p;04115794;03160100113;29041956;13111750;202;631;406 ~~~~~~~~~~~~~~~~~~~~~~~~~~~~~~~~~~ 07-20
05051456;06062034p;05115794;04160100113;30041956;14111750;203;617 ~~~~~~~~~~~~~~~~~~~~~~~~~~~~~~~~~~~~~~ 07-21
06051456;07062034p;06115794;05160100113;31041956;15111750;204;713 ~~~~~~~~~~~~~~~~~~~~~~~~~~~~~~~~~~~~~~ 07-22
07051456;08062034p;07115794;06160100113;01051956;16111750;205;714;397;617 ~~~~~~~~~~~~~~~~~~~~~~~~~~~~~~ 07-23
08051456;09062034p;08115794;07160100113;02051956;17111750;206;513 ~~~~~~~~~~~~~~~~~~~~~~~~~~~~~~~~~~~~~~ 07-24
09051456;10062034p;09115794;08160100113;03051956;18111750;207;417;617 ~~~~~~~~~~~~~~~~~~~~~~~~~~~~~~~~~~ 07-25
10051456;11062034p;10115794;09160100113;04051956;19111750;208;433 ~~~~~~~~~~~~~~~~~~~~~~~~~~~~~~~~~~~~~~ 07-26
11051456;12062034p;11115794;10160100113;05051956;20111750;209;712;715;546 ~~~~~~~~~~~~~~~~~~~~~~~~~~~~~~ 07-27
12051456;13062034p;12115794;11160100113;06051956;21111750;210;596;716;421 ~~~~~~~~~~~~~~~~~~~~~~~~~~~~~~ 07-28
13051456;14062034p;13115794;12160100113;07051956;22111750;211;612 ~~~~~~~~~~~~~~~~~~~~~~~~~~~~~~~~~~~~~~ 07-29
14051456;15062034p;14115794;13160100113;08051956;23111750;212;396;406 ~~~~~~~~~~~~~~~~~~~~~~~~~~~~~~~~~~ 07-30
15051456;16062034p;15115794;14160100113;09051956;24111750;213;396;531;561;612 ~~~~~~~~~~~~~~~~~~~~~~~~~~ 07-31
16051456;17062034p;16115794;15160100113;10051956;25111750;214;718 ~~~~~~~~~~~~~~~~~~~~~~~~~~~~~~~~~~~~~~ 08-01
17051456;18062034p;17115794;16160100113;11051956;26111750;215;612 ~~~~~~~~~~~~~~~~~~~~~~~~~~~~~~~~~~~~~~ 08-02
18051456;19062034p;18115794;17160100113;12051956;27111750;216;408;418 ~~~~~~~~~~~~~~~~~~~~~~~~~~~~~~~~~~ 08-03
19051456;20062034p;19115794;18160100113;13051956;28111750;217;719;406;612 ~~~~~~~~~~~~~~~~~~~~~~~~~~~~~~ 08-04
20051456;21062034p;20115794;19160100113;14051956;29111750;218;637;720 ~~~~~~~~~~~~~~~~~~~~~~~~~~~~~~~~~~ 08-05
21051456;22062034p;21115794;00170100113;15051956;30111750;219;717;398 ~~~~~~~~~~~~~~~~~~~~~~~~~~~~~~~~~~ 08-06
22051456;23062034p;22115794;01170100113;16051956;01121750;220;421 ~~~~~~~~~~~~~~~~~~~~~~~~~~~~~~~~~~~~~~ 08-07
23051456;24062034p;23115794;02170100113;17051956;02121750;221;514 ~~~~~~~~~~~~~~~~~~~~~~~~~~~~~~~~~~~~~~ 08-08
24051456;25062034p;24115794;03170100113;18051956;03121750;222;722;406;618 ~~~~~~~~~~~~~~~~~~~~~~~~~~~~~~ 08-09
25051456;26062034p;25115794;04170100113;19051956;04121750;223;467;878;612 ~~~~~~~~~~~~~~~~~~~~~~~~~~~~~~ 08-10
26051456;27062034p;26115794;05170100113;20051956;05121750;224;618 ~~~~~~~~~~~~~~~~~~~~~~~~~~~~~~~~~~~~~~ 08-11
27051456;28062034p;27115794;06170100113;21051956;06121750;225;723;866;418 ~~~~~~~~~~~~~~~~~~~~~~~~~~~~~~ 08-12
28051456;29062034p;28115794;07170100113;22051956;07121750;226;721;380 ~~~~~~~~~~~~~~~~~~~~~~~~~~~~~~~~~~ 08-13
29051456;01072034p;29115794;08170100113;23051956;08121750;227;928;406;612 ~~~~~~~~~~~~~~~~~~~~~~~~~~~~~~ 08-14
30051456;02072034p;30115794;09170100113;24051956;09121750;228;409 ~~~~~~~~~~~~~~~~~~~~~~~~~~~~~~~~~~~~~~ 08-15
01061456;03072034p;01125794;10170100113;25051956;10121750;229;612 ~~~~~~~~~~~~~~~~~~~~~~~~~~~~~~~~~~~~~~ 08-16
02061456;04072034p;02125794;11170100113;26051956;11121750;230;579;421 ~~~~~~~~~~~~~~~~~~~~~~~~~~~~~~~~~~ 08-17
03061456;05072034p;03125794;12170100113;27051956;12121750;231;612 ~~~~~~~~~~~~~~~~~~~~~~~~~~~~~~~~~~~~~~ 08-18
04061456;06072034p;04125794;13170100113;28051956;13121750;232;724;856;891;406;618 ~~~~~~~~~~~~~~~~~~~~~~ 08-19
05061456;07072034p;05125794;14170100113;29051956;14121750;233;572 ~~~~~~~~~~~~~~~~~~~~~~~~~~~~~~~~~~~~~~ 08-20
06061456;08072034p;06125794;15170100113;30051956;15121750;234;397;513 ~~~~~~~~~~~~~~~~~~~~~~~~~~~~~~~~~~ 08-21
07061456;09072034p;07125794;16170100113;31051956;16121750;235;612 ~~~~~~~~~~~~~~~~~~~~~~~~~~~~~~~~~~~~~~ 08-22
08061456;10072034p;08125794;17170100113;01061956;17121750;236;618 ~~~~~~~~~~~~~~~~~~~~~~~~~~~~~~~~~~~~~~ 08-23
09061456;11072034p;09125794;18170100113;02061956;18121750;237 ~~~~~~~~~~~~~~~~~~~~~~~~~~~~~~~~~~~~~~~~~~ 08-24
10061456;12072034p;10125794;19170100113;03061956;19121750;238;427;926;938 ~~~~~~~~~~~~~~~~~~~~~~~~~~~~~~ 08-25
11061456;13072034p;11125794;00000200113;04061956;20121750;239;725;612 ~~~~~~~~~~~~~~~~~~~~~~~~~~~~~~~~~~ 08-26
12061456;14072034p;12125794;01000200113;05061956;21121750;240;428;725;567;409;618 ~~~~~~~~~~~~~~~~~~~~~~ 08-27
13061456;15072034p;13125794;02000200113;06061956;22121750;241;796;897;567;612 ~~~~~~~~~~~~~~~~~~~~~~~~~~ 08-28
14061456;16072034p;14125794;03000200113;07061956;23121750;242;594;388;556;909;910;925;406;618 ~~~~~~~~~~ 08-29
15061456;17072034p;15125794;04000200113;08061956;24121750;243;595 ~~~~~~~~~~~~~~~~~~~~~~~~~~~~~~~~~~~~~~ 08-30
16061456;18072034p;16125794;05000200113;09061956;25121750;244 ~~~~~~~~~~~~~~~~~~~~~~~~~~~~~~~~~~~~~~~~~~ 08-31
17061456;19072034p;17125794;06000200113;10061956;26121750;245;596;727;875;612 ~~~~~~~~~~~~~~~~~~~~~~~~~~ 09-01
18061456;20072034p;18125794;07000200113;11061956;27121750;246;429;637;728;514;409 ~~~~~~~~~~~~~~~~~~~~~~ 09-02
19061456;21072034p;19125794;08000200113;12061956;28121750;247;430;864;406 ~~~~~~~~~~~~~~~~~~~~~~~~~~~~~~ 09-03
20061456;22072034p;20125794;09000200113;13061956;29121750;248;434 ~~~~~~~~~~~~~~~~~~~~~~~~~~~~~~~~~~~~~~ 09-04
21061456;23072034p;21125794;10000200113;14061956;30121750;249;435;398;883;612;619 ~~~~~~~~~~~~~~~~~~~~~~ 09-05
22061456;24072034p;22125794;11000200113;15061956;01131750;250 ~~~~~~~~~~~~~~~~~~~~~~~~~~~~~~~~~~~~~~~~~~ 09-06
23061456;25072034p;23125794;12000200113;16061956;02131750;251;612 ~~~~~~~~~~~~~~~~~~~~~~~~~~~~~~~~~~~~~~ 09-07
24061456;26072034p;24125794;13000200113;17061956;03131750;252;432;503;406;409;418 ~~~~~~~~~~~~~~~~~~~~~~ 09-08
25061456;27072034p;25125794;14000200113;18061956;04131750;253;612;619 ~~~~~~~~~~~~~~~~~~~~~~~~~~~~~~~~~~ 09-09
26061456;28072034p;26125794;15000200113;19061956;05131750;254;455;845 ~~~~~~~~~~~~~~~~~~~~~~~~~~~~~~~~~~ 09-10
27061456;29072034p;27125794;16000200113;20061956;01011751;255;729;846;374;855;612;619 ~~~~~~~~~~~~~~~~~~ 09-11
28061456;30072034p;28125794;17000200113;21061956;02011751;256;847;380;932;950 ~~~~~~~~~~~~~~~~~~~~~~~~~~ 09-12
29061456;01082034p;29125794;18000200113;22061956;03011751;257;726;521;612 ~~~~~~~~~~~~~~~~~~~~~~~~~~~~~~ 09-13
01071456;02082034p;01215795;19000200113;23061956;04011751;258;730;521 ~~~~~~~~~~~~~~~~~~~~~~~~~~~~~~~~~~ 09-14
02071456;03082034p;02215795;00010200113;24061956;05011751;259;734;597;521 ~~~~~~~~~~~~~~~~~~~~~~~~~~~~~~ 09-15
03071456;04082034p;03215795;01010200113;25061956;06011751;260;735;378;436;550;421 ~~~~~~~~~~~~~~~~~~~~~~ 09-16
04071456;05082034p;04215795;02010200113;26061956;07011751;261;731;915;418;612;848 ~~~~~~~~~~~~~~~~~~~~~~ 09-17
05071456;06082034p;05215795;03010200113;27061956;08011751;262;513 ~~~~~~~~~~~~~~~~~~~~~~~~~~~~~~~~~~~~~~ 09-18
06071456;07082034p;06215795;04010200113;28061956;09011751;263;732 ~~~~~~~~~~~~~~~~~~~~~~~~~~~~~~~~~~~~~~ 09-19
07071456;08082034p;07215795;05010200113;29061956;10011751;264;397;865;409 ~~~~~~~~~~~~~~~~~~~~~~~~~~~~~~ 09-20
08071456;09082034p;08215795;06010200113;30061956;11011751;265;733;908;619 ~~~~~~~~~~~~~~~~~~~~~~~~~~~~~~ 09-21
09071456;10082034p;09215795;07010200113;31061956;12011751;266;738;462 ~~~~~~~~~~~~~~~~~~~~~~~~~~~~~~~~~~ 09-22
10071456;11082034p;10215795;08010200113;01071956;13011751;267;739;423;527;848 ~~~~~~~~~~~~~~~~~~~~~~~~~~ 09-23
11071456;12082034p;11215795;09010200113;02071956;14011751;268;740;903;463 ~~~~~~~~~~~~~~~~~~~~~~~~~~~~~~ 09-24
12071456;13082034p;12215795;10010200113;03071956;15011751;269;736;612;619;848 ~~~~~~~~~~~~~~~~~~~~~~~~~~ 09-25
13071456;14082034p;13215795;11010200113;04071956;16011751;270;737;418;421 ~~~~~~~~~~~~~~~~~~~~~~~~~~~~~~ 09-26
14071456;15082034p;14215795;12010200113;05071956;17011751;271;742;790;389;390;520;551;570;619;848 ~~~~~~ 09-27
15071456;16082034p;15215795;13010200113;06071956;18011751;272;741;790;534;540;907;947;523;406 ~~~~~~~~~~ 09-28
16071456;17082034p;16215795;14010200113;07071956;19011751;273;790;523;619 ~~~~~~~~~~~~~~~~~~~~~~~~~~~~~~ 09-29
17071456;18082034p;17215795;15010200113;08071956;20011751;274;743;790;399;402;514;523;853 ~~~~~~~~~~~~~~ 09-30
18071456;19082034p;18215795;16010200113;09071956;21011751;275;790;523;853;612 ~~~~~~~~~~~~~~~~~~~~~~~~~~ 10-01
19071456;20082034p;19215795;17010200113;10071956;22011751;276;744;790;457;523;853;409 ~~~~~~~~~~~~~~~~~~ 10-02
20071456;21082034p;20215795;18010200113;11071956;23011751;277;745;790;523;406;620;848 ~~~~~~~~~~~~~~~~~~ 10-03
21071456;22082034p;21215795;19010200113;12071956;24011751;278;746;398;523;403 ~~~~~~~~~~~~~~~~~~~~~~~~~~ 10-04
22071456;23082034p;22215795;00020200113;13071956;25011751;279;747;524;612 ~~~~~~~~~~~~~~~~~~~~~~~~~~~~~~ 10-05
23071456;24082034p;23215795;01020200113;14071956;26011751;280;748;525 ~~~~~~~~~~~~~~~~~~~~~~~~~~~~~~~~~~ 10-06
24071456;25082034p;24215795;02020200113;15071956;27011751;281;637;848 ~~~~~~~~~~~~~~~~~~~~~~~~~~~~~~~~~~ 10-07
25071456;26082034p;25215795;03020200113;16071956;28011751;282;750;749;869;403;409 ~~~~~~~~~~~~~~~~~~~~~~ 10-08
26071456;27082034p;26215795;04020200113;17071956;29011751;283;751;400;612;848 ~~~~~~~~~~~~~~~~~~~~~~~~~~ 10-09
27071456;28082034p;27215795;05020200113;18071956;30011751;284;791;367;509 ~~~~~~~~~~~~~~~~~~~~~~~~~~~~~~ 10-10
28071456;29082034p;28215795;06020200113;19071956;01021751;285;752;368;920;620;848 ~~~~~~~~~~~~~~~~~~~~~~ 10-11
29071456;01092034p;29215795;07020200113;20071956;02021751;286;753;380;403;574 ~~~~~~~~~~~~~~~~~~~~~~~~~~ 10-12
30071456;02092034p;30215795;08020200113;21071956;03021751;287;895;620 ~~~~~~~~~~~~~~~~~~~~~~~~~~~~~~~~~~ 10-13
01081456;03092034p;01225795;09020200113;22071956;04021751;288;754;453;375;418 ~~~~~~~~~~~~~~~~~~~~~~~~~~ 10-14
02081456;04092034p;02225795;10020200113;23071956;05021751;289;612 ~~~~~~~~~~~~~~~~~~~~~~~~~~~~~~~~~~~~~~ 10-15
03081456;05092034p;03225795;11020200113;24071956;06021751;290;755;414;513;403 ~~~~~~~~~~~~~~~~~~~~~~~~~~ 10-16
04081456;06092034p;04225795;12020200113;25071956;07021751;291;756;612 ~~~~~~~~~~~~~~~~~~~~~~~~~~~~~~~~~~ 10-17
05081456;07092034p;05225795;13020200113;26071956;08021751;292;757;918;400 ~~~~~~~~~~~~~~~~~~~~~~~~~~~~~~ 10-18
06081456;08092034p;06225795;14020200113;27071956;09021751;293;631;919 ~~~~~~~~~~~~~~~~~~~~~~~~~~~~~~~~~~ 10-19
07081456;09092034p;07225795;15020200113;28071956;10021751;294;397;548;563;784;409 ~~~~~~~~~~~~~~~~~~~~~~ 10-20
08081456;10092034p;08225795;16020200113;29071956;11021751;295;758;369;401;431;885;785;612 ~~~~~~~~~~~~~~ 10-21
09081456;11092034p;09225795;17020200113;30071956;12021751;296;433;549;560;786 ~~~~~~~~~~~~~~~~~~~~~~~~~~ 10-22
10081456;12092034p;10225795;18020200113;01081956;13021751;297;899;787 ~~~~~~~~~~~~~~~~~~~~~~~~~~~~~~~~~~ 10-23
11081456;13092034p;11225795;19020200113;02081956;14021751;298;371;403;415 ~~~~~~~~~~~~~~~~~~~~~~~~~~~~~~ 10-24
12081456;14092034p;12225795;00030200113;03081956;15021751;299;375;620 ~~~~~~~~~~~~~~~~~~~~~~~~~~~~~~~~~~ 10-25
13081456;15092034p;13225795;01030200113;04081956;16021751;300;882;922;409 ~~~~~~~~~~~~~~~~~~~~~~~~~~~~~~ 10-26
14081456;16092034p;14225795;02030200113;05081956;17021751;301;849;391;437;532;512;620 ~~~~~~~~~~~~~~~~~~ 10-27
15081456;17092034p;15225795;03030200113;06081956;18021751;302;759;514;403;406 ~~~~~~~~~~~~~~~~~~~~~~~~~~ 10-28
16081456;18092034p;16225795;04030200113;07081956;19021751;303;422;612 ~~~~~~~~~~~~~~~~~~~~~~~~~~~~~~~~~~ 10-29
17081456;19092034p;17225795;05030200113;08081956;20021751;304;881 ~~~~~~~~~~~~~~~~~~~~~~~~~~~~~~~~~~~~~~ 10-30
18081456;20092034p;18225795;06030200113;09081956;21021751;305;825;612 ~~~~~~~~~~~~~~~~~~~~~~~~~~~~~~~~~~ 10-31
19081456;21092034p;19225795;07030200113;10081956;22021751;306;761;403 ~~~~~~~~~~~~~~~~~~~~~~~~~~~~~~~~~~ 11-01
20081456;22092034p;20225795;08030200113;11081956;23021751;307;762;398;499;406;612 ~~~~~~~~~~~~~~~~~~~~~~ 11-02
21081456;23092034p;21225795;09030200113;12081956;24021751;308;621 ~~~~~~~~~~~~~~~~~~~~~~~~~~~~~~~~~~~~~~ 11-03
22081456;24092034p;22225795;10030200113;13081956;25021751;309;637;763;612 ~~~~~~~~~~~~~~~~~~~~~~~~~~~~~~ 11-04
23081456;25092034p;23225795;11030200113;14081956;26021751;310;403 ~~~~~~~~~~~~~~~~~~~~~~~~~~~~~~~~~~~~~~ 11-05
24081456;26092034p;24225795;12030200113;15081956;27021751;311;760;911;612 ~~~~~~~~~~~~~~~~~~~~~~~~~~~~~~ 11-06
25081456;27092034p;25225795;13030200113;16081956;28021751;312;850;558 ~~~~~~~~~~~~~~~~~~~~~~~~~~~~~~~~~~ 11-07
26081456;28092034p;26225795;14030200113;17081956;29021751;313;779;784;612 ~~~~~~~~~~~~~~~~~~~~~~~~~~~~~~ 11-08
27081456;29092034p;27225795;15030200113;18081956;30021751;314;764;780;785;832;893;403;621 ~~~~~~~~~~~~~~ 11-09
28081456;30092034p;28225795;16030200113;19081956;01031751;315;380;781;786 ~~~~~~~~~~~~~~~~~~~~~~~~~~~~~~ 11-10
29081456;01102034p;29225795;17030200113;20081956;02031751;316;404;782;787 ~~~~~~~~~~~~~~~~~~~~~~~~~~~~~~ 11-11
01091456;02102034p;30225795;18030200113;21081956;03031751;317;513;535;783;788;504;406;612 ~~~~~~~~~~~~~~ 11-12
02091456;03102034p;01235795;19030200113;22081956;04031751;318;409;621 ~~~~~~~~~~~~~~~~~~~~~~~~~~~~~~~~~~ 11-13
03091456;04102034p;02235795;00040200113;23081956;05031751;319 ~~~~~~~~~~~~~~~~~~~~~~~~~~~~~~~~~~~~~~~~~~ 11-14
04091456;05102034p;03235795;01040200113;24081956;06031751;320 ~~~~~~~~~~~~~~~~~~~~~~~~~~~~~~~~~~~~~~~~~~ 11-15
05091456;06102034p;04235795;02040200113;25081956;07031751;321;766;411;505;612 ~~~~~~~~~~~~~~~~~~~~~~~~~~ 11-16
06091456;07102034p;05235795;03040200113;26081956;08031751;322;543;406;415;621 ~~~~~~~~~~~~~~~~~~~~~~~~~~ 11-17
07091456;08102034p;06235795;04040200113;27081956;09031751;323;767;397 ~~~~~~~~~~~~~~~~~~~~~~~~~~~~~~~~~~ 11-18
08091456;09102034p;07235795;05040200113;28081956;10031751;324;765;409 ~~~~~~~~~~~~~~~~~~~~~~~~~~~~~~~~~~ 11-19
09091456;10102034p;08235795;06040200113;29081956;11031751;325 ~~~~~~~~~~~~~~~~~~~~~~~~~~~~~~~~~~~~~~~~~~ 11-20
10091456;11102034p;09235795;07040200113;30081956;12031751;326;879 ~~~~~~~~~~~~~~~~~~~~~~~~~~~~~~~~~~~~~~ 11-21
11091456;12102034p;10235795;08040200113;01091956;13031751;327;769;547;788;406 ~~~~~~~~~~~~~~~~~~~~~~~~~~ 11-22
12091456;13102034p;11235795;09040200113;02091956;14031751;328;440;934;412 ~~~~~~~~~~~~~~~~~~~~~~~~~~~~~~ 11-23
13091456;14102034p;12235795;10040200113;03091956;15031751;329;441;505 ~~~~~~~~~~~~~~~~~~~~~~~~~~~~~~~~~~ 11-24
14091456;15102034p;13235795;11040200113;04091956;16031751;330;770;768;392;514;865;880;409;415 ~~~~~~~~~~ 11-25
15091456;16102034p;14235795;12040200113;05091956;17031751;331;505;612 ~~~~~~~~~~~~~~~~~~~~~~~~~~~~~~~~~~ 11-26
16091456;17102034p;15235795;13040200113;06091956;18031751;332;442;406 ~~~~~~~~~~~~~~~~~~~~~~~~~~~~~~~~~~ 11-27
17091456;18102034p;16235795;14040200113;07091956;19031751;333;771;369;505 ~~~~~~~~~~~~~~~~~~~~~~~~~~~~~~ 11-28
18091456;19102034p;17235795;15040200113;08091956;20031751;334;772;410 ~~~~~~~~~~~~~~~~~~~~~~~~~~~~~~~~~~ 11-29
19091456;20102034p;18235795;16040200113;09091956;21031751;335;412;505;612 ~~~~~~~~~~~~~~~~~~~~~~~~~~~~~~ 11-30
20091456;21102034p;19235795;17040200113;10091956;22031751;336;774 ~~~~~~~~~~~~~~~~~~~~~~~~~~~~~~~~~~~~~~ 12-01
21091456;22102034p;20235795;18040200113;11091956;23031751;337;637;775;398;370;876;406;505 ~~~~~~~~~~~~~~ 12-02
22091456;23102034p;21235795;19040200113;12091956;24031751;338;589;415 ~~~~~~~~~~~~~~~~~~~~~~~~~~~~~~~~~~ 12-03
23091456;24102034p;22235795;00050200113;13091956;25031751;339 ~~~~~~~~~~~~~~~~~~~~~~~~~~~~~~~~~~~~~~~~~~ 12-04
24091456;25102034p;23235795;01050200113;14091956;26031751;340;773;432;622 ~~~~~~~~~~~~~~~~~~~~~~~~~~~~~~ 12-05
25091456;26102034p;24235795;02050200113;15091956;27031751;341;936;505;612 ~~~~~~~~~~~~~~~~~~~~~~~~~~~~~~ 12-06
26091456;27102034p;25235795;03050200113;16091956;28031751;342;458;516;406;418;622 ~~~~~~~~~~~~~~~~~~~~~~ 12-07
27091456;28102034p;26235795;04050200113;17091956;29031751;343;507;508;516;505 ~~~~~~~~~~~~~~~~~~~~~~~~~~ 12-08
28091456;29102034p;27235795;05050200113;18091956;30031751;344;776;513;516;622 ~~~~~~~~~~~~~~~~~~~~~~~~~~ 12-09
29091456;30102034p;28235795;06050200113;19091956;01041751;345;777;380;590;516;612 ~~~~~~~~~~~~~~~~~~~~~~ 12-10
30091456;01112034p;29235795;07050200113;20091956;02041751;346;506;516 ~~~~~~~~~~~~~~~~~~~~~~~~~~~~~~~~~~ 12-11
01101456;02112034p;30235795;08050200113;21091956;03041751;347;502;406;612 ~~~~~~~~~~~~~~~~~~~~~~~~~~~~~~ 12-12
02101456;03112034p;01245795;09050200113;22091956;04041751;348;516;622 ~~~~~~~~~~~~~~~~~~~~~~~~~~~~~~~~~~ 12-13
03101456;04112034p;02245795;10050200113;23091956;05041751;349;516;612 ~~~~~~~~~~~~~~~~~~~~~~~~~~~~~~~~~~ 12-14
04101456;05112034p;03245795;11050200113;24091956;06041751;350;778;516;622 ~~~~~~~~~~~~~~~~~~~~~~~~~~~~~~ 12-15
05101456;06112034p;04245795;12050200113;25091956;07041751;351;944;418;612 ~~~~~~~~~~~~~~~~~~~~~~~~~~~~~~ 12-16
06101456;07112034p;05245795;13050200113;26091956;08041751;352;591;622 ~~~~~~~~~~~~~~~~~~~~~~~~~~~~~~~~~~ 12-17
07101456;08112034p;06245795;14050200113;27091956;09041751;353;397 ~~~~~~~~~~~~~~~~~~~~~~~~~~~~~~~~~~~~~~ 12-18
08101456;09112034p;07245795;15050200113;28091956;10041751;354 ~~~~~~~~~~~~~~~~~~~~~~~~~~~~~~~~~~~~~~~~~~ 12-19
09101456;10112034p;08245795;16050200113;29091956;11041751;355;371;612 ~~~~~~~~~~~~~~~~~~~~~~~~~~~~~~~~~~ 12-20
10101456;11112034p;09245795;17050200113;30091956;12041751;356;557;890;466;412 ~~~~~~~~~~~~~~~~~~~~~~~~~~ 12-21
11101456;12112034p;10245795;18050200113;01101956;13041751;357;554;426;406;612 ~~~~~~~~~~~~~~~~~~~~~~~~~~ 12-22
12101456;13112034p;11245795;19050200113;02101956;14041751;358;465 ~~~~~~~~~~~~~~~~~~~~~~~~~~~~~~~~~~~~~~ 12-23
13101456;14112034p;12245795;00060200113;03101956;15041751;359;514;545;868;592 ~~~~~~~~~~~~~~~~~~~~~~~~~~ 12-24
14101456;15112034p;13245795;01060200113;04101956;16041751;360;395;887;418;622 ~~~~~~~~~~~~~~~~~~~~~~~~~~ 12-25
15101456;16112034p;14245795;02060200113;05101956;17041751;361;612 ~~~~~~~~~~~~~~~~~~~~~~~~~~~~~~~~~~~~~~ 12-26
16101456;17112034p;15245795;03060200113;06101956;18041751;362;406;415 ~~~~~~~~~~~~~~~~~~~~~~~~~~~~~~~~~~ 12-27
17101456;18112034p;16245795;04060200113;07101956;19041751;363;832;612 ~~~~~~~~~~~~~~~~~~~~~~~~~~~~~~~~~~ 12-28
18101456;19112034p;17245795;05060200113;08101956;20041751;364;622 ~~~~~~~~~~~~~~~~~~~~~~~~~~~~~~~~~~~~~~ 12-29
19101456;20112034p;18245795;06060200113;09101956;21041751;365;419;838 ~~~~~~~~~~~~~~~~~~~~~~~~~~~~~~~~~~ 12-30
20101456;21112034p;19245795;07060200113;10101956;22041751;366 ~~~~~~~~~~~~~~~~~~~~~~~~~~~~~~~~~~~~~~~~~~ 12-31
