03081449;05122027i;02045788;10041500013;11101949;22041744;001;637;513;516 ~~~~~~~~~~~~~~~~~~~~~~~~~~~~~~ 01-01
04081449;06122027i;03045788;11041500013;12101949;23041744;002;516 ~~~~~~~~~~~~~~~~~~~~~~~~~~~~~~~~~~~~~~ 01-02
05081449;07122027i;04045788;12041500013;13101949;24041744;003;611 ~~~~~~~~~~~~~~~~~~~~~~~~~~~~~~~~~~~~~~ 01-03
06081449;08122027i;05045788;13041500013;14101949;25041744;004;397 ~~~~~~~~~~~~~~~~~~~~~~~~~~~~~~~~~~~~~~ 01-04
07081449;09122027i;06045788;14041500013;15101949;26041744;005;372 ~~~~~~~~~~~~~~~~~~~~~~~~~~~~~~~~~~~~~~ 01-05
08081449;10122027i;07045788;15041500013;16101949;27041744;006;406 ~~~~~~~~~~~~~~~~~~~~~~~~~~~~~~~~~~~~~~ 01-06
09081449;11122027i;08045788;16041500013;17101949;28041744;007;611 ~~~~~~~~~~~~~~~~~~~~~~~~~~~~~~~~~~~~~~ 01-07
10081449;12122027i;09045788;17041500013;18101949;29041744;008;626;820;905 ~~~~~~~~~~~~~~~~~~~~~~~~~~~~~~ 01-08
11081449;13122027i;10045788;18041500013;19101949;30041744;009;627;415 ~~~~~~~~~~~~~~~~~~~~~~~~~~~~~~~~~~ 01-09
12081449;14122027i;11045788;19041500013;20101949;01051744;010;628;376;611 ~~~~~~~~~~~~~~~~~~~~~~~~~~~~~~ 01-10
13081449;15122027i;12045788;00051500013;21101949;02051744;011;629;381;822;406 ~~~~~~~~~~~~~~~~~~~~~~~~~~ 01-11
14081449;16122027i;13045788;01051500013;22101949;03051744;012;408;540;904;947;512 ~~~~~~~~~~~~~~~~~~~~~~ 01-12
15081449;17122027i;14045788;02051500013;23101949;04051744;013;514;814 ~~~~~~~~~~~~~~~~~~~~~~~~~~~~~~~~~~ 01-13
16081449;18122027i;15045788;03051500013;24101949;05051744;014;611 ~~~~~~~~~~~~~~~~~~~~~~~~~~~~~~~~~~~~~~ 01-14
17081449;19122027i;16045788;04051500013;25101949;06051744;015;630;916 ~~~~~~~~~~~~~~~~~~~~~~~~~~~~~~~~~~ 01-15
18081449;20122027i;17045788;05051500013;26101949;07051744;016;625;406;611 ~~~~~~~~~~~~~~~~~~~~~~~~~~~~~~ 01-16
19081449;21122027i;18045788;06051500013;27101949;08051744;017;492;436;415 ~~~~~~~~~~~~~~~~~~~~~~~~~~~~~~ 01-17
20081449;22122027i;19045788;07051500013;28101949;09051744;018;398;409 ~~~~~~~~~~~~~~~~~~~~~~~~~~~~~~~~~~ 01-18
21081449;23122027i;20045788;08051500013;29101949;10051744;019;611 ~~~~~~~~~~~~~~~~~~~~~~~~~~~~~~~~~~~~~~ 01-19
22081449;24122027i;21045788;09051500013;30101949;11051744;020;631 ~~~~~~~~~~~~~~~~~~~~~~~~~~~~~~~~~~~~~~ 01-20
23081449;25122027i;22045788;10051500013;01111949;12051744;021;406;611 ~~~~~~~~~~~~~~~~~~~~~~~~~~~~~~~~~~ 01-21
24081449;26122027i;23045788;11051500013;02111949;13051744;022;923 ~~~~~~~~~~~~~~~~~~~~~~~~~~~~~~~~~~~~~~ 01-22
25081449;27122027i;24045788;12051500013;03111949;14051744;023;611 ~~~~~~~~~~~~~~~~~~~~~~~~~~~~~~~~~~~~~~ 01-23
26081449;28122027i;25045788;13051500013;04111949;15051744;024;399;433;409 ~~~~~~~~~~~~~~~~~~~~~~~~~~~~~~ 01-24
27081449;29122027i;26045788;14051500013;05111949;16051744;025;415;580;611 ~~~~~~~~~~~~~~~~~~~~~~~~~~~~~~ 01-25
28081449;01012028j;27045788;15051500013;06111949;17051744;026;632;380;888;932;950;479;490;406 ~~~~~~~~~~ 01-26
29081449;02012028j;28045788;16051500013;07111949;18051744;027;566;479;490;611 ~~~~~~~~~~~~~~~~~~~~~~~~~~ 01-27
01091449;03012028j;29045788;17051500013;08111949;19051744;028;633;513;504;566 ~~~~~~~~~~~~~~~~~~~~~~~~~~ 01-28
02091449;04012028j;01055788;18051500013;09111949;20051744;029;634;566;611 ~~~~~~~~~~~~~~~~~~~~~~~~~~~~~~ 01-29
03091449;05012028j;02055788;19051500013;10111949;21051744;030;635;566;400 ~~~~~~~~~~~~~~~~~~~~~~~~~~~~~~ 01-30
04091449;06012028j;03055788;00061500013;11111949;22051744;031;636;940;406 ~~~~~~~~~~~~~~~~~~~~~~~~~~~~~~ 01-31
05091449;07012028j;04055788;00061500013;12111949;23051744;032;612 ~~~~~~~~~~~~~~~~~~~~~~~~~~~~~~~~~~~~~~ 02-01
06091449;08012028j;05055788;01061500013;13111949;24051744;033;400;415 ~~~~~~~~~~~~~~~~~~~~~~~~~~~~~~~~~~ 02-02
07091449;09012028j;06055788;02061500013;14111949;25051744;034;638;397;536;914 ~~~~~~~~~~~~~~~~~~~~~~~~~~ 02-03
08091449;10012028j;07055788;03061500013;15111949;26051744;035;639;612 ~~~~~~~~~~~~~~~~~~~~~~~~~~~~~~~~~~ 02-04
09091449;11012028j;08055788;04061500013;16111949;27051744;036;637;640;400;406;409 ~~~~~~~~~~~~~~~~~~~~~~ 02-05
10091449;12012028j;09055788;05061500013;17111949;28051744;037;873;612 ~~~~~~~~~~~~~~~~~~~~~~~~~~~~~~~~~~ 02-06
11091449;13012028j;10055788;06061500013;18111949;29051744;038;554 ~~~~~~~~~~~~~~~~~~~~~~~~~~~~~~~~~~~~~~ 02-07
12091449;14012028j;11055788;07061500013;19111949;30051744;039;400;612 ~~~~~~~~~~~~~~~~~~~~~~~~~~~~~~~~~~ 02-08
13091449;15012028j;12055788;08061500013;20111949;01061744;040;612 ~~~~~~~~~~~~~~~~~~~~~~~~~~~~~~~~~~~~~~ 02-09
14091449;16012028j;13055788;09061500013;21111949;02061744;041;642;382;514;884;406;415 ~~~~~~~~~~~~~~~~~~ 02-10
15091449;17012028j;14055788;10061500013;22111949;03061744;042;833;859;409;612 ~~~~~~~~~~~~~~~~~~~~~~~~~~ 02-11
16091449;18012028j;15055788;11061500013;23111949;04061744;043;643;416 ~~~~~~~~~~~~~~~~~~~~~~~~~~~~~~~~~~ 02-12
17091449;19012028j;16055788;12061500013;24111949;05061744;044;505;581;612 ~~~~~~~~~~~~~~~~~~~~~~~~~~~~~~ 02-13
18091449;20012028j;17055788;13061500013;25111949;06061744;045;641;401 ~~~~~~~~~~~~~~~~~~~~~~~~~~~~~~~~~~ 02-14
19091449;21012028j;18055788;14061500013;26111949;07061744;046;505;612 ~~~~~~~~~~~~~~~~~~~~~~~~~~~~~~~~~~ 02-15
20091449;22012028j;19055788;15061500013;27111949;08061744;047;612 ~~~~~~~~~~~~~~~~~~~~~~~~~~~~~~~~~~~~~~ 02-16
21091449;23012028j;20055788;16061500013;28111949;09061744;048;644;398;854;409 ~~~~~~~~~~~~~~~~~~~~~~~~~~ 02-17
22091449;24012028j;21055788;17061500013;29111949;10061744;049;645;854 ~~~~~~~~~~~~~~~~~~~~~~~~~~~~~~~~~~ 02-18
23091449;25012028j;22055788;18061500013;30111949;11061744;050;612 ~~~~~~~~~~~~~~~~~~~~~~~~~~~~~~~~~~~~~~ 02-19
24091449;26012028j;23055788;19061500013;01121949;12061744;051;943;406 ~~~~~~~~~~~~~~~~~~~~~~~~~~~~~~~~~~ 02-20
25091449;27012028j;24055788;00071500013;02121949;13061744;052;450 ~~~~~~~~~~~~~~~~~~~~~~~~~~~~~~~~~~~~~~ 02-21
26091449;28012028j;25055788;01071500013;03121949;14061744;053;612 ~~~~~~~~~~~~~~~~~~~~~~~~~~~~~~~~~~~~~~ 02-22
27091449;29012028j;26055788;02071500013;04121949;15061744;054;886;508;505;612 ~~~~~~~~~~~~~~~~~~~~~~~~~~ 02-23
28091449;30012028j;27055788;03071500013;05121949;16061744;055;647;648;513 ~~~~~~~~~~~~~~~~~~~~~~~~~~~~~~ 02-24
29091449;01022028j;28055788;04071500013;06121949;17061744;056;649;380;507;822 ~~~~~~~~~~~~~~~~~~~~~~~~~~ 02-25
30091449;02022028j;29055788;05071500013;07121949;18061744;057;506;612 ~~~~~~~~~~~~~~~~~~~~~~~~~~~~~~~~~~ 02-26
01101449;03022028j;30055788;06071500013;08121949;19061744;058;437;502 ~~~~~~~~~~~~~~~~~~~~~~~~~~~~~~~~~~ 02-27
02101449;04022028j;01065788;07071500013;09121949;20061744;059;612 ~~~~~~~~~~~~~~~~~~~~~~~~~~~~~~~~~~~~~~ 02-28
03101449;05022028j;02065788;08071500013;10121949;21061744;060;443;646;650;409 ~~~~~~~~~~~~~~~~~~~~~~~~~~ 02-29
04101449;06022028j;03065788;11071500013;11121949;22061744;061;444;835 ~~~~~~~~~~~~~~~~~~~~~~~~~~~~~~~~~~ 03-01
05101449;07022028j;04065788;12071500013;12121949;23061744;062;653;613 ~~~~~~~~~~~~~~~~~~~~~~~~~~~~~~~~~~ 03-02
06101449;08022028j;05065788;13071500013;13121949;24061744;063;654 ~~~~~~~~~~~~~~~~~~~~~~~~~~~~~~~~~~~~~~ 03-03
07101449;09022028j;06065788;14071500013;14121949;25061744;064;637;397 ~~~~~~~~~~~~~~~~~~~~~~~~~~~~~~~~~~ 03-04
08101449;10022028j;07065788;15071500013;15121949;26061744;065;655;613 ~~~~~~~~~~~~~~~~~~~~~~~~~~~~~~~~~~ 03-05
09101449;11022028j;08065788;16071500013;16121949;27061744;066;613 ~~~~~~~~~~~~~~~~~~~~~~~~~~~~~~~~~~~~~~ 03-06
10101449;12022028j;09065788;17071500013;17121949;28061744;067;517;613 ~~~~~~~~~~~~~~~~~~~~~~~~~~~~~~~~~~ 03-07
11101449;13022028j;10065788;18071500013;18121949;29061744;068;432 ~~~~~~~~~~~~~~~~~~~~~~~~~~~~~~~~~~~~~~ 03-08
12101449;14022028j;11065788;19071500013;19121949;30061744;069;656;613 ~~~~~~~~~~~~~~~~~~~~~~~~~~~~~~~~~~ 03-09
13101449;15022028j;12065788;00081500013;20121949;01071744;070;383;514;544;623;906 ~~~~~~~~~~~~~~~~~~~~~~ 03-10
14101449;16022028j;13065788;01081500013;21121949;02071744;071;598;406;613 ~~~~~~~~~~~~~~~~~~~~~~~~~~~~~~ 03-11
15101449;17022028j;14065788;02081500013;22121949;03071744;072;457;562;519;409 ~~~~~~~~~~~~~~~~~~~~~~~~~~ 03-12
16101449;18022028j;15065788;03081500013;23121949;04071744;073;562;613 ~~~~~~~~~~~~~~~~~~~~~~~~~~~~~~~~~~ 03-13
17101449;19022028j;16065788;04081500013;24121949;05071744;074;562 ~~~~~~~~~~~~~~~~~~~~~~~~~~~~~~~~~~~~~~ 03-14
18101449;20022028j;17065788;05081500013;25121949;06071744;075;613 ~~~~~~~~~~~~~~~~~~~~~~~~~~~~~~~~~~~~~~ 03-15
19101449;21022028j;18065788;06081500013;26121949;07071744;076;658;613 ~~~~~~~~~~~~~~~~~~~~~~~~~~~~~~~~~~ 03-16
20101449;22022028j;19065788;07081500013;27121949;08071744;077;398;533;924;613 ~~~~~~~~~~~~~~~~~~~~~~~~~~ 03-17
21101449;23022028j;20065788;08081500013;28121949;09071744;078;409 ~~~~~~~~~~~~~~~~~~~~~~~~~~~~~~~~~~~~~~ 03-18
22101449;24022028j;21065788;09081500013;29121949;10071744;079;868;466;613 ~~~~~~~~~~~~~~~~~~~~~~~~~~~~~~ 03-19
23101449;25022028j;22065788;10081500013;30121949;11071744;080;424 ~~~~~~~~~~~~~~~~~~~~~~~~~~~~~~~~~~~~~~ 03-20
24101449;26022028j;23065788;11081500013;01011950;12071744;081;657;866;900;459;851;406 ~~~~~~~~~~~~~~~~~~ 03-21
25101449;27022028j;24065788;12081500013;02011950;13071744;082;513 ~~~~~~~~~~~~~~~~~~~~~~~~~~~~~~~~~~~~~~ 03-22
26101449;28022028j;25065788;13081500013;03011950;14071744;083;613 ~~~~~~~~~~~~~~~~~~~~~~~~~~~~~~~~~~~~~~ 03-23
27101449;29022028j;26065788;14081500013;04011950;15071744;084;409 ~~~~~~~~~~~~~~~~~~~~~~~~~~~~~~~~~~~~~~ 03-24
28101449;30022028j;27065788;15081500013;05011950;16071744;085;380;613 ~~~~~~~~~~~~~~~~~~~~~~~~~~~~~~~~~~ 03-25
29101449;01032028j;28065788;16081500013;06011950;17071744;086;406;613 ~~~~~~~~~~~~~~~~~~~~~~~~~~~~~~~~~~ 03-26
01111449;02032028j;29065788;17081500013;07011950;18071744;087;538;559;935;613 ~~~~~~~~~~~~~~~~~~~~~~~~~~ 03-27
02111449;03032028j;01075788;18081500013;08011950;19071744;088;659;652 ~~~~~~~~~~~~~~~~~~~~~~~~~~~~~~~~~~ 03-28
03111449;04032028j;02075788;19081500013;09011950;20071744;089;660;555;577;852;613 ~~~~~~~~~~~~~~~~~~~~~~ 03-29
04111449;05032028j;03075788;00091500013;10011950;21071744;090;613 ~~~~~~~~~~~~~~~~~~~~~~~~~~~~~~~~~~~~~~ 03-30
05111449;06032028j;04075788;01091500013;11011950;22071744;091;406 ~~~~~~~~~~~~~~~~~~~~~~~~~~~~~~~~~~~~~~ 03-31
06111449;07032028j;05075788;02091500013;12011950;23071744;092;637;661;945 ~~~~~~~~~~~~~~~~~~~~~~~~~~~~~~ 04-01
07111449;08032028j;06075788;03091500013;13011950;24071744;093;662;397;614 ~~~~~~~~~~~~~~~~~~~~~~~~~~~~~~ 04-02
08111449;09032028j;07075788;04091500013;14011950;25071744;094;913;651 ~~~~~~~~~~~~~~~~~~~~~~~~~~~~~~~~~~ 04-03
09111449;10032028j;08075788;05091500013;15011950;26071744;095;912;933;651;571;614 ~~~~~~~~~~~~~~~~~~~~~~ 04-04
10111449;11032028j;09075788;06091500013;16011950;27071744;096;663;826;877;651;406;409 ~~~~~~~~~~~~~~~~~~ 04-05
11111449;12032028j;10075788;07091500013;17011950;28071744;097;554;651;614 ~~~~~~~~~~~~~~~~~~~~~~~~~~~~~~ 04-06
12111449;13032028j;11075788;08091500013;18011950;29071744;098;514;651 ~~~~~~~~~~~~~~~~~~~~~~~~~~~~~~~~~~ 04-07
13111449;14032028j;12075788;09091500013;19011950;30071744;099;614;651;614 ~~~~~~~~~~~~~~~~~~~~~~~~~~~~~~ 04-08
14111449;15032028j;13075788;10091500013;20011950;01081744;100;493;384;539;575 ~~~~~~~~~~~~~~~~~~~~~~~~~~ 04-09
15111449;16032028j;14075788;11091500013;21011950;02081744;101;406;614 ~~~~~~~~~~~~~~~~~~~~~~~~~~~~~~~~~~ 04-10
16111449;17032028j;15075788;12091500013;22011950;03081744;102;515 ~~~~~~~~~~~~~~~~~~~~~~~~~~~~~~~~~~~~~~ 04-11
17111449;18032028j;16075788;13091500013;23011950;04081744;103;614 ~~~~~~~~~~~~~~~~~~~~~~~~~~~~~~~~~~~~~~ 04-12
18111449;19032028j;17075788;14091500013;24011950;05081744;104;614 ~~~~~~~~~~~~~~~~~~~~~~~~~~~~~~~~~~~~~~ 04-13
19111449;20032028j;18075788;15091500013;25011950;06081744;105;445;836 ~~~~~~~~~~~~~~~~~~~~~~~~~~~~~~~~~~ 04-14
20111449;21032028j;19075788;16091500013;26011950;07081744;106;446;666;406 ~~~~~~~~~~~~~~~~~~~~~~~~~~~~~~ 04-15
21111449;22032028j;20075788;17091500013;27011950;08081744;107;447;398;614 ~~~~~~~~~~~~~~~~~~~~~~~~~~~~~~ 04-16
22111449;23032028j;21075788;18091500013;28011950;09081744;108;448;794 ~~~~~~~~~~~~~~~~~~~~~~~~~~~~~~~~~~ 04-17
23111449;24032028j;22075788;19091500013;29011950;10081744;109;614 ~~~~~~~~~~~~~~~~~~~~~~~~~~~~~~~~~~~~~~ 04-18
24111449;25032028j;23075788;00101500013;30011950;11081744;110;513 ~~~~~~~~~~~~~~~~~~~~~~~~~~~~~~~~~~~~~~ 04-19
25111449;26032028j;24075788;01101500013;31011950;12081744;111;631;664;939;614 ~~~~~~~~~~~~~~~~~~~~~~~~~~ 04-20
26111449;27032028j;25075788;02101500013;01021950;13081744;112;665;433 ~~~~~~~~~~~~~~~~~~~~~~~~~~~~~~~~~~ 04-21
27111449;28032028j;26075788;03101500013;02021950;14081744;113;614 ~~~~~~~~~~~~~~~~~~~~~~~~~~~~~~~~~~~~~~ 04-22
28111449;29032028j;27075788;04101500013;03021950;15081744;114;526 ~~~~~~~~~~~~~~~~~~~~~~~~~~~~~~~~~~~~~~ 04-23
29111449;30032028j;28075788;05101500013;04021950;16081744;115;380;928 ~~~~~~~~~~~~~~~~~~~~~~~~~~~~~~~~~~ 04-24
30111449;01042028j;29075788;06101500013;05021950;17081744;116;614 ~~~~~~~~~~~~~~~~~~~~~~~~~~~~~~~~~~~~~~ 04-25
01121449;02042028j;30075788;07101500013;06021950;18081744;117;670;865;614 ~~~~~~~~~~~~~~~~~~~~~~~~~~~~~~ 04-26
02121449;03042028j;01085788;08101500013;07021950;19081744;118;667;510;902 ~~~~~~~~~~~~~~~~~~~~~~~~~~~~~~ 04-27
03121449;04042028j;02085788;09101500013;08021950;20081744;119;671;614 ~~~~~~~~~~~~~~~~~~~~~~~~~~~~~~~~~~ 04-28
04121449;05042028j;03085788;10101500013;09021950;21081744;120;668;409 ~~~~~~~~~~~~~~~~~~~~~~~~~~~~~~~~~~ 04-29
05121449;06042028j;04085788;11101500013;10021950;22081744;121;669;528;406 ~~~~~~~~~~~~~~~~~~~~~~~~~~~~~~ 04-30
06121449;07042028j;05085788;12101500013;11021950;23081744;122;674;397;553;529 ~~~~~~~~~~~~~~~~~~~~~~~~~~ 05-01
07121449;08042028j;06085788;13101500013;12021950;24081744;123;675;615 ~~~~~~~~~~~~~~~~~~~~~~~~~~~~~~~~~~ 05-02
08121449;09042028j;07085788;14101500013;13021950;25081744;124;676;927;615 ~~~~~~~~~~~~~~~~~~~~~~~~~~~~~~ 05-03
09121449;10042028j;08085788;15101500013;14021950;26081744;125;677;501 ~~~~~~~~~~~~~~~~~~~~~~~~~~~~~~~~~~ 05-04
10121449;11042028j;09085788;16101500013;15021950;27081744;126;679;514;889;500;406;615 ~~~~~~~~~~~~~~~~~~ 05-05
11121449;12042028j;10085788;17101500013;16021950;28081744;127;637;672;500 ~~~~~~~~~~~~~~~~~~~~~~~~~~~~~~ 05-06
12121449;13042028j;11085788;18101500013;17021950;29081744;128;673;378;894;615 ~~~~~~~~~~~~~~~~~~~~~~~~~~ 05-07
13121449;14042028j;12085788;19101500013;18021950;30081744;129;682;385;537;824;937;500 ~~~~~~~~~~~~~~~~~~ 05-08
14121449;15042028j;13085788;00111500013;19021950;01091744;130;420;436;892;500 ~~~~~~~~~~~~~~~~~~~~~~~~~~ 05-09
15121449;16042028j;14085788;01111500013;20021950;02091744;131;683;402;615 ~~~~~~~~~~~~~~~~~~~~~~~~~~~~~~ 05-10
16121449;17042028j;15085788;02111500013;21021950;03091744;132;856;615 ~~~~~~~~~~~~~~~~~~~~~~~~~~~~~~~~~~ 05-11
17121449;18042028j;16085788;03111500013;22021950;04091744;133;678;615 ~~~~~~~~~~~~~~~~~~~~~~~~~~~~~~~~~~ 05-12
18121449;19042028j;17085788;04111500013;23021950;05091744;134;681;680;410;841;615 ~~~~~~~~~~~~~~~~~~~~~~ 05-13
19121449;20042028j;18085788;05111500013;24021950;06091744;135;451;518 ~~~~~~~~~~~~~~~~~~~~~~~~~~~~~~~~~~ 05-14
20121449;21042028j;19085788;06111500013;25021950;07091744;136;406;615 ~~~~~~~~~~~~~~~~~~~~~~~~~~~~~~~~~~ 05-15
21121449;22042028j;20085788;07111500013;26021950;08091744;137;398 ~~~~~~~~~~~~~~~~~~~~~~~~~~~~~~~~~~~~~~ 05-16
22121449;23042028j;21085788;08111500013;27021950;09091744;138;685;513;615 ~~~~~~~~~~~~~~~~~~~~~~~~~~~~~~ 05-17
23121449;24042028j;22085788;09111500013;28021950;10091744;139;797;403 ~~~~~~~~~~~~~~~~~~~~~~~~~~~~~~~~~~ 05-18
24121449;25042028j;23085788;10111500013;29021950;11091744;140;596;686;842;573;421 ~~~~~~~~~~~~~~~~~~~~~~ 05-19
25121449;26042028j;24085788;11111500013;30021950;12091744;141;687;530;573;406;615 ~~~~~~~~~~~~~~~~~~~~~~ 05-20
26121449;27042028j;25085788;12111500013;31021950;13091744;142;684;399;573;624 ~~~~~~~~~~~~~~~~~~~~~~~~~~ 05-21
27121449;28042028j;26085788;13111500013;01031950;14091744;143;798;789;624;403 ~~~~~~~~~~~~~~~~~~~~~~~~~~ 05-22
28121449;29042028j;27085788;14111500013;02031950;15091744;144;624;615 ~~~~~~~~~~~~~~~~~~~~~~~~~~~~~~~~~~ 05-23
29121449;01052028j;28085788;15111500013;03031950;16091744;145;380;825;921;942;624;400 ~~~~~~~~~~~~~~~~~~ 05-24
01011450;02052028j;29085788;16111500013;04031950;17091744;146;494;495;624;406 ~~~~~~~~~~~~~~~~~~~~~~~~~~ 05-25
02011450;03052028j;01095788;17111500013;05031950;18091744;147;689;624;403 ~~~~~~~~~~~~~~~~~~~~~~~~~~~~~~ 05-26
03011450;04052028j;02095788;18111500013;06031950;19091744;148;439;624;496;615 ~~~~~~~~~~~~~~~~~~~~~~~~~~ 05-27
04011450;05052028j;03095788;19111500013;07031950;20091744;149;439;564 ~~~~~~~~~~~~~~~~~~~~~~~~~~~~~~~~~~ 05-28
05011450;06052028j;04095788;00121500013;08031950;21091744;150;438;421;496 ~~~~~~~~~~~~~~~~~~~~~~~~~~~~~~ 05-29
06011450;07052028j;05095788;01121500013;09031950;22091744;151;400;406;615 ~~~~~~~~~~~~~~~~~~~~~~~~~~~~~~ 05-30
07011450;08052028j;06095788;02121500013;10031950;23091744;152;688;397;514;522 ~~~~~~~~~~~~~~~~~~~~~~~~~~ 05-31
08011450;09052028j;07095788;03121500013;11031950;24091744;153;616 ~~~~~~~~~~~~~~~~~~~~~~~~~~~~~~~~~~~~~~ 06-01
09011450;10052028j;08095788;04121500013;12031950;25091744;154;692;694;552;400 ~~~~~~~~~~~~~~~~~~~~~~~~~~ 06-02
10011450;11052028j;09095788;05121500013;13031950;26091744;155;637;693;896;498 ~~~~~~~~~~~~~~~~~~~~~~~~~~ 06-03
11011450;12052028j;10095788;06121500013;14031950;27091744;156;449;690;432 ~~~~~~~~~~~~~~~~~~~~~~~~~~~~~~ 06-04
12011450;13052028j;11095788;07121500013;15031950;28091744;157;400;616;605 ~~~~~~~~~~~~~~~~~~~~~~~~~~~~~~ 06-05
13011450;14052028j;12095788;08121500013;16031950;29091744;158;386;941 ~~~~~~~~~~~~~~~~~~~~~~~~~~~~~~~~~~ 06-06
14011450;15052028j;13095788;09121500013;17031950;30091744;159;691;874;403;616 ~~~~~~~~~~~~~~~~~~~~~~~~~~ 06-07
15011450;16052028j;14095788;10121500013;18031950;01101744;160;400;421;496 ~~~~~~~~~~~~~~~~~~~~~~~~~~~~~~ 06-08
16011450;17052028j;15095788;11121500013;19031950;02101744;161;596;406;616 ~~~~~~~~~~~~~~~~~~~~~~~~~~~~~~ 06-09
17011450;18052028j;16095788;12121500013;20031950;03101744;162;697;799;569 ~~~~~~~~~~~~~~~~~~~~~~~~~~~~~~ 06-10
18011450;19052028j;17095788;13121500013;21031950;04101744;163;695;569;400;403;616 ~~~~~~~~~~~~~~~~~~~~~~ 06-11
19011450;20052028j;18095788;14121500013;22031950;05101744;164;616 ~~~~~~~~~~~~~~~~~~~~~~~~~~~~~~~~~~~~~~ 06-12
20011450;21052028j;19095788;15121500013;23031950;06101744;165;696 ~~~~~~~~~~~~~~~~~~~~~~~~~~~~~~~~~~~~~~ 06-13
21011450;22052028j;20095788;16121500013;24031950;07101744;166;398;401;513;832;406;496 ~~~~~~~~~~~~~~~~~~ 06-14
22011450;23052028j;21095788;17121500013;25031950;08101744;167;698;403;616 ~~~~~~~~~~~~~~~~~~~~~~~~~~~~~~ 06-15
23011450;24052028j;22095788;18121500013;26031950;09101744;168;701;699 ~~~~~~~~~~~~~~~~~~~~~~~~~~~~~~~~~~ 06-16
24011450;25052028j;23095788;19121500013;27031950;10101744;169;616 ~~~~~~~~~~~~~~~~~~~~~~~~~~~~~~~~~~~~~~ 06-17
25011450;26052028j;24095788;00131500013;28031950;11101744;170;452;452;946;496 ~~~~~~~~~~~~~~~~~~~~~~~~~~ 06-18
26011450;27052028j;25095788;01131500013;29031950;12101744;171;403;616 ~~~~~~~~~~~~~~~~~~~~~~~~~~~~~~~~~~ 06-19
27011450;28052028j;26095788;02131500013;30031950;13101744;172;460 ~~~~~~~~~~~~~~~~~~~~~~~~~~~~~~~~~~~~~~ 06-20
28011450;29052028j;27095788;03131500013;31031950;14101744;173;425;616 ~~~~~~~~~~~~~~~~~~~~~~~~~~~~~~~~~~ 06-21
29011450;30052028j;28095788;04131500013;01041950;15101744;174;380;404;461 ~~~~~~~~~~~~~~~~~~~~~~~~~~~~~~ 06-22
30011450;01252028j;29095788;05131500013;02041950;16101744;175;816;824;497;700 ~~~~~~~~~~~~~~~~~~~~~~~~~~ 06-23
01021450;02252028j;30095788;06131500013;03041950;17101744;176;702;870;406 ~~~~~~~~~~~~~~~~~~~~~~~~~~~~~~ 06-24
02021450;03252028j;01105788;07131500013;04041950;18101744;177;616 ~~~~~~~~~~~~~~~~~~~~~~~~~~~~~~~~~~~~~~ 06-25
03021450;04252028j;02105788;08131500013;05041950;19101744;178;514 ~~~~~~~~~~~~~~~~~~~~~~~~~~~~~~~~~~~~~~ 06-26
04021450;05252028j;03105788;09131500013;06041950;20101744;179;437;616 ~~~~~~~~~~~~~~~~~~~~~~~~~~~~~~~~~~ 06-27
05021450;06252028j;04105788;10131500013;07041950;21101744;180;704 ~~~~~~~~~~~~~~~~~~~~~~~~~~~~~~~~~~~~~~ 06-28
06021450;07252028j;05105788;11131500013;08041950;22101744;181;397;406 ~~~~~~~~~~~~~~~~~~~~~~~~~~~~~~~~~~ 06-29
07021450;08252028j;06105788;12131500013;09041950;23101744;182;703;616 ~~~~~~~~~~~~~~~~~~~~~~~~~~~~~~~~~~ 06-30
08021450;09252028j;07105788;13131500013;10041950;24101744;183;637;705;840 ~~~~~~~~~~~~~~~~~~~~~~~~~~~~~~ 07-01
09021450;10252028j;08105788;14131500013;11041950;25101744;184;795;546 ~~~~~~~~~~~~~~~~~~~~~~~~~~~~~~~~~~ 07-02
10021450;11252028j;09105788;15131500013;12041950;26101744;185;373;617 ~~~~~~~~~~~~~~~~~~~~~~~~~~~~~~~~~~ 07-03
11021450;12252028j;10105788;16131500013;13041950;27101744;186;617 ~~~~~~~~~~~~~~~~~~~~~~~~~~~~~~~~~~~~~~ 07-04
12021450;13252028j;11105788;17131500013;14041950;28101744;187;617 ~~~~~~~~~~~~~~~~~~~~~~~~~~~~~~~~~~~~~~ 07-05
13021450;14252028j;12105788;18131500013;15041950;29101744;188;387;531;540;561;865;947 ~~~~~~~~~~~~~~~~~~ 07-06
14021450;15252028j;13105788;19131500013;16041950;30101744;189;565;617 ~~~~~~~~~~~~~~~~~~~~~~~~~~~~~~~~~~ 07-07
15021450;16252028j;14105788;00141500013;17041950;01111744;190;706;565 ~~~~~~~~~~~~~~~~~~~~~~~~~~~~~~~~~~ 07-08
16021450;17252028j;15105788;01141500013;18041950;02111744;191;864;406;617 ~~~~~~~~~~~~~~~~~~~~~~~~~~~~~~ 07-09
17021450;18252028j;16105788;02141500013;19041950;03111744;192;707 ~~~~~~~~~~~~~~~~~~~~~~~~~~~~~~~~~~~~~~ 07-10
18021450;19252028j;17105788;03141500013;20041950;04111744;193;417;513;617 ~~~~~~~~~~~~~~~~~~~~~~~~~~~~~~ 07-11
19021450;20252028j;18105788;04141500013;21041950;05111744;194;617 ~~~~~~~~~~~~~~~~~~~~~~~~~~~~~~~~~~~~~~ 07-12
20021450;21252028j;19105788;05141500013;22041950;06111744;195;844;617 ~~~~~~~~~~~~~~~~~~~~~~~~~~~~~~~~~~ 07-13
21021450;22252028j;20105788;06141500013;23041950;07111744;196;398;578;406 ~~~~~~~~~~~~~~~~~~~~~~~~~~~~~~ 07-14
22021450;23252028j;21105788;07141500013;24041950;08111744;197;708;617 ~~~~~~~~~~~~~~~~~~~~~~~~~~~~~~~~~~ 07-15
23021450;24252028j;22105788;08141500013;25041950;09111744;198;709;836 ~~~~~~~~~~~~~~~~~~~~~~~~~~~~~~~~~~ 07-16
24021450;25252028j;23105788;09141500013;26041950;10111744;199;710;617 ~~~~~~~~~~~~~~~~~~~~~~~~~~~~~~~~~~ 07-17
25021450;26252028j;24105788;10141500013;27041950;11111744;200;433;878;421 ~~~~~~~~~~~~~~~~~~~~~~~~~~~~~~ 07-18
26021450;27252028j;25105788;11141500013;28041950;12111744;201;711;406 ~~~~~~~~~~~~~~~~~~~~~~~~~~~~~~~~~~ 07-19
27021450;28252028j;26105788;12141500013;29041950;13111744;202;631;418;617 ~~~~~~~~~~~~~~~~~~~~~~~~~~~~~~ 07-20
28021450;29252028j;27105788;13141500013;30041950;14111744;203;380;617 ~~~~~~~~~~~~~~~~~~~~~~~~~~~~~~~~~~ 07-21
29021450;01062028j;28105788;14141500013;31041950;15111744;204;713;930;953 ~~~~~~~~~~~~~~~~~~~~~~~~~~~~~~ 07-22
01031450;02062028j;29105788;15141500013;01051950;16111744;205;714;514;617 ~~~~~~~~~~~~~~~~~~~~~~~~~~~~~~ 07-23
02031450;03062028j;01115788;16141500013;02051950;17111744;206;579 ~~~~~~~~~~~~~~~~~~~~~~~~~~~~~~~~~~~~~~ 07-24
03031450;04062028j;02115788;17141500013;03051950;18111744;207;617 ~~~~~~~~~~~~~~~~~~~~~~~~~~~~~~~~~~~~~~ 07-25
04031450;05062028j;03115788;18141500013;04051950;19111744;208;891 ~~~~~~~~~~~~~~~~~~~~~~~~~~~~~~~~~~~~~~ 07-26
05031450;06062028j;04115788;19141500013;05051950;20111744;209;712;715;617 ~~~~~~~~~~~~~~~~~~~~~~~~~~~~~~ 07-27
06031450;07062028j;05115788;00151500013;06051950;21111744;210;716;397 ~~~~~~~~~~~~~~~~~~~~~~~~~~~~~~~~~~ 07-28
07031450;08062028j;06115788;01151500013;07051950;22111744;211;406 ~~~~~~~~~~~~~~~~~~~~~~~~~~~~~~~~~~~~~~ 07-29
08031450;09062028j;07115788;02151500013;08051950;23111744;212;467 ~~~~~~~~~~~~~~~~~~~~~~~~~~~~~~~~~~~~~~ 07-30
09031450;10062028j;08115788;03151500013;09051950;24111744;213;617 ~~~~~~~~~~~~~~~~~~~~~~~~~~~~~~~~~~~~~~ 07-31
10031450;11062028j;09115788;04151500013;10051950;25111744;214;718;926 ~~~~~~~~~~~~~~~~~~~~~~~~~~~~~~~~~~ 08-01
11031450;12062028j;10115788;05151500013;11051950;26111744;215;618 ~~~~~~~~~~~~~~~~~~~~~~~~~~~~~~~~~~~~~~ 08-02
12031450;13062028j;11115788;06151500013;12051950;27111744;216;511;618 ~~~~~~~~~~~~~~~~~~~~~~~~~~~~~~~~~~ 08-03
13031450;14062028j;12115788;07151500013;13051950;28111744;217;719;938 ~~~~~~~~~~~~~~~~~~~~~~~~~~~~~~~~~~ 08-04
14031450;15062028j;13115788;08151500013;14051950;29111744;218;637;720;388;556;909;910;925 ~~~~~~~~~~~~~~ 08-05
15031450;16062028j;14115788;09151500013;15051950;30111744;219;717 ~~~~~~~~~~~~~~~~~~~~~~~~~~~~~~~~~~~~~~ 08-06
16031450;17062028j;15115788;10151500013;16051950;01121744;220;618 ~~~~~~~~~~~~~~~~~~~~~~~~~~~~~~~~~~~~~~ 08-07
17031450;18062028j;16115788;11151500013;17051950;02121744;221;513;875;511 ~~~~~~~~~~~~~~~~~~~~~~~~~~~~~~ 08-08
18031450;19062028j;17115788;12151500013;18051950;03121744;222;722;618 ~~~~~~~~~~~~~~~~~~~~~~~~~~~~~~~~~~ 08-09
19031450;20062028j;18115788;13151500013;19051950;04121744;223;618 ~~~~~~~~~~~~~~~~~~~~~~~~~~~~~~~~~~~~~~ 08-10
20031450;21062028j;19115788;14151500013;20051950;05121744;224;374;867 ~~~~~~~~~~~~~~~~~~~~~~~~~~~~~~~~~~ 08-11
21031450;22062028j;20115788;15151500013;21051950;06121744;225;723;618 ~~~~~~~~~~~~~~~~~~~~~~~~~~~~~~~~~~ 08-12
22031450;23062028j;21115788;16151500013;22051950;07121744;226;721;398;883;406;618 ~~~~~~~~~~~~~~~~~~~~~~ 08-13
23031450;24062028j;22115788;17151500013;23051950;08121744;227;618 ~~~~~~~~~~~~~~~~~~~~~~~~~~~~~~~~~~~~~~ 08-14
24031450;25062028j;23115788;18151500013;24051950;09121744;228;618 ~~~~~~~~~~~~~~~~~~~~~~~~~~~~~~~~~~~~~~ 08-15
25031450;26062028j;24115788;19151500013;25051950;10121744;229;503 ~~~~~~~~~~~~~~~~~~~~~~~~~~~~~~~~~~~~~~ 08-16
26031450;27062028j;25115788;00161500013;26051950;11121744;230;421;618 ~~~~~~~~~~~~~~~~~~~~~~~~~~~~~~~~~~ 08-17
27031450;28062028j;26115788;01161500013;27051950;12121744;231;406 ~~~~~~~~~~~~~~~~~~~~~~~~~~~~~~~~~~~~~~ 08-18
28031450;29062028j;27115788;02161500013;28051950;13121744;232;724;618 ~~~~~~~~~~~~~~~~~~~~~~~~~~~~~~~~~~ 08-19
29031450;01072028j;28115788;03161500013;29051950;14121744;233;380 ~~~~~~~~~~~~~~~~~~~~~~~~~~~~~~~~~~~~~~ 08-20
30031450;02072028j;29115788;04161500013;30051950;15121744;234;514;618 ~~~~~~~~~~~~~~~~~~~~~~~~~~~~~~~~~~ 08-21
01041450;03072028j;30115788;05161500013;31051950;16121744;235;411;597;375 ~~~~~~~~~~~~~~~~~~~~~~~~~~~~~~ 08-22
02041450;04072028j;01125788;06161500013;01061950;17121744;236;550;618 ~~~~~~~~~~~~~~~~~~~~~~~~~~~~~~~~~~ 08-23
03041450;05072028j;02125788;07161500013;02061950;18121744;237;915 ~~~~~~~~~~~~~~~~~~~~~~~~~~~~~~~~~~~~~~ 08-24
04041450;06072028j;03125788;08161500013;03061950;19121744;238;427;418;618 ~~~~~~~~~~~~~~~~~~~~~~~~~~~~~~ 08-25
05041450;07072028j;04125788;09161500013;04061950;20121744;239;725;397;572 ~~~~~~~~~~~~~~~~~~~~~~~~~~~~~~ 08-26
06041450;08072028j;05125788;10161500013;05061950;21121744;240;428;725;908;618 ~~~~~~~~~~~~~~~~~~~~~~~~~~ 08-27
07041450;09072028j;06125788;11161500013;06061950;22121744;241;796 ~~~~~~~~~~~~~~~~~~~~~~~~~~~~~~~~~~~~~~ 08-28
08041450;10072028j;07125788;12161500013;07061950;23121744;242;594;819;412;618 ~~~~~~~~~~~~~~~~~~~~~~~~~~ 08-29
09041450;11072028j;08125788;13161500013;08061950;24121744;243;595;903 ~~~~~~~~~~~~~~~~~~~~~~~~~~~~~~~~~~ 08-30
10041450;12072028j;09125788;14161500013;09061950;25121744;244;432;618 ~~~~~~~~~~~~~~~~~~~~~~~~~~~~~~~~~~ 08-31
11041450;13072028j;10125788;15161500013;10061950;26121744;245;596;727;897 ~~~~~~~~~~~~~~~~~~~~~~~~~~~~~~ 09-01
12041450;14072028j;11125788;16161500013;11061950;27121744;246;429;637;728;520;551;567;406 ~~~~~~~~~~~~~~ 09-02
13041450;15072028j;12125788;17161500013;12061950;28121744;247;430;389;534;567 ~~~~~~~~~~~~~~~~~~~~~~~~~~ 09-03
14041450;16072028j;13125788;18161500013;13061950;29121744;248;434;513;907;619 ~~~~~~~~~~~~~~~~~~~~~~~~~~ 09-04
15041450;17072028j;14125788;19161500013;14061950;30121744;249;435;619 ~~~~~~~~~~~~~~~~~~~~~~~~~~~~~~~~~~ 09-05
16041450;18072028j;15125788;00171500013;15061950;01131744;250;436;421 ~~~~~~~~~~~~~~~~~~~~~~~~~~~~~~~~~~ 09-06
17041450;19072028j;16125788;01171500013;16061950;02131744;251;406;619 ~~~~~~~~~~~~~~~~~~~~~~~~~~~~~~~~~~ 09-07
18041450;20072028j;17125788;02171500013;17061950;03131744;252;832 ~~~~~~~~~~~~~~~~~~~~~~~~~~~~~~~~~~~~~~ 09-08
19041450;21072028j;18125788;03171500013;18061950;04131744;253;619 ~~~~~~~~~~~~~~~~~~~~~~~~~~~~~~~~~~~~~~ 09-09
20041450;22072028j;19125788;04171500013;19061950;05131744;254;455;845 ~~~~~~~~~~~~~~~~~~~~~~~~~~~~~~~~~~ 09-10
21041450;23072028j;20125788;05171500013;20061950;01011745;255;729;846;398;619 ~~~~~~~~~~~~~~~~~~~~~~~~~~ 09-11
22041450;24072028j;21125788;06171500013;21061950;02011745;256;726;847;412 ~~~~~~~~~~~~~~~~~~~~~~~~~~~~~~ 09-12
23041450;25072028j;22125788;07171500013;22061950;03011745;257;619 ~~~~~~~~~~~~~~~~~~~~~~~~~~~~~~~~~~~~~~ 09-13
24041450;26072028j;23125788;08171500013;23061950;04011745;258;730 ~~~~~~~~~~~~~~~~~~~~~~~~~~~~~~~~~~~~~~ 09-14
25041450;27072028j;24125788;09171500013;24061950;05011745;259;734;869;619 ~~~~~~~~~~~~~~~~~~~~~~~~~~~~~~ 09-15
26041450;28072028j;25125788;10171500013;25061950;06011745;260;735;421 ~~~~~~~~~~~~~~~~~~~~~~~~~~~~~~~~~~ 09-16
27041450;29072028j;26125788;11171500013;26061950;07011745;261;731;406;619;848 ~~~~~~~~~~~~~~~~~~~~~~~~~~ 09-17
28041450;30072028j;27125788;12171500013;27061950;08011745;262;380;514;920 ~~~~~~~~~~~~~~~~~~~~~~~~~~~~~~ 09-18
29041450;01082028j;28125788;13171500013;28061950;09011745;263;732;399;414;895;412;619 ~~~~~~~~~~~~~~~~~~ 09-19
01051450;02082028j;29125788;14171500013;29061950;10011745;264;521;619 ~~~~~~~~~~~~~~~~~~~~~~~~~~~~~~~~~~ 09-20
02051450;03082028j;01015789;15171500013;30061950;11011745;265;733;462;521;418;848 ~~~~~~~~~~~~~~~~~~~~~~ 09-21
03051450;04082028j;02015789;16171500013;31061950;12011745;266;738;423;521;400 ~~~~~~~~~~~~~~~~~~~~~~~~~~ 09-22
04051450;05082028j;03015789;17171500013;01071950;13011745;267;739;463;848 ~~~~~~~~~~~~~~~~~~~~~~~~~~~~~~ 09-23
05051450;06082028j;04015789;18171500013;02071950;14011745;268;740;375;619 ~~~~~~~~~~~~~~~~~~~~~~~~~~~~~~ 09-24
06051450;07082028j;05015789;19171500013;03071950;15011745;269;736;397;918;400;619;848 ~~~~~~~~~~~~~~~~~~ 09-25
07051450;08082028j;06015789;00001600013;04071950;16011745;270;737;548;885;919 ~~~~~~~~~~~~~~~~~~~~~~~~~~ 09-26
08051450;09082028j;07015789;01001600013;05071950;17011745;271;742;790;549;560;406;415;619 ~~~~~~~~~~~~~~ 09-27
09051450;10082028j;08015789;02001600013;06071950;18011745;272;741;790;400;619 ~~~~~~~~~~~~~~~~~~~~~~~~~~ 09-28
10051450;11082028j;09015789;03001600013;07071950;19011745;273;790;899;848 ~~~~~~~~~~~~~~~~~~~~~~~~~~~~~~ 09-29
11051450;12082028j;10015789;04001600013;08071950;20011745;274;743;790;453;527;853 ~~~~~~~~~~~~~~~~~~~~~~ 09-30
12051450;13082028j;11015789;05001600013;09071950;21011745;275;790;513;853;400;620 ~~~~~~~~~~~~~~~~~~~~~~ 10-01
13051450;14082028j;12015789;06001600013;10071950;22011745;276;744;790;882;922;853 ~~~~~~~~~~~~~~~~~~~~~~ 10-02
14051450;15082028j;13015789;07001600013;11071950;23011745;277;745;790;393;390;532;570;412;620 ~~~~~~~~~~ 10-03
15051450;16082028j;14015789;08001600013;12071950;24011745;278;746;400 ~~~~~~~~~~~~~~~~~~~~~~~~~~~~~~~~~~ 10-04
16051450;17082028j;15015789;09001600013;13071950;25011745;279;747;523;620 ~~~~~~~~~~~~~~~~~~~~~~~~~~~~~~ 10-05
17051450;18082028j;16015789;10001600013;14071950;26011745;280;748;523 ~~~~~~~~~~~~~~~~~~~~~~~~~~~~~~~~~~ 10-06
18051450;19082028j;17015789;11001600013;15071950;27011745;281;637;881;523;400;406;848 ~~~~~~~~~~~~~~~~~~ 10-07
19051450;20082028j;18015789;12001600013;16071950;28011745;282;750;749;523;620 ~~~~~~~~~~~~~~~~~~~~~~~~~~ 10-08
20051450;21082028j;19015789;13001600013;17071950;29011745;283;751;523;848 ~~~~~~~~~~~~~~~~~~~~~~~~~~~~~~ 10-09
21051450;22082028j;20015789;14001600013;18071950;30011745;284;791;367;523;400;412 ~~~~~~~~~~~~~~~~~~~~~~ 10-10
22051450;23082028j;21015789;15001600013;19071950;01021745;285;752;398;368;401;499;523;620 ~~~~~~~~~~~~~~ 10-11
23051450;24082028j;22015789;16001600013;20071950;02021745;286;753;524;406 ~~~~~~~~~~~~~~~~~~~~~~~~~~~~~~ 10-12
24051450;25082028j;23015789;17001600013;21071950;03021745;287;525;415;620 ~~~~~~~~~~~~~~~~~~~~~~~~~~~~~~ 10-13
25051450;26082028j;24015789;18001600013;22071950;04021745;288;754;433;911 ~~~~~~~~~~~~~~~~~~~~~~~~~~~~~~ 10-14
26051450;27082028j;25015789;19001600013;23071950;05021745;289;558;779;784;620 ~~~~~~~~~~~~~~~~~~~~~~~~~~ 10-15
27051450;28082028j;26015789;00011600013;24071950;06021745;290;755;780;785 ~~~~~~~~~~~~~~~~~~~~~~~~~~~~~~ 10-16
28051450;29082028j;27015789;01011600013;25071950;07021745;291;756;380;437;514;781;786;893;406;412 ~~~~~~ 10-17
29051450;01092028j;28015789;02011600013;26071950;08021745;292;757;782;787;418 ~~~~~~~~~~~~~~~~~~~~~~~~~~ 10-18
30051450;02092028j;29015789;03011600013;27071950;09021745;293;631;422;431;535;783;788 ~~~~~~~~~~~~~~~~~~ 10-19
01061450;03092028j;30015789;04011600013;28071950;10021745;294;784;620 ~~~~~~~~~~~~~~~~~~~~~~~~~~~~~~~~~~ 10-20
02061450;04092028j;01025789;05011600013;29071950;11021745;295;758;369;785 ~~~~~~~~~~~~~~~~~~~~~~~~~~~~~~ 10-21
03061450;05092028j;02025789;06011600013;30071950;12021745;296;819;786;620 ~~~~~~~~~~~~~~~~~~~~~~~~~~~~~~ 10-22
04061450;06092028j;03025789;07011600013;01081950;13021745;297;543;787 ~~~~~~~~~~~~~~~~~~~~~~~~~~~~~~~~~~ 10-23
05061450;07092028j;04025789;08011600013;02081950;14021745;298;397;371;412 ~~~~~~~~~~~~~~~~~~~~~~~~~~~~~~ 10-24
06061450;08092028j;05025789;09011600013;03081950;15021745;299;620 ~~~~~~~~~~~~~~~~~~~~~~~~~~~~~~~~~~~~~~ 10-25
07061450;09092028j;06025789;10011600013;04081950;16021745;300;563;620 ~~~~~~~~~~~~~~~~~~~~~~~~~~~~~~~~~~ 10-26
08061450;10092028j;07025789;11011600013;05081950;17021745;301;849;879;406;620 ~~~~~~~~~~~~~~~~~~~~~~~~~~ 10-27
09061450;11092028j;08025789;12011600013;06081950;18021745;302;759;547 ~~~~~~~~~~~~~~~~~~~~~~~~~~~~~~~~~~ 10-28
10061450;12092028j;09025789;13011600013;07081950;19021745;303;513;934;620 ~~~~~~~~~~~~~~~~~~~~~~~~~~~~~~ 10-29
11061450;13092028j;10025789;14011600013;08081950;20021745;304;861;868 ~~~~~~~~~~~~~~~~~~~~~~~~~~~~~~~~~~ 10-30
12061450;14092028j;11025789;15011600013;09081950;21021745;305;412;620 ~~~~~~~~~~~~~~~~~~~~~~~~~~~~~~~~~~ 10-31
13061450;15092028j;12025789;16011600013;10081950;22021745;306;761;406 ~~~~~~~~~~~~~~~~~~~~~~~~~~~~~~~~~~ 11-01
14061450;16092028j;13025789;17011600013;11081950;23021745;307;762;394;880 ~~~~~~~~~~~~~~~~~~~~~~~~~~~~~~ 11-02
15061450;17092028j;14025789;18011600013;12081950;24021745;308;621 ~~~~~~~~~~~~~~~~~~~~~~~~~~~~~~~~~~~~~~ 11-03
16061450;18092028j;15025789;19011600013;13081950;25021745;309;637;763 ~~~~~~~~~~~~~~~~~~~~~~~~~~~~~~~~~~ 11-04
17061450;19092028j;16025789;00021600013;14081950;26021745;310;418;621 ~~~~~~~~~~~~~~~~~~~~~~~~~~~~~~~~~~ 11-05
18061450;20092028j;17025789;01021600013;15081950;27021745;311;760;406 ~~~~~~~~~~~~~~~~~~~~~~~~~~~~~~~~~~ 11-06
19061450;21092028j;18025789;02021600013;16081950;28021745;312;850;375 ~~~~~~~~~~~~~~~~~~~~~~~~~~~~~~~~~~ 11-07
20061450;22092028j;19025789;03021600013;17081950;29021745;313;621 ~~~~~~~~~~~~~~~~~~~~~~~~~~~~~~~~~~~~~~ 11-08
21061450;23092028j;20025789;04021600013;18081950;30021745;314;764;398;831;876;621 ~~~~~~~~~~~~~~~~~~~~~~ 11-09
22061450;24092028j;21025789;05021600013;19081950;01031745;315;596;596 ~~~~~~~~~~~~~~~~~~~~~~~~~~~~~~~~~~ 11-10
23061450;25092028j;22025789;06021600013;20081950;02031745;316;621 ~~~~~~~~~~~~~~~~~~~~~~~~~~~~~~~~~~~~~~ 11-11
24061450;26092028j;23025789;07021600013;21081950;03031745;317;936 ~~~~~~~~~~~~~~~~~~~~~~~~~~~~~~~~~~~~~~ 11-12
25061450;27092028j;24025789;08021600013;22081950;04031745;318;554;621 ~~~~~~~~~~~~~~~~~~~~~~~~~~~~~~~~~~ 11-13
26061450;28092028j;25025789;09021600013;23081950;05031745;319;514 ~~~~~~~~~~~~~~~~~~~~~~~~~~~~~~~~~~~~~~ 11-14
27061450;29092028j;26025789;10021600013;24081950;06031745;320;621 ~~~~~~~~~~~~~~~~~~~~~~~~~~~~~~~~~~~~~~ 11-15
28061450;01102028j;27025789;11021600013;25081950;07031745;321;766;380 ~~~~~~~~~~~~~~~~~~~~~~~~~~~~~~~~~~ 11-16
29061450;02102028j;28025789;12021600013;26081950;08031745;322;621 ~~~~~~~~~~~~~~~~~~~~~~~~~~~~~~~~~~~~~~ 11-17
01071450;03102028j;29025789;13021600013;27081950;09031745;323;767;375 ~~~~~~~~~~~~~~~~~~~~~~~~~~~~~~~~~~ 11-18
02071450;04102028j;01035789;14021600013;28081950;10031745;324;765;621 ~~~~~~~~~~~~~~~~~~~~~~~~~~~~~~~~~~ 11-19
03071450;05102028j;02035789;15021600013;29081950;11031745;325;621 ~~~~~~~~~~~~~~~~~~~~~~~~~~~~~~~~~~~~~~ 11-20
04071450;06102028j;03035789;16021600013;30081950;12031745;326;944;412;621 ~~~~~~~~~~~~~~~~~~~~~~~~~~~~~~ 11-21
05071450;07102028j;04035789;17021600013;01091950;13031745;327;769;788 ~~~~~~~~~~~~~~~~~~~~~~~~~~~~~~~~~~ 11-22
06071450;08102028j;05035789;18021600013;02091950;14031745;328;440;397;621 ~~~~~~~~~~~~~~~~~~~~~~~~~~~~~~ 11-23
07071450;09102028j;06035789;19021600013;03091950;15031745;329;441;793 ~~~~~~~~~~~~~~~~~~~~~~~~~~~~~~~~~~ 11-24
08071450;10102028j;07035789;00031600013;04091950;16031745;330;770;768;621 ~~~~~~~~~~~~~~~~~~~~~~~~~~~~~~ 11-25
09071450;11102028j;08035789;01031600013;05091950;17031745;331;513;406 ~~~~~~~~~~~~~~~~~~~~~~~~~~~~~~~~~~ 11-26
10071450;12102028j;09035789;02031600013;06091950;18031745;332;442;432;557;890 ~~~~~~~~~~~~~~~~~~~~~~~~~~ 11-27
11071450;13102028j;10035789;03031600013;07091950;19031745;333;771;369;412 ~~~~~~~~~~~~~~~~~~~~~~~~~~~~~~ 11-28
12071450;14102028j;11035789;04031600013;08091950;20031745;334;772;621 ~~~~~~~~~~~~~~~~~~~~~~~~~~~~~~~~~~ 11-29
13071450;15102028j;12035789;05031600013;09091950;21031745;335;415 ~~~~~~~~~~~~~~~~~~~~~~~~~~~~~~~~~~~~~~ 11-30
14071450;16102028j;13035789;06031600013;10091950;22031745;336;774;395;545;887 ~~~~~~~~~~~~~~~~~~~~~~~~~~ 12-01
15071450;17102028j;14035789;07031600013;11091950;23031745;337;637;775;370;418 ~~~~~~~~~~~~~~~~~~~~~~~~~~ 12-02
16071450;18102028j;15035789;08031600013;12091950;24031745;338;838;589;622 ~~~~~~~~~~~~~~~~~~~~~~~~~~~~~~ 12-03
17071450;19102028j;16035789;09031600013;13091950;25031745;339;622 ~~~~~~~~~~~~~~~~~~~~~~~~~~~~~~~~~~~~~~ 12-04
18071450;20102028j;17035789;10031600013;14091950;26031745;340;773;412;622 ~~~~~~~~~~~~~~~~~~~~~~~~~~~~~~ 12-05
19071450;21102028j;18035789;11031600013;15091950;27031745;341;406 ~~~~~~~~~~~~~~~~~~~~~~~~~~~~~~~~~~~~~~ 12-06
20071450;22102028j;19035789;12031600013;16091950;28031745;342;622 ~~~~~~~~~~~~~~~~~~~~~~~~~~~~~~~~~~~~~~ 12-07
21071450;23102028j;20035789;13031600013;17091950;29031745;343;398;415 ~~~~~~~~~~~~~~~~~~~~~~~~~~~~~~~~~~ 12-08
22071450;24102028j;21035789;14031600013;18091950;30031745;344;776 ~~~~~~~~~~~~~~~~~~~~~~~~~~~~~~~~~~~~~~ 12-09
23071450;25102028j;22035789;15031600013;19091950;01041745;345;777;590 ~~~~~~~~~~~~~~~~~~~~~~~~~~~~~~~~~~ 12-10
24071450;26102028j;23035789;16031600013;20091950;02041745;346;514;622 ~~~~~~~~~~~~~~~~~~~~~~~~~~~~~~~~~~ 12-11
25071450;27102028j;24035789;17031600013;21091950;03041745;347;917;412 ~~~~~~~~~~~~~~~~~~~~~~~~~~~~~~~~~~ 12-12
26071450;28102028j;25035789;18031600013;22091950;04041745;348;516;622 ~~~~~~~~~~~~~~~~~~~~~~~~~~~~~~~~~~ 12-13
27071450;29102028j;26035789;19031600013;23091950;05041745;349;509;516 ~~~~~~~~~~~~~~~~~~~~~~~~~~~~~~~~~~ 12-14
28071450;30102028j;27035789;00041600013;24091950;06041745;350;778;380;516;622 ~~~~~~~~~~~~~~~~~~~~~~~~~~ 12-15
29071450;01112028j;28035789;01041600013;25091950;07041745;351;419;516 ~~~~~~~~~~~~~~~~~~~~~~~~~~~~~~~~~~ 12-16
30071450;02112028j;29035789;02041600013;26091950;08041745;352;591;516 ~~~~~~~~~~~~~~~~~~~~~~~~~~~~~~~~~~ 12-17
01081450;03112028j;30035789;03041600013;27091950;09041745;353;622 ~~~~~~~~~~~~~~~~~~~~~~~~~~~~~~~~~~~~~~ 12-18
02081450;04112028j;01045789;04041600013;28091950;10041745;354;371;516;412 ~~~~~~~~~~~~~~~~~~~~~~~~~~~~~~ 12-19
03081450;05112028j;02045789;05041600013;29091950;11041745;355;466;516 ~~~~~~~~~~~~~~~~~~~~~~~~~~~~~~~~~~ 12-20
04081450;06112028j;03045789;06041600013;30091950;12041745;356;426;516;406;622 ~~~~~~~~~~~~~~~~~~~~~~~~~~ 12-21
05081450;07112028j;04045789;07041600013;01101950;13041745;357;465;622 ~~~~~~~~~~~~~~~~~~~~~~~~~~~~~~~~~~ 12-22
06081450;08112028j;05045789;08041600013;02101950;14041745;358;397;513 ~~~~~~~~~~~~~~~~~~~~~~~~~~~~~~~~~~ 12-23
07081450;09112028j;06045789;09041600013;03101950;15041745;359;592;415 ~~~~~~~~~~~~~~~~~~~~~~~~~~~~~~~~~~ 12-24
08081450;10112028j;07045789;10041600013;04101950;16041745;360;456;622 ~~~~~~~~~~~~~~~~~~~~~~~~~~~~~~~~~~ 12-25
09081450;11112028j;08045789;11041600013;05101950;17041745;361;406 ~~~~~~~~~~~~~~~~~~~~~~~~~~~~~~~~~~~~~~ 12-31
10081450;12112028j;09045789;12041600013;06101950;18041745;362;905;622 ~~~~~~~~~~~~~~~~~~~~~~~~~~~~~~~~~~ 12-27
11081450;13112028j;10045789;13041600013;07101950;19041745;363;622 ~~~~~~~~~~~~~~~~~~~~~~~~~~~~~~~~~~~~~~ 12-28
12081450;14112028j;11045789;14041600013;08101950;20041745;364;622 ~~~~~~~~~~~~~~~~~~~~~~~~~~~~~~~~~~~~~~ 12-29
13081450;15112028j;12045789;15041600013;09101950;21041745;365;622 ~~~~~~~~~~~~~~~~~~~~~~~~~~~~~~~~~~~~~~ 12-30
14081450;16112028j;13045789;16041600013;10101950;22041745;366;396;396;436;541;904;949;512 ~~~~~~~~~~~~~~ 12-31
