01091485;02122062J;30035823;13131000213;11101984;23041779;001;504;611 ~~~~~~~~~~~~~~~~~~~~~~~~~~~~~~~~~~ 01-01
02091485;03122062J;01045823;14131000213;12101984;24041779;002;513;861;516 ~~~~~~~~~~~~~~~~~~~~~~~~~~~~~~ 01-02
03091485;04122062J;02045823;15131000213;13101984;25041779;003;516;611 ~~~~~~~~~~~~~~~~~~~~~~~~~~~~~~~~~~ 01-03
04091485;05122062J;03045823;16131000213;14101984;26041779;004;516 ~~~~~~~~~~~~~~~~~~~~~~~~~~~~~~~~~~~~~~ 01-04
05091485;06122062J;04045823;17131000213;15101984;27041779;005;372;611 ~~~~~~~~~~~~~~~~~~~~~~~~~~~~~~~~~~ 01-05
06091485;07122062J;05045823;18131000213;16101984;28041779;006;637 ~~~~~~~~~~~~~~~~~~~~~~~~~~~~~~~~~~~~~~ 01-06
07091485;08122062J;06045823;19131000213;17101984;29041779;007;397;409;611 ~~~~~~~~~~~~~~~~~~~~~~~~~~~~~~ 01-07
08091485;09122062J;07045823;00141000213;18101984;30041779;008;628 ~~~~~~~~~~~~~~~~~~~~~~~~~~~~~~~~~~~~~~ 01-08
09091485;10122062J;08045823;01141000213;19101984;01051779;009;629;401;611 ~~~~~~~~~~~~~~~~~~~~~~~~~~~~~~ 01-09
10091485;11122062J;09045823;02141000213;20101984;02051779;010 ~~~~~~~~~~~~~~~~~~~~~~~~~~~~~~~~~~~~~~~~~~ 01-10
11091485;12122062J;10045823;03141000213;21101984;03051779;011;905;611 ~~~~~~~~~~~~~~~~~~~~~~~~~~~~~~~~~~ 01-11
12091485;13122062J;11045823;04141000213;22101984;04051779;012 ~~~~~~~~~~~~~~~~~~~~~~~~~~~~~~~~~~~~~~~~~~ 01-12
13091485;14122062J;12045823;05141000213;23101984;05051779;013;626;611 ~~~~~~~~~~~~~~~~~~~~~~~~~~~~~~~~~~ 01-13
14091485;15122062J;13045823;06141000213;24101984;06051779;014;627;381;904 ~~~~~~~~~~~~~~~~~~~~~~~~~~~~~~ 01-14
15091485;16122062J;14045823;07141000213;25101984;07051779;015;492;514;412;611 ~~~~~~~~~~~~~~~~~~~~~~~~~~ 01-15
16091485;17122062J;15045823;08141000213;26101984;08051779;016 ~~~~~~~~~~~~~~~~~~~~~~~~~~~~~~~~~~~~~~~~~~ 01-16
17091485;18122062J;16045823;09141000213;27101984;09051779;017;916;611 ~~~~~~~~~~~~~~~~~~~~~~~~~~~~~~~~~~ 01-17
18091485;19122062J;17045823;10141000213;28101984;10051779;018;631 ~~~~~~~~~~~~~~~~~~~~~~~~~~~~~~~~~~~~~~ 01-18
19091485;20122062J;18045823;11141000213;29101984;11051779;019;409;611 ~~~~~~~~~~~~~~~~~~~~~~~~~~~~~~~~~~ 01-19
20091485;21122062J;19045823;12141000213;30101984;12051779;020;630;437 ~~~~~~~~~~~~~~~~~~~~~~~~~~~~~~~~~~ 01-20
21091485;22122062J;20045823;13141000213;01111984;13051779;021;625;398;611 ~~~~~~~~~~~~~~~~~~~~~~~~~~~~~~ 01-21
22091485;23122062J;21045823;14141000213;02111984;14051779;022;412 ~~~~~~~~~~~~~~~~~~~~~~~~~~~~~~~~~~~~~~ 01-22
23091485;24122062J;22045823;15141000213;03111984;15051779;023;611 ~~~~~~~~~~~~~~~~~~~~~~~~~~~~~~~~~~~~~~ 01-23
24091485;25122062J;23045823;16141000213;04111984;16051779;024;632 ~~~~~~~~~~~~~~~~~~~~~~~~~~~~~~~~~~~~~~ 01-24
25091485;26122062J;24045823;17141000213;05111984;17051779;025;923;409;611 ~~~~~~~~~~~~~~~~~~~~~~~~~~~~~~ 01-25
26091485;27122062J;25045823;18141000213;06111984;18051779;026;633;507 ~~~~~~~~~~~~~~~~~~~~~~~~~~~~~~~~~~ 01-26
27091485;28122062J;26045823;19141000213;07111984;19051779;027;634;508;611 ~~~~~~~~~~~~~~~~~~~~~~~~~~~~~~ 01-27
28091485;29122062J;27045823;00151000213;08111984;20051779;028;635 ~~~~~~~~~~~~~~~~~~~~~~~~~~~~~~~~~~~~~~ 01-28
29091485;01012063K;28045823;01151000213;09111984;21051779;029;636;380;513;888;479;490;611 ~~~~~~~~~~~~~~ 01-29
30091485;02012063K;29045823;02151000213;10111984;22051779;030;506;566;479;490;580 ~~~~~~~~~~~~~~~~~~~~~~ 01-30
01101485;03012063K;01055823;03151000213;11111984;23051779;031;502;566;409;611 ~~~~~~~~~~~~~~~~~~~~~~~~~~ 01-31
02101485;04012063K;02055823;03151000213;12111984;24051779;032;638;566 ~~~~~~~~~~~~~~~~~~~~~~~~~~~~~~~~~~ 02-01
03101485;05012063K;03055823;04151000213;13111984;25051779;033;596;639;566;612 ~~~~~~~~~~~~~~~~~~~~~~~~~~ 02-02
04101485;06012063K;04055823;05151000213;14111984;26051779;034;637;640;940 ~~~~~~~~~~~~~~~~~~~~~~~~~~~~~~ 02-03
05101485;07012063K;05055823;06151000213;15111984;27051779;035;612 ~~~~~~~~~~~~~~~~~~~~~~~~~~~~~~~~~~~~~~ 02-04
06101485;08012063K;06055823;07151000213;16111984;28051779;036;914 ~~~~~~~~~~~~~~~~~~~~~~~~~~~~~~~~~~~~~~ 02-05
07101485;09012063K;07055823;08151000213;17111984;29051779;037;397;536;409;418;612 ~~~~~~~~~~~~~~~~~~~~~~ 02-06
08101485;10012063K;08055823;09151000213;18111984;30051779;038 ~~~~~~~~~~~~~~~~~~~~~~~~~~~~~~~~~~~~~~~~~~ 02-07
09101485;11012063K;09055823;10151000213;19111984;01061779;039;642;432;612 ~~~~~~~~~~~~~~~~~~~~~~~~~~~~~~ 02-08
10101485;12012063K;10055823;11151000213;20111984;02061779;040;873;505 ~~~~~~~~~~~~~~~~~~~~~~~~~~~~~~~~~~ 02-09
11101485;13012063K;11055823;12151000213;21111984;03061779;041;643;612 ~~~~~~~~~~~~~~~~~~~~~~~~~~~~~~~~~~ 02-10
12101485;14012063K;12055823;13151000213;22111984;04061779;042;581 ~~~~~~~~~~~~~~~~~~~~~~~~~~~~~~~~~~~~~~ 02-11
13101485;15012063K;13055823;14151000213;23111984;05061779;043;641;382;514;612 ~~~~~~~~~~~~~~~~~~~~~~~~~~ 02-12
14101485;16012063K;14055823;15151000213;24111984;06061779;044;884;505 ~~~~~~~~~~~~~~~~~~~~~~~~~~~~~~~~~~ 02-13
15101485;17012063K;15055823;16151000213;25111984;07061779;045;612 ~~~~~~~~~~~~~~~~~~~~~~~~~~~~~~~~~~~~~~ 02-14
16101485;18012063K;16055823;17151000213;26111984;08061779;046;644;800;418 ~~~~~~~~~~~~~~~~~~~~~~~~~~~~~~ 02-15
17101485;19012063K;17055823;18151000213;27111984;09061779;047;645;612 ~~~~~~~~~~~~~~~~~~~~~~~~~~~~~~~~~~ 02-16
18101485;20012063K;18055823;19151000213;28111984;10061779;048;854 ~~~~~~~~~~~~~~~~~~~~~~~~~~~~~~~~~~~~~~ 02-17
19101485;21012063K;19055823;00161000213;29111984;11061779;049;854;612 ~~~~~~~~~~~~~~~~~~~~~~~~~~~~~~~~~~ 02-18
20101485;22012063K;20055823;01161000213;30111984;12061779;050;450;398;412 ~~~~~~~~~~~~~~~~~~~~~~~~~~~~~~ 02-19
21101485;23012063K;21055823;02161000213;01121984;13061779;051;612 ~~~~~~~~~~~~~~~~~~~~~~~~~~~~~~~~~~~~~~ 02-20
22101485;24012063K;22055823;03161000213;02121984;14061779;052 ~~~~~~~~~~~~~~~~~~~~~~~~~~~~~~~~~~~~~~~~~~ 02-21
23101485;25012063K;23055823;04161000213;03121984;15061779;053;647;648;612 ~~~~~~~~~~~~~~~~~~~~~~~~~~~~~~ 02-22
24101485;26012063K;24055823;05161000213;04121984;16061779;054;649;457;816;943 ~~~~~~~~~~~~~~~~~~~~~~~~~~ 02-23
25101485;27012063K;25055823;06161000213;05121984;17061779;055;612 ~~~~~~~~~~~~~~~~~~~~~~~~~~~~~~~~~~~~~~ 02-24
26101485;28012063K;26055823;07161000213;06121984;18061779;056;414;513 ~~~~~~~~~~~~~~~~~~~~~~~~~~~~~~~~~~ 02-25
27101485;29012063K;27055823;08161000213;07121984;19061779;057;886;612 ~~~~~~~~~~~~~~~~~~~~~~~~~~~~~~~~~~ 02-26
28101485;30012063K;28055823;09161000213;08121984;20061779;058;443;646;380 ~~~~~~~~~~~~~~~~~~~~~~~~~~~~~~ 02-27
29101485;01022063K;29055823;10161000213;09121984;21061779;059;444;650;932;950;612 ~~~~~~~~~~~~~~~~~~~~~~ 02-28
01111485;02022063K;30055823;14161000213;10121984;22061779;061;653 ~~~~~~~~~~~~~~~~~~~~~~~~~~~~~~~~~~~~~~ 03-01
02111485;03022063K;01065823;15161000213;11121984;23061779;062;654;613 ~~~~~~~~~~~~~~~~~~~~~~~~~~~~~~~~~~ 03-02
03111485;04022063K;02065823;16161000213;12121984;24061779;063;637;419;505;613 ~~~~~~~~~~~~~~~~~~~~~~~~~~ 03-03
04111485;05022063K;03065823;17161000213;13121984;25061779;064;655;613 ~~~~~~~~~~~~~~~~~~~~~~~~~~~~~~~~~~ 03-04
05111485;06022063K;04065823;18161000213;14121984;26061779;065;412;415;613 ~~~~~~~~~~~~~~~~~~~~~~~~~~~~~~ 03-05
06111485;07022063K;05065823;19161000213;15121984;27061779;066;613 ~~~~~~~~~~~~~~~~~~~~~~~~~~~~~~~~~~~~~~ 03-06
07111485;08022063K;06065823;00171000213;16121984;28061779;067;397;613 ~~~~~~~~~~~~~~~~~~~~~~~~~~~~~~~~~~ 03-07
08111485;09022063K;07065823;01171000213;17121984;29061779;068;656;409;613 ~~~~~~~~~~~~~~~~~~~~~~~~~~~~~~ 03-08
09111485;10022063K;08065823;02171000213;18121984;30061779;069;505 ~~~~~~~~~~~~~~~~~~~~~~~~~~~~~~~~~~~~~~ 03-09
10111485;11022063K;09065823;03171000213;19121984;01071779;070;413;613 ~~~~~~~~~~~~~~~~~~~~~~~~~~~~~~~~~~ 03-10
11111485;12022063K;10065823;04171000213;20121984;02071779;071;517;613 ~~~~~~~~~~~~~~~~~~~~~~~~~~~~~~~~~~ 03-11
12111485;13022063K;11065823;05171000213;21121984;03071779;072;613 ~~~~~~~~~~~~~~~~~~~~~~~~~~~~~~~~~~~~~~ 03-12
13111485;14022063K;12065823;06171000213;22121984;04071779;073;514;613 ~~~~~~~~~~~~~~~~~~~~~~~~~~~~~~~~~~ 03-13
14111485;15022063K;13065823;07171000213;23121984;05071779;074;383;540;544;623;906;947;409;613 ~~~~~~~~~~ 03-14
15111485;16022063K;14065823;08171000213;24121984;06071779;075;658;598;519 ~~~~~~~~~~~~~~~~~~~~~~~~~~~~~~ 03-15
16111485;17022063K;15065823;09171000213;25121984;07071779;076;562;613 ~~~~~~~~~~~~~~~~~~~~~~~~~~~~~~~~~~ 03-16
17111485;18022063K;16065823;10171000213;26121984;08071779;077;562;613 ~~~~~~~~~~~~~~~~~~~~~~~~~~~~~~~~~~ 03-17
18111485;19022063K;17065823;11171000213;27121984;09071779;078;562;613 ~~~~~~~~~~~~~~~~~~~~~~~~~~~~~~~~~~ 03-18
19111485;20022063K;18065823;12171000213;28121984;10071779;079;830;466 ~~~~~~~~~~~~~~~~~~~~~~~~~~~~~~~~~~ 03-19
20111485;21022063K;19065823;13171000213;29121984;11071779;080;657;424;409;613 ~~~~~~~~~~~~~~~~~~~~~~~~~~ 03-20
21111485;22022063K;20065823;14171000213;30121984;12071779;081;398;533;924;459;415 ~~~~~~~~~~~~~~~~~~~~~~ 03-21
22111485;23022063K;21065823;15171000213;01011985;13071779;082;851;613 ~~~~~~~~~~~~~~~~~~~~~~~~~~~~~~~~~~ 03-22
23111485;24022063K;22065823;16171000213;02011985;14071779;083;613 ~~~~~~~~~~~~~~~~~~~~~~~~~~~~~~~~~~~~~~ 03-23
24111485;25022063K;23065823;17171000213;03011985;15071779;084;433;613 ~~~~~~~~~~~~~~~~~~~~~~~~~~~~~~~~~~ 03-24
25111485;26022063K;24065823;18171000213;04011985;16071779;085;513;900 ~~~~~~~~~~~~~~~~~~~~~~~~~~~~~~~~~~ 03-25
26111485;27022063K;25065823;19171000213;05011985;17071779;086;613 ~~~~~~~~~~~~~~~~~~~~~~~~~~~~~~~~~~~~~~ 03-26
27111485;28022063K;26065823;00001100213;06011985;18071779;087;659 ~~~~~~~~~~~~~~~~~~~~~~~~~~~~~~~~~~~~~~ 03-27
28111485;29022063K;27065823;01001100213;07011985;19071779;088;660;613 ~~~~~~~~~~~~~~~~~~~~~~~~~~~~~~~~~~ 03-28
29111485;30022063K;28065823;02001100213;08011985;20071779;089;652;380 ~~~~~~~~~~~~~~~~~~~~~~~~~~~~~~~~~~ 03-29
30111485;01032063K;29065823;03001100213;09011985;21071779;090;538;559;935;852;613 ~~~~~~~~~~~~~~~~~~~~~~ 03-30
01121485;02032063K;01075823;04001100213;10011985;22071779;091;829;505 ~~~~~~~~~~~~~~~~~~~~~~~~~~~~~~~~~~ 03-31
02121485;03032063K;02075823;05001100213;11011985;23071779;092;662;409;614 ~~~~~~~~~~~~~~~~~~~~~~~~~~~~~~ 04-01
03121485;04032063K;03075823;06001100213;12011985;24071779;093;651;436;555;577;505 ~~~~~~~~~~~~~~~~~~~~~~ 04-02
04121485;05032063K;04075823;07001100213;13011985;25071779;094;651;614 ~~~~~~~~~~~~~~~~~~~~~~~~~~~~~~~~~~ 04-03
05121485;06032063K;05075823;08001100213;14011985;26071779;095;663;651;945;571 ~~~~~~~~~~~~~~~~~~~~~~~~~~ 04-04
06121485;07032063K;06075823;09001100213;15011985;27071779;096;651;614 ~~~~~~~~~~~~~~~~~~~~~~~~~~~~~~~~~~ 04-05
07121485;08032063K;07075823;10001100213;16011985;28071779;097;397;651;614 ~~~~~~~~~~~~~~~~~~~~~~~~~~~~~~ 04-06
08121485;09032063K;08075823;11001100213;17011985;29071779;098;637;661;651;576;933;409;614 ~~~~~~~~~~~~~~ 04-07
09121485;10032063K;09075823;12001100213;18011985;30071779;099;493;501;614 ~~~~~~~~~~~~~~~~~~~~~~~~~~~~~~ 04-08
10121485;11032063K;10075823;13001100213;19011985;01081779;100;405;877;500;614 ~~~~~~~~~~~~~~~~~~~~~~~~~~ 04-09
11121485;12032063K;11075823;14001100213;20011985;02081779;101;514;500;505 ~~~~~~~~~~~~~~~~~~~~~~~~~~~~~~ 04-10
12121485;13032063K;12075823;15001100213;21011985;03081779;102;399;614 ~~~~~~~~~~~~~~~~~~~~~~~~~~~~~~~~~~ 04-11
13121485;14032063K;13075823;16001100213;22011985;04081779;103;384;868;500 ~~~~~~~~~~~~~~~~~~~~~~~~~~~~~~ 04-12
14121485;15032063K;14075823;17001100213;23011985;05081779;104;445;539;575;500;409;614 ~~~~~~~~~~~~~~~~~~ 04-13
15121485;16032063K;15075823;18001100213;24011985;06081779;105;446;515;400;406;415;505 ~~~~~~~~~~~~~~~~~~ 04-14
16121485;17032063K;16075823;19001100213;25011985;07081779;106;447;614 ~~~~~~~~~~~~~~~~~~~~~~~~~~~~~~~~~~ 04-15
17121485;18032063K;17075823;00011100213;26011985;08081779;107;448;794 ~~~~~~~~~~~~~~~~~~~~~~~~~~~~~~~~~~ 04-16
18121485;19032063K;18075823;01011100213;27011985;09081779;108;841;400;614 ~~~~~~~~~~~~~~~~~~~~~~~~~~~~~~ 04-17
19121485;20032063K;19075823;02011100213;28011985;10081779;109 ~~~~~~~~~~~~~~~~~~~~~~~~~~~~~~~~~~~~~~~~~~ 04-18
20121485;21032063K;20075823;03011100213;29011985;11081779;110;631;664;406;409;614 ~~~~~~~~~~~~~~~~~~~~~~ 04-19
21121485;22032063K;21075823;04011100213;30011985;12081779;111;665;398;400;614 ~~~~~~~~~~~~~~~~~~~~~~~~~~ 04-20
22121485;23032063K;22075823;05011100213;01021985;13081779;112;666;614 ~~~~~~~~~~~~~~~~~~~~~~~~~~~~~~~~~~ 04-21
23121485;24032063K;23075823;06011100213;02021985;14081779;113;513 ~~~~~~~~~~~~~~~~~~~~~~~~~~~~~~~~~~~~~~ 04-22
24121485;25032063K;24075823;07011100213;03021985;15081779;114;842;400;614 ~~~~~~~~~~~~~~~~~~~~~~~~~~~~~~ 04-23
25121485;26032063K;25075823;08011100213;04021985;16081779;115;939;406;614 ~~~~~~~~~~~~~~~~~~~~~~~~~~~~~~ 04-24
26121485;27032063K;26075823;09011100213;05021985;17081779;116;670;526;409;614 ~~~~~~~~~~~~~~~~~~~~~~~~~~ 04-25
27121485;28032063K;27075823;10011100213;06021985;18081779;117;667;410;400 ~~~~~~~~~~~~~~~~~~~~~~~~~~~~~~ 04-26
28121485;29032063K;28075823;11011100213;07021985;19081779;118;671;614 ~~~~~~~~~~~~~~~~~~~~~~~~~~~~~~~~~~ 04-27
29121485;01042063K;29075823;12011100213;08021985;20081779;119;668;380 ~~~~~~~~~~~~~~~~~~~~~~~~~~~~~~~~~~ 04-28
30121485;02042063K;30075823;13011100213;09021985;21081779;120;669;406;614 ~~~~~~~~~~~~~~~~~~~~~~~~~~~~~~ 04-29
01011486;03042063K;01085823;14011100213;10021985;22081779;121;833;902;495 ~~~~~~~~~~~~~~~~~~~~~~~~~~~~~~ 04-30
02011486;04042063K;02085823;15011100213;11021985;23081779;122;675;510;615 ~~~~~~~~~~~~~~~~~~~~~~~~~~~~~~ 05-01
03011486;05042063K;03085823;16011100213;12021985;24081779;123;676 ~~~~~~~~~~~~~~~~~~~~~~~~~~~~~~~~~~~~~~ 05-02
04011486;06042063K;04085823;17011100213;13021985;25081779;124;677;528;615 ~~~~~~~~~~~~~~~~~~~~~~~~~~~~~~ 05-03
05011486;07042063K;05085823;18011100213;14021985;26081779;125;679;401;553;529 ~~~~~~~~~~~~~~~~~~~~~~~~~~ 05-04
06011486;08042063K;06085823;19011100213;15021985;27081779;126;637;672;397;615 ~~~~~~~~~~~~~~~~~~~~~~~~~~ 05-05
07011486;09042063K;07085823;00021100213;16021985;28081779;127;673;514;927 ~~~~~~~~~~~~~~~~~~~~~~~~~~~~~~ 05-06
08011486;10042063K;08085823;01021100213;17021985;29081779;128;674;432;615 ~~~~~~~~~~~~~~~~~~~~~~~~~~~~~~ 05-07
09011486;11042063K;09085823;02021100213;18021985;30081779;129;889;415;496;505 ~~~~~~~~~~~~~~~~~~~~~~~~~~ 05-08
10011486;12042063K;10085823;03021100213;19021985;01091779;130;683;498;615 ~~~~~~~~~~~~~~~~~~~~~~~~~~~~~~ 05-09
11011486;13042063K;11085823;04021100213;20021985;02091779;131;838;496 ~~~~~~~~~~~~~~~~~~~~~~~~~~~~~~~~~~ 05-10
12011486;14042063K;12085823;05021100213;21021985;03091779;132;678;894;615 ~~~~~~~~~~~~~~~~~~~~~~~~~~~~~~ 05-11
13011486;15042063K;13085823;06021100213;22021985;04091779;133;681;680;385;537;937;568 ~~~~~~~~~~~~~~~~~~ 05-12
14011486;16042063K;14085823;07021100213;23021985;05091779;134;451;892;568;615 ~~~~~~~~~~~~~~~~~~~~~~~~~~ 05-13
15011486;17042063K;15085823;08021100213;24021985;06091779;135;682;857;406 ~~~~~~~~~~~~~~~~~~~~~~~~~~~~~~ 05-14
16011486;18042063K;16085823;09021100213;25021985;07091779;136;615 ~~~~~~~~~~~~~~~~~~~~~~~~~~~~~~~~~~~~~~ 05-15
17011486;19042063K;17085823;10021100213;26021985;08091779;137;685;415 ~~~~~~~~~~~~~~~~~~~~~~~~~~~~~~~~~~ 05-16
18011486;20042063K;18085823;11021100213;27021985;09091779;138;797;518;615 ~~~~~~~~~~~~~~~~~~~~~~~~~~~~~~ 05-17
19011486;21042063K;19085823;12021100213;28021985;10091779;139;686;835;573;496 ~~~~~~~~~~~~~~~~~~~~~~~~~~ 05-18
20011486;22042063K;20085823;13021100213;29021985;11091779;140;687;437;513;573;406;615 ~~~~~~~~~~~~~~~~~~ 05-19
21011486;23042063K;21085823;14021100213;30021985;12091779;141;684;398;573;505 ~~~~~~~~~~~~~~~~~~~~~~~~~~ 05-20
22011486;24042063K;22085823;15021100213;31021985;13091779;142;789;818;615 ~~~~~~~~~~~~~~~~~~~~~~~~~~~~~~ 05-21
23011486;25042063K;23085823;16021100213;01031985;14091779;143;496;505 ~~~~~~~~~~~~~~~~~~~~~~~~~~~~~~~~~~ 05-22
24011486;26042063K;24085823;17021100213;02031985;15091779;144;798;858;866;615 ~~~~~~~~~~~~~~~~~~~~~~~~~~ 05-23
25011486;27042063K;25085823;18021100213;03031985;16091779;145;494;530;406;415;505 ~~~~~~~~~~~~~~~~~~~~~~ 05-24
26011486;28042063K;26085823;19021100213;04031985;17091779;146;689;615 ~~~~~~~~~~~~~~~~~~~~~~~~~~~~~~~~~~ 05-25
27011486;29042063K;27085823;00031100213;05031985;18091779;147;439 ~~~~~~~~~~~~~~~~~~~~~~~~~~~~~~~~~~~~~~ 05-26
28011486;30042063K;28085823;01031100213;06031985;19091779;148;439;380;816;942;624;615 ~~~~~~~~~~~~~~~~~~ 05-27
29011486;01052063K;29085823;02031100213;07031985;20091779;149;438;921;624 ~~~~~~~~~~~~~~~~~~~~~~~~~~~~~~ 05-28
30011486;02052063K;01095823;03031100213;08031985;21091779;150;497;624;615 ~~~~~~~~~~~~~~~~~~~~~~~~~~~~~~ 05-29
01021486;03052063K;02095823;04031100213;09031985;22091779;151;688;624;505 ~~~~~~~~~~~~~~~~~~~~~~~~~~~~~~ 05-30
02021486;04052063K;03095823;05031100213;10031985;23091779;152;624;615 ~~~~~~~~~~~~~~~~~~~~~~~~~~~~~~~~~~ 05-31
03021486;05052063K;04095823;06031100213;11031985;24091779;153;692;694;514;564;624;415 ~~~~~~~~~~~~~~~~~~ 06-01
04021486;06052063K;05095823;07031100213;12031985;25091779;154;637;693;624;616 ~~~~~~~~~~~~~~~~~~~~~~~~~~ 06-02
05021486;07052063K;06095823;08031100213;13031985;26091779;155;449;690;397;522;406 ~~~~~~~~~~~~~~~~~~~~~~ 06-03
06021486;08052063K;07095823;09031100213;14031985;27091779;156;616;605 ~~~~~~~~~~~~~~~~~~~~~~~~~~~~~~~~~~ 06-04
07021486;09052063K;08095823;10031100213;15031985;28091779;157 ~~~~~~~~~~~~~~~~~~~~~~~~~~~~~~~~~~~~~~~~~~ 06-05
08021486;10052063K;09095823;11031100213;16031985;29091779;158;691;552;616 ~~~~~~~~~~~~~~~~~~~~~~~~~~~~~~ 06-06
09021486;11052063K;10095823;12031100213;17031985;30091779;159;896 ~~~~~~~~~~~~~~~~~~~~~~~~~~~~~~~~~~~~~~ 06-07
10021486;12052063K;11095823;13031100213;18031985;01101779;160;406;616 ~~~~~~~~~~~~~~~~~~~~~~~~~~~~~~~~~~ 06-08
11021486;13052063K;12095823;14031100213;19031985;02101779;161;697;799 ~~~~~~~~~~~~~~~~~~~~~~~~~~~~~~~~~~ 06-09
12021486;14052063K;13095823;15031100213;20031985;03101779;162;695;386;941;616 ~~~~~~~~~~~~~~~~~~~~~~~~~~ 06-10
13021486;15052063K;14095823;16031100213;21031985;04101779;163;874;569;505;616 ~~~~~~~~~~~~~~~~~~~~~~~~~~ 06-11
14021486;16052063K;15095823;17031100213;22031985;05101779;164;696;569;616 ~~~~~~~~~~~~~~~~~~~~~~~~~~~~~~ 06-12
15021486;17052063K;16095823;18031100213;23031985;06101779;165;505;616 ~~~~~~~~~~~~~~~~~~~~~~~~~~~~~~~~~~ 06-13
16021486;18052063K;17095823;19031100213;24031985;07101779;166;616 ~~~~~~~~~~~~~~~~~~~~~~~~~~~~~~~~~~~~~~ 06-14
17021486;19052063K;18095823;00041100213;25031985;08101779;167;701;699;374;505 ~~~~~~~~~~~~~~~~~~~~~~~~~~ 06-15
18021486;20052063K;19095823;01041100213;26031985;09101779;168;513;616 ~~~~~~~~~~~~~~~~~~~~~~~~~~~~~~~~~~ 06-16
19021486;21052063K;20095823;02041100213;27031985;10101779;169;452;452 ~~~~~~~~~~~~~~~~~~~~~~~~~~~~~~~~~~ 06-17
20021486;22052063K;21095823;03041100213;28031985;11101779;170;398;844;406;616 ~~~~~~~~~~~~~~~~~~~~~~~~~~ 06-18
21021486;23052063K;22095823;04041100213;29031985;12101779;171 ~~~~~~~~~~~~~~~~~~~~~~~~~~~~~~~~~~~~~~~~~~ 06-19
22021486;24052063K;23095823;05041100213;30031985;13101779;172;433;460;616 ~~~~~~~~~~~~~~~~~~~~~~~~~~~~~~ 06-20
23021486;25052063K;24095823;06041100213;31031985;14101779;173;698;425 ~~~~~~~~~~~~~~~~~~~~~~~~~~~~~~~~~~ 06-21
24021486;26052063K;25095823;07041100213;01041985;15101779;174;946;461;700;616 ~~~~~~~~~~~~~~~~~~~~~~~~~~ 06-22
25021486;27052063K;26095823;08041100213;02041985;16101779;175;702;407;616 ~~~~~~~~~~~~~~~~~~~~~~~~~~~~~~ 06-23
26021486;28052063K;27095823;09041100213;03041985;17101779;176;616 ~~~~~~~~~~~~~~~~~~~~~~~~~~~~~~~~~~~~~~ 06-24
27021486;29052063K;28095823;10041100213;04041985;18101779;177;616 ~~~~~~~~~~~~~~~~~~~~~~~~~~~~~~~~~~~~~~ 06-25
28021486;01062063K;29095823;11041100213;05041985;19101779;178;380;420;616 ~~~~~~~~~~~~~~~~~~~~~~~~~~~~~~ 06-26
29021486;02062063K;30095823;12041100213;06041985;20101779;179;704;865;505;616 ~~~~~~~~~~~~~~~~~~~~~~~~~~ 06-27
01031486;03062063K;01105823;13041100213;07041985;21101779;180;514;870;616 ~~~~~~~~~~~~~~~~~~~~~~~~~~~~~~ 06-28
02031486;04062063K;02105823;14041100213;08041985;22101779;181;703 ~~~~~~~~~~~~~~~~~~~~~~~~~~~~~~~~~~~~~~ 06-29
03031486;05062063K;03105823;15041100213;09041985;23101779;182;616 ~~~~~~~~~~~~~~~~~~~~~~~~~~~~~~~~~~~~~~ 06-30
04031486;06062063K;04105823;16041100213;10041985;24101779;183;795 ~~~~~~~~~~~~~~~~~~~~~~~~~~~~~~~~~~~~~~ 07-01
05031486;07062063K;05105823;17041100213;11041985;25101779;184;397;617 ~~~~~~~~~~~~~~~~~~~~~~~~~~~~~~~~~~ 07-02
06031486;08062063K;06105823;18041100213;12041985;26101779;185;415 ~~~~~~~~~~~~~~~~~~~~~~~~~~~~~~~~~~~~~~ 07-03
07031486;09062063K;07105823;19041100213;13041985;27101779;186;373;617 ~~~~~~~~~~~~~~~~~~~~~~~~~~~~~~~~~~ 07-04
08031486;10062063K;08105823;00051100213;14041985;28101779;187;505;617 ~~~~~~~~~~~~~~~~~~~~~~~~~~~~~~~~~~ 07-05
09031486;11062063K;09105823;01051100213;15041985;29101779;188;546;565;421;617 ~~~~~~~~~~~~~~~~~~~~~~~~~~ 07-06
10031486;12062063K;10105823;02051100213;16041985;30101779;189;637;705;840;565;375 ~~~~~~~~~~~~~~~~~~~~~~ 07-07
11031486;13062063K;11105823;03051100213;17041985;01111779;190;617 ~~~~~~~~~~~~~~~~~~~~~~~~~~~~~~~~~~~~~~ 07-08
12031486;14062063K;12105823;04051100213;18041985;02111779;191;707;511;617 ~~~~~~~~~~~~~~~~~~~~~~~~~~~~~~ 07-09
13031486;15062063K;13105823;05051100213;19041985;03111779;192;387;531;561;843;617 ~~~~~~~~~~~~~~~~~~~~~~ 07-10
14031486;16062063K;14105823;06051100213;20041985;04111779;193;402;415;505;617 ~~~~~~~~~~~~~~~~~~~~~~~~~~ 07-11
15031486;17062063K;15105823;07051100213;21041985;05111779;194;843;617 ~~~~~~~~~~~~~~~~~~~~~~~~~~~~~~~~~~ 07-12
16031486;18062063K;16105823;08051100213;22041985;06111779;195 ~~~~~~~~~~~~~~~~~~~~~~~~~~~~~~~~~~~~~~~~~~ 07-13
17031486;19062063K;17105823;09051100213;23041985;07111779;196;706;513;511;617 ~~~~~~~~~~~~~~~~~~~~~~~~~~ 07-14
18031486;20062063K;18105823;10051100213;24041985;08111779;197;709 ~~~~~~~~~~~~~~~~~~~~~~~~~~~~~~~~~~~~~~ 07-15
19031486;21062063K;19105823;11051100213;25041985;09111779;198;710;825;421;843;617 ~~~~~~~~~~~~~~~~~~~~~~ 07-16
20031486;22062063K;20105823;12051100213;26041985;10111779;199;816 ~~~~~~~~~~~~~~~~~~~~~~~~~~~~~~~~~~~~~~ 07-17
21031486;23062063K;21105823;13051100213;27041985;11111779;200;711;398;375;617 ~~~~~~~~~~~~~~~~~~~~~~~~~~ 07-18
22031486;24062063K;22105823;14051100213;28041985;12111779;201;631;403 ~~~~~~~~~~~~~~~~~~~~~~~~~~~~~~~~~~ 07-19
23031486;25062063K;23105823;15051100213;29041985;13111779;202;617 ~~~~~~~~~~~~~~~~~~~~~~~~~~~~~~~~~~~~~~ 07-20
24031486;26062063K;24105823;16051100213;30041985;14111779;203;708;617 ~~~~~~~~~~~~~~~~~~~~~~~~~~~~~~~~~~ 07-21
25031486;27062063K;25105823;17051100213;31041985;15111779;204;714;878;617 ~~~~~~~~~~~~~~~~~~~~~~~~~~~~~~ 07-22
26031486;28062063K;26105823;18051100213;01051985;16111779;205;403;617 ~~~~~~~~~~~~~~~~~~~~~~~~~~~~~~~~~~ 07-23
27031486;29062063K;27105823;19051100213;02051985;17111779;206;617 ~~~~~~~~~~~~~~~~~~~~~~~~~~~~~~~~~~~~~~ 07-24
28031486;30062063K;28105823;00061100213;03051985;18111779;207;380 ~~~~~~~~~~~~~~~~~~~~~~~~~~~~~~~~~~~~~~ 07-25
29031486;01072063K;29105823;01061100213;04051985;19111779;208;712;715;416;514;421;617 ~~~~~~~~~~~~~~~~~~ 07-26
30031486;02072063K;01115823;02061100213;05051985;20111779;209;716;617 ~~~~~~~~~~~~~~~~~~~~~~~~~~~~~~~~~~ 07-27
01041486;03072063K;02115823;03061100213;06051985;21111779;210;713;579;617 ~~~~~~~~~~~~~~~~~~~~~~~~~~~~~~ 07-28
02041486;04072063K;03115823;04061100213;07051985;22111779;211;891;617 ~~~~~~~~~~~~~~~~~~~~~~~~~~~~~~~~~~ 07-29
03041486;05072063K;04115823;05061100213;08051985;23111779;212;617 ~~~~~~~~~~~~~~~~~~~~~~~~~~~~~~~~~~~~~~ 07-30
04041486;06072063K;05115823;06061100213;09051985;24111779;213;436 ~~~~~~~~~~~~~~~~~~~~~~~~~~~~~~~~~~~~~~ 07-31
05041486;07072063K;06115823;07061100213;10051985;25111779;214;397;454;572;618 ~~~~~~~~~~~~~~~~~~~~~~~~~~ 08-01
06041486;08072063K;07115823;08061100213;11051985;26111779;215 ~~~~~~~~~~~~~~~~~~~~~~~~~~~~~~~~~~~~~~~~~~ 08-02
07041486;09072063K;08115823;09061100213;12051985;27111779;216;719;432;864;938;618 ~~~~~~~~~~~~~~~~~~~~~~ 08-03
08041486;10072063K;09115823;10061100213;13051985;28111779;217;637;720;926;403 ~~~~~~~~~~~~~~~~~~~~~~~~~~ 08-04
09041486;11072063K;10115823;11061100213;14051985;29111779;218;717;421;618 ~~~~~~~~~~~~~~~~~~~~~~~~~~~~~~ 08-05
10041486;12072063K;11115823;12061100213;15051985;30111779;219 ~~~~~~~~~~~~~~~~~~~~~~~~~~~~~~~~~~~~~~~~~~ 08-06
11041486;13072063K;12115823;13061100213;16051985;01121779;220;718;618 ~~~~~~~~~~~~~~~~~~~~~~~~~~~~~~~~~~ 08-07
12041486;14072063K;13115823;14061100213;17051985;02121779;221;722;388;567;403 ~~~~~~~~~~~~~~~~~~~~~~~~~~ 08-08
13041486;15072063K;14115823;15061100213;18051985;03121779;222;556;909;910;925;567;618 ~~~~~~~~~~~~~~~~~~ 08-09
14041486;16072063K;15115823;16061100213;19051985;04121779;223;513 ~~~~~~~~~~~~~~~~~~~~~~~~~~~~~~~~~~~~~~ 08-10
15041486;17072063K;16115823;17061100213;20051985;05121779;224;723;618 ~~~~~~~~~~~~~~~~~~~~~~~~~~~~~~~~~~ 08-11
16041486;18072063K;17115823;18061100213;21051985;06121779;225;721;875;505 ~~~~~~~~~~~~~~~~~~~~~~~~~~~~~~ 08-12
17041486;19072063K;18115823;19061100213;22051985;07121779;226;618 ~~~~~~~~~~~~~~~~~~~~~~~~~~~~~~~~~~~~~~ 08-13
18041486;20072063K;19115823;00071100213;23051985;08121779;227;399;505 ~~~~~~~~~~~~~~~~~~~~~~~~~~~~~~~~~~ 08-14
19041486;21072063K;20115823;01071100213;24051985;09121779;228;793;421;618 ~~~~~~~~~~~~~~~~~~~~~~~~~~~~~~ 08-15
20041486;22072063K;21115823;02071100213;25051985;10121779;229;872 ~~~~~~~~~~~~~~~~~~~~~~~~~~~~~~~~~~~~~~ 08-16
21041486;23072063K;22115823;03071100213;26051985;11121779;230;596;596;398;871;618 ~~~~~~~~~~~~~~~~~~~~~~ 08-17
22041486;24072063K;23115823;04071100213;27051985;12121779;231;724 ~~~~~~~~~~~~~~~~~~~~~~~~~~~~~~~~~~~~~~ 08-18
23041486;25072063K;24115823;05071100213;28051985;13121779;232;618 ~~~~~~~~~~~~~~~~~~~~~~~~~~~~~~~~~~~~~~ 08-19
24041486;26072063K;25115823;06071100213;29051985;14121779;233;503;403 ~~~~~~~~~~~~~~~~~~~~~~~~~~~~~~~~~~ 08-20
25041486;27072063K;26115823;07071100213;30051985;15121779;234;618 ~~~~~~~~~~~~~~~~~~~~~~~~~~~~~~~~~~~~~~ 08-21
26041486;28072063K;27115823;08071100213;31051985;16121779;235;505 ~~~~~~~~~~~~~~~~~~~~~~~~~~~~~~~~~~~~~~ 08-22
27041486;29072063K;28115823;09071100213;01061985;17121779;236;380;404;618 ~~~~~~~~~~~~~~~~~~~~~~~~~~~~~~ 08-23
28041486;01272063K;29115823;10071100213;02061985;18121779;237;427;514;930;953 ~~~~~~~~~~~~~~~~~~~~~~~~~~ 08-24
29041486;02272063K;30115823;11071100213;03061985;19121779;238;725;618 ~~~~~~~~~~~~~~~~~~~~~~~~~~~~~~~~~~ 08-25
01051486;03272063K;01125823;12071100213;04061985;20121779;239;428;725;597;400 ~~~~~~~~~~~~~~~~~~~~~~~~~~ 08-26
02051486;04272063K;02125823;13071100213;05061985;21121779;240;796;550;618 ~~~~~~~~~~~~~~~~~~~~~~~~~~~~~~ 08-27
03051486;05272063K;03125823;14071100213;06061985;22121779;241;594;915 ~~~~~~~~~~~~~~~~~~~~~~~~~~~~~~~~~~ 08-28
04051486;06272063K;04125823;15071100213;07061985;23121779;242;595;400;618 ~~~~~~~~~~~~~~~~~~~~~~~~~~~~~~ 08-29
05051486;07272063K;05125823;16071100213;08061985;24121779;243;397 ~~~~~~~~~~~~~~~~~~~~~~~~~~~~~~~~~~~~~~ 08-30
06051486;08272063K;06125823;17071100213;09061985;25121779;244;596;908;618 ~~~~~~~~~~~~~~~~~~~~~~~~~~~~~~ 08-31
07051486;09272063K;07125823;18071100213;10061985;26121779;245;429;637;728;400 ~~~~~~~~~~~~~~~~~~~~~~~~~~ 09-01
08051486;10272063K;08125823;19071100213;11061985;27121779;246;430;619 ~~~~~~~~~~~~~~~~~~~~~~~~~~~~~~~~~~ 09-02
09051486;11272063K;09125823;00081100213;12061985;28121779;247;434;903;619 ~~~~~~~~~~~~~~~~~~~~~~~~~~~~~~ 09-03
10051486;12272063K;10125823;01081100213;13061985;29121779;248;435;400;421;619 ~~~~~~~~~~~~~~~~~~~~~~~~~~ 09-04
11051486;13272063K;11125823;02081100213;14061985;30121779;249;897;505 ~~~~~~~~~~~~~~~~~~~~~~~~~~~~~~~~~~ 09-05
12051486;14272063K;12125823;03081100213;15061985;01131779;250;401;513;520;551;865;619 ~~~~~~~~~~~~~~~~~~ 09-06
13051486;15272063K;13125823;04081100213;16061985;02131779;251;727;389;534;948 ~~~~~~~~~~~~~~~~~~~~~~~~~~ 09-07
14051486;16272063K;14125823;05081100213;17061985;03131779;252;542;907;619 ~~~~~~~~~~~~~~~~~~~~~~~~~~~~~~ 09-08
15051486;17272063K;15125823;06081100213;18061985;04131779;253;455;845;505 ~~~~~~~~~~~~~~~~~~~~~~~~~~~~~~ 09-09
16051486;18272063K;16125823;07081100213;19061985;05131779;254;729;846;619 ~~~~~~~~~~~~~~~~~~~~~~~~~~~~~~ 09-10
17051486;19272063K;17125823;08081100213;20061985;06131779;255;619 ~~~~~~~~~~~~~~~~~~~~~~~~~~~~~~~~~~~~~~ 09-11
18051486;20272063K;18125823;09081100213;21061985;01011780;256;847;804;619 ~~~~~~~~~~~~~~~~~~~~~~~~~~~~~~ 09-12
19051486;21272063K;19125823;10081100213;22061985;02011780;257;730;726;437;619 ~~~~~~~~~~~~~~~~~~~~~~~~~~ 09-13
20051486;22272063K;20125823;11081100213;23061985;03011780;258;619 ~~~~~~~~~~~~~~~~~~~~~~~~~~~~~~~~~~~~~~ 09-14
21051486;23272063K;21125823;12081100213;24061985;04011780;259;735;398;619 ~~~~~~~~~~~~~~~~~~~~~~~~~~~~~~ 09-15
22051486;24272063K;22125823;13081100213;25061985;05011780;260;731;433;619 ~~~~~~~~~~~~~~~~~~~~~~~~~~~~~~ 09-16
23051486;25272063K;23125823;14081100213;26061985;06011780;261 ~~~~~~~~~~~~~~~~~~~~~~~~~~~~~~~~~~~~~~~~~~ 09-17
24051486;26272063K;24125823;15081100213;27061985;07011780;262;732;869;619 ~~~~~~~~~~~~~~~~~~~~~~~~~~~~~~ 09-18
25051486;27272063K;25125823;16081100213;28061985;08011780;263;467;554 ~~~~~~~~~~~~~~~~~~~~~~~~~~~~~~~~~~ 09-19
26051486;28272063K;26125823;17081100213;29061985;09011780;264;733;619 ~~~~~~~~~~~~~~~~~~~~~~~~~~~~~~~~~~ 09-20
27051486;29272063K;27125823;18081100213;30061985;10011780;265;734;514;619;848 ~~~~~~~~~~~~~~~~~~~~~~~~~~ 09-21
28051486;01082063K;28125823;19081100213;31061985;11011780;266;739;380;920;462;375;574;619 ~~~~~~~~~~~~~~ 09-22
29051486;02082063K;29125823;00091100213;01071985;12011780;267;740;895;423;521;505 ~~~~~~~~~~~~~~~~~~~~~~ 09-23
30051486;03082063K;01015824;01091100213;02071985;13011780;268;736;463;521;421;619 ~~~~~~~~~~~~~~~~~~~~~~ 09-24
01061486;04082063K;02015824;02091100213;03071985;14011780;269;737;521;505;848 ~~~~~~~~~~~~~~~~~~~~~~~~~~ 09-25
02061486;05082063K;03015824;03091100213;04071985;15011780;270;742;790;619 ~~~~~~~~~~~~~~~~~~~~~~~~~~~~~~ 09-26
03061486;06082063K;04015824;04091100213;05071985;16011780;271;741;790;848 ~~~~~~~~~~~~~~~~~~~~~~~~~~~~~~ 09-27
04061486;07082063K;05015824;05091100213;06071985;17011780;272;738;790;619 ~~~~~~~~~~~~~~~~~~~~~~~~~~~~~~ 09-28
05061486;08082063K;06015824;06091100213;07071985;18011780;273;743;790;397;548;918;848 ~~~~~~~~~~~~~~~~~~ 09-29
06061486;09082063K;07015824;07091100213;08071985;19011780;274;790;417;885;919;853;619 ~~~~~~~~~~~~~~~~~~ 09-30
07061486;10082063K;08015824;08091100213;09071985;20011780;275;744;790;549;560;853 ~~~~~~~~~~~~~~~~~~~~~~ 10-01
08061486;11082063K;09015824;09091100213;10071985;21011780;276;745;790;853;620 ~~~~~~~~~~~~~~~~~~~~~~~~~~ 10-02
09061486;12082063K;10015824;10091100213;11071985;22011780;277;746;899;527;620 ~~~~~~~~~~~~~~~~~~~~~~~~~~ 10-03
10061486;13082063K;11015824;11091100213;12071985;23011780;278;747;513;620 ~~~~~~~~~~~~~~~~~~~~~~~~~~~~~~ 10-04
11061486;14082063K;12015824;12091100213;13071985;24011780;279;748;620;848 ~~~~~~~~~~~~~~~~~~~~~~~~~~~~~~ 10-05
12061486;15082063K;13015824;13091100213;14071985;25011780;280;637;882;922;570;620 ~~~~~~~~~~~~~~~~~~~~~~ 10-06
13061486;16082063K;14015824;14091100213;15071985;26011780;281;749;391;390;532 ~~~~~~~~~~~~~~~~~~~~~~~~~~ 10-07
14061486;17082063K;15015824;15091100213;16071985;27011780;282;751;523;620 ~~~~~~~~~~~~~~~~~~~~~~~~~~~~~~ 10-08
15061486;18082063K;16015824;16091100213;17071985;28011780;283;791;523;418 ~~~~~~~~~~~~~~~~~~~~~~~~~~~~~~ 10-09
16061486;19082063K;17015824;17091100213;18071985;29011780;284;752;523;620 ~~~~~~~~~~~~~~~~~~~~~~~~~~~~~~ 10-10
17061486;20082063K;18015824;18091100213;19071985;30011780;285;753;367;881;523;620 ~~~~~~~~~~~~~~~~~~~~~~ 10-11
18061486;21082063K;19015824;19091100213;20071985;01021780;286;368;867;523;620 ~~~~~~~~~~~~~~~~~~~~~~~~~~ 10-12
19061486;22082063K;20015824;00101100213;21071985;02021780;287;754;523;505 ~~~~~~~~~~~~~~~~~~~~~~~~~~~~~~ 10-13
20061486;23082063K;21015824;01101100213;22071985;03021780;288;750;398;499;523;421;620 ~~~~~~~~~~~~~~~~~~ 10-14
21061486;24082063K;22015824;02101100213;23071985;04021780;289;755;524 ~~~~~~~~~~~~~~~~~~~~~~~~~~~~~~~~~~ 10-15
22061486;25082063K;23015824;03101100213;24071985;05021780;290;756;525;620 ~~~~~~~~~~~~~~~~~~~~~~~~~~~~~~ 10-16
23061486;26082063K;24015824;04101100213;25071985;06021780;291;757 ~~~~~~~~~~~~~~~~~~~~~~~~~~~~~~~~~~~~~~ 10-17
24061486;27082063K;25015824;05101100213;26071985;07021780;292;631;558;911;620 ~~~~~~~~~~~~~~~~~~~~~~~~~~ 10-18
25061486;28082063K;26015824;06101100213;27071985;08021780;293;514;779;784;505 ~~~~~~~~~~~~~~~~~~~~~~~~~~ 10-19
26061486;29082063K;27015824;07101100213;28071985;09021780;294;758;780;785;893;784;620 ~~~~~~~~~~~~~~~~~~ 10-20
27061486;30082063K;28015824;08101100213;29071985;10021780;295;380;781;786;785 ~~~~~~~~~~~~~~~~~~~~~~~~~~ 10-21
28061486;01092063K;29015824;09101100213;30071985;11021780;296;369;782;787;786;620 ~~~~~~~~~~~~~~~~~~~~~~ 10-22
29061486;02092063K;30015824;10101100213;01081985;12021780;297;535;783;788;787 ~~~~~~~~~~~~~~~~~~~~~~~~~~ 10-23
01071486;03092063K;01025824;11101100213;02081985;13021780;298;620 ~~~~~~~~~~~~~~~~~~~~~~~~~~~~~~~~~~~~~~ 10-24
02071486;04092063K;02025824;12101100213;03081985;14021780;299;371 ~~~~~~~~~~~~~~~~~~~~~~~~~~~~~~~~~~~~~~ 10-25
03071486;05092063K;03025824;13101100213;04081985;15021780;300;849;620 ~~~~~~~~~~~~~~~~~~~~~~~~~~~~~~~~~~ 10-26
04071486;06092063K;04025824;14101100213;05081985;16021780;301;759;543 ~~~~~~~~~~~~~~~~~~~~~~~~~~~~~~~~~~ 10-27
05071486;07092063K;05025824;15101100213;06081985;17021780;302;397;431;620 ~~~~~~~~~~~~~~~~~~~~~~~~~~~~~~ 10-28
06071486;08092063K;06025824;16101100213;07081985;18021780;303;505;620 ~~~~~~~~~~~~~~~~~~~~~~~~~~~~~~~~~~ 10-29
07071486;09092063K;07025824;17101100213;08081985;19021780;304;432;563;620 ~~~~~~~~~~~~~~~~~~~~~~~~~~~~~~ 10-30
08071486;10092063K;08025824;18101100213;09081985;20021780;305;513;824;879 ~~~~~~~~~~~~~~~~~~~~~~~~~~~~~~ 10-31
09071486;11092063K;09025824;19101100213;10081985;21021780;306;762;547;621 ~~~~~~~~~~~~~~~~~~~~~~~~~~~~~~ 11-01
10071486;12092063K;10025824;00111100213;11081985;22021780;307;934 ~~~~~~~~~~~~~~~~~~~~~~~~~~~~~~~~~~~~~~ 11-02
11071486;13092063K;11025824;01111100213;12081985;23021780;308;637;763;421;621 ~~~~~~~~~~~~~~~~~~~~~~~~~~ 11-03
12071486;14092063K;12025824;02111100213;13081985;24021780;309;505 ~~~~~~~~~~~~~~~~~~~~~~~~~~~~~~~~~~~~~~ 11-04
13071486;15092063K;13025824;03111100213;14081985;25021780;310;760;394;621 ~~~~~~~~~~~~~~~~~~~~~~~~~~~~~~ 11-05
14071486;16092063K;14025824;04111100213;15081985;26021780;311;880 ~~~~~~~~~~~~~~~~~~~~~~~~~~~~~~~~~~~~~~ 11-06
15071486;17092063K;15025824;05111100213;16081985;27021780;312;761;859;621 ~~~~~~~~~~~~~~~~~~~~~~~~~~~~~~ 11-07
16071486;18092063K;16025824;06111100213;17081985;28021780;313;764;831 ~~~~~~~~~~~~~~~~~~~~~~~~~~~~~~~~~~ 11-08
17071486;19092063K;17025824;07111100213;18081985;29021780;314;621 ~~~~~~~~~~~~~~~~~~~~~~~~~~~~~~~~~~~~~~ 11-09
18071486;20092063K;18025824;08111100213;19081985;30021780;315 ~~~~~~~~~~~~~~~~~~~~~~~~~~~~~~~~~~~~~~~~~~ 11-10
19071486;21092063K;19025824;09111100213;20081985;01031780;316;411;621 ~~~~~~~~~~~~~~~~~~~~~~~~~~~~~~~~~~ 11-11
20071486;22092063K;20025824;10111100213;21081985;02031780;317 ~~~~~~~~~~~~~~~~~~~~~~~~~~~~~~~~~~~~~~~~~~ 11-12
21071486;23092063K;21025824;11111100213;22081985;03031780;318;398;876;421;621 ~~~~~~~~~~~~~~~~~~~~~~~~~~ 11-13
22071486;24092063K;22025824;12111100213;23081985;04031780;319;418 ~~~~~~~~~~~~~~~~~~~~~~~~~~~~~~~~~~~~~~ 11-14
23071486;25092063K;23025824;13111100213;24081985;05031780;320;766;621 ~~~~~~~~~~~~~~~~~~~~~~~~~~~~~~~~~~ 11-15
24071486;26092063K;24025824;14111100213;25081985;06031780;321;514;936;505 ~~~~~~~~~~~~~~~~~~~~~~~~~~~~~~ 11-16
25071486;27092063K;25025824;15111100213;26081985;07031780;322;767;621 ~~~~~~~~~~~~~~~~~~~~~~~~~~~~~~~~~~ 11-17
26071486;28092063K;26025824;16111100213;27081985;08031780;323;765;376;412 ~~~~~~~~~~~~~~~~~~~~~~~~~~~~~~ 11-18
27071486;29092063K;27025824;17111100213;28081985;09031780;324;380;509;621 ~~~~~~~~~~~~~~~~~~~~~~~~~~~~~~ 11-19
28071486;01102063K;28025824;18111100213;29081985;10031780;325 ~~~~~~~~~~~~~~~~~~~~~~~~~~~~~~~~~~~~~~~~~~ 11-20
29071486;02102063K;29025824;19111100213;30081985;11031780;326;769;621 ~~~~~~~~~~~~~~~~~~~~~~~~~~~~~~~~~~ 11-21
30071486;03102063K;01035824;00121100213;01091985;12031780;327;440;788 ~~~~~~~~~~~~~~~~~~~~~~~~~~~~~~~~~~ 11-22
01081486;04102063K;02035824;01121100213;02091985;13031780;328;441;868;418;421;621 ~~~~~~~~~~~~~~~~~~~~~~ 11-23
02081486;05102063K;03035824;02121100213;03091985;14031780;329;770;768 ~~~~~~~~~~~~~~~~~~~~~~~~~~~~~~~~~~ 11-24
03081486;06102063K;04035824;03121100213;04091985;15031780;330;436;944;412;621 ~~~~~~~~~~~~~~~~~~~~~~~~~~ 11-25
04081486;07102063K;05035824;04121100213;05091985;16031780;331;442 ~~~~~~~~~~~~~~~~~~~~~~~~~~~~~~~~~~~~~~ 11-26
05081486;08102063K;06035824;05121100213;06091985;17031780;332;771;397;621 ~~~~~~~~~~~~~~~~~~~~~~~~~~~~~~ 11-27
06081486;09102063K;07035824;06121100213;07091985;18031780;333;772;513 ~~~~~~~~~~~~~~~~~~~~~~~~~~~~~~~~~~ 11-28
07081486;10102063K;08035824;07121100213;08091985;19031780;334;369;621 ~~~~~~~~~~~~~~~~~~~~~~~~~~~~~~~~~~ 11-29
08081486;11102063K;09035824;08121100213;09091985;20031780;335;596;505 ~~~~~~~~~~~~~~~~~~~~~~~~~~~~~~~~~~ 11-30
09081486;12102063K;10035824;09121100213;10091985;21031780;336;637;775;557;890;622 ~~~~~~~~~~~~~~~~~~~~~~ 12-01
10081486;13102063K;11035824;10121100213;11091985;22031780;337;589;412 ~~~~~~~~~~~~~~~~~~~~~~~~~~~~~~~~~~ 12-02
11081486;14102063K;12035824;11121100213;12091985;23031780;338;370;622 ~~~~~~~~~~~~~~~~~~~~~~~~~~~~~~~~~~ 12-03
12081486;15102063K;13035824;12121100213;13091985;24031780;339;773;399 ~~~~~~~~~~~~~~~~~~~~~~~~~~~~~~~~~~ 12-04
13081486;16102063K;14035824;13121100213;14091985;25031780;340;395;545;887;622 ~~~~~~~~~~~~~~~~~~~~~~~~~~ 12-05
14081486;17102063K;15035824;14121100213;15091985;26031780;341;512 ~~~~~~~~~~~~~~~~~~~~~~~~~~~~~~~~~~~~~~ 12-06
15081486;18102063K;16035824;15121100213;16091985;27031780;342;774;400;622 ~~~~~~~~~~~~~~~~~~~~~~~~~~~~~~ 12-07
16081486;19102063K;17035824;16121100213;17091985;28031780;343;776;422 ~~~~~~~~~~~~~~~~~~~~~~~~~~~~~~~~~~ 12-08
17081486;20102063K;18035824;17121100213;18091985;29031780;344;777;590;412;622 ~~~~~~~~~~~~~~~~~~~~~~~~~~ 12-09
18081486;21102063K;19035824;18121100213;19091985;30031780;345;400;505 ~~~~~~~~~~~~~~~~~~~~~~~~~~~~~~~~~~ 12-10
19081486;22102063K;20035824;19121100213;20091985;01041780;346;514;622 ~~~~~~~~~~~~~~~~~~~~~~~~~~~~~~~~~~ 12-11
20081486;23102063K;21035824;00131100213;21091985;02041780;347;398;505 ~~~~~~~~~~~~~~~~~~~~~~~~~~~~~~~~~~ 12-12
21081486;24102063K;22035824;01131100213;22091985;03041780;348;433;400;622 ~~~~~~~~~~~~~~~~~~~~~~~~~~~~~~ 12-13
22081486;25102063K;23035824;02131100213;23091985;04041780;349;505 ~~~~~~~~~~~~~~~~~~~~~~~~~~~~~~~~~~~~~~ 12-14
23081486;26102063K;24035824;03131100213;24091985;05041780;350;917;622 ~~~~~~~~~~~~~~~~~~~~~~~~~~~~~~~~~~ 12-15
24081486;27102063K;25035824;04131100213;25091985;06041780;351;554;591;516;400 ~~~~~~~~~~~~~~~~~~~~~~~~~~ 12-16
25081486;28102063K;26035824;05131100213;26091985;07041780;352;516;622 ~~~~~~~~~~~~~~~~~~~~~~~~~~~~~~~~~~ 12-17
26081486;29102063K;27035824;06131100213;27091985;08041780;353;453;516 ~~~~~~~~~~~~~~~~~~~~~~~~~~~~~~~~~~ 12-18
27081486;30102063K;28035824;07131100213;28091985;09041780;354;380;516;400;622 ~~~~~~~~~~~~~~~~~~~~~~~~~~ 12-19
28081486;01112063K;29035824;08131100213;29091985;10041780;355;371;516 ~~~~~~~~~~~~~~~~~~~~~~~~~~~~~~~~~~ 12-20
29081486;02112063K;01045824;09131100213;30091985;11041780;356;778;466;516;622 ~~~~~~~~~~~~~~~~~~~~~~~~~~ 12-21
01091486;03112063K;02045824;10131100213;01101985;12041780;357;836;426;504;516;400 ~~~~~~~~~~~~~~~~~~~~~~ 12-22
02091486;04112063K;03045824;11131100213;02101985;13041780;358;592;465;516;622 ~~~~~~~~~~~~~~~~~~~~~~~~~~ 12-23
03091486;05112063K;04045824;12131100213;03101985;14041780;359;401 ~~~~~~~~~~~~~~~~~~~~~~~~~~~~~~~~~~~~~~ 12-24
04091486;06112063K;05045824;13131100213;04101985;15041780;360;622 ~~~~~~~~~~~~~~~~~~~~~~~~~~~~~~~~~~~~~~ 12-25
05091486;07112063K;06045824;14131100213;05101985;16041780;361;513 ~~~~~~~~~~~~~~~~~~~~~~~~~~~~~~~~~~~~~~ 12-26
06091486;08112063K;07045824;15131100213;06101985;17041780;362;397;622 ~~~~~~~~~~~~~~~~~~~~~~~~~~~~~~~~~~ 12-27
07091486;09112063K;08045824;16131100213;07101985;18041780;363 ~~~~~~~~~~~~~~~~~~~~~~~~~~~~~~~~~~~~~~~~~~ 12-28
08091486;10112063K;09045824;17131100213;08101985;19041780;364;622 ~~~~~~~~~~~~~~~~~~~~~~~~~~~~~~~~~~~~~~ 12-29
09091486;11112063K;10045824;18131100213;09101985;20041780;365 ~~~~~~~~~~~~~~~~~~~~~~~~~~~~~~~~~~~~~~~~~~ 12-30
10091486;12112063K;11045824;19131100213;10101985;21041780;366;905;622 ~~~~~~~~~~~~~~~~~~~~~~~~~~~~~~~~~~ 12-31
