18041473;191120507;17045811;10101800113;11101972;23041767;001;611 ~~~~~~~~~~~~~~~~~~~~~~~~~~~~~~~~~~~~~~ 01-01
19041473;201120507;18045811;11101800113;12101972;24041767;002 ~~~~~~~~~~~~~~~~~~~~~~~~~~~~~~~~~~~~~~~~~~ 01-02
20041473;211120507;19045811;12101800113;13101972;25041767;003;372;611 ~~~~~~~~~~~~~~~~~~~~~~~~~~~~~~~~~~ 01-03
21041473;221120507;20045811;13101800113;14101972;26041767;004;398;513 ~~~~~~~~~~~~~~~~~~~~~~~~~~~~~~~~~~ 01-04
22041473;231120507;21045811;14101800113;15101972;27041767;005;403;611 ~~~~~~~~~~~~~~~~~~~~~~~~~~~~~~~~~~ 01-05
23041473;241120507;22045811;15101800113;16101972;28041767;006;406 ~~~~~~~~~~~~~~~~~~~~~~~~~~~~~~~~~~~~~~ 01-06
24041473;251120507;23045811;16101800113;17101972;29041767;007;637;409;611 ~~~~~~~~~~~~~~~~~~~~~~~~~~~~~~ 01-07
25041473;261120507;24045811;17101800113;18101972;30041767;008;627;917 ~~~~~~~~~~~~~~~~~~~~~~~~~~~~~~~~~~ 01-08
26041473;271120507;25045811;18101800113;19101972;01051767;009;628;403;611 ~~~~~~~~~~~~~~~~~~~~~~~~~~~~~~ 01-09
27041473;281120507;26045811;19101800113;20101972;02051767;010;629;418 ~~~~~~~~~~~~~~~~~~~~~~~~~~~~~~~~~~ 01-10
28041473;291120507;27045811;00111800113;21101972;03051767;011;406;611 ~~~~~~~~~~~~~~~~~~~~~~~~~~~~~~~~~~ 01-11
29041473;301120507;28045811;01111800113;22101972;04051767;012;380 ~~~~~~~~~~~~~~~~~~~~~~~~~~~~~~~~~~~~~~ 01-12
01051473;011220507;29045811;02111800113;23101972;05051767;013;403;409;611 ~~~~~~~~~~~~~~~~~~~~~~~~~~~~~~ 01-13
02051473;021220507;01055811;03111800113;24101972;06051767;014;626 ~~~~~~~~~~~~~~~~~~~~~~~~~~~~~~~~~~~~~~ 01-14
03051473;031220507;02055811;04111800113;25101972;07051767;015;625;514;611 ~~~~~~~~~~~~~~~~~~~~~~~~~~~~~~ 01-15
04051473;041220507;03055811;05111800113;26101972;08051767;016;492 ~~~~~~~~~~~~~~~~~~~~~~~~~~~~~~~~~~~~~~ 01-16
05051473;051220507;04055811;06111800113;27101972;09051767;017;403;611 ~~~~~~~~~~~~~~~~~~~~~~~~~~~~~~~~~~ 01-17
06051473;061220507;05055811;07111800113;28101972;10051767;018 ~~~~~~~~~~~~~~~~~~~~~~~~~~~~~~~~~~~~~~~~~~ 01-18
07051473;071220507;06055811;08111800113;29101972;11051767;019;631;397;409;418;611 ~~~~~~~~~~~~~~~~~~~~~~ 01-19
08051473;081220507;07055811;09111800113;30101972;12051767;020 ~~~~~~~~~~~~~~~~~~~~~~~~~~~~~~~~~~~~~~~~~~ 01-20
09051473;091220507;08055811;10111800113;01111972;13051767;021;630;403;406;611 ~~~~~~~~~~~~~~~~~~~~~~~~~~ 01-21
10051473;101220507;09055811;11111800113;02111972;14051767;022;905 ~~~~~~~~~~~~~~~~~~~~~~~~~~~~~~~~~~~~~~ 01-22
11051473;111220507;10055811;12111800113;03111972;15051767;023;611 ~~~~~~~~~~~~~~~~~~~~~~~~~~~~~~~~~~~~~~ 01-23
12051473;121220507;11055811;13111800113;04111972;16051767;024;432 ~~~~~~~~~~~~~~~~~~~~~~~~~~~~~~~~~~~~~~ 01-24
13051473;131220507;12055811;14111800113;05111972;17051767;025;632;403;409;611 ~~~~~~~~~~~~~~~~~~~~~~~~~~ 01-25
14051473;141220507;13055811;15111800113;06111972;18051767;026;381;904;406 ~~~~~~~~~~~~~~~~~~~~~~~~~~~~~~ 01-26
15051473;151220507;14055811;16111800113;07111972;19051767;027;633;611 ~~~~~~~~~~~~~~~~~~~~~~~~~~~~~~~~~~ 01-27
16051473;161220507;15055811;17111800113;08111972;20051767;028;634;418 ~~~~~~~~~~~~~~~~~~~~~~~~~~~~~~~~~~ 01-28
17051473;171220507;16055811;18111800113;09111972;21051767;029;635;403;611 ~~~~~~~~~~~~~~~~~~~~~~~~~~~~~~ 01-29
18051473;181220507;17055811;19111800113;10111972;22051767;030;636;916 ~~~~~~~~~~~~~~~~~~~~~~~~~~~~~~~~~~ 01-30
19051473;191220507;18055811;00121800113;11111972;23051767;031;513;406;409;580;611 ~~~~~~~~~~~~~~~~~~~~~~ 01-31
20051473;201220507;19055811;00121800113;12111972;24051767;032 ~~~~~~~~~~~~~~~~~~~~~~~~~~~~~~~~~~~~~~~~~~ 02-01
21051473;211220507;20055811;01121800113;13111972;25051767;033;638;403;612 ~~~~~~~~~~~~~~~~~~~~~~~~~~~~~~ 02-02
22051473;221220507;21055811;02121800113;14111972;26051767;034;639;398 ~~~~~~~~~~~~~~~~~~~~~~~~~~~~~~~~~~ 02-03
23051473;231220507;22055811;03121800113;15111972;27051767;035;637;640;419;612 ~~~~~~~~~~~~~~~~~~~~~~~~~~ 02-04
24051473;241220507;23055811;04121800113;16111972;28051767;036 ~~~~~~~~~~~~~~~~~~~~~~~~~~~~~~~~~~~~~~~~~~ 02-05
25051473;251220507;24055811;05121800113;17111972;29051767;037;403;612 ~~~~~~~~~~~~~~~~~~~~~~~~~~~~~~~~~~ 02-06
26051473;261220507;25055811;06121800113;18111972;30051767;038;923 ~~~~~~~~~~~~~~~~~~~~~~~~~~~~~~~~~~~~~~ 02-07
27051473;271220507;26055811;07121800113;19111972;01061767;039;612 ~~~~~~~~~~~~~~~~~~~~~~~~~~~~~~~~~~~~~~ 02-08
28051473;281220507;27055811;08121800113;20111972;02061767;040;642 ~~~~~~~~~~~~~~~~~~~~~~~~~~~~~~~~~~~~~~ 02-09
29051473;291220507;28055811;09121800113;21111972;03061767;041;380;403;612 ~~~~~~~~~~~~~~~~~~~~~~~~~~~~~~ 02-10
30051473;010120518;29055811;10121800113;22111972;04061767;042;643;888;479;490 ~~~~~~~~~~~~~~~~~~~~~~~~~~ 02-11
01061473;020120518;30055811;11121800113;23111972;05061767;043;514;566;479;490;581;612 ~~~~~~~~~~~~~~~~~~ 02-12
02061473;030120518;01065811;12121800113;24111972;06061767;044;641;811;566 ~~~~~~~~~~~~~~~~~~~~~~~~~~~~~~ 02-13
03061473;040120518;02065811;13121800113;25111972;07061767;045;443;566;612 ~~~~~~~~~~~~~~~~~~~~~~~~~~~~~~ 02-14
04061473;050120518;03065811;14121800113;26111972;08061767;046;444;940;566 ~~~~~~~~~~~~~~~~~~~~~~~~~~~~~~ 02-15
05061473;060120518;04065811;15121800113;27111972;09061767;047;644;612 ~~~~~~~~~~~~~~~~~~~~~~~~~~~~~~~~~~ 02-16
06061473;070120518;05065811;16121800113;28111972;10061767;048;645;397;914;854 ~~~~~~~~~~~~~~~~~~~~~~~~~~ 02-17
07061473;080120518;06065811;17121800113;29111972;11061767;049;536;854;403;612 ~~~~~~~~~~~~~~~~~~~~~~~~~~ 02-18
08061473;090120518;07065811;18121800113;30111972;12061767;050;457 ~~~~~~~~~~~~~~~~~~~~~~~~~~~~~~~~~~~~~~ 02-19
09061473;100120518;08065811;19121800113;01121972;13061767;051;450;406;612 ~~~~~~~~~~~~~~~~~~~~~~~~~~~~~~ 02-20
10061473;110120518;09065811;00131800113;02121972;14061767;052;873 ~~~~~~~~~~~~~~~~~~~~~~~~~~~~~~~~~~~~~~ 02-21
11061473;120120518;10065811;01131800113;03121972;15061767;053;612 ~~~~~~~~~~~~~~~~~~~~~~~~~~~~~~~~~~~~~~ 02-22
12061473;130120518;11065811;02131800113;04121972;16061767;054;647;648 ~~~~~~~~~~~~~~~~~~~~~~~~~~~~~~~~~~ 02-23
13061473;140120518;12065811;03131800113;05121972;17061767;055;649;612 ~~~~~~~~~~~~~~~~~~~~~~~~~~~~~~~~~~ 02-24
14061473;150120518;13065811;04131800113;06121972;18061767;056;382;884 ~~~~~~~~~~~~~~~~~~~~~~~~~~~~~~~~~~ 02-25
15061473;160120518;14065811;05131800113;07121972;19061767;057;519;403;612 ~~~~~~~~~~~~~~~~~~~~~~~~~~~~~~ 02-26
16061473;170120518;15065811;06131800113;08121972;20061767;058 ~~~~~~~~~~~~~~~~~~~~~~~~~~~~~~~~~~~~~~~~~~ 02-27
17061473;180120518;16065811;07131800113;09121972;21061767;059;646;650;513;612 ~~~~~~~~~~~~~~~~~~~~~~~~~~ 02-28
18061473;190120518;17065811;11131800113;10121972;22061767;061 ~~~~~~~~~~~~~~~~~~~~~~~~~~~~~~~~~~~~~~~~~~ 03-01
19061473;200120518;18065811;12131800113;11121972;23061767;062;653;406;409;613 ~~~~~~~~~~~~~~~~~~~~~~~~~~ 03-02
20061473;210120518;19065811;13131800113;12121972;24061767;063;596;654 ~~~~~~~~~~~~~~~~~~~~~~~~~~~~~~~~~~ 03-03
21061473;220120518;20065811;14131800113;13121972;25061767;064;637;613 ~~~~~~~~~~~~~~~~~~~~~~~~~~~~~~~~~~ 03-04
22061473;230120518;21065811;15131800113;14121972;26061767;065;655;398;613 ~~~~~~~~~~~~~~~~~~~~~~~~~~~~~~ 03-05
23061473;240120518;22065811;16131800113;15121972;27061767;066;403;613 ~~~~~~~~~~~~~~~~~~~~~~~~~~~~~~~~~~ 03-06
24061473;250120518;23065811;17131800113;16121972;28061767;067 ~~~~~~~~~~~~~~~~~~~~~~~~~~~~~~~~~~~~~~~~~~ 03-07
25061473;260120518;24065811;18131800113;17121972;29061767;068;613 ~~~~~~~~~~~~~~~~~~~~~~~~~~~~~~~~~~~~~~ 03-08
26061473;270120518;25065811;19131800113;18121972;30061767;069;656;433;943 ~~~~~~~~~~~~~~~~~~~~~~~~~~~~~~ 03-09
27061473;280120518;26065811;00141800113;19121972;01071767;070;562;403;613 ~~~~~~~~~~~~~~~~~~~~~~~~~~~~~~ 03-10
28061473;290120518;27065811;01141800113;20121972;02071767;071;562;886 ~~~~~~~~~~~~~~~~~~~~~~~~~~~~~~~~~~ 03-11
29061473;300120518;28065811;02141800113;21121972;03071767;072;380;562;613 ~~~~~~~~~~~~~~~~~~~~~~~~~~~~~~ 03-12
01071473;010220518;29065811;03141800113;22121972;04071767;073;436;514;835 ~~~~~~~~~~~~~~~~~~~~~~~~~~~~~~ 03-13
02071473;020220518;01075811;04141800113;23121972;05071767;074;838;403;415;613 ~~~~~~~~~~~~~~~~~~~~~~~~~~ 03-14
03071473;030220518;02075811;05141800113;24121972;06071767;075;613 ~~~~~~~~~~~~~~~~~~~~~~~~~~~~~~~~~~~~~~ 03-15
04071473;040220518;03075811;06141800113;25121972;07071767;076;658;613 ~~~~~~~~~~~~~~~~~~~~~~~~~~~~~~~~~~ 03-16
05071473;050220518;04075811;07141800113;26121972;08071767;077 ~~~~~~~~~~~~~~~~~~~~~~~~~~~~~~~~~~~~~~~~~~ 03-17
06071473;060220518;05075811;08141800113;27121972;09071767;078;403;613 ~~~~~~~~~~~~~~~~~~~~~~~~~~~~~~~~~~ 03-18
07071473;070220518;06075811;09141800113;28121972;10071767;079;397;466;613 ~~~~~~~~~~~~~~~~~~~~~~~~~~~~~~ 03-19
08071473;080220518;07075811;10141800113;29121972;11071767;080;813;424;409;613 ~~~~~~~~~~~~~~~~~~~~~~~~~~ 03-20
09071473;090220518;08075811;11141800113;30121972;12071767;081;657;399;459 ~~~~~~~~~~~~~~~~~~~~~~~~~~~~~~ 03-21
10071473;100220518;09075811;12141800113;01011973;13071767;082;517;851;403;406;415;613 ~~~~~~~~~~~~~~~~~~ 03-22
11071473;110220518;10075811;13141800113;02011973;14071767;083;613 ~~~~~~~~~~~~~~~~~~~~~~~~~~~~~~~~~~~~~~ 03-23
12071473;120220518;11075811;14141800113;03011973;15071767;084;400;613 ~~~~~~~~~~~~~~~~~~~~~~~~~~~~~~~~~~ 03-24
13071473;130220518;12075811;15141800113;04011973;16071767;085;613 ~~~~~~~~~~~~~~~~~~~~~~~~~~~~~~~~~~~~~~ 03-25
14071473;140220518;13075811;16141800113;05011973;17071767;086;493;544;623;403;409;613 ~~~~~~~~~~~~~~~~~~ 03-26
15071473;150220518;14075811;17141800113;06011973;18071767;087;383;513;598;906;613 ~~~~~~~~~~~~~~~~~~~~~~ 03-27
16071473;160220518;15075811;18141800113;07011973;19071767;088;659;562;515;613 ~~~~~~~~~~~~~~~~~~~~~~~~~~ 03-28
17071473;170220518;16075811;19141800113;08011973;20071767;089;660;652;562 ~~~~~~~~~~~~~~~~~~~~~~~~~~~~~~ 03-29
18071473;180220518;17075811;00151800113;09011973;21071767;090;562;852;400;415;613 ~~~~~~~~~~~~~~~~~~~~~~ 03-30
19071473;190220518;18075811;01151800113;10011973;22071767;091;445 ~~~~~~~~~~~~~~~~~~~~~~~~~~~~~~~~~~~~~~ 03-31
20071473;200220518;19075811;02151800113;11011973;23071767;092;446;637;661;406;614 ~~~~~~~~~~~~~~~~~~~~~~ 04-01
21071473;210220518;20075811;03151800113;12011973;24071767;093;447;651;662;400 ~~~~~~~~~~~~~~~~~~~~~~~~~~ 04-02
22071473;220220518;21075811;04151800113;13011973;25071767;094;448;374;651;614 ~~~~~~~~~~~~~~~~~~~~~~~~~~ 04-03
23071473;230220518;22075811;05151800113;14011973;26071767;095;398;533;924;651;571;614 ~~~~~~~~~~~~~~~~~~ 04-04
24071473;240220518;23075811;06151800113;15011973;27071767;096;663;400;651;614 ~~~~~~~~~~~~~~~~~~~~~~~~~~ 04-05
25071473;250220518;24075811;07151800113;16011973;28071767;097;614;651 ~~~~~~~~~~~~~~~~~~~~~~~~~~~~~~~~~~ 04-06
26071473;260220518;25075811;08151800113;17011973;29071767;098;900;403;651;409;415;614 ~~~~~~~~~~~~~~~~~~ 04-07
27071473;270220518;26075811;09151800113;18011973;30071767;099;509;400 ~~~~~~~~~~~~~~~~~~~~~~~~~~~~~~~~~~ 04-08
28071473;280220518;27075811;10151800113;19011973;01081767;100;526;614 ~~~~~~~~~~~~~~~~~~~~~~~~~~~~~~~~~~ 04-09
29071473;290220518;28075811;11151800113;20011973;02081767;101;380;514 ~~~~~~~~~~~~~~~~~~~~~~~~~~~~~~~~~~ 04-10
30071473;010320518;29075811;12151800113;21011973;03081767;102;538;559;929;935;952;400;614 ~~~~~~~~~~~~~~ 04-11
01081473;020320518;30075811;13151800113;22011973;04081767;103 ~~~~~~~~~~~~~~~~~~~~~~~~~~~~~~~~~~~~~~~~~~ 04-12
02081473;030320518;01085811;14151800113;23011973;05081767;104;401;555;577;409;614 ~~~~~~~~~~~~~~~~~~~~~~ 04-13
03081473;040320518;02085811;15151800113;24011973;06081767;105;864;375;614 ~~~~~~~~~~~~~~~~~~~~~~~~~~~~~~ 04-14
04081473;050320518;03085811;16151800113;25011973;07081767;106;666;614 ~~~~~~~~~~~~~~~~~~~~~~~~~~~~~~~~~~ 04-15
05081473;060320518;04085811;17151800113;26011973;08081767;107;945;528 ~~~~~~~~~~~~~~~~~~~~~~~~~~~~~~~~~~ 04-16
06081473;070320518;05085811;18151800113;27011973;09081767;108;794;397;529;614 ~~~~~~~~~~~~~~~~~~~~~~~~~~ 04-17
07081473;080320518;06085811;19151800113;28011973;10081767;109;614 ~~~~~~~~~~~~~~~~~~~~~~~~~~~~~~~~~~~~~~ 04-18
08081473;090320518;07085811;00161800113;29011973;11081767;110;576;933;409;614 ~~~~~~~~~~~~~~~~~~~~~~~~~~ 04-19
09081473;100320518;08085811;01161800113;30011973;12081767;111;631;664 ~~~~~~~~~~~~~~~~~~~~~~~~~~~~~~~~~~ 04-20
10081473;110320518;09085811;02161800113;01021973;13081767;112;665;410;877;614 ~~~~~~~~~~~~~~~~~~~~~~~~~~ 04-21
11081473;120320518;10085811;03161800113;02021973;14081767;113;432;614 ~~~~~~~~~~~~~~~~~~~~~~~~~~~~~~~~~~ 04-22
12081473;130320518;11085811;04161800113;03021973;15081767;114;513;415;614 ~~~~~~~~~~~~~~~~~~~~~~~~~~~~~~ 04-23
13081473;140320518;12085811;05161800113;04021973;16081767;115;614 ~~~~~~~~~~~~~~~~~~~~~~~~~~~~~~~~~~~~~~ 04-24
14081473;150320518;13085811;06161800113;05021973;17081767;116;384;539;575;512;375;614 ~~~~~~~~~~~~~~~~~~ 04-25
15081473;160320518;14085811;07161800113;06021973;18081767;117;670;541;825;949;406;614 ~~~~~~~~~~~~~~~~~~ 04-26
16081473;170320518;15085811;08161800113;07021973;19081767;118;667;437;614 ~~~~~~~~~~~~~~~~~~~~~~~~~~~~~~ 04-27
17081473;180320518;16085811;09161800113;08021973;20081767;119;671;614 ~~~~~~~~~~~~~~~~~~~~~~~~~~~~~~~~~~ 04-28
18081473;190320518;17085811;10161800113;09021973;21081767;120;668;614 ~~~~~~~~~~~~~~~~~~~~~~~~~~~~~~~~~~ 04-29
19081473;200320518;18085811;11161800113;10021973;22081767;121;669;518 ~~~~~~~~~~~~~~~~~~~~~~~~~~~~~~~~~~ 04-30
20081473;210320518;19085811;12161800113;11021973;23081767;122;674;615 ~~~~~~~~~~~~~~~~~~~~~~~~~~~~~~~~~~ 05-01
21081473;220320518;20085811;13161800113;12021973;24081767;123;675 ~~~~~~~~~~~~~~~~~~~~~~~~~~~~~~~~~~~~~~ 05-02
22081473;230320518;21085811;14161800113;13021973;25081767;124;676;398;615 ~~~~~~~~~~~~~~~~~~~~~~~~~~~~~~ 05-03
23081473;240320518;22085811;15161800113;14021973;26081767;125;677 ~~~~~~~~~~~~~~~~~~~~~~~~~~~~~~~~~~~~~~ 05-04
24081473;250320518;23085811;16161800113;15021973;27081767;126;679;403;615 ~~~~~~~~~~~~~~~~~~~~~~~~~~~~~~ 05-05
25081473;260320518;24085811;17161800113;16021973;28081767;127;637;672;939;375 ~~~~~~~~~~~~~~~~~~~~~~~~~~ 05-06
26081473;270320518;25085811;18161800113;17021973;29081767;128;673;554;624;615 ~~~~~~~~~~~~~~~~~~~~~~~~~~ 05-07
27081473;280320518;26085811;19161800113;18021973;30081767;129;682;378;624 ~~~~~~~~~~~~~~~~~~~~~~~~~~~~~~ 05-08
28081473;290320518;27085811;00171800113;19021973;01091767;130;514;825;624;403;615 ~~~~~~~~~~~~~~~~~~~~~~ 05-09
29081473;010420518;28085811;01171800113;20021973;02091767;131;683;380;624 ~~~~~~~~~~~~~~~~~~~~~~~~~~~~~~ 05-10
01091473;020420518;29085811;02171800113;21021973;03091767;132;494;504;624;615 ~~~~~~~~~~~~~~~~~~~~~~~~~~ 05-11
02091473;030420518;01095811;03171800113;22021973;04091767;133;678;510;902;624 ~~~~~~~~~~~~~~~~~~~~~~~~~~ 05-12
03091473;040420518;02095811;04171800113;23021973;05091767;134;681;680;568;624;615 ~~~~~~~~~~~~~~~~~~~~~~ 05-13
04091473;050420518;03095811;05171800113;24021973;06091767;135;451;818;568 ~~~~~~~~~~~~~~~~~~~~~~~~~~~~~~ 05-14
05091473;060420518;04095811;06171800113;25021973;07091767;136;615 ~~~~~~~~~~~~~~~~~~~~~~~~~~~~~~~~~~~~~~ 05-15
06091473;070420518;05095811;07171800113;26021973;08091767;137;553;830;406 ~~~~~~~~~~~~~~~~~~~~~~~~~~~~~~ 05-16
07091473;080420518;06095811;08171800113;27021973;09091767;138;685;397;522;403;505;615 ~~~~~~~~~~~~~~~~~~ 05-17
08091473;090420518;07095811;09171800113;28021973;10091767;139;797;927 ~~~~~~~~~~~~~~~~~~~~~~~~~~~~~~~~~~ 05-18
09091473;100420518;08095811;10171800113;29021973;11091767;140;686;573;615 ~~~~~~~~~~~~~~~~~~~~~~~~~~~~~~ 05-19
10091473;110420518;09095811;11171800113;30021973;12091767;141;687;573 ~~~~~~~~~~~~~~~~~~~~~~~~~~~~~~~~~~ 05-20
11091473;120420518;10095811;12171800113;31021973;13091767;142;449;684;513;889;573;406;615 ~~~~~~~~~~~~~~ 05-21
12091473;130420518;11095811;13171800113;01031973;14091767;143;789 ~~~~~~~~~~~~~~~~~~~~~~~~~~~~~~~~~~~~~~ 05-22
13091473;140420518;12095811;14171800113;02031973;15091767;144;798;615 ~~~~~~~~~~~~~~~~~~~~~~~~~~~~~~~~~~ 05-23
14091473;150420518;13095811;15171800113;03031973;16091767;145;894 ~~~~~~~~~~~~~~~~~~~~~~~~~~~~~~~~~~~~~~ 05-24
15091473;160420518;14095811;16171800113;04031973;17091767;146;385;537;937;403;615 ~~~~~~~~~~~~~~~~~~~~~~ 05-25
16091473;170420518;15095811;17171800113;05031973;18091767;147;689;892;406 ~~~~~~~~~~~~~~~~~~~~~~~~~~~~~~ 05-26
17091473;180420518;16095811;18171800113;06031973;19091767;148;439;615 ~~~~~~~~~~~~~~~~~~~~~~~~~~~~~~~~~~ 05-27
18091473;190420518;17095811;19171800113;07031973;20091767;149;439;375 ~~~~~~~~~~~~~~~~~~~~~~~~~~~~~~~~~~ 05-28
19091473;200420518;18095811;00001900113;08031973;21091767;150;438;416;505;615 ~~~~~~~~~~~~~~~~~~~~~~~~~~ 05-29
20091473;210420518;19095811;01001900113;09031973;22091767;151 ~~~~~~~~~~~~~~~~~~~~~~~~~~~~~~~~~~~~~~~~~~ 05-30
21091473;220420518;20095811;02001900113;10031973;23091767;152;688;411;615 ~~~~~~~~~~~~~~~~~~~~~~~~~~~~~~ 05-31
22091473;230420518;21095811;03001900113;11031973;24091767;153;398 ~~~~~~~~~~~~~~~~~~~~~~~~~~~~~~~~~~~~~~ 06-01
23091473;240420518;22095811;04001900113;12031973;25091767;154;692;694;616 ~~~~~~~~~~~~~~~~~~~~~~~~~~~~~~ 06-02
24091473;250420518;23095811;05001900113;13031973;26091767;155;637;693 ~~~~~~~~~~~~~~~~~~~~~~~~~~~~~~~~~~ 06-03
25091473;260420518;24095811;06001900113;14031973;27091767;156;690;505;616 ~~~~~~~~~~~~~~~~~~~~~~~~~~~~~~ 06-04
26091473;270420518;25095811;07001900113;15031973;28091767;157;433;530;833;406;616;605 ~~~~~~~~~~~~~~~~~~ 06-05
27091473;280420518;26095811;08001900113;16031973;29091767;158;514;508;616 ~~~~~~~~~~~~~~~~~~~~~~~~~~~~~~ 06-06
28091473;290420518;27095811;09001900113;17031973;30091767;159;691;412 ~~~~~~~~~~~~~~~~~~~~~~~~~~~~~~~~~~ 06-07
29091473;300420518;28095811;10001900113;18031973;01101767;160;380;921;942;616 ~~~~~~~~~~~~~~~~~~~~~~~~~~ 06-08
30091473;010520518;29095811;11001900113;19031973;02101767;161;507;506;616 ~~~~~~~~~~~~~~~~~~~~~~~~~~~~~~ 06-09
01101473;020520518;30095811;12001900113;20031973;03101767;162;697;799;502;616 ~~~~~~~~~~~~~~~~~~~~~~~~~~ 06-10
02101473;030520518;01105811;13001900113;21031973;04101767;163;695;420;569 ~~~~~~~~~~~~~~~~~~~~~~~~~~~~~~ 06-11
03101473;040520518;02105811;14001900113;22031973;05101767;164;569;616 ~~~~~~~~~~~~~~~~~~~~~~~~~~~~~~~~~~ 06-12
04101473;050520518;03105811;15001900113;23031973;06101767;165;696;564;616 ~~~~~~~~~~~~~~~~~~~~~~~~~~~~~~ 06-13
05101473;060520518;04105811;16001900113;24031973;07101767;166;412;616 ~~~~~~~~~~~~~~~~~~~~~~~~~~~~~~~~~~ 06-14
06101473;070520518;05105811;17001900113;25031973;08101767;167;698;397;406 ~~~~~~~~~~~~~~~~~~~~~~~~~~~~~~ 06-15
07101473;080520518;06105811;18001900113;26031973;09101767;168;701;699;616 ~~~~~~~~~~~~~~~~~~~~~~~~~~~~~~ 06-16
08101473;090520518;07105811;19001900113;27031973;10101767;169;513 ~~~~~~~~~~~~~~~~~~~~~~~~~~~~~~~~~~~~~~ 06-17
09101473;100520518;08105811;00011900113;28031973;11101767;170;452;452;552;616 ~~~~~~~~~~~~~~~~~~~~~~~~~~ 06-18
10101473;110520518;09105811;01011900113;29031973;12101767;171;375;616 ~~~~~~~~~~~~~~~~~~~~~~~~~~~~~~~~~~ 06-19
11101473;120520518;10105811;02011900113;30031973;13101767;172;793;896;460;406;616 ~~~~~~~~~~~~~~~~~~~~~~ 06-20
12101473;130520518;11105811;03011900113;31031973;14101767;173;425;421;616 ~~~~~~~~~~~~~~~~~~~~~~~~~~~~~~ 06-21
13101473;140520518;12105811;04011900113;01041973;15101767;174;461;403;616 ~~~~~~~~~~~~~~~~~~~~~~~~~~~~~~ 06-22
14101473;150520518;13105811;05011900113;02041973;16101767;175;386;941;700 ~~~~~~~~~~~~~~~~~~~~~~~~~~~~~~ 06-23
15101473;160520518;14105811;06011900113;03041973;17101767;176;702;874;616 ~~~~~~~~~~~~~~~~~~~~~~~~~~~~~~ 06-24
16101473;170520518;15105811;07011900113;04041973;18101767;177;616 ~~~~~~~~~~~~~~~~~~~~~~~~~~~~~~~~~~~~~~ 06-25
17101473;180520518;16105811;08011900113;05041973;19101767;178;616 ~~~~~~~~~~~~~~~~~~~~~~~~~~~~~~~~~~~~~~ 06-26
18101473;190520518;17105811;09011900113;06041973;20101767;179;616 ~~~~~~~~~~~~~~~~~~~~~~~~~~~~~~~~~~~~~~ 06-27
19101473;200520518;18105811;10011900113;07041973;21101767;180;704;412;616 ~~~~~~~~~~~~~~~~~~~~~~~~~~~~~~ 06-28
20101473;210520518;19105811;11011900113;08041973;22101767;181;820;616 ~~~~~~~~~~~~~~~~~~~~~~~~~~~~~~~~~~ 06-29
21101473;220520518;20105811;12011900113;09041973;23101767;182;596;703;578;403;406;616 ~~~~~~~~~~~~~~~~~~ 06-30
22101473;230520518;21105811;13011900113;10041973;24101767;183;637;705;840;398 ~~~~~~~~~~~~~~~~~~~~~~~~~~ 07-01
23101473;240520518;22105811;14011900113;11041973;25101767;184;795;514;617 ~~~~~~~~~~~~~~~~~~~~~~~~~~~~~~ 07-02
24101473;250520518;23105811;15011900113;12041973;26101767;185 ~~~~~~~~~~~~~~~~~~~~~~~~~~~~~~~~~~~~~~~~~~ 07-03
25101473;260520518;24105811;16011900113;13041973;27101767;186;946;403;617 ~~~~~~~~~~~~~~~~~~~~~~~~~~~~~~ 07-04
26101473;270520518;25105811;17011900113;14041973;28101767;187 ~~~~~~~~~~~~~~~~~~~~~~~~~~~~~~~~~~~~~~~~~~ 07-05
27101473;280520518;26105811;18011900113;15041973;29101767;188;373;617 ~~~~~~~~~~~~~~~~~~~~~~~~~~~~~~~~~~ 07-06
28101473;290520518;27105811;19011900113;16041973;30101767;189;380;565;617 ~~~~~~~~~~~~~~~~~~~~~~~~~~~~~~ 07-07
29101473;010620518;28105811;00021900113;17041973;01111767;190;706;565;617 ~~~~~~~~~~~~~~~~~~~~~~~~~~~~~~ 07-08
01111473;020620518;29105811;01021900113;18041973;02111767;191 ~~~~~~~~~~~~~~~~~~~~~~~~~~~~~~~~~~~~~~~~~~ 07-09
02111473;030620518;01115811;02021900113;19041973;03111767;192;707;436;870;617 ~~~~~~~~~~~~~~~~~~~~~~~~~~ 07-10
03111473;040620518;02115811;03021900113;20041973;04111767;193 ~~~~~~~~~~~~~~~~~~~~~~~~~~~~~~~~~~~~~~~~~~ 07-11
04111473;050620518;03115811;04021900113;21041973;05111767;194;617 ~~~~~~~~~~~~~~~~~~~~~~~~~~~~~~~~~~~~~~ 07-12
05111473;060620518;04115811;05021900113;22041973;06111767;195;617 ~~~~~~~~~~~~~~~~~~~~~~~~~~~~~~~~~~~~~~ 07-13
06111473;070620518;05115811;06021900113;23041973;07111767;196;617 ~~~~~~~~~~~~~~~~~~~~~~~~~~~~~~~~~~~~~~ 07-14
07111473;080620518;06115811;07021900113;24041973;08111767;197;708;397;513;406;617 ~~~~~~~~~~~~~~~~~~~~~~ 07-15
08111473;090620518;07115811;08021900113;25041973;09111767;198;709;403;617 ~~~~~~~~~~~~~~~~~~~~~~~~~~~~~~ 07-16
09111473;100620518;08115811;09021900113;26041973;10111767;199;710 ~~~~~~~~~~~~~~~~~~~~~~~~~~~~~~~~~~~~~~ 07-17
10111473;110620518;09115811;10021900113;27041973;11111767;200;617 ~~~~~~~~~~~~~~~~~~~~~~~~~~~~~~~~~~~~~~ 07-18
11111473;120620518;10115811;11021900113;28041973;12111767;201;711;432;546;617 ~~~~~~~~~~~~~~~~~~~~~~~~~~ 07-19
12111473;130620518;11115811;12021900113;29041973;13111767;202;631;406;617 ~~~~~~~~~~~~~~~~~~~~~~~~~~~~~~ 07-20
13111473;140620518;12115811;13021900113;30041973;14111767;203 ~~~~~~~~~~~~~~~~~~~~~~~~~~~~~~~~~~~~~~~~~~ 07-21
14111473;150620518;13115811;14021900113;31041973;15111767;204;713;617 ~~~~~~~~~~~~~~~~~~~~~~~~~~~~~~~~~~ 07-22
15111473;160620518;14115811;15021900113;01051973;16111767;205;714;387;531;561 ~~~~~~~~~~~~~~~~~~~~~~~~~~ 07-23
16111473;170620518;15115811;16021900113;02051973;17111767;206;399;403;617 ~~~~~~~~~~~~~~~~~~~~~~~~~~~~~~ 07-24
17111473;180620518;16115811;17021900113;03051973;18111767;207 ~~~~~~~~~~~~~~~~~~~~~~~~~~~~~~~~~~~~~~~~~~ 07-25
18111473;190620518;17115811;18021900113;04051973;19111767;208;412;617 ~~~~~~~~~~~~~~~~~~~~~~~~~~~~~~~~~~ 07-26
19111473;200620518;18115811;19021900113;05051973;20111767;209;712;715;820;400;617 ~~~~~~~~~~~~~~~~~~~~~~ 07-27
20111473;210620518;19115811;00031900113;06051973;21111767;210;716;514;403;617 ~~~~~~~~~~~~~~~~~~~~~~~~~~ 07-28
21111473;220620518;20115811;01031900113;07051973;22111767;211 ~~~~~~~~~~~~~~~~~~~~~~~~~~~~~~~~~~~~~~~~~~ 07-29
22111473;230620518;21115811;02031900113;08051973;23111767;212;398;400;617 ~~~~~~~~~~~~~~~~~~~~~~~~~~~~~~ 07-30
23111473;240620518;22115811;03031900113;09051973;24111767;213 ~~~~~~~~~~~~~~~~~~~~~~~~~~~~~~~~~~~~~~~~~~ 07-31
24111473;250620518;23115811;04031900113;10051973;25111767;214;718;403;618 ~~~~~~~~~~~~~~~~~~~~~~~~~~~~~~ 08-01
25111473;260620518;24115811;05031900113;11051973;26111767;215;878;400;412 ~~~~~~~~~~~~~~~~~~~~~~~~~~~~~~ 08-02
26111473;270620518;25115811;06031900113;12051973;27111767;216;618 ~~~~~~~~~~~~~~~~~~~~~~~~~~~~~~~~~~~~~~ 08-03
27111473;280620518;26115811;07031900113;13051973;28111767;217;719 ~~~~~~~~~~~~~~~~~~~~~~~~~~~~~~~~~~~~~~ 08-04
28111473;290620518;27115811;08031900113;14051973;29111767;218;637;720;868;403;618 ~~~~~~~~~~~~~~~~~~~~~~ 08-05
29111473;010720518;28115811;09031900113;15051973;30111767;219;717;380 ~~~~~~~~~~~~~~~~~~~~~~~~~~~~~~~~~~ 08-06
30111473;020720518;29115811;10031900113;16051973;01121767;220;618 ~~~~~~~~~~~~~~~~~~~~~~~~~~~~~~~~~~~~~~ 08-07
01121473;030720518;30115811;11031900113;17051973;02121767;221;400 ~~~~~~~~~~~~~~~~~~~~~~~~~~~~~~~~~~~~~~ 08-08
02121473;040720518;01125811;12031900113;18051973;03121767;222;722;579;861;412;618 ~~~~~~~~~~~~~~~~~~~~~~ 08-09
03121473;050720518;02125811;13031900113;19051973;04121767;223 ~~~~~~~~~~~~~~~~~~~~~~~~~~~~~~~~~~~~~~~~~~ 08-10
04121473;060720518;03125811;14031900113;20051973;05121767;224;891;400;618 ~~~~~~~~~~~~~~~~~~~~~~~~~~~~~~ 08-11
05121473;070720518;04125811;15031900113;21051973;06121767;225;723;513;572 ~~~~~~~~~~~~~~~~~~~~~~~~~~~~~~ 08-12
06121473;080720518;05125811;16031900113;22051973;07121767;226;721;403;618 ~~~~~~~~~~~~~~~~~~~~~~~~~~~~~~ 08-13
07121473;090720518;06125811;17031900113;23051973;08121767;227;397;400 ~~~~~~~~~~~~~~~~~~~~~~~~~~~~~~~~~~ 08-14
08121473;100720518;07125811;18031900113;24051973;09121767;228;618 ~~~~~~~~~~~~~~~~~~~~~~~~~~~~~~~~~~~~~~ 08-15
09121473;110720518;08125811;19031900113;25051973;10121767;229;855;501;412 ~~~~~~~~~~~~~~~~~~~~~~~~~~~~~~ 08-16
10121473;120720518;09125811;00041900113;26051973;11121767;230;401;500;618 ~~~~~~~~~~~~~~~~~~~~~~~~~~~~~~ 08-17
11121473;130720518;10125811;01041900113;27051973;12121767;231;926;938;500 ~~~~~~~~~~~~~~~~~~~~~~~~~~~~~~ 08-18
12121473;140720518;11125811;02041900113;28051973;13121767;232;724;567;406;618 ~~~~~~~~~~~~~~~~~~~~~~~~~~ 08-19
13121473;150720518;12125811;03041900113;29051973;14121767;233;376;500;567 ~~~~~~~~~~~~~~~~~~~~~~~~~~~~~~ 08-20
14121473;160720518;13125811;04041900113;30051973;15121767;234;388;897;909;910;500;403;618 ~~~~~~~~~~~~~~ 08-21
15121473;170720518;14125811;05041900113;31051973;16121767;235;556;925 ~~~~~~~~~~~~~~~~~~~~~~~~~~~~~~~~~~ 08-22
16121473;180720518;15125811;06041900113;01061973;17121767;236;412;618 ~~~~~~~~~~~~~~~~~~~~~~~~~~~~~~~~~~ 08-23
17121473;190720518;16125811;07041900113;02061973;18121767;237;514;875;406 ~~~~~~~~~~~~~~~~~~~~~~~~~~~~~~ 08-24
18121473;200720518;17125811;08041900113;03061973;19121767;238;427;437;841;403;618 ~~~~~~~~~~~~~~~~~~~~~~ 08-25
19121473;210720518;18125811;09041900113;04061973;20121767;239;725 ~~~~~~~~~~~~~~~~~~~~~~~~~~~~~~~~~~~~~~ 08-26
20121473;220720518;19125811;10041900113;05061973;21121767;240;428;725;618 ~~~~~~~~~~~~~~~~~~~~~~~~~~~~~~ 08-27
21121473;230720518;20125811;11041900113;06061973;22121767;241;796;398;872 ~~~~~~~~~~~~~~~~~~~~~~~~~~~~~~ 08-28
22121473;240720518;21125811;12041900113;07061973;23121767;242;594;871;403;406;618 ~~~~~~~~~~~~~~~~~~~~~~ 08-29
23121473;250720518;22125811;13041900113;08061973;24121767;243;595;412;421 ~~~~~~~~~~~~~~~~~~~~~~~~~~~~~~ 08-30
24121473;260720518;23125811;14041900113;09061973;25121767;244;842;618 ~~~~~~~~~~~~~~~~~~~~~~~~~~~~~~~~~~ 08-31
25121473;270720518;24125811;15041900113;10061973;26121767;245;596;727;433;503 ~~~~~~~~~~~~~~~~~~~~~~~~~~ 09-01
26121473;280720518;25125811;16041900113;11061973;27121767;246;429;637;728;403;619 ~~~~~~~~~~~~~~~~~~~~~~ 09-02
27121473;290720518;26125811;17041900113;12061973;28121767;247;430;417;856;406;619 ~~~~~~~~~~~~~~~~~~~~~~ 09-03
28121473;300720518;27125811;18041900113;13061973;29121767;248;434;380;467;619 ~~~~~~~~~~~~~~~~~~~~~~~~~~ 09-04
29121473;010820518;28125811;19041900113;14061973;30121767;249;435 ~~~~~~~~~~~~~~~~~~~~~~~~~~~~~~~~~~~~~~ 09-05
01011474;020820518;29125811;00051900113;15061973;01131767;250;495;521;403;619 ~~~~~~~~~~~~~~~~~~~~~~~~~~ 09-06
02011474;030820518;01215812;01051900113;16061973;02131767;251;521;619 ~~~~~~~~~~~~~~~~~~~~~~~~~~~~~~~~~~ 09-07
03011474;040820518;02215812;02051900113;17061973;03131767;252;596;597;521;619 ~~~~~~~~~~~~~~~~~~~~~~~~~~ 09-08
04011474;050820518;03215812;03051900113;18061973;04131767;253;513;550 ~~~~~~~~~~~~~~~~~~~~~~~~~~~~~~~~~~ 09-09
05011474;060820518;04215812;04051900113;19061973;05131767;254;455;845;915;403;619 ~~~~~~~~~~~~~~~~~~~~~~ 09-10
06011474;070820518;05215812;05051900113;20061973;06131767;255;729;846;619 ~~~~~~~~~~~~~~~~~~~~~~~~~~~~~~ 09-11
07011474;080820518;06215812;06051900113;21061973;01011768;256;847;418;619 ~~~~~~~~~~~~~~~~~~~~~~~~~~~~~~ 09-12
08011474;090820518;07215812;07051900113;22061973;02011768;257;726;397;908;412;619 ~~~~~~~~~~~~~~~~~~~~~~ 09-13
09011474;100820518;08215812;08051900113;23061973;03011768;258;730;403;496;619 ~~~~~~~~~~~~~~~~~~~~~~~~~~ 09-14
10011474;110820518;09215812;09051900113;24061973;04011768;259;734;498 ~~~~~~~~~~~~~~~~~~~~~~~~~~~~~~~~~~ 09-15
11011474;120820518;10215812;10051900113;25061973;05011768;260;735;903;527;619 ~~~~~~~~~~~~~~~~~~~~~~~~~~ 09-16
12011474;130820518;11215812;11051900113;26061973;06011768;261;731;619;848 ~~~~~~~~~~~~~~~~~~~~~~~~~~~~~~ 09-17
13011474;140820518;12215812;12051900113;27061973;07011768;262;403;406;619 ~~~~~~~~~~~~~~~~~~~~~~~~~~~~~~ 09-18
14011474;150820518;13215812;13051900113;28061973;08011768;263;732;520;551;570;619 ~~~~~~~~~~~~~~~~~~~~~~ 09-19
15011474;160820518;14215812;14051900113;29061973;09011768;264;389;390;534;907;412;619 ~~~~~~~~~~~~~~~~~~ 09-20
16011474;170820518;15215812;15051900113;30061973;10011768;265;733;514;523;418;619;848 ~~~~~~~~~~~~~~~~~~ 09-21
17011474;180820518;16215812;16051900113;31061973;11011768;266;738;462;523;403;619 ~~~~~~~~~~~~~~~~~~~~~~ 09-22
18011474;190820518;17215812;17051900113;01071973;12011768;267;739;423;523;406;848 ~~~~~~~~~~~~~~~~~~~~~~ 09-23
19011474;200820518;18215812;18051900113;02071973;13011768;268;740;463;523;619 ~~~~~~~~~~~~~~~~~~~~~~~~~~ 09-24
20011474;210820518;19215812;19051900113;03071973;14011768;269;736;523;848 ~~~~~~~~~~~~~~~~~~~~~~~~~~~~~~ 09-25
21011474;220820518;20215812;00061900113;04071973;15011768;270;737;398;523;403;619 ~~~~~~~~~~~~~~~~~~~~~~ 09-26
22011474;230820518;21215812;01061900113;05071973;16011768;271;742;790;523 ~~~~~~~~~~~~~~~~~~~~~~~~~~~~~~ 09-27
23011474;240820518;22215812;02061900113;06071973;17011768;272;741;790;524;406;496;619 ~~~~~~~~~~~~~~~~~~ 09-28
24011474;250820518;23215812;03061900113;07071973;18011768;273;790;525;421;848 ~~~~~~~~~~~~~~~~~~~~~~~~~~ 09-29
25011474;260820518;24215812;04061900113;08071973;19011768;274;743;790;869;853;403;619 ~~~~~~~~~~~~~~~~~~ 09-30
26011474;270820518;25215812;05061900113;09071973;20011768;275;790;853 ~~~~~~~~~~~~~~~~~~~~~~~~~~~~~~~~~~ 10-01
27011474;280820518;26215812;06061900113;10071973;21011768;276;744;790;853;620 ~~~~~~~~~~~~~~~~~~~~~~~~~~ 10-02
28011474;290820518;27215812;07061900113;11071973;22011768;277;745;790 ~~~~~~~~~~~~~~~~~~~~~~~~~~~~~~~~~~ 10-03
29011474;300820518;28215812;08061900113;12071973;23011768;278;746;380;920;952;496;574;620 ~~~~~~~~~~~~~~ 10-04
30011474;010920518;29215812;09061900113;13071973;24011768;279;747;895;929;497;620 ~~~~~~~~~~~~~~~~~~~~~~ 10-05
01021474;020920518;30215812;10061900113;14071973;25011768;280;748;513;620 ~~~~~~~~~~~~~~~~~~~~~~~~~~~~~~ 10-06
02021474;030920518;01225812;11061900113;15071973;26011768;281;637 ~~~~~~~~~~~~~~~~~~~~~~~~~~~~~~~~~~~~~~ 10-07
03021474;040920518;02225812;12061900113;16071973;27011768;282;750;749;403;406;620 ~~~~~~~~~~~~~~~~~~~~~~ 10-08
04021474;050920518;03225812;13061900113;17071973;28011768;283;751;620 ~~~~~~~~~~~~~~~~~~~~~~~~~~~~~~~~~~ 10-09
05021474;060920518;04225812;14061900113;18071973;29011768;284;791;620 ~~~~~~~~~~~~~~~~~~~~~~~~~~~~~~~~~~ 10-10
06021474;070920518;05225812;15061900113;19071973;30011768;285;752;367;918;412;620 ~~~~~~~~~~~~~~~~~~~~~~ 10-11
07021474;080920518;06225812;16061900113;20071973;01021768;286;753;397;368;919;403;620 ~~~~~~~~~~~~~~~~~~ 10-12
08021474;090920518;07225812;17061900113;21071973;02021768;287;596;548;563;406;848 ~~~~~~~~~~~~~~~~~~~~~~ 10-13
09021474;100920518;08225812;18061900113;22071973;03021768;288;754;885;620 ~~~~~~~~~~~~~~~~~~~~~~~~~~~~~~ 10-14
10021474;110920518;09225812;19061900113;23071973;04021768;289;432;549;560 ~~~~~~~~~~~~~~~~~~~~~~~~~~~~~~ 10-15
11021474;120920518;10225812;00071900113;24071973;05021768;290;755;899;403;620 ~~~~~~~~~~~~~~~~~~~~~~~~~~ 10-16
12021474;130920518;11225812;01071900113;25071973;06021768;291;756;620 ~~~~~~~~~~~~~~~~~~~~~~~~~~~~~~~~~~ 10-17
13021474;140920518;12225812;02071900113;26071973;07021768;292;757;413;406;418;620 ~~~~~~~~~~~~~~~~~~~~~~ 10-18
14021474;150920518;13225812;03071900113;27071973;08021768;293;631;391;514;532;882;922;949;620 ~~~~~~~~~~ 10-19
15021474;160920518;14225812;04071900113;28071973;09021768;294;541;784;620 ~~~~~~~~~~~~~~~~~~~~~~~~~~~~~~ 10-20
16021474;170920518;15225812;05071900113;29071973;10021768;295;758;785;620 ~~~~~~~~~~~~~~~~~~~~~~~~~~~~~~ 10-21
17021474;180920518;16225812;06071900113;30071973;11021768;296;369;881;786;620 ~~~~~~~~~~~~~~~~~~~~~~~~~~ 10-22
18021474;190920518;17225812;07071900113;01081973;12021768;297;787;620 ~~~~~~~~~~~~~~~~~~~~~~~~~~~~~~~~~~ 10-23
19021474;200920518;18225812;08071900113;02081973;13021768;298;620 ~~~~~~~~~~~~~~~~~~~~~~~~~~~~~~~~~~~~~~ 10-24
20021474;210920518;19225812;09071900113;03081973;14021768;299;371;431;844;620 ~~~~~~~~~~~~~~~~~~~~~~~~~~ 10-25
21021474;220920518;20225812;10071900113;04081973;15021768;300;398;499;620 ~~~~~~~~~~~~~~~~~~~~~~~~~~~~~~ 10-26
22021474;230920518;21225812;11071900113;05081973;16021768;301;849 ~~~~~~~~~~~~~~~~~~~~~~~~~~~~~~~~~~~~~~ 10-27
23021474;240920518;22225812;12071900113;06081973;17021768;302;759;403;620 ~~~~~~~~~~~~~~~~~~~~~~~~~~~~~~ 10-28
24021474;250920518;23225812;13071900113;07081973;18021768;303 ~~~~~~~~~~~~~~~~~~~~~~~~~~~~~~~~~~~~~~~~~~ 10-29
25021474;260920518;24225812;14071900113;08081973;19021768;304;558;911;620 ~~~~~~~~~~~~~~~~~~~~~~~~~~~~~~ 10-30
26021474;270920518;25225812;15071900113;09081973;20021768;305;784 ~~~~~~~~~~~~~~~~~~~~~~~~~~~~~~~~~~~~~~ 10-31
27021474;280920518;26225812;16071900113;10081973;21021768;306;761;779;785;403;621 ~~~~~~~~~~~~~~~~~~~~~~ 11-01
28021474;290920518;27225812;17071900113;11081973;22021768;307;762;513;780;893 ~~~~~~~~~~~~~~~~~~~~~~~~~~ 11-02
29021474;011020518;28225812;18071900113;12081973;23021768;308;380;781;786;621 ~~~~~~~~~~~~~~~~~~~~~~~~~~ 11-03
01031474;021020518;29225812;19071900113;13081973;24021768;309;637;763;436;782;787 ~~~~~~~~~~~~~~~~~~~~~~ 11-04
02031474;031020518;01235812;00081900113;14081973;25021768;310;535;783;788;418;621 ~~~~~~~~~~~~~~~~~~~~~~ 11-05
03031474;041020518;02235812;01081900113;15081973;26021768;311;760 ~~~~~~~~~~~~~~~~~~~~~~~~~~~~~~~~~~~~~~ 11-06
04031474;051020518;03235812;02081900113;16081973;27021768;312;406;621 ~~~~~~~~~~~~~~~~~~~~~~~~~~~~~~~~~~ 11-07
05031474;061020518;04235812;03081900113;17081973;28021768;313;809;421 ~~~~~~~~~~~~~~~~~~~~~~~~~~~~~~~~~~ 11-08
06031474;071020518;05235812;04081900113;18081973;29021768;314;764;543;403;621 ~~~~~~~~~~~~~~~~~~~~~~~~~~ 11-09
07031474;081020518;06235812;05081900113;19081973;30021768;315 ~~~~~~~~~~~~~~~~~~~~~~~~~~~~~~~~~~~~~~~~~~ 11-10
08031474;091020518;07235812;06081900113;20081973;01031768;316;397;621 ~~~~~~~~~~~~~~~~~~~~~~~~~~~~~~~~~~ 11-11
09031474;101020518;08235812;07081900113;21081973;02031768;317;406 ~~~~~~~~~~~~~~~~~~~~~~~~~~~~~~~~~~~~~~ 11-12
10031474;111020518;09235812;08081900113;22081973;03031768;318;879;403;621 ~~~~~~~~~~~~~~~~~~~~~~~~~~~~~~ 11-13
11031474;121020518;10235812;09081900113;23081973;04031768;319;547 ~~~~~~~~~~~~~~~~~~~~~~~~~~~~~~~~~~~~~~ 11-14
12031474;131020518;11235812;10081900113;24081973;05031768;320;399;829;934;511;621 ~~~~~~~~~~~~~~~~~~~~~~ 11-15
13031474;141020518;12235812;11081900113;25081973;06031768;321;766 ~~~~~~~~~~~~~~~~~~~~~~~~~~~~~~~~~~~~~~ 11-16
14031474;151020518;13235812;12081900113;26081973;07031768;322;394;514;403;406;621 ~~~~~~~~~~~~~~~~~~~~~~ 11-17
15031474;161020518;14235812;13081900113;27081973;08031768;323;767;880;400;843 ~~~~~~~~~~~~~~~~~~~~~~~~~~ 11-18
16031474;171020518;15235812;14081900113;28081973;09031768;324;765;621 ~~~~~~~~~~~~~~~~~~~~~~~~~~~~~~~~~~ 11-19
17031474;181020518;16235812;15081900113;29081973;10031768;325;511 ~~~~~~~~~~~~~~~~~~~~~~~~~~~~~~~~~~~~~~ 11-20
18031474;191020518;17235812;16081900113;30081973;11031768;326;453;400;403;621 ~~~~~~~~~~~~~~~~~~~~~~~~~~ 11-21
19031474;201020518;18235812;17081900113;01091973;12031768;327;769;788 ~~~~~~~~~~~~~~~~~~~~~~~~~~~~~~~~~~ 11-22
20031474;211020518;19235812;18081900113;02091973;13031768;328;440;422;418;621 ~~~~~~~~~~~~~~~~~~~~~~~~~~ 11-23
21031474;221020518;20235812;19081900113;03091973;14031768;329;441;398;400 ~~~~~~~~~~~~~~~~~~~~~~~~~~~~~~ 11-24
22031474;231020518;21235812;00091900113;04091973;15031768;330;770;768;864;876;621 ~~~~~~~~~~~~~~~~~~~~~~ 11-25
23031474;241020518;22235812;01091900113;05091973;16031768;331;843 ~~~~~~~~~~~~~~~~~~~~~~~~~~~~~~~~~~~~~~ 11-26
24031474;251020518;23235812;02091900113;06091973;17031768;332;442;400;406;621 ~~~~~~~~~~~~~~~~~~~~~~~~~~ 11-27
25031474;261020518;24235812;03091900113;07091973;18031768;333;771;433;936 ~~~~~~~~~~~~~~~~~~~~~~~~~~~~~~ 11-28
26031474;271020518;25235812;04091900113;08091973;19031768;334;772;369;513;516;403;621 ~~~~~~~~~~~~~~~~~~ 11-29
27031474;281020518;26235812;05091900113;09091973;20031768;335;516;400 ~~~~~~~~~~~~~~~~~~~~~~~~~~~~~~~~~~ 11-30
28031474;291020518;27235812;06091900113;10091973;21031768;336;774;516;622 ~~~~~~~~~~~~~~~~~~~~~~~~~~~~~~ 12-01
29031474;301020518;28235812;07091900113;11091973;22031768;337;637;775;370;516;406;418 ~~~~~~~~~~~~~~~~~~ 12-02
30031474;011120518;29235812;08091900113;12091973;23031768;338;380;589;516;400;403;622 ~~~~~~~~~~~~~~~~~~ 12-03
01041474;021120518;01245812;09091900113;13091973;24031768;339;516 ~~~~~~~~~~~~~~~~~~~~~~~~~~~~~~~~~~~~~~ 12-04
02041474;031120518;02245812;10091900113;14091973;25031768;340;773;401;516;622 ~~~~~~~~~~~~~~~~~~~~~~~~~~ 12-05
03041474;041120518;03245812;11091900113;15091973;26031768;341;516 ~~~~~~~~~~~~~~~~~~~~~~~~~~~~~~~~~~~~~~ 12-06
04041474;051120518;04245812;12091900113;16091973;27031768;342;403;406;622 ~~~~~~~~~~~~~~~~~~~~~~~~~~~~~~ 12-07
05041474;061120518;05245812;13091900113;17091973;28031768;343;944 ~~~~~~~~~~~~~~~~~~~~~~~~~~~~~~~~~~~~~~ 12-08
06041474;071120518;06245812;14091900113;18091973;29031768;344;776;622 ~~~~~~~~~~~~~~~~~~~~~~~~~~~~~~~~~~ 12-09
07041474;081120518;07245812;15091900113;19091973;30031768;345;777;397;590 ~~~~~~~~~~~~~~~~~~~~~~~~~~~~~~ 12-10
08041474;091120518;08245812;16091900113;20091973;01041768;346;403;622 ~~~~~~~~~~~~~~~~~~~~~~~~~~~~~~~~~~ 12-11
09041474;101120518;09245812;17091900113;21091973;02041768;347;406 ~~~~~~~~~~~~~~~~~~~~~~~~~~~~~~~~~~~~~~ 12-12
10041474;111120518;10245812;18091900113;22091973;03041768;348;437;557;890;622 ~~~~~~~~~~~~~~~~~~~~~~~~~~ 12-13
11041474;121120518;11245812;19091900113;23091973;04041768;349;554 ~~~~~~~~~~~~~~~~~~~~~~~~~~~~~~~~~~~~~~ 12-14
12041474;131120518;12245812;00101900113;24091973;05041768;350;778;514;403;622 ~~~~~~~~~~~~~~~~~~~~~~~~~~ 12-15
13041474;141120518;13245812;01101900113;25091973;06041768;351 ~~~~~~~~~~~~~~~~~~~~~~~~~~~~~~~~~~~~~~~~~~ 12-16
14041474;151120518;14245812;02101900113;26091973;07041768;352;395;545;887;591;622 ~~~~~~~~~~~~~~~~~~~~~~ 12-17
15041474;161120518;15245812;03101900113;27091973;08041768;353 ~~~~~~~~~~~~~~~~~~~~~~~~~~~~~~~~~~~~~~~~~~ 12-18
16041474;171120518;16245812;04101900113;28091973;09041768;354;403;622 ~~~~~~~~~~~~~~~~~~~~~~~~~~~~~~~~~~ 12-19
17041474;181120518;17245812;05101900113;29091973;10041768;355;371 ~~~~~~~~~~~~~~~~~~~~~~~~~~~~~~~~~~~~~~ 12-20
18041474;191120518;18245812;06101900113;30091973;11041768;356;466;622 ~~~~~~~~~~~~~~~~~~~~~~~~~~~~~~~~~~ 12-21
19041474;201120518;19245812;07101900113;01101973;12041768;357;426;406 ~~~~~~~~~~~~~~~~~~~~~~~~~~~~~~~~~~ 12-22
20041474;211120518;20245812;08101900113;02101973;13041768;358;465;403;622 ~~~~~~~~~~~~~~~~~~~~~~~~~~~~~~ 12-23
21041474;221120518;21245812;09101900113;03101973;14041768;359;398;592 ~~~~~~~~~~~~~~~~~~~~~~~~~~~~~~~~~~ 12-24
22041474;231120518;22245812;10101900113;04101973;15041768;360;622 ~~~~~~~~~~~~~~~~~~~~~~~~~~~~~~~~~~~~~~ 12-25
23041474;241120518;23245812;11101900113;05101973;16041768;361 ~~~~~~~~~~~~~~~~~~~~~~~~~~~~~~~~~~~~~~~~~~ 12-26
24041474;251120518;24245812;12101900113;06101973;17041768;362;513;403;406;622 ~~~~~~~~~~~~~~~~~~~~~~~~~~ 12-27
25041474;261120518;25245812;13101900113;07101973;18041768;363;917 ~~~~~~~~~~~~~~~~~~~~~~~~~~~~~~~~~~~~~~ 12-28
26041474;271120518;26245812;14101900113;08101973;19041768;364;418;622 ~~~~~~~~~~~~~~~~~~~~~~~~~~~~~~~~~~ 12-29
27041474;281120518;27245812;15101900113;09101973;20041768;365 ~~~~~~~~~~~~~~~~~~~~~~~~~~~~~~~~~~~~~~~~~~ 12-30
28041474;291120518;28245812;16101900113;10101973;21041768;366;622 ~~~~~~~~~~~~~~~~~~~~~~~~~~~~~~~~~~~~~~ 12-31
