21101456;22112034p;20245795;06060200113;11101956;23041751;001;398;867;611 ~~~~~~~~~~~~~~~~~~~~~~~~~~~~~~ 01-01
22101456;23112034p;21245795;07060200113;12101956;24041751;002 ~~~~~~~~~~~~~~~~~~~~~~~~~~~~~~~~~~~~~~~~~~ 01-02
23101456;24112034p;22245795;08060200113;13101956;25041751;003;372;611 ~~~~~~~~~~~~~~~~~~~~~~~~~~~~~~~~~~ 01-03
24101456;25112034p;23245795;09060200113;14101956;26041751;004 ~~~~~~~~~~~~~~~~~~~~~~~~~~~~~~~~~~~~~~~~~~ 01-04
25101456;26112034p;24245795;10060200113;15101956;27041751;005;513;917;611 ~~~~~~~~~~~~~~~~~~~~~~~~~~~~~~ 01-05
26101456;27112034p;25245795;11060200113;16101956;28041751;006;637 ~~~~~~~~~~~~~~~~~~~~~~~~~~~~~~~~~~~~~~ 01-06
27101456;28112034p;26245795;12060200113;17101956;29041751;007;611 ~~~~~~~~~~~~~~~~~~~~~~~~~~~~~~~~~~~~~~ 01-07
28101456;29112034p;27245795;13060200113;18101956;30041751;008;628 ~~~~~~~~~~~~~~~~~~~~~~~~~~~~~~~~~~~~~~ 01-08
29101456;01122034p;28245795;14060200113;19101956;01051751;009;629;380;611 ~~~~~~~~~~~~~~~~~~~~~~~~~~~~~~ 01-09
01111456;02122034p;29245795;15060200113;20101956;02051751;010;436 ~~~~~~~~~~~~~~~~~~~~~~~~~~~~~~~~~~~~~~ 01-10
02111456;03122034p;01255795;16060200113;21101956;03051751;011;611 ~~~~~~~~~~~~~~~~~~~~~~~~~~~~~~~~~~~~~~ 01-11
03111456;04122034p;02255795;17060200113;22101956;04051751;012 ~~~~~~~~~~~~~~~~~~~~~~~~~~~~~~~~~~~~~~~~~~ 01-12
04111456;05122034p;03255795;18060200113;23101956;05051751;013;626;403;611 ~~~~~~~~~~~~~~~~~~~~~~~~~~~~~~ 01-13
05111456;06122034p;04255795;19060200113;24101956;06051751;014;627 ~~~~~~~~~~~~~~~~~~~~~~~~~~~~~~~~~~~~~~ 01-14
06111456;07122034p;05255795;00070200113;25101956;07051751;015;492;611 ~~~~~~~~~~~~~~~~~~~~~~~~~~~~~~~~~~ 01-15
07111456;08122034p;06255795;01070200113;26101956;08051751;016;397 ~~~~~~~~~~~~~~~~~~~~~~~~~~~~~~~~~~~~~~ 01-16
08111456;09122034p;07255795;02070200113;27101956;09051751;017;399;403;611 ~~~~~~~~~~~~~~~~~~~~~~~~~~~~~~ 01-17
09111456;10122034p;08255795;03070200113;28101956;10051751;018;631;433 ~~~~~~~~~~~~~~~~~~~~~~~~~~~~~~~~~~ 01-18
10111456;11122034p;09255795;04070200113;29101956;11051751;019;611 ~~~~~~~~~~~~~~~~~~~~~~~~~~~~~~~~~~~~~~ 01-19
11111456;12122034p;10255795;05070200113;30101956;12051751;020;630;905;400 ~~~~~~~~~~~~~~~~~~~~~~~~~~~~~~ 01-20
12111456;13122034p;11255795;06070200113;01111956;13051751;021;625;514;403;611 ~~~~~~~~~~~~~~~~~~~~~~~~~~ 01-21
13111456;14122034p;12255795;07070200113;02111956;14051751;022;861;412 ~~~~~~~~~~~~~~~~~~~~~~~~~~~~~~~~~~ 01-22
14111456;15122034p;13255795;08070200113;03111956;15051751;023;381;904;375;400;611 ~~~~~~~~~~~~~~~~~~~~~~ 01-23
15111456;16122034p;14255795;09070200113;04111956;16051751;024;632 ~~~~~~~~~~~~~~~~~~~~~~~~~~~~~~~~~~~~~~ 01-24
16111456;17122034p;15255795;10070200113;05111956;17051751;025;415;611 ~~~~~~~~~~~~~~~~~~~~~~~~~~~~~~~~~~ 01-25
17111456;18122034p;16255795;11070200113;06111956;18051751;026;633;916;400 ~~~~~~~~~~~~~~~~~~~~~~~~~~~~~~ 01-26
18111456;19122034p;17255795;12070200113;07111956;19051751;027;634;611 ~~~~~~~~~~~~~~~~~~~~~~~~~~~~~~~~~~ 01-27
19111456;20122034p;18255795;13070200113;08111956;20051751;028;635 ~~~~~~~~~~~~~~~~~~~~~~~~~~~~~~~~~~~~~~ 01-28
20111456;21122034p;19255795;14070200113;09111956;21051751;029;636;400;403;611 ~~~~~~~~~~~~~~~~~~~~~~~~~~ 01-29
21111456;22122034p;20255795;15070200113;10111956;22051751;030;398;580 ~~~~~~~~~~~~~~~~~~~~~~~~~~~~~~~~~~ 01-30
22111456;23122034p;21255795;16070200113;11111956;23051751;031;611 ~~~~~~~~~~~~~~~~~~~~~~~~~~~~~~~~~~~~~~ 01-31
23111456;24122034p;22255795;16070200113;12111956;24051751;032;638 ~~~~~~~~~~~~~~~~~~~~~~~~~~~~~~~~~~~~~~ 02-01
24111456;25122034p;23255795;17070200113;13111956;25051751;033;639;513;403;612 ~~~~~~~~~~~~~~~~~~~~~~~~~~ 02-02
25111456;26122034p;24255795;18070200113;14111956;26051751;034;637;640;375 ~~~~~~~~~~~~~~~~~~~~~~~~~~~~~~ 02-03
26111456;27122034p;25255795;19070200113;15111956;27051751;035;923;400;612 ~~~~~~~~~~~~~~~~~~~~~~~~~~~~~~ 02-04
27111456;28122034p;26255795;00080200113;16111956;28051751;036 ~~~~~~~~~~~~~~~~~~~~~~~~~~~~~~~~~~~~~~~~~~ 02-05
28111456;29122034p;27255795;01080200113;17111956;29051751;037;443;403;612 ~~~~~~~~~~~~~~~~~~~~~~~~~~~~~~ 02-06
29111456;30122034p;28255795;02080200113;18111956;30051751;038;444;401 ~~~~~~~~~~~~~~~~~~~~~~~~~~~~~~~~~~ 02-07
30111456;01012035q;29255795;03080200113;19111956;01061751;039;642;380;376;888;479;490;612 ~~~~~~~~~~~~~~ 02-08
01121456;02012035q;30255795;04080200113;20111956;02061751;040;566;479;490 ~~~~~~~~~~~~~~~~~~~~~~~~~~~~~~ 02-09
02121456;03012035q;01265795;05080200113;21111956;03061751;041;643;566;403;415;612 ~~~~~~~~~~~~~~~~~~~~~~ 02-10
03121456;04012035q;02265795;06080200113;22111956;04061751;042;566;581 ~~~~~~~~~~~~~~~~~~~~~~~~~~~~~~~~~~ 02-11
04121456;05012035q;03265795;07080200113;23111956;05061751;043;641;940;566;412;612 ~~~~~~~~~~~~~~~~~~~~~~ 02-12
05121456;06012035q;04265795;08080200113;24111956;06061751;044 ~~~~~~~~~~~~~~~~~~~~~~~~~~~~~~~~~~~~~~~~~~ 02-13
06121456;07012035q;05265795;09080200113;25111956;07061751;045;403;612 ~~~~~~~~~~~~~~~~~~~~~~~~~~~~~~~~~~ 02-14
07121456;08012035q;06265795;10080200113;26111956;08061751;046;644;397;536;914 ~~~~~~~~~~~~~~~~~~~~~~~~~~ 02-15
08121456;09012035q;07265795;11080200113;27111956;09061751;047;645;612 ~~~~~~~~~~~~~~~~~~~~~~~~~~~~~~~~~~ 02-16
09121456;10012035q;08265795;12080200113;28111956;10061751;048;501;854 ~~~~~~~~~~~~~~~~~~~~~~~~~~~~~~~~~~ 02-17
10121456;11012035q;09265795;13080200113;29111956;11061751;049;514;873;500;854;415;612 ~~~~~~~~~~~~~~~~~~ 02-18
11121456;12012035q;10265795;14080200113;30111956;12061751;050;450;437;500;412 ~~~~~~~~~~~~~~~~~~~~~~~~~~ 02-19
12121456;13012035q;11265795;15080200113;01121956;13061751;051;612 ~~~~~~~~~~~~~~~~~~~~~~~~~~~~~~~~~~~~~~ 02-20
13121456;14012035q;12265795;16080200113;02121956;14061751;052;500 ~~~~~~~~~~~~~~~~~~~~~~~~~~~~~~~~~~~~~~ 02-21
14121456;15012035q;13265795;17080200113;03121956;15061751;053;647;648;382;542;884;948;500;403;612 ~~~~~~ 02-22
15121456;16012035q;14265795;18080200113;04121956;16061751;054;649 ~~~~~~~~~~~~~~~~~~~~~~~~~~~~~~~~~~~~~~ 02-23
16121456;17012035q;15265795;19080200113;05121956;17061751;055;801;612 ~~~~~~~~~~~~~~~~~~~~~~~~~~~~~~~~~~ 02-24
17121456;18012035q;16265795;00090200113;06121956;18061751;056 ~~~~~~~~~~~~~~~~~~~~~~~~~~~~~~~~~~~~~~~~~~ 02-25
18121456;19012035q;17265795;01090200113;07121956;19061751;057;841;403;412;415;612 ~~~~~~~~~~~~~~~~~~~~~~ 02-26
19121456;20012035q;18265795;02090200113;08121956;20061751;058;646 ~~~~~~~~~~~~~~~~~~~~~~~~~~~~~~~~~~~~~~ 02-27
20121456;21012035q;19265795;03090200113;09121956;21061751;059;650;612 ~~~~~~~~~~~~~~~~~~~~~~~~~~~~~~~~~~ 02-28
21121456;22012035q;20265795;07090200113;10121956;22061751;061;653;398 ~~~~~~~~~~~~~~~~~~~~~~~~~~~~~~~~~~ 03-01
22121456;23012035q;21265795;08090200113;11121956;23061751;062;654;513;403;613 ~~~~~~~~~~~~~~~~~~~~~~~~~~ 03-02
23121456;24012035q;22265795;09090200113;12121956;24061751;063;637;432 ~~~~~~~~~~~~~~~~~~~~~~~~~~~~~~~~~~ 03-03
24121456;25012035q;23265795;10090200113;13121956;25061751;064;655;842;613 ~~~~~~~~~~~~~~~~~~~~~~~~~~~~~~ 03-04
25121456;26012035q;24265795;11090200113;14121956;26061751;065;822;943;412;613 ~~~~~~~~~~~~~~~~~~~~~~~~~~ 03-05
26121456;27012035q;25265795;12090200113;15121956;27061751;066;403;613 ~~~~~~~~~~~~~~~~~~~~~~~~~~~~~~~~~~ 03-06
27121456;28012035q;26265795;13090200113;16121956;28061751;067;613 ~~~~~~~~~~~~~~~~~~~~~~~~~~~~~~~~~~~~~~ 03-07
28121456;29012035q;27265795;14090200113;17121956;29061751;068;656;886;613 ~~~~~~~~~~~~~~~~~~~~~~~~~~~~~~ 03-08
29121456;30012035q;28265795;15090200113;18121956;30061751;069;380;950 ~~~~~~~~~~~~~~~~~~~~~~~~~~~~~~~~~~ 03-09
01011457;01022035q;29265795;16090200113;19121956;01071751;070;932;495;403;613 ~~~~~~~~~~~~~~~~~~~~~~~~~~ 03-10
02011457;02022035q;30265795;17090200113;20121956;02071751;071 ~~~~~~~~~~~~~~~~~~~~~~~~~~~~~~~~~~~~~~~~~~ 03-11
03011457;03022035q;01275795;18090200113;21121956;03071751;072;412;613 ~~~~~~~~~~~~~~~~~~~~~~~~~~~~~~~~~~ 03-12
04011457;04022035q;02275795;19090200113;22121956;04071751;073;802 ~~~~~~~~~~~~~~~~~~~~~~~~~~~~~~~~~~~~~~ 03-13
05011457;05022035q;03275795;00100200113;23121956;05071751;074;416;403;613 ~~~~~~~~~~~~~~~~~~~~~~~~~~~~~~ 03-14
06011457;06022035q;04275795;01100200113;24121956;06071751;075;658;514;613 ~~~~~~~~~~~~~~~~~~~~~~~~~~~~~~ 03-15
07011457;07022035q;05275795;02100200113;25121956;07071751;076;397;496;613 ~~~~~~~~~~~~~~~~~~~~~~~~~~~~~~ 03-16
08011457;08022035q;06275795;03100200113;26121956;08071751;077 ~~~~~~~~~~~~~~~~~~~~~~~~~~~~~~~~~~~~~~~~~~ 03-17
09011457;09022035q;07275795;04100200113;27121956;09071751;078;493;403;613 ~~~~~~~~~~~~~~~~~~~~~~~~~~~~~~ 03-18
10011457;10022035q;08275795;05100200113;28121956;10071751;079;517;834;498;412 ~~~~~~~~~~~~~~~~~~~~~~~~~~ 03-19
11011457;11022035q;09275795;06100200113;29121956;11071751;080;657;554;466;613 ~~~~~~~~~~~~~~~~~~~~~~~~~~ 03-20
12011457;12022035q;10275795;07100200113;30121956;12071751;081;424;613 ~~~~~~~~~~~~~~~~~~~~~~~~~~~~~~~~~~ 03-21
13011457;13022035q;11275795;08100200113;01011957;13071751;082;459;851;403;613 ~~~~~~~~~~~~~~~~~~~~~~~~~~ 03-22
14011457;14022035q;12275795;09100200113;02011957;14071751;083;445;383;544;623;906 ~~~~~~~~~~~~~~~~~~~~~~ 03-23
15011457;15022035q;13275795;10100200113;03011957;15071751;084;446;598;496;613 ~~~~~~~~~~~~~~~~~~~~~~~~~~ 03-24
16011457;16022035q;14275795;11100200113;04011957;16071751;085;447;562;807;519;613 ~~~~~~~~~~~~~~~~~~~~~~ 03-25
17011457;17022035q;15275795;12100200113;05011957;17071751;086;448;562;403;613 ~~~~~~~~~~~~~~~~~~~~~~~~~~ 03-26
18011457;18022035q;16275795;13100200113;06011957;18071751;087;659;562;613 ~~~~~~~~~~~~~~~~~~~~~~~~~~~~~~ 03-27
19011457;19022035q;17275795;14100200113;07011957;19071751;088;660;613 ~~~~~~~~~~~~~~~~~~~~~~~~~~~~~~~~~~ 03-28
20011457;20022035q;18275795;15100200113;08011957;20071751;089;652;613 ~~~~~~~~~~~~~~~~~~~~~~~~~~~~~~~~~~ 03-29
21011457;21022035q;19275795;16100200113;09011957;21071751;090;413;513;852;403;613 ~~~~~~~~~~~~~~~~~~~~~~ 03-30
22011457;22022035q;20275795;17100200113;10011957;22071751;091;398;533;924 ~~~~~~~~~~~~~~~~~~~~~~~~~~~~~~ 03-31
23011457;23022035q;21275795;18100200113;11011957;23071751;092;662;614 ~~~~~~~~~~~~~~~~~~~~~~~~~~~~~~~~~~ 04-01
24011457;24022035q;22275795;19100200113;12011957;24071751;093;651 ~~~~~~~~~~~~~~~~~~~~~~~~~~~~~~~~~~~~~~ 04-02
25011457;25022035q;23275795;00110200113;13011957;25071751;094;403;651;614 ~~~~~~~~~~~~~~~~~~~~~~~~~~~~~~ 04-03
26011457;26022035q;24275795;01110200113;14011957;26071751;095;663;900;651 ~~~~~~~~~~~~~~~~~~~~~~~~~~~~~~ 04-04
27011457;27022035q;25275795;02110200113;15011957;27071751;096;571;651;614 ~~~~~~~~~~~~~~~~~~~~~~~~~~~~~~ 04-05
28011457;28022035q;26275795;03110200113;16011957;28071751;097;614;651 ~~~~~~~~~~~~~~~~~~~~~~~~~~~~~~~~~~ 04-06
29011457;29022035q;27275795;04110200113;17011957;29071751;098;637;661;800;496;651;614 ~~~~~~~~~~~~~~~~~~ 04-07
30011457;01032035q;28275795;05110200113;18011957;30071751;099;380;497 ~~~~~~~~~~~~~~~~~~~~~~~~~~~~~~~~~~ 04-08
01021457;02032035q;29275795;06110200113;19011957;01081751;100;538;559;935;614 ~~~~~~~~~~~~~~~~~~~~~~~~~~ 04-09
02021457;03032035q;01285795;07110200113;20011957;02081751;101;614 ~~~~~~~~~~~~~~~~~~~~~~~~~~~~~~~~~~~~~~ 04-10
03021457;04032035q;02285795;08110200113;21011957;03081751;102;514;555;577;403;614 ~~~~~~~~~~~~~~~~~~~~~~ 04-11
04021457;05032035q;03285795;09110200113;22011957;04081751;103 ~~~~~~~~~~~~~~~~~~~~~~~~~~~~~~~~~~~~~~~~~~ 04-12
05021457;06032035q;04285795;10110200113;23011957;05081751;104;945;614 ~~~~~~~~~~~~~~~~~~~~~~~~~~~~~~~~~~ 04-13
06021457;07032035q;05285795;11110200113;24011957;06081751;105;397 ~~~~~~~~~~~~~~~~~~~~~~~~~~~~~~~~~~~~~~ 04-14
07021457;08032035q;06285795;12110200113;25011957;07081751;106;403;614 ~~~~~~~~~~~~~~~~~~~~~~~~~~~~~~~~~~ 04-15
08021457;09032035q;07285795;13110200113;26011957;08081751;107;794;433;576;864;933 ~~~~~~~~~~~~~~~~~~~~~~ 04-16
09021457;10032035q;08285795;14110200113;27011957;09081751;108;614 ~~~~~~~~~~~~~~~~~~~~~~~~~~~~~~~~~~~~~~ 04-17
10021457;11032035q;09285795;15110200113;28011957;10081751;109;877;614 ~~~~~~~~~~~~~~~~~~~~~~~~~~~~~~~~~~ 04-18
11021457;12032035q;10285795;16110200113;29011957;11081751;110;631;664;614 ~~~~~~~~~~~~~~~~~~~~~~~~~~~~~~ 04-19
12021457;13032035q;11285795;17110200113;30011957;12081751;111;665 ~~~~~~~~~~~~~~~~~~~~~~~~~~~~~~~~~~~~~~ 04-20
13021457;14032035q;12285795;18110200113;01021957;13081751;112;666;614 ~~~~~~~~~~~~~~~~~~~~~~~~~~~~~~~~~~ 04-21
14021457;15032035q;13285795;19110200113;02021957;14081751;113;384;539;575 ~~~~~~~~~~~~~~~~~~~~~~~~~~~~~~ 04-22
15021457;16032035q;14285795;00120200113;03021957;15081751;114;403;614 ~~~~~~~~~~~~~~~~~~~~~~~~~~~~~~~~~~ 04-23
16021457;17032035q;15285795;01120200113;04021957;16081751;115;515 ~~~~~~~~~~~~~~~~~~~~~~~~~~~~~~~~~~~~~~ 04-24
17021457;18032035q;16285795;02120200113;05021957;17081751;116;670;614 ~~~~~~~~~~~~~~~~~~~~~~~~~~~~~~~~~~ 04-25
18021457;19032035q;17285795;03120200113;06021957;18081751;117;667;513 ~~~~~~~~~~~~~~~~~~~~~~~~~~~~~~~~~~ 04-26
19021457;20032035q;18285795;04120200113;07021957;19081751;118;671;403;614 ~~~~~~~~~~~~~~~~~~~~~~~~~~~~~~ 04-27
20021457;21032035q;19285795;05120200113;08021957;20081751;119;668;844 ~~~~~~~~~~~~~~~~~~~~~~~~~~~~~~~~~~ 04-28
21021457;22032035q;20285795;06120200113;09021957;21081751;120;669;614 ~~~~~~~~~~~~~~~~~~~~~~~~~~~~~~~~~~ 04-29
22021457;23032035q;21285795;07120200113;10021957;22081751;121;398 ~~~~~~~~~~~~~~~~~~~~~~~~~~~~~~~~~~~~~~ 04-30
23021457;24032035q;22285795;08120200113;11021957;23081751;122;675;615 ~~~~~~~~~~~~~~~~~~~~~~~~~~~~~~~~~~ 05-01
24021457;25032035q;23285795;09120200113;12021957;24081751;123;676;436 ~~~~~~~~~~~~~~~~~~~~~~~~~~~~~~~~~~ 05-02
25021457;26032035q;24285795;10120200113;13021957;25081751;124;494;677;806;615 ~~~~~~~~~~~~~~~~~~~~~~~~~~ 05-03
26021457;27032035q;25285795;11120200113;14021957;26081751;125;679;939 ~~~~~~~~~~~~~~~~~~~~~~~~~~~~~~~~~~ 05-04
27021457;28032035q;26285795;12120200113;15021957;27081751;126;637;672;403;615 ~~~~~~~~~~~~~~~~~~~~~~~~~~ 05-05
28021457;29032035q;27285795;13120200113;16021957;28081751;127;673;526;624 ~~~~~~~~~~~~~~~~~~~~~~~~~~~~~~ 05-06
29021457;30032035q;28285795;14120200113;17021957;29081751;128;674;380;928;624;615 ~~~~~~~~~~~~~~~~~~~~~~ 05-07
01031457;01042035q;29285795;15120200113;18021957;30081751;129;833;624 ~~~~~~~~~~~~~~~~~~~~~~~~~~~~~~~~~~ 05-08
02031457;02042035q;30285795;16120200113;19021957;01091751;130;683;514;902;624;615 ~~~~~~~~~~~~~~~~~~~~~~ 05-09
03031457;03042035q;01295795;17120200113;20021957;02091751;131;510;624 ~~~~~~~~~~~~~~~~~~~~~~~~~~~~~~~~~~ 05-10
04031457;04042035q;02295795;18120200113;21021957;03091751;132;678;624;615 ~~~~~~~~~~~~~~~~~~~~~~~~~~~~~~ 05-11
05031457;05042035q;03295795;19120200113;22021957;04091751;133;681;680;568;624 ~~~~~~~~~~~~~~~~~~~~~~~~~~ 05-12
06031457;06042035q;04295795;00130200113;23021957;05091751;134;449;451;399;553;528;568;403;615 ~~~~~~~~~~ 05-13
07031457;07042035q;05295795;01130200113;24021957;06091751;135;682;397;830;529 ~~~~~~~~~~~~~~~~~~~~~~~~~~ 05-14
08031457;08042035q;06295795;02130200113;25021957;07091751;136;927;615 ~~~~~~~~~~~~~~~~~~~~~~~~~~~~~~~~~~ 05-15
09031457;09042035q;07295795;03130200113;26021957;08091751;137;685;400 ~~~~~~~~~~~~~~~~~~~~~~~~~~~~~~~~~~ 05-16
10031457;10042035q;08295795;04130200113;27021957;09091751;138;797;831;889;615 ~~~~~~~~~~~~~~~~~~~~~~~~~~ 05-17
11031457;11042035q;09295795;05130200113;28021957;10091751;139;686;814;573;843 ~~~~~~~~~~~~~~~~~~~~~~~~~~ 05-18
12031457;12042035q;10295795;06130200113;29021957;11091751;140;687;511;573;400;615 ~~~~~~~~~~~~~~~~~~~~~~ 05-19
13031457;13042035q;11295795;07130200113;30021957;12091751;141;684;420;894;573 ~~~~~~~~~~~~~~~~~~~~~~~~~~ 05-20
14031457;14042035q;12295795;08130200113;31021957;13091751;142;789;385;403;615 ~~~~~~~~~~~~~~~~~~~~~~~~~~ 05-21
15031457;15042035q;13295795;09130200113;01031957;14091751;143;537;937;400 ~~~~~~~~~~~~~~~~~~~~~~~~~~~~~~ 05-22
16031457;16042035q;14295795;10130200113;02031957;15091751;144;798;892;615 ~~~~~~~~~~~~~~~~~~~~~~~~~~~~~~ 05-23
17031457;17042035q;15295795;11130200113;03031957;16091751;145;513;511 ~~~~~~~~~~~~~~~~~~~~~~~~~~~~~~~~~~ 05-24
18031457;18042035q;16295795;12130200113;04031957;17091751;146;689;400;615 ~~~~~~~~~~~~~~~~~~~~~~~~~~~~~~ 05-25
19031457;19042035q;17295795;13130200113;05031957;18091751;147;439 ~~~~~~~~~~~~~~~~~~~~~~~~~~~~~~~~~~~~~~ 05-26
20031457;20042035q;18295795;14130200113;06031957;19091751;148;439;518;615 ~~~~~~~~~~~~~~~~~~~~~~~~~~~~~~ 05-27
21031457;21042035q;19295795;15130200113;07031957;20091751;149;438;400 ~~~~~~~~~~~~~~~~~~~~~~~~~~~~~~~~~~ 05-28
22031457;22042035q;20295795;16130200113;08031957;21091751;150;403;615 ~~~~~~~~~~~~~~~~~~~~~~~~~~~~~~~~~~ 05-29
23031457;23042035q;21295795;17130200113;09031957;22091751;151;688;398;432;421 ~~~~~~~~~~~~~~~~~~~~~~~~~~ 05-30
24031457;24042035q;22295795;18130200113;10031957;23091751;152;400;615 ~~~~~~~~~~~~~~~~~~~~~~~~~~~~~~~~~~ 05-31
25031457;25042035q;23295795;19130200113;11031957;24091751;153;692;694;829 ~~~~~~~~~~~~~~~~~~~~~~~~~~~~~~ 06-01
26031457;26042035q;24295795;00140200113;12031957;25091751;154;637;693;530;403;616 ~~~~~~~~~~~~~~~~~~~~~~ 06-02
27031457;27042035q;25295795;01140200113;13031957;26091751;155;690;400 ~~~~~~~~~~~~~~~~~~~~~~~~~~~~~~~~~~ 06-03
28031457;28042035q;26295795;02140200113;14031957;27091751;156;616 ~~~~~~~~~~~~~~~~~~~~~~~~~~~~~~~~~~~~~~ 06-04
29031457;29042035q;27295795;03140200113;15031957;28091751;157;380;942;616 ~~~~~~~~~~~~~~~~~~~~~~~~~~~~~~ 06-05
30031457;01052035q;28295795;04140200113;16031957;29091751;158;691;401;514;921;616 ~~~~~~~~~~~~~~~~~~~~~~ 06-06
01041457;02052035q;29295795;05140200113;17031957;30091751;159;616 ~~~~~~~~~~~~~~~~~~~~~~~~~~~~~~~~~~~~~~ 06-07
02041457;03052035q;01305795;06140200113;18031957;01101751;160;825;616 ~~~~~~~~~~~~~~~~~~~~~~~~~~~~~~~~~~ 06-08
03041457;04052035q;02305795;07140200113;19031957;02101751;161;697;799 ~~~~~~~~~~~~~~~~~~~~~~~~~~~~~~~~~~ 06-09
04041457;05052035q;03305795;08140200113;20031957;03101751;162;695;564;616 ~~~~~~~~~~~~~~~~~~~~~~~~~~~~~~ 06-10
05041457;06052035q;04305795;09140200113;21031957;04101751;163;569;616 ~~~~~~~~~~~~~~~~~~~~~~~~~~~~~~~~~~ 06-11
06041457;07052035q;05305795;10140200113;22031957;05101751;164;696;397;569;616 ~~~~~~~~~~~~~~~~~~~~~~~~~~ 06-12
07041457;08052035q;06305795;11140200113;23031957;06101751;165;522;616 ~~~~~~~~~~~~~~~~~~~~~~~~~~~~~~~~~~ 06-13
08041457;09052035q;07305795;12140200113;24031957;07101751;166;403;616 ~~~~~~~~~~~~~~~~~~~~~~~~~~~~~~~~~~ 06-14
09041457;10052035q;08305795;13140200113;25031957;08101751;167;596;701;699;552;616 ~~~~~~~~~~~~~~~~~~~~~~ 06-15
10041457;11052035q;09305795;14140200113;26031957;09101751;168;896;616 ~~~~~~~~~~~~~~~~~~~~~~~~~~~~~~~~~~ 06-16
11041457;12052035q;10305795;15140200113;27031957;10101751;169;452;452 ~~~~~~~~~~~~~~~~~~~~~~~~~~~~~~~~~~ 06-17
12041457;13052035q;11305795;16140200113;28031957;11101751;170;403;616 ~~~~~~~~~~~~~~~~~~~~~~~~~~~~~~~~~~ 06-18
13041457;14052035q;12305795;17140200113;29031957;12101751;171;421;616 ~~~~~~~~~~~~~~~~~~~~~~~~~~~~~~~~~~ 06-19
14041457;15052035q;13305795;18140200113;30031957;13101751;172;386;437;513;874;941;460;616 ~~~~~~~~~~~~~~ 06-20
15041457;16052035q;14305795;19140200113;31031957;14101751;173;698;425;616 ~~~~~~~~~~~~~~~~~~~~~~~~~~~~~~ 06-21
16041457;17052035q;15305795;00150200113;01041957;15101751;174;461;700;403;616 ~~~~~~~~~~~~~~~~~~~~~~~~~~ 06-22
17041457;18052035q;16305795;01150200113;02041957;16101751;175;702;616 ~~~~~~~~~~~~~~~~~~~~~~~~~~~~~~~~~~ 06-23
18041457;19052035q;17305795;02150200113;03041957;17101751;176;616 ~~~~~~~~~~~~~~~~~~~~~~~~~~~~~~~~~~~~~~ 06-24
19041457;20052035q;18305795;03150200113;04041957;18101751;177;616 ~~~~~~~~~~~~~~~~~~~~~~~~~~~~~~~~~~~~~~ 06-25
20041457;21052035q;19305795;04150200113;05041957;19101751;178;403;616 ~~~~~~~~~~~~~~~~~~~~~~~~~~~~~~~~~~ 06-26
21041457;22052035q;20305795;05150200113;06041957;20101751;179;704 ~~~~~~~~~~~~~~~~~~~~~~~~~~~~~~~~~~~~~~ 06-27
22041457;23052035q;21305795;06150200113;07041957;21101751;180;398;616 ~~~~~~~~~~~~~~~~~~~~~~~~~~~~~~~~~~ 06-28
23041457;24052035q;22305795;07150200113;08041957;22101751;181;703;578;421 ~~~~~~~~~~~~~~~~~~~~~~~~~~~~~~ 06-29
24041457;25052035q;23305795;08150200113;09041957;23101751;182;616 ~~~~~~~~~~~~~~~~~~~~~~~~~~~~~~~~~~~~~~ 06-30
25041457;26052035q;24305795;09150200113;10041957;24101751;183;795;946 ~~~~~~~~~~~~~~~~~~~~~~~~~~~~~~~~~~ 07-01
26041457;27052035q;25305795;10150200113;11041957;25101751;184;554;617 ~~~~~~~~~~~~~~~~~~~~~~~~~~~~~~~~~~ 07-02
27041457;28052035q;26305795;11150200113;12041957;26101751;185 ~~~~~~~~~~~~~~~~~~~~~~~~~~~~~~~~~~~~~~~~~~ 07-03
28041457;29052035q;27305795;12150200113;13041957;27101751;186;514;617 ~~~~~~~~~~~~~~~~~~~~~~~~~~~~~~~~~~ 07-04
29041457;01062035q;28305795;13150200113;14041957;28101751;187;380;373 ~~~~~~~~~~~~~~~~~~~~~~~~~~~~~~~~~~ 07-05
01051457;02062035q;29305795;14150200113;15041957;29101751;188;596;565;617 ~~~~~~~~~~~~~~~~~~~~~~~~~~~~~~ 07-06
02051457;03062035q;30305795;15150200113;16041957;30101751;189;637;705;840;870;565 ~~~~~~~~~~~~~~~~~~~~~~ 07-07
03051457;04062035q;01315795;16150200113;17041957;01111751;190;617 ~~~~~~~~~~~~~~~~~~~~~~~~~~~~~~~~~~~~~~ 07-08
04051457;05062035q;02315795;17150200113;18041957;02111751;191;707;421 ~~~~~~~~~~~~~~~~~~~~~~~~~~~~~~~~~~ 07-09
05051457;06062035q;03315795;18150200113;19041957;03111751;192;617 ~~~~~~~~~~~~~~~~~~~~~~~~~~~~~~~~~~~~~~ 07-10
06051457;07062035q;04315795;19150200113;20041957;04111751;193;617 ~~~~~~~~~~~~~~~~~~~~~~~~~~~~~~~~~~~~~~ 07-11
07051457;08062035q;05315795;00160200113;21041957;05111751;194;397;403;617 ~~~~~~~~~~~~~~~~~~~~~~~~~~~~~~ 07-12
08051457;09062035q;06315795;01160200113;22041957;06111751;195;433;617 ~~~~~~~~~~~~~~~~~~~~~~~~~~~~~~~~~~ 07-13
09051457;10062035q;07315795;02160200113;23041957;07111751;196;706;617 ~~~~~~~~~~~~~~~~~~~~~~~~~~~~~~~~~~ 07-14
10051457;11062035q;08315795;03160200113;24041957;08111751;197;709 ~~~~~~~~~~~~~~~~~~~~~~~~~~~~~~~~~~~~~~ 07-15
11051457;12062035q;09315795;04160200113;25041957;09111751;198;710;546;403;617 ~~~~~~~~~~~~~~~~~~~~~~~~~~ 07-16
12051457;13062035q;10315795;05160200113;26041957;10111751;199;513 ~~~~~~~~~~~~~~~~~~~~~~~~~~~~~~~~~~~~~~ 07-17
13051457;14062035q;11315795;06160200113;27041957;11111751;200;711;617 ~~~~~~~~~~~~~~~~~~~~~~~~~~~~~~~~~~ 07-18
14051457;15062035q;12315795;07160200113;28041957;12111751;201;631 ~~~~~~~~~~~~~~~~~~~~~~~~~~~~~~~~~~~~~~ 07-19
15051457;16062035q;13315795;08160200113;29041957;13111751;202;387;531;561;403;617 ~~~~~~~~~~~~~~~~~~~~~~ 07-20
16051457;17062035q;14315795;09160200113;30041957;14111751;203;708 ~~~~~~~~~~~~~~~~~~~~~~~~~~~~~~~~~~~~~~ 07-21
17051457;18062035q;15315795;10160200113;31041957;15111751;204;714;617 ~~~~~~~~~~~~~~~~~~~~~~~~~~~~~~~~~~ 07-22
18051457;19062035q;16315795;11160200113;01051957;16111751;205 ~~~~~~~~~~~~~~~~~~~~~~~~~~~~~~~~~~~~~~~~~~ 07-23
19051457;20062035q;17315795;12160200113;02051957;17111751;206;403;617 ~~~~~~~~~~~~~~~~~~~~~~~~~~~~~~~~~~ 07-24
20051457;21062035q;18315795;13160200113;03051957;18111751;207 ~~~~~~~~~~~~~~~~~~~~~~~~~~~~~~~~~~~~~~~~~~ 07-25
21051457;22062035q;19315795;14160200113;04051957;19111751;208;712;715;617 ~~~~~~~~~~~~~~~~~~~~~~~~~~~~~~ 07-26
22051457;23062035q;20315795;15160200113;05051957;20111751;209;716;398 ~~~~~~~~~~~~~~~~~~~~~~~~~~~~~~~~~~ 07-27
23051457;24062035q;21315795;16160200113;06051957;21111751;210;713;417;403;617 ~~~~~~~~~~~~~~~~~~~~~~~~~~ 07-28
24051457;25062035q;22315795;17160200113;07051957;22111751;211 ~~~~~~~~~~~~~~~~~~~~~~~~~~~~~~~~~~~~~~~~~~ 07-29
25051457;26062035q;23315795;18160200113;08051957;23111751;212;617 ~~~~~~~~~~~~~~~~~~~~~~~~~~~~~~~~~~~~~~ 07-30
26051457;27062035q;24315795;19160200113;09051957;24111751;213;878 ~~~~~~~~~~~~~~~~~~~~~~~~~~~~~~~~~~~~~~ 07-31
27051457;28062035q;25315795;00170200113;10051957;25111751;214;403;618 ~~~~~~~~~~~~~~~~~~~~~~~~~~~~~~~~~~ 08-01
28051457;29062035q;26315795;01170200113;11051957;26111751;215;514 ~~~~~~~~~~~~~~~~~~~~~~~~~~~~~~~~~~~~~~ 08-02
29051457;30062035q;27315795;02170200113;12051957;27111751;216;719;380;618 ~~~~~~~~~~~~~~~~~~~~~~~~~~~~~~ 08-03
30051457;01072035q;28315795;03170200113;13051957;28111751;217;637;720 ~~~~~~~~~~~~~~~~~~~~~~~~~~~~~~~~~~ 08-04
01061457;02072035q;29315795;04170200113;14051957;29111751;218;717;618 ~~~~~~~~~~~~~~~~~~~~~~~~~~~~~~~~~~ 08-05
02061457;03072035q;01325795;05170200113;15051957;30111751;219;579;418 ~~~~~~~~~~~~~~~~~~~~~~~~~~~~~~~~~~ 08-06
03061457;04072035q;02325795;06170200113;16051957;01121751;220;718;868;618 ~~~~~~~~~~~~~~~~~~~~~~~~~~~~~~ 08-07
04061457;05072035q;03325795;07170200113;17051957;02121751;221;722;891;421 ~~~~~~~~~~~~~~~~~~~~~~~~~~~~~~ 08-08
05061457;06072035q;04325795;08170200113;18051957;03121751;222;618 ~~~~~~~~~~~~~~~~~~~~~~~~~~~~~~~~~~~~~~ 08-09
06061457;07072035q;05325795;09170200113;19051957;04121751;223;596;397;572 ~~~~~~~~~~~~~~~~~~~~~~~~~~~~~~ 08-10
07061457;08072035q;06325795;10170200113;20051957;05121751;224;723;618 ~~~~~~~~~~~~~~~~~~~~~~~~~~~~~~~~~~ 08-11
08061457;09072035q;07325795;11170200113;21051957;06121751;225;721;467 ~~~~~~~~~~~~~~~~~~~~~~~~~~~~~~~~~~ 08-12
09061457;10072035q;08325795;12170200113;22051957;07121751;226;403;618 ~~~~~~~~~~~~~~~~~~~~~~~~~~~~~~~~~~ 08-13
10061457;11072035q;09325795;13170200113;23051957;08121751;227;513;926 ~~~~~~~~~~~~~~~~~~~~~~~~~~~~~~~~~~ 08-14
11061457;12072035q;10325795;14170200113;24051957;09121751;228;405;618 ~~~~~~~~~~~~~~~~~~~~~~~~~~~~~~~~~~ 08-15
12061457;13072035q;11325795;15170200113;25051957;10121751;229 ~~~~~~~~~~~~~~~~~~~~~~~~~~~~~~~~~~~~~~~~~~ 08-16
13061457;14072035q;12325795;16170200113;26051957;11121751;230;938;567;403;618 ~~~~~~~~~~~~~~~~~~~~~~~~~~ 08-17
14061457;15072035q;13325795;17170200113;27051957;12121751;231;724;388;556;909;910;925;567;421 ~~~~~~~~~~ 08-18
15061457;16072035q;14325795;18170200113;28051957;13121751;232;540;947;618 ~~~~~~~~~~~~~~~~~~~~~~~~~~~~~~ 08-19
16061457;17072035q;15325795;19170200113;29051957;14121751;233 ~~~~~~~~~~~~~~~~~~~~~~~~~~~~~~~~~~~~~~~~~~ 08-20
17061457;18072035q;16325795;00000300113;30051957;15121751;234;859;403;618 ~~~~~~~~~~~~~~~~~~~~~~~~~~~~~~ 08-21
18061457;19072035q;17325795;01000300113;31051957;16121751;235;875 ~~~~~~~~~~~~~~~~~~~~~~~~~~~~~~~~~~~~~~ 08-22
19061457;20072035q;18325795;02000300113;01061957;17121751;236;618 ~~~~~~~~~~~~~~~~~~~~~~~~~~~~~~~~~~~~~~ 08-23
20061457;21072035q;19325795;03000300113;02061957;18121751;237;427;596;418 ~~~~~~~~~~~~~~~~~~~~~~~~~~~~~~ 08-24
21061457;22072035q;20325795;04000300113;03061957;19121751;238;725;403;618 ~~~~~~~~~~~~~~~~~~~~~~~~~~~~~~ 08-25
22061457;23072035q;21325795;05000300113;04061957;20121751;239;428;725;398;432;883 ~~~~~~~~~~~~~~~~~~~~~~ 08-26
23061457;24072035q;22325795;06000300113;05061957;21121751;240;796;618 ~~~~~~~~~~~~~~~~~~~~~~~~~~~~~~~~~~ 08-27
24061457;25072035q;23325795;07000300113;06061957;22121751;241;594 ~~~~~~~~~~~~~~~~~~~~~~~~~~~~~~~~~~~~~~ 08-28
25061457;26072035q;24325795;08000300113;07061957;23121751;242;595;503;618 ~~~~~~~~~~~~~~~~~~~~~~~~~~~~~~ 08-29
26061457;27072035q;25325795;09000300113;08061957;24121751;243;436;514 ~~~~~~~~~~~~~~~~~~~~~~~~~~~~~~~~~~ 08-30
27061457;28072035q;26325795;10000300113;09061957;25121751;244;596;618 ~~~~~~~~~~~~~~~~~~~~~~~~~~~~~~~~~~ 08-31
28061457;29072035q;27325795;11000300113;10061957;26121751;245;429;637;728;380 ~~~~~~~~~~~~~~~~~~~~~~~~~~ 09-01
29061457;01082035q;28325795;12000300113;11061957;27121751;246;430;930;953;403;418;619 ~~~~~~~~~~~~~~~~~~ 09-02
01071457;02082035q;29325795;13000300113;12061957;28121751;247;434;619 ~~~~~~~~~~~~~~~~~~~~~~~~~~~~~~~~~~ 09-03
02071457;03082035q;30325795;14000300113;13061957;29121751;248;435;597;406;619 ~~~~~~~~~~~~~~~~~~~~~~~~~~ 09-04
03071457;04082035q;01335795;15000300113;14061957;30121751;249;550 ~~~~~~~~~~~~~~~~~~~~~~~~~~~~~~~~~~~~~~ 09-05
04071457;05082035q;02335795;16000300113;15061957;01131751;250;915;403;619 ~~~~~~~~~~~~~~~~~~~~~~~~~~~~~~ 09-06
05071457;06082035q;03335795;17000300113;16061957;02131751;251;727;619 ~~~~~~~~~~~~~~~~~~~~~~~~~~~~~~~~~~ 09-07
06071457;07082035q;04335795;18000300113;17061957;03131751;252;619 ~~~~~~~~~~~~~~~~~~~~~~~~~~~~~~~~~~~~~~ 09-08
07071457;08082035q;05335795;19000300113;18061957;04131751;253;455;845;397;408;908;406;619 ~~~~~~~~~~~~~~ 09-09
08071457;09082035q;06335795;00010300113;19061957;05131751;254;729;846;513;619 ~~~~~~~~~~~~~~~~~~~~~~~~~~ 09-10
09071457;10082035q;07335795;01010300113;20061957;06131751;255;858 ~~~~~~~~~~~~~~~~~~~~~~~~~~~~~~~~~~~~~~ 09-11
10071457;11082035q;08335795;02010300113;21061957;01011752;256;847;619 ~~~~~~~~~~~~~~~~~~~~~~~~~~~~~~~~~~ 09-12
11071457;12082035q;09335795;03010300113;22061957;02011752;257;730;726;399;903;619 ~~~~~~~~~~~~~~~~~~~~~~ 09-13
12071457;13082035q;10335795;04010300113;23061957;03011752;258;897;406;619 ~~~~~~~~~~~~~~~~~~~~~~~~~~~~~~ 09-14
13071457;14082035q;11335795;05010300113;24061957;04011752;259;735;857;409 ~~~~~~~~~~~~~~~~~~~~~~~~~~~~~~ 09-15
14071457;15082035q;12335795;06010300113;25061957;05011752;260;731;520;551;570;619 ~~~~~~~~~~~~~~~~~~~~~~ 09-16
15071457;16082035q;13335795;07010300113;26061957;06011752;261;389;390;534;421;619;848 ~~~~~~~~~~~~~~~~~~ 09-17
16071457;17082035q;14335795;08010300113;27061957;07011752;262;732;374;907;619 ~~~~~~~~~~~~~~~~~~~~~~~~~~ 09-18
17071457;18082035q;15335795;09010300113;28061957;08011752;263;400;406 ~~~~~~~~~~~~~~~~~~~~~~~~~~~~~~~~~~ 09-19
18071457;19082035q;16335795;10010300113;29061957;09011752;264;733;418;619 ~~~~~~~~~~~~~~~~~~~~~~~~~~~~~~ 09-20
19071457;20082035q;17335795;11010300113;30061957;10011752;265;734;619 ~~~~~~~~~~~~~~~~~~~~~~~~~~~~~~~~~~ 09-21
20071457;21082035q;18335795;12010300113;31061957;11011752;266;739;462;619 ~~~~~~~~~~~~~~~~~~~~~~~~~~~~~~ 09-22
21071457;22082035q;19335795;13010300113;01071957;12011752;267;740;423 ~~~~~~~~~~~~~~~~~~~~~~~~~~~~~~~~~~ 09-23
22071457;23082035q;20335795;14010300113;02071957;13011752;268;736;398;463;619 ~~~~~~~~~~~~~~~~~~~~~~~~~~ 09-24
23071457;24082035q;21335795;15010300113;03071957;14011752;269;737;514;400;848 ~~~~~~~~~~~~~~~~~~~~~~~~~~ 09-25
24071457;25082035q;22335795;16010300113;04071957;15011752;270;742;790;619 ~~~~~~~~~~~~~~~~~~~~~~~~~~~~~~ 09-26
25071457;26082035q;23335795;17010300113;05071957;16011752;271;741;790;869;421;619 ~~~~~~~~~~~~~~~~~~~~~~ 09-27
26071457;27082035q;24335795;18010300113;06071957;17011752;272;738;790;400;619 ~~~~~~~~~~~~~~~~~~~~~~~~~~ 09-28
27071457;28082035q;25335795;19010300113;07071957;18011752;273;743;790;509;406;619 ~~~~~~~~~~~~~~~~~~~~~~ 09-29
28071457;29082035q;26335795;00020300113;08071957;19011752;274;790;853;403;619 ~~~~~~~~~~~~~~~~~~~~~~~~~~ 09-30
29071457;01092035q;27335795;01020300113;09071957;20011752;275;744;790;380;920;853;848 ~~~~~~~~~~~~~~~~~~ 10-01
30071457;02092035q;28335795;02020300113;10071957;21011752;276;745;790;895;853;620 ~~~~~~~~~~~~~~~~~~~~~~ 10-02
01081457;03092035q;29335795;03020300113;11071957;22011752;277;746;521;409 ~~~~~~~~~~~~~~~~~~~~~~~~~~~~~~ 10-03
02081457;04092035q;01015796;04020300113;12071957;23011752;278;747;521;400;403;406;620 ~~~~~~~~~~~~~~~~~~ 10-04
03081457;05092035q;02015796;05020300113;13071957;24011752;279;748;401;521;620 ~~~~~~~~~~~~~~~~~~~~~~~~~~ 10-05
04081457;06092035q;03015796;06020300113;14071957;25011752;280;637;620 ~~~~~~~~~~~~~~~~~~~~~~~~~~~~~~~~~~ 10-06
05081457;07092035q;04015796;07020300113;15071957;26011752;281;749;421;620 ~~~~~~~~~~~~~~~~~~~~~~~~~~~~~~ 10-07
06081457;08092035q;05015796;08020300113;16071957;27011752;282;751;513;918;620 ~~~~~~~~~~~~~~~~~~~~~~~~~~ 10-08
07081457;09092035q;06015796;09020300113;17071957;28011752;283;791;397;433;548;919;563;406 ~~~~~~~~~~~~~~ 10-09
08081457;10092035q;07015796;10020300113;18071957;29011752;284;752;367;885;375;620 ~~~~~~~~~~~~~~~~~~~~~~ 10-10
09081457;11092035q;08015796;11020300113;19071957;30011752;285;753;368;437;549;560 ~~~~~~~~~~~~~~~~~~~~~~ 10-11
10081457;12092035q;09015796;12020300113;20071957;01021752;286;403;620 ~~~~~~~~~~~~~~~~~~~~~~~~~~~~~~~~~~ 10-12
11081457;13092035q;10015796;13020300113;21071957;02021752;287;754;899;527;620 ~~~~~~~~~~~~~~~~~~~~~~~~~~ 10-13
12081457;14092035q;11015796;14020300113;22071957;03021752;288;750;620 ~~~~~~~~~~~~~~~~~~~~~~~~~~~~~~~~~~ 10-14
13081457;15092035q;12015796;15020300113;23071957;04021752;289;755;407;409 ~~~~~~~~~~~~~~~~~~~~~~~~~~~~~~ 10-15
14081457;16092035q;13015796;16020300113;24071957;05021752;290;756;393;453;882;922;512;403;620 ~~~~~~~~~~ 10-16
15081457;17092035q;14015796;17020300113;25071957;06021752;291;757;532;620 ~~~~~~~~~~~~~~~~~~~~~~~~~~~~~~ 10-17
16081457;18092035q;15015796;18020300113;26071957;07021752;292;631;523;620 ~~~~~~~~~~~~~~~~~~~~~~~~~~~~~~ 10-18
17081457;19092035q;16015796;19020300113;27071957;08021752;293;523 ~~~~~~~~~~~~~~~~~~~~~~~~~~~~~~~~~~~~~~ 10-19
18081457;20092035q;17015796;00030300113;28071957;09021752;294;758;792;514;881;523;784;620 ~~~~~~~~~~~~~~ 10-20
19081457;21092035q;18015796;01030300113;29071957;10021752;295;414;431;523;785;620 ~~~~~~~~~~~~~~~~~~~~~~ 10-21
20081457;22092035q;19015796;02030300113;30071957;11021752;296;369;523;786;620 ~~~~~~~~~~~~~~~~~~~~~~~~~~ 10-22
21081457;23092035q;20015796;03030300113;01081957;12021752;297;398;499;523;787;620 ~~~~~~~~~~~~~~~~~~~~~~ 10-23
22081457;24092035q;21015796;04030300113;02081957;13021752;298;523;620 ~~~~~~~~~~~~~~~~~~~~~~~~~~~~~~~~~~ 10-24
23081457;25092035q;22015796;05030300113;03081957;14021752;299;371;524;620 ~~~~~~~~~~~~~~~~~~~~~~~~~~~~~~ 10-25
24081457;26092035q;23015796;06030300113;04081957;15021752;300;849;525;620 ~~~~~~~~~~~~~~~~~~~~~~~~~~~~~~ 10-26
25081457;27092035q;24015796;07030300113;05081957;16021752;301;759;558;911;620 ~~~~~~~~~~~~~~~~~~~~~~~~~~ 10-27
26081457;28092035q;25015796;08030300113;06081957;17021752;302;779;784;403;620 ~~~~~~~~~~~~~~~~~~~~~~~~~~ 10-28
27081457;29092035q;26015796;09030300113;07081957;18021752;303;780;785;620 ~~~~~~~~~~~~~~~~~~~~~~~~~~~~~~ 10-29
28081457;30092035q;27015796;10030300113;08081957;19021752;304;380;781;786;893;620 ~~~~~~~~~~~~~~~~~~~~~~ 10-30
29081457;01102035q;28015796;11030300113;09081957;20021752;305;422;782;787 ~~~~~~~~~~~~~~~~~~~~~~~~~~~~~~ 10-31
01091457;02102035q;29015796;12030300113;10081957;21021752;306;762;535;783;788;504;403;621 ~~~~~~~~~~~~~~ 11-01
02091457;03102035q;30015796;13030300113;11081957;22021752;307 ~~~~~~~~~~~~~~~~~~~~~~~~~~~~~~~~~~~~~~~~~~ 11-02
03091457;04102035q;01025796;14030300113;12081957;23021752;308;637;763;505;621 ~~~~~~~~~~~~~~~~~~~~~~~~~~ 11-03
04091457;05102035q;02025796;15030300113;13081957;24021752;309;793 ~~~~~~~~~~~~~~~~~~~~~~~~~~~~~~~~~~~~~~ 11-04
05091457;06102035q;03025796;16030300113;14081957;25021752;310;760;513;403;621 ~~~~~~~~~~~~~~~~~~~~~~~~~~ 11-05
06091457;07102035q;04025796;17030300113;15081957;26021752;311;543 ~~~~~~~~~~~~~~~~~~~~~~~~~~~~~~~~~~~~~~ 11-06
07091457;08102035q;05025796;18030300113;16081957;27021752;312;761;397;621 ~~~~~~~~~~~~~~~~~~~~~~~~~~~~~~ 11-07
08091457;09102035q;06025796;19030300113;17081957;28021752;313;764;457 ~~~~~~~~~~~~~~~~~~~~~~~~~~~~~~~~~~ 11-08
09091457;10102035q;07025796;00040300113;18081957;29021752;314;403;621 ~~~~~~~~~~~~~~~~~~~~~~~~~~~~~~~~~~ 11-09
10091457;11102035q;08025796;01040300113;19081957;30021752;315;879 ~~~~~~~~~~~~~~~~~~~~~~~~~~~~~~~~~~~~~~ 11-10
11091457;12102035q;09025796;02040300113;20081957;01031752;316;547;505;621 ~~~~~~~~~~~~~~~~~~~~~~~~~~~~~~ 11-11
12091457;13102035q;10025796;03040300113;21081957;02031752;317;934 ~~~~~~~~~~~~~~~~~~~~~~~~~~~~~~~~~~~~~~ 11-12
13091457;14102035q;11025796;04040300113;22081957;03031752;318;403;418;621 ~~~~~~~~~~~~~~~~~~~~~~~~~~~~~~ 11-13
14091457;15102035q;12025796;05040300113;23081957;04031752;319;415 ~~~~~~~~~~~~~~~~~~~~~~~~~~~~~~~~~~~~~~ 11-14
15091457;16102035q;13025796;06040300113;24081957;05031752;320;766;392;880;621 ~~~~~~~~~~~~~~~~~~~~~~~~~~ 11-15
16091457;17102035q;14025796;07040300113;25081957;06031752;321 ~~~~~~~~~~~~~~~~~~~~~~~~~~~~~~~~~~~~~~~~~~ 11-16
17091457;18102035q;15025796;08040300113;26081957;07031752;322;767;514;403;621 ~~~~~~~~~~~~~~~~~~~~~~~~~~ 11-17
18091457;19102035q;16025796;09040300113;27081957;08031752;323;765 ~~~~~~~~~~~~~~~~~~~~~~~~~~~~~~~~~~~~~~ 11-18
19091457;20102035q;17025796;10040300113;28081957;09031752;324;621 ~~~~~~~~~~~~~~~~~~~~~~~~~~~~~~~~~~~~~~ 11-19
20091457;21102035q;18025796;11040300113;29081957;10031752;325 ~~~~~~~~~~~~~~~~~~~~~~~~~~~~~~~~~~~~~~~~~~ 11-20
21091457;22102035q;19025796;12040300113;30081957;11031752;326;769;398;621 ~~~~~~~~~~~~~~~~~~~~~~~~~~~~~~ 11-21
22091457;23102035q;20025796;13040300113;01091957;12031752;327;440;432;876;788;418 ~~~~~~~~~~~~~~~~~~~~~~ 11-22
23091457;24102035q;21025796;14040300113;02091957;13031752;328;441;375;621 ~~~~~~~~~~~~~~~~~~~~~~~~~~~~~~ 11-23
24091457;25102035q;22025796;15040300113;03091957;14031752;329;770;768 ~~~~~~~~~~~~~~~~~~~~~~~~~~~~~~~~~~ 11-24
25091457;26102035q;23025796;16040300113;04091957;15031752;330;936;403;505;621 ~~~~~~~~~~~~~~~~~~~~~~~~~~ 11-25
26091457;27102035q;24025796;17040300113;05091957;16031752;331;442;409 ~~~~~~~~~~~~~~~~~~~~~~~~~~~~~~~~~~ 11-26
27091457;28102035q;25025796;18040300113;06091957;17031752;332;771;864;508;505;621 ~~~~~~~~~~~~~~~~~~~~~~ 11-27
28091457;29102035q;26025796;19040300113;07091957;18031752;333;772;369 ~~~~~~~~~~~~~~~~~~~~~~~~~~~~~~~~~~ 11-28
29091457;30102035q;27025796;00050300113;08091957;19031752;334;380;621 ~~~~~~~~~~~~~~~~~~~~~~~~~~~~~~~~~~ 11-29
30091457;01112035q;28025796;01050300113;09091957;20031752;335;411;507;506 ~~~~~~~~~~~~~~~~~~~~~~~~~~~~~~ 11-30
01101457;02112035q;29025796;02050300113;10091957;21031752;336;637;775;502;418;622 ~~~~~~~~~~~~~~~~~~~~~~ 12-01
02101457;03112035q;01035796;03050300113;11091957;22031752;337;370;589 ~~~~~~~~~~~~~~~~~~~~~~~~~~~~~~~~~~ 12-02
03101457;04112035q;02035796;04050300113;12091957;23031752;338;513;403;622 ~~~~~~~~~~~~~~~~~~~~~~~~~~~~~~ 12-03
04101457;05112035q;03035796;05050300113;13091957;24031752;339;773 ~~~~~~~~~~~~~~~~~~~~~~~~~~~~~~~~~~~~~~ 12-04
05101457;06112035q;04035796;06050300113;14091957;25031752;340;944;622 ~~~~~~~~~~~~~~~~~~~~~~~~~~~~~~~~~~ 12-05
06101457;07112035q;05035796;07050300113;15091957;26031752;341 ~~~~~~~~~~~~~~~~~~~~~~~~~~~~~~~~~~~~~~~~~~ 12-06
07101457;08112035q;06035796;08050300113;16091957;27031752;342;774;397;403;412;622 ~~~~~~~~~~~~~~~~~~~~~~ 12-07
08101457;09112035q;07035796;09050300113;17091957;28031752;343;776;409 ~~~~~~~~~~~~~~~~~~~~~~~~~~~~~~~~~~ 12-08
09101457;10112035q;08035796;10050300113;18091957;29031752;344;777;590;622 ~~~~~~~~~~~~~~~~~~~~~~~~~~~~~~ 12-09
10101457;11112035q;09035796;11050300113;19091957;30031752;345 ~~~~~~~~~~~~~~~~~~~~~~~~~~~~~~~~~~~~~~~~~~ 12-10
11101457;12112035q;10035796;12050300113;20091957;01041752;346;557;890;622 ~~~~~~~~~~~~~~~~~~~~~~~~~~~~~~ 12-11
12101457;13112035q;11035796;13050300113;21091957;02041752;347 ~~~~~~~~~~~~~~~~~~~~~~~~~~~~~~~~~~~~~~~~~~ 12-12
13101457;14112035q;12035796;14050300113;22091957;03041752;348;622 ~~~~~~~~~~~~~~~~~~~~~~~~~~~~~~~~~~~~~~ 12-13
14101457;15112035q;13035796;15050300113;23091957;04041752;349;395;545;887;409 ~~~~~~~~~~~~~~~~~~~~~~~~~~ 12-14
15101457;16112035q;14035796;16050300113;24091957;05041752;350;514;622 ~~~~~~~~~~~~~~~~~~~~~~~~~~~~~~~~~~ 12-15
16101457;17112035q;15035796;17050300113;25091957;06041752;351;591 ~~~~~~~~~~~~~~~~~~~~~~~~~~~~~~~~~~~~~~ 12-16
17101457;18112035q;16035796;18050300113;26091957;07041752;352;622 ~~~~~~~~~~~~~~~~~~~~~~~~~~~~~~~~~~~~~~ 12-17
18101457;19112035q;17035796;19050300113;27091957;08041752;353;378 ~~~~~~~~~~~~~~~~~~~~~~~~~~~~~~~~~~~~~~ 12-18
19101457;20112035q;18035796;00060300113;28091957;09041752;354;418;622 ~~~~~~~~~~~~~~~~~~~~~~~~~~~~~~~~~~ 12-19
20101457;21112035q;19035796;01060300113;29091957;10041752;355;371 ~~~~~~~~~~~~~~~~~~~~~~~~~~~~~~~~~~~~~~ 12-20
21101457;22112035q;20035796;02060300113;30091957;11041752;356;778;398;466;412;622 ~~~~~~~~~~~~~~~~~~~~~~ 12-21
22101457;23112035q;21035796;03060300113;01101957;12041752;357;426 ~~~~~~~~~~~~~~~~~~~~~~~~~~~~~~~~~~~~~~ 12-22
23101457;24112035q;22035796;04060300113;02101957;13041752;358;592;465;622 ~~~~~~~~~~~~~~~~~~~~~~~~~~~~~~ 12-23
24101457;25112035q;23035796;05060300113;03101957;14041752;359;436;415 ~~~~~~~~~~~~~~~~~~~~~~~~~~~~~~~~~~ 12-24
25101457;26112035q;24035796;06060300113;04101957;15041752;360;917;622 ~~~~~~~~~~~~~~~~~~~~~~~~~~~~~~~~~~ 12-25
26101457;27112035q;25035796;07060300113;05101957;16041752;361;516;375 ~~~~~~~~~~~~~~~~~~~~~~~~~~~~~~~~~~ 12-26
27101457;28112035q;26035796;08060300113;06101957;17041752;362;516;403;622 ~~~~~~~~~~~~~~~~~~~~~~~~~~~~~~ 12-27
28101457;29112035q;27035796;09060300113;07101957;18041752;363;516 ~~~~~~~~~~~~~~~~~~~~~~~~~~~~~~~~~~~~~~ 12-28
29101457;01122035q;28035796;10060300113;08101957;19041752;364;380;516;622 ~~~~~~~~~~~~~~~~~~~~~~~~~~~~~~ 12-29
01111457;02122035q;29035796;11060300113;09101957;20041752;365;513;516 ~~~~~~~~~~~~~~~~~~~~~~~~~~~~~~~~~~ 12-30
02111457;03122035q;30035796;12060300113;10101957;21041752;366;622 ~~~~~~~~~~~~~~~~~~~~~~~~~~~~~~~~~~~~~~ 12-31
