11091486;13112063K;12045824;19131100213;11101985;22041780;001;611 ~~~~~~~~~~~~~~~~~~~~~~~~~~~~~~~~~~~~~~ 01-01
12091486;14112063K;13045824;00141100213;12101985;23041780;002 ~~~~~~~~~~~~~~~~~~~~~~~~~~~~~~~~~~~~~~~~~~ 01-02
13091486;15112063K;14045824;01141100213;13101985;24041780;003;437;505;611 ~~~~~~~~~~~~~~~~~~~~~~~~~~~~~~ 01-03
14091486;16112063K;15045824;02141100213;14101985;25041780;004;381;372;904 ~~~~~~~~~~~~~~~~~~~~~~~~~~~~~~ 01-04
15091486;17112063K;16045824;03141100213;15101985;26041780;005;637;403;505;611 ~~~~~~~~~~~~~~~~~~~~~~~~~~ 01-05
16091486;18112063K;17045824;04141100213;16101985;27041780;006 ~~~~~~~~~~~~~~~~~~~~~~~~~~~~~~~~~~~~~~~~~~ 01-06
17091486;19112063K;18045824;05141100213;17101985;28041780;007;514;916;611 ~~~~~~~~~~~~~~~~~~~~~~~~~~~~~~ 01-07
18091486;20112063K;19045824;06141100213;18101985;29041780;008;629;412 ~~~~~~~~~~~~~~~~~~~~~~~~~~~~~~~~~~ 01-08
19091486;21112063K;20045824;07141100213;19101985;30041780;009;403;611 ~~~~~~~~~~~~~~~~~~~~~~~~~~~~~~~~~~ 01-09
20091486;22112063K;21045824;08141100213;20101985;01051780;010;398;418 ~~~~~~~~~~~~~~~~~~~~~~~~~~~~~~~~~~ 01-10
21091486;23112063K;22045824;09141100213;21101985;02051780;011;611 ~~~~~~~~~~~~~~~~~~~~~~~~~~~~~~~~~~~~~~ 01-11
22091486;24112063K;23045824;10141100213;22101985;03051780;012;626 ~~~~~~~~~~~~~~~~~~~~~~~~~~~~~~~~~~~~~~ 01-12
23091486;25112063K;24045824;11141100213;23101985;04051780;013;627;611 ~~~~~~~~~~~~~~~~~~~~~~~~~~~~~~~~~~ 01-13
24091486;26112063K;25045824;12141100213;24101985;05051780;014;628;923 ~~~~~~~~~~~~~~~~~~~~~~~~~~~~~~~~~~ 01-14
25091486;27112063K;26045824;13141100213;25101985;06051780;015;611 ~~~~~~~~~~~~~~~~~~~~~~~~~~~~~~~~~~~~~~ 01-15
26091486;28112063K;27045824;14141100213;26101985;07051780;016;861 ~~~~~~~~~~~~~~~~~~~~~~~~~~~~~~~~~~~~~~ 01-16
27091486;29112063K;28045824;15141100213;27101985;08051780;017;631;508;403;611 ~~~~~~~~~~~~~~~~~~~~~~~~~~ 01-17
28091486;01122063K;29045824;16141100213;28101985;09051780;018;596;380;507;888 ~~~~~~~~~~~~~~~~~~~~~~~~~~ 01-18
29091486;02122063K;01055824;17141100213;29101985;10051780;019;630;418;611 ~~~~~~~~~~~~~~~~~~~~~~~~~~~~~~ 01-19
30091486;03122063K;02055824;18141100213;30101985;11051780;020;625;506 ~~~~~~~~~~~~~~~~~~~~~~~~~~~~~~~~~~ 01-20
01101486;04122063K;03055824;19141100213;01111985;12051780;021;492;502;403;611 ~~~~~~~~~~~~~~~~~~~~~~~~~~ 01-21
02101486;05122063K;04055824;00151100213;02111985;13051780;022 ~~~~~~~~~~~~~~~~~~~~~~~~~~~~~~~~~~~~~~~~~~ 01-22
03101486;06122063K;05055824;01151100213;03111985;14051780;023;632;513;940;611 ~~~~~~~~~~~~~~~~~~~~~~~~~~ 01-23
04101486;07122063K;06055824;02151100213;04111985;15051780;024;408 ~~~~~~~~~~~~~~~~~~~~~~~~~~~~~~~~~~~~~~ 01-24
05101486;08122063K;07055824;03151100213;05111985;16051780;025;633;611 ~~~~~~~~~~~~~~~~~~~~~~~~~~~~~~~~~~ 01-25
06101486;09122063K;08055824;04151100213;06111985;17051780;026;634;397;432;536;914;406 ~~~~~~~~~~~~~~~~~~ 01-26
07101486;10122063K;09055824;05151100213;07111985;18051780;027;635;611 ~~~~~~~~~~~~~~~~~~~~~~~~~~~~~~~~~~ 01-27
08101486;11122063K;10055824;06151100213;08111985;19051780;028;636 ~~~~~~~~~~~~~~~~~~~~~~~~~~~~~~~~~~~~~~ 01-28
09101486;12122063K;11055824;07151100213;09111985;20051780;029;403;412;580;611 ~~~~~~~~~~~~~~~~~~~~~~~~~~ 01-29
10101486;13122063K;12055824;08151100213;10111985;21051780;030;873;409 ~~~~~~~~~~~~~~~~~~~~~~~~~~~~~~~~~~ 01-30
11101486;14122063K;13055824;09151100213;11111985;22051780;031;611 ~~~~~~~~~~~~~~~~~~~~~~~~~~~~~~~~~~~~~~ 01-31
12101486;15122063K;14055824;09151100213;12111985;23051780;032;639;378 ~~~~~~~~~~~~~~~~~~~~~~~~~~~~~~~~~~ 02-01
13101486;16122063K;15055824;10151100213;13111985;24051780;033;637;640;382;884;947;403;612 ~~~~~~~~~~~~~~ 02-02
14101486;17122063K;16055824;11151100213;14111985;25051780;034;540 ~~~~~~~~~~~~~~~~~~~~~~~~~~~~~~~~~~~~~~ 02-03
15101486;18122063K;17055824;12151100213;15111985;26051780;035;514;612 ~~~~~~~~~~~~~~~~~~~~~~~~~~~~~~~~~~ 02-04
16101486;19122063K;18055824;13151100213;16111985;27051780;036;406;409;412 ~~~~~~~~~~~~~~~~~~~~~~~~~~~~~~ 02-05
17101486;20122063K;19055824;14151100213;17111985;28051780;037;403;612 ~~~~~~~~~~~~~~~~~~~~~~~~~~~~~~~~~~ 02-06
18101486;21122063K;20055824;15151100213;18111985;29051780;038;638 ~~~~~~~~~~~~~~~~~~~~~~~~~~~~~~~~~~~~~~ 02-07
19101486;22122063K;21055824;16151100213;19111985;30051780;039;612 ~~~~~~~~~~~~~~~~~~~~~~~~~~~~~~~~~~~~~~ 02-08
20101486;23122063K;22055824;17151100213;20111985;01061780;040;643;398 ~~~~~~~~~~~~~~~~~~~~~~~~~~~~~~~~~~ 02-09
21101486;24122063K;23055824;18151100213;21111985;02061780;041;403;581;612 ~~~~~~~~~~~~~~~~~~~~~~~~~~~~~~ 02-10
22101486;25122063K;24055824;19151100213;22111985;03061780;042;641;409 ~~~~~~~~~~~~~~~~~~~~~~~~~~~~~~~~~~ 02-11
23101486;26122063K;25055824;00161100213;23111985;04061780;043;943;412;612 ~~~~~~~~~~~~~~~~~~~~~~~~~~~~~~ 02-12
24101486;27122063K;26055824;01161100213;24111985;05061780;044 ~~~~~~~~~~~~~~~~~~~~~~~~~~~~~~~~~~~~~~~~~~ 02-13
25101486;28122063K;27055824;02161100213;25111985;06061780;045;642;612 ~~~~~~~~~~~~~~~~~~~~~~~~~~~~~~~~~~ 02-14
26101486;29122063K;28055824;03161100213;26111985;07061780;046;645;886;406 ~~~~~~~~~~~~~~~~~~~~~~~~~~~~~~ 02-15
27101486;30122063K;29055824;04161100213;27111985;08061780;047;380;612 ~~~~~~~~~~~~~~~~~~~~~~~~~~~~~~~~~~ 02-16
28101486;01012064L;30055824;05161100213;28111985;09061780;048;932;950;479;490;854;409 ~~~~~~~~~~~~~~~~~~ 02-17
29101486;02012064L;01065824;06161100213;29111985;10061780;049;450;566;479;490;854;403;612 ~~~~~~~~~~~~~~ 02-18
01111486;03012064L;02065824;07161100213;30111985;11061780;050;443;513;566;412 ~~~~~~~~~~~~~~~~~~~~~~~~~~ 02-19
02111486;04012064L;03065824;08161100213;01121985;12061780;051;444;566;406;612 ~~~~~~~~~~~~~~~~~~~~~~~~~~ 02-20
03111486;05012064L;04065824;09161100213;02121985;13061780;052;644;566 ~~~~~~~~~~~~~~~~~~~~~~~~~~~~~~~~~~ 02-21
04111486;06012064L;05065824;10161100213;03121985;14061780;053;649;403;612 ~~~~~~~~~~~~~~~~~~~~~~~~~~~~~~ 02-22
05111486;07012064L;06065824;11161100213;04121985;15061780;054;409 ~~~~~~~~~~~~~~~~~~~~~~~~~~~~~~~~~~~~~~ 02-23
06111486;08012064L;07065824;12161100213;05121985;16061780;055;612 ~~~~~~~~~~~~~~~~~~~~~~~~~~~~~~~~~~~~~~ 02-24
07111486;09012064L;08065824;13161100213;06121985;17061780;056;397 ~~~~~~~~~~~~~~~~~~~~~~~~~~~~~~~~~~~~~~ 02-25
08111486;10012064L;09065824;14161100213;07121985;18061780;057;646;612 ~~~~~~~~~~~~~~~~~~~~~~~~~~~~~~~~~~ 02-26
09111486;11012064L;10065824;15161100213;08121985;19061780;058 ~~~~~~~~~~~~~~~~~~~~~~~~~~~~~~~~~~~~~~~~~~ 02-27
10111486;12012064L;11065824;16161100213;09121985;20061780;059;647;648;517;612 ~~~~~~~~~~~~~~~~~~~~~~~~~~ 02-28
11111486;13012064L;12065824;17161100213;10121985;21061780;060;650;414 ~~~~~~~~~~~~~~~~~~~~~~~~~~~~~~~~~~ 02-29
12111486;14012064L;13065824;00171100213;11121985;22061780;061;637;613 ~~~~~~~~~~~~~~~~~~~~~~~~~~~~~~~~~~ 03-01
13111486;15012064L;14065824;01171100213;12121985;23061780;062;655;544;623;519 ~~~~~~~~~~~~~~~~~~~~~~~~~~ 03-02
14111486;16012064L;15065824;02171100213;13121985;24061780;063;383;514;598;906;613 ~~~~~~~~~~~~~~~~~~~~~~ 03-03
15111486;17012064L;16065824;03171100213;14121985;25061780;064;562 ~~~~~~~~~~~~~~~~~~~~~~~~~~~~~~~~~~~~~~ 03-04
16111486;18012064L;17065824;04171100213;15121985;26061780;065;419;562;403;613 ~~~~~~~~~~~~~~~~~~~~~~~~~~ 03-05
17111486;19012064L;18065824;05171100213;16121985;27061780;066;653;562;406 ~~~~~~~~~~~~~~~~~~~~~~~~~~~~~~ 03-06
18111486;20012064L;19065824;06171100213;17121985;28061780;067;654;613 ~~~~~~~~~~~~~~~~~~~~~~~~~~~~~~~~~~ 03-07
19111486;21012064L;20065824;07171100213;18121985;29061780;068;415 ~~~~~~~~~~~~~~~~~~~~~~~~~~~~~~~~~~~~~~ 03-08
20111486;22012064L;21065824;08171100213;19121985;30061780;069;398;403;613 ~~~~~~~~~~~~~~~~~~~~~~~~~~~~~~ 03-09
21111486;23012064L;22065824;09171100213;20121985;01071780;070;433;533;924 ~~~~~~~~~~~~~~~~~~~~~~~~~~~~~~ 03-10
22111486;24012064L;23065824;10171100213;21121985;02071780;071;412;613 ~~~~~~~~~~~~~~~~~~~~~~~~~~~~~~~~~~ 03-11
23111486;25012064L;24065824;11171100213;22121985;03071780;072;409 ~~~~~~~~~~~~~~~~~~~~~~~~~~~~~~~~~~~~~~ 03-12
24111486;26012064L;25065824;12171100213;23121985;04071780;073;656;900;403;613 ~~~~~~~~~~~~~~~~~~~~~~~~~~ 03-13
25111486;27012064L;26065824;13171100213;24121985;05071780;074 ~~~~~~~~~~~~~~~~~~~~~~~~~~~~~~~~~~~~~~~~~~ 03-14
26111486;28012064L;27065824;14171100213;25121985;06071780;075;436;864;613 ~~~~~~~~~~~~~~~~~~~~~~~~~~~~~~ 03-15
27111486;29012064L;28065824;15171100213;26121985;07071780;076 ~~~~~~~~~~~~~~~~~~~~~~~~~~~~~~~~~~~~~~~~~~ 03-16
28111486;30012064L;29065824;16171100213;27121985;08071780;077;380;513;928;403;613 ~~~~~~~~~~~~~~~~~~~~~~ 03-17
29111486;01022064L;01075824;17171100213;28121985;09071780;078;657;409 ~~~~~~~~~~~~~~~~~~~~~~~~~~~~~~~~~~ 03-18
30111486;02022064L;02075824;18171100213;29121985;10071780;079;538;559;935;466;613 ~~~~~~~~~~~~~~~~~~~~~~ 03-19
01121486;03022064L;03075824;19171100213;30121985;11071780;080;658;811;424 ~~~~~~~~~~~~~~~~~~~~~~~~~~~~~~ 03-20
02121486;04022064L;04075824;00001200213;01011986;12071780;081;555;577;459;851;403;613 ~~~~~~~~~~~~~~~~~~ 03-21
03121486;05022064L;05075824;01001200213;02011986;13071780;082 ~~~~~~~~~~~~~~~~~~~~~~~~~~~~~~~~~~~~~~~~~~ 03-22
04121486;06022064L;06075824;02001200213;03011986;14071780;083;399;413;613 ~~~~~~~~~~~~~~~~~~~~~~~~~~~~~~ 03-23
05121486;07022064L;07075824;03001200213;04011986;15071780;084;945;409 ~~~~~~~~~~~~~~~~~~~~~~~~~~~~~~~~~~ 03-24
06121486;08022064L;08075824;04001200213;05011986;16071780;085;659;397;457;403;613 ~~~~~~~~~~~~~~~~~~~~~~ 03-25
07121486;09022064L;09075824;05001200213;06011986;17071780;086;660 ~~~~~~~~~~~~~~~~~~~~~~~~~~~~~~~~~~~~~~ 03-26
08121486;10022064L;10075824;06001200213;07011986;18071780;087;576;933;613 ~~~~~~~~~~~~~~~~~~~~~~~~~~~~~~ 03-27
09121486;11022064L;11075824;07001200213;08011986;19071780;088;652;501 ~~~~~~~~~~~~~~~~~~~~~~~~~~~~~~~~~~ 03-28
10121486;12022064L;12075824;08001200213;09011986;20071780;089;877;500;852;400;613 ~~~~~~~~~~~~~~~~~~~~~~ 03-29
11121486;13022064L;13075824;09001200213;10011986;21071780;090;493;500;409 ~~~~~~~~~~~~~~~~~~~~~~~~~~~~~~ 03-30
12121486;14022064L;14075824;10001200213;11011986;22071780;091;613 ~~~~~~~~~~~~~~~~~~~~~~~~~~~~~~~~~~~~~~ 03-31
13121486;15022064L;15075824;11001200213;12011986;23071780;092;384;514;539;575;500;515;400 ~~~~~~~~~~~~~~ 04-01
14121486;16022064L;16075824;12001200213;13011986;24071780;093;663;500;403;614 ~~~~~~~~~~~~~~~~~~~~~~~~~~ 04-02
15121486;17022064L;17075824;13001200213;14011986;25071780;094 ~~~~~~~~~~~~~~~~~~~~~~~~~~~~~~~~~~~~~~~~~~ 04-03
16121486;18022064L;18075824;14001200213;15011986;26071780;095;445;571;400;614 ~~~~~~~~~~~~~~~~~~~~~~~~~~ 04-04
17121486;19022064L;19075824;15001200213;16011986;27071780;096;446;637;661;406;409 ~~~~~~~~~~~~~~~~~~~~~~ 04-05
18121486;20022064L;20075824;16001200213;17011986;28071780;097;447;662;841;403;614 ~~~~~~~~~~~~~~~~~~~~~~ 04-06
19121486;21022064L;21075824;17001200213;18011986;29071780;098;448;651 ~~~~~~~~~~~~~~~~~~~~~~~~~~~~~~~~~~ 04-07
20121486;22022064L;22075824;18001200213;19011986;30071780;099;398;614;651 ~~~~~~~~~~~~~~~~~~~~~~~~~~~~~~ 04-08
21121486;23022064L;23075824;19001200213;20011986;01081780;100;651 ~~~~~~~~~~~~~~~~~~~~~~~~~~~~~~~~~~~~~~ 04-09
22121486;24022064L;24075824;00011200213;21011986;02081780;101;400;651;403;406;614 ~~~~~~~~~~~~~~~~~~~~~~ 04-10
23121486;25022064L;25075824;01011200213;22011986;03081780;102;651 ~~~~~~~~~~~~~~~~~~~~~~~~~~~~~~~~~~~~~~ 04-11
24121486;26022064L;26075824;02011200213;23011986;04081780;103;939;651;842;614 ~~~~~~~~~~~~~~~~~~~~~~~~~~ 04-12
25121486;27022064L;27075824;03011200213;24011986;05081780;104;526;400 ~~~~~~~~~~~~~~~~~~~~~~~~~~~~~~~~~~ 04-13
26121486;28022064L;28075824;04011200213;25011986;06081780;105;513;403;614 ~~~~~~~~~~~~~~~~~~~~~~~~~~~~~~ 04-14
27121486;29022064L;29075824;05011200213;26011986;07081780;106;401 ~~~~~~~~~~~~~~~~~~~~~~~~~~~~~~~~~~~~~~ 04-15
28121486;30022064L;30075824;06011200213;27011986;08081780;107;380;614 ~~~~~~~~~~~~~~~~~~~~~~~~~~~~~~~~~~ 04-16
29121486;01032064L;01085824;07011200213;28011986;09081780;108;631;664;409 ~~~~~~~~~~~~~~~~~~~~~~~~~~~~~~ 04-17
01011487;02032064L;02085824;08011200213;29011986;10081780;109;665;495;614 ~~~~~~~~~~~~~~~~~~~~~~~~~~~~~~ 04-18
02011487;03032064L;03085824;09011200213;30011986;11081780;110;666;510;902 ~~~~~~~~~~~~~~~~~~~~~~~~~~~~~~ 04-19
03011487;04032064L;04085824;10011200213;31011986;12081780;111;528;406;614 ~~~~~~~~~~~~~~~~~~~~~~~~~~~~~~ 04-20
04011487;05032064L;05085824;11011200213;01021986;13081780;112;794;529 ~~~~~~~~~~~~~~~~~~~~~~~~~~~~~~~~~~ 04-21
05011487;06032064L;06085824;12011200213;02021986;14081780;113;403;614 ~~~~~~~~~~~~~~~~~~~~~~~~~~~~~~~~~~ 04-22
06011487;07032064L;07085824;13011200213;03021986;15081780;114;432;553;409 ~~~~~~~~~~~~~~~~~~~~~~~~~~~~~~ 04-23
07011487;08032064L;08085824;14011200213;04021986;16081780;115;667;397;614 ~~~~~~~~~~~~~~~~~~~~~~~~~~~~~~ 04-24
08011487;09032064L;09085824;15011200213;05021986;17081780;116;671;927;406 ~~~~~~~~~~~~~~~~~~~~~~~~~~~~~~ 04-25
09011487;10032064L;10085824;16011200213;06021986;18081780;117;668;403;614 ~~~~~~~~~~~~~~~~~~~~~~~~~~~~~~ 04-26
10011487;11032064L;11085824;17011200213;07021986;19081780;118;669;889;498 ~~~~~~~~~~~~~~~~~~~~~~~~~~~~~~ 04-27
11011487;12032064L;12085824;18011200213;08021986;20081780;119;496;614 ~~~~~~~~~~~~~~~~~~~~~~~~~~~~~~~~~~ 04-28
12011487;13032064L;13085824;19011200213;09021986;21081780;120;437;514;894;409 ~~~~~~~~~~~~~~~~~~~~~~~~~~ 04-29
13011487;14032064L;14085824;00021200213;10021986;22081780;121;670;385;403;406;614 ~~~~~~~~~~~~~~~~~~~~~~ 04-30
14011487;15032064L;15085824;01021200213;11021986;23081780;122;677;537;892;937 ~~~~~~~~~~~~~~~~~~~~~~~~~~ 05-01
15011487;16032064L;16085824;02021200213;12021986;24081780;123;679;379;615 ~~~~~~~~~~~~~~~~~~~~~~~~~~~~~~ 05-02
16011487;17032064L;17085824;03021200213;13021986;25081780;124;637;672;615 ~~~~~~~~~~~~~~~~~~~~~~~~~~~~~~ 05-03
17011487;18032064L;18085824;04021200213;14021986;26081780;125;673;518;403;496;615 ~~~~~~~~~~~~~~~~~~~~~~ 05-04
18011487;19032064L;19085824;05021200213;15021986;27081780;126;674;406;409;615 ~~~~~~~~~~~~~~~~~~~~~~~~~~ 05-05
19011487;20032064L;20085824;06021200213;16021986;28081780;127;675;615 ~~~~~~~~~~~~~~~~~~~~~~~~~~~~~~~~~~ 05-06
20011487;21032064L;21085824;07021200213;17021986;29081780;128;676;398;615 ~~~~~~~~~~~~~~~~~~~~~~~~~~~~~~ 05-07
21011487;22032064L;22085824;08021200213;18021986;30081780;129;403;615 ~~~~~~~~~~~~~~~~~~~~~~~~~~~~~~~~~~ 05-08
22011487;23032064L;23085824;09021200213;19021986;01091780;130;678 ~~~~~~~~~~~~~~~~~~~~~~~~~~~~~~~~~~~~~~ 05-09
23011487;24032064L;24085824;10021200213;20021986;02091780;131;681;680;615 ~~~~~~~~~~~~~~~~~~~~~~~~~~~~~~ 05-10
24011487;25032064L;25085824;11021200213;21021986;03091780;132;451;513;624;409 ~~~~~~~~~~~~~~~~~~~~~~~~~~ 05-11
25011487;26032064L;26085824;12021200213;22021986;04091780;133;682;530;624;615 ~~~~~~~~~~~~~~~~~~~~~~~~~~ 05-12
26011487;27032064L;27085824;13021200213;23021986;05091780;134;624;615 ~~~~~~~~~~~~~~~~~~~~~~~~~~~~~~~~~~ 05-13
27011487;28032064L;28085824;14021200213;24021986;06091780;135;683;838;624;496;615 ~~~~~~~~~~~~~~~~~~~~~~ 05-14
28011487;29032064L;29085824;15021200213;25021986;07091780;136;494;797;624;406 ~~~~~~~~~~~~~~~~~~~~~~~~~~ 05-15
29011487;01042064L;01095824;16021200213;26021986;08091780;137;596;686;380;818;921;942;573;624;615 ~~~~~~ 05-16
30011487;02042064L;02095824;17021200213;27021986;09091780;138;687;497;573;624;409;615 ~~~~~~~~~~~~~~~~~~ 05-17
01021487;03042064L;03095824;18021200213;28021986;10091780;139;684;573;615 ~~~~~~~~~~~~~~~~~~~~~~~~~~~~~~ 05-18
02021487;04042064L;04095824;19021200213;29021986;11091780;140;789;415 ~~~~~~~~~~~~~~~~~~~~~~~~~~~~~~~~~~ 05-19
03021487;05042064L;05095824;00031200213;30021986;12091780;141;403;406;615 ~~~~~~~~~~~~~~~~~~~~~~~~~~~~~~ 05-20
04021487;06042064L;06095824;01031200213;31021986;13091780;142;685;522 ~~~~~~~~~~~~~~~~~~~~~~~~~~~~~~~~~~ 05-21
05021487;07042064L;07095824;02031200213;01031986;14091780;143;798;615 ~~~~~~~~~~~~~~~~~~~~~~~~~~~~~~~~~~ 05-22
06021487;08042064L;08095824;03031200213;02031986;15091780;144;689;397;409;615 ~~~~~~~~~~~~~~~~~~~~~~~~~~ 05-23
07021487;09042064L;09095824;04031200213;03031986;16091780;145;439;403;615 ~~~~~~~~~~~~~~~~~~~~~~~~~~~~~~ 05-24
08021487;10042064L;10095824;05031200213;04031986;17091780;146;449;439;552;615 ~~~~~~~~~~~~~~~~~~~~~~~~~~ 05-25
09021487;11042064L;11095824;06031200213;05031986;18091780;147;438;410;898;615 ~~~~~~~~~~~~~~~~~~~~~~~~~~ 05-26
10021487;12042064L;12095824;07031200213;06031986;19091780;148;514;415;615 ~~~~~~~~~~~~~~~~~~~~~~~~~~~~~~ 05-27
11021487;13042064L;13095824;08031200213;07031986;20091780;149;688;403;615 ~~~~~~~~~~~~~~~~~~~~~~~~~~~~~~ 05-28
12021487;14042064L;14095824;09031200213;08031986;21091780;150;615 ~~~~~~~~~~~~~~~~~~~~~~~~~~~~~~~~~~~~~~ 05-29
13021487;15042064L;15095824;10031200213;09031986;22091780;151;396;396;874;615 ~~~~~~~~~~~~~~~~~~~~~~~~~~ 05-30
14021487;16042064L;16095824;11031200213;10031986;23091780;152 ~~~~~~~~~~~~~~~~~~~~~~~~~~~~~~~~~~~~~~~~~~ 05-31
15021487;17042064L;17095824;12031200213;11031986;24091780;153;690;616 ~~~~~~~~~~~~~~~~~~~~~~~~~~~~~~~~~~ 06-01
16021487;18042064L;18095824;13031200213;12031986;25091780;154;694;813;605 ~~~~~~~~~~~~~~~~~~~~~~~~~~~~~~ 06-02
17021487;19042064L;19095824;14031200213;13031986;26091780;155;616 ~~~~~~~~~~~~~~~~~~~~~~~~~~~~~~~~~~~~~~ 06-03
18021487;20042064L;20095824;15031200213;14031986;27091780;156;691;406;415 ~~~~~~~~~~~~~~~~~~~~~~~~~~~~~~ 06-04
19021487;21042064L;21095824;16031200213;15031986;28091780;157;616 ~~~~~~~~~~~~~~~~~~~~~~~~~~~~~~~~~~~~~~ 06-05
20021487;22042064L;22095824;17031200213;16031986;29091780;158;596;692;398;433;844 ~~~~~~~~~~~~~~~~~~~~~~ 06-06
21021487;23042064L;23095824;18031200213;17031986;30091780;159;637;693;616 ~~~~~~~~~~~~~~~~~~~~~~~~~~~~~~ 06-07
22021487;24042064L;24095824;19031200213;18031986;01101780;160;695;513 ~~~~~~~~~~~~~~~~~~~~~~~~~~~~~~~~~~ 06-08
23021487;25042064L;25095824;00041200213;19031986;02101780;161;403;406;616 ~~~~~~~~~~~~~~~~~~~~~~~~~~~~~~ 06-09
24021487;26042064L;26095824;01041200213;20031986;03101780;162;696;901;569 ~~~~~~~~~~~~~~~~~~~~~~~~~~~~~~ 06-10
25021487;27042064L;27095824;02041200213;21031986;04101780;163;569;616 ~~~~~~~~~~~~~~~~~~~~~~~~~~~~~~~~~~ 06-11
26021487;28042064L;28095824;03041200213;22031986;05101780;164 ~~~~~~~~~~~~~~~~~~~~~~~~~~~~~~~~~~~~~~~~~~ 06-12
27021487;29042064L;29095824;04041200213;23031986;06101780;165;699;403;616 ~~~~~~~~~~~~~~~~~~~~~~~~~~~~~~ 06-13
28021487;30042064L;30095824;05041200213;24031986;07101780;166;697;799;380;406 ~~~~~~~~~~~~~~~~~~~~~~~~~~ 06-14
29021487;01052064L;01105824;06041200213;25031986;08101780;167;452;452;616 ~~~~~~~~~~~~~~~~~~~~~~~~~~~~~~ 06-15
01031487;02052064L;02105824;07041200213;26031986;09101780;168 ~~~~~~~~~~~~~~~~~~~~~~~~~~~~~~~~~~~~~~~~~~ 06-16
02031487;03052064L;03105824;08041200213;27031986;10101780;169;403;616 ~~~~~~~~~~~~~~~~~~~~~~~~~~~~~~~~~~ 06-17
03031487;04052064L;04105824;09041200213;28031986;11101780;170;374 ~~~~~~~~~~~~~~~~~~~~~~~~~~~~~~~~~~~~~~ 06-18
04031487;05052064L;05105824;10041200213;29031986;12101780;171;698;460;564;406;616 ~~~~~~~~~~~~~~~~~~~~~~ 06-19
05031487;06052064L;06105824;11041200213;30031986;13101780;172;701;425;700 ~~~~~~~~~~~~~~~~~~~~~~~~~~~~~~ 06-20
06031487;07052064L;07105824;12041200213;31031986;14101780;173;397;461;616 ~~~~~~~~~~~~~~~~~~~~~~~~~~~~~~ 06-21
07031487;08052064L;08105824;13041200213;01041986;15101780;174 ~~~~~~~~~~~~~~~~~~~~~~~~~~~~~~~~~~~~~~~~~~ 06-22
08031487;09052064L;09105824;14041200213;02041986;16101780;175;514;616 ~~~~~~~~~~~~~~~~~~~~~~~~~~~~~~~~~~ 06-23
09031487;10052064L;10105824;15041200213;03041986;17101780;176;406 ~~~~~~~~~~~~~~~~~~~~~~~~~~~~~~~~~~~~~~ 06-24
10031487;11052064L;11105824;16041200213;04041986;18101780;177;704;896;403;616 ~~~~~~~~~~~~~~~~~~~~~~~~~~ 06-25
11031487;12052064L;12105824;17041200213;05041986;19101780;178 ~~~~~~~~~~~~~~~~~~~~~~~~~~~~~~~~~~~~~~~~~~ 06-26
12031487;13052064L;13105824;18041200213;06041986;20101780;179;703;420;511;616 ~~~~~~~~~~~~~~~~~~~~~~~~~~ 06-27
13031487;14052064L;14105824;19041200213;07041986;21101780;180;702;386;823;874;941;843 ~~~~~~~~~~~~~~~~~~ 06-28
14031487;15052064L;15105824;00051200213;08041986;22101780;181;795;616 ~~~~~~~~~~~~~~~~~~~~~~~~~~~~~~~~~~ 06-29
15031487;16052064L;16105824;01051200213;09041986;23101780;182;843 ~~~~~~~~~~~~~~~~~~~~~~~~~~~~~~~~~~~~~~ 06-30
16031487;17052064L;17105824;02051200213;10041986;24101780;183;617 ~~~~~~~~~~~~~~~~~~~~~~~~~~~~~~~~~~~~~~ 07-01
17031487;18052064L;18105824;03051200213;11041986;25101780;184;511 ~~~~~~~~~~~~~~~~~~~~~~~~~~~~~~~~~~~~~~ 07-02
18031487;19052064L;19105824;04051200213;12041986;26101780;185;403;617 ~~~~~~~~~~~~~~~~~~~~~~~~~~~~~~~~~~ 07-03
19031487;20052064L;20105824;05051200213;13041986;27101780;186;565;406 ~~~~~~~~~~~~~~~~~~~~~~~~~~~~~~~~~~ 07-04
20031487;21052064L;21105824;06051200213;14041986;28101780;187;637;705;840;565;617 ~~~~~~~~~~~~~~~~~~~~~~ 07-05
21031487;22052064L;22105824;07051200213;15041986;29101780;188;398;373;513;868;415;843 ~~~~~~~~~~~~~~~~~~ 07-06
22031487;23052064L;23105824;08051200213;16041986;30101780;189;617 ~~~~~~~~~~~~~~~~~~~~~~~~~~~~~~~~~~~~~~ 07-07
23031487;24052064L;24105824;09051200213;17041986;01111780;190 ~~~~~~~~~~~~~~~~~~~~~~~~~~~~~~~~~~~~~~~~~~ 07-08
24031487;25052064L;25105824;10051200213;18041986;02111780;191;835;406;617 ~~~~~~~~~~~~~~~~~~~~~~~~~~~~~~ 07-09
25031487;26052064L;26105824;11051200213;19041986;03111780;192;946 ~~~~~~~~~~~~~~~~~~~~~~~~~~~~~~~~~~~~~~ 07-10
26031487;27052064L;27105824;12051200213;20041986;04111780;193;403;617 ~~~~~~~~~~~~~~~~~~~~~~~~~~~~~~~~~~ 07-11
27031487;28052064L;28105824;13051200213;21041986;05111780;194;706;436 ~~~~~~~~~~~~~~~~~~~~~~~~~~~~~~~~~~ 07-12
28031487;29052064L;29105824;14051200213;22041986;06111780;195;617 ~~~~~~~~~~~~~~~~~~~~~~~~~~~~~~~~~~~~~~ 07-13
29031487;01062064L;01115824;15051200213;23041986;07111780;196;707;380;928 ~~~~~~~~~~~~~~~~~~~~~~~~~~~~~~ 07-14
30031487;02062064L;02115824;16051200213;24041986;08111780;197;403;617 ~~~~~~~~~~~~~~~~~~~~~~~~~~~~~~~~~~ 07-15
01041487;03062064L;03115824;17051200213;25041986;09111780;198;711;870 ~~~~~~~~~~~~~~~~~~~~~~~~~~~~~~~~~~ 07-16
02041487;04062064L;04115824;18051200213;26041986;10111780;199;631;421;617 ~~~~~~~~~~~~~~~~~~~~~~~~~~~~~~ 07-17
03041487;05062064L;05115824;19051200213;27041986;11111780;200;514 ~~~~~~~~~~~~~~~~~~~~~~~~~~~~~~~~~~~~~~ 07-18
04041487;06062064L;06115824;00061200213;28041986;12111780;201;708;403;406;617 ~~~~~~~~~~~~~~~~~~~~~~~~~~ 07-19
05041487;07062064L;07115824;01061200213;29041986;13111780;202;709;397;432 ~~~~~~~~~~~~~~~~~~~~~~~~~~~~~~ 07-20
06041487;08062064L;08115824;02061200213;30041986;14111780;203;710;617 ~~~~~~~~~~~~~~~~~~~~~~~~~~~~~~~~~~ 07-21
07041487;09062064L;09115824;03061200213;31041986;15111780;204 ~~~~~~~~~~~~~~~~~~~~~~~~~~~~~~~~~~~~~~~~~~ 07-22
08041487;10062064L;10115824;04061200213;01051986;16111780;205;403;617 ~~~~~~~~~~~~~~~~~~~~~~~~~~~~~~~~~~ 07-23
09041487;11062064L;11115824;05061200213;02051986;17111780;206;712;546 ~~~~~~~~~~~~~~~~~~~~~~~~~~~~~~~~~~ 07-24
10041487;12062064L;12115824;06061200213;03051986;18111780;207;716;617 ~~~~~~~~~~~~~~~~~~~~~~~~~~~~~~~~~~ 07-25
11041487;13062064L;13115824;07061200213;04051986;19111780;208;713;399 ~~~~~~~~~~~~~~~~~~~~~~~~~~~~~~~~~~ 07-26
12041487;14062064L;14115824;08061200213;05051986;20111780;209;714;825;403;421;617 ~~~~~~~~~~~~~~~~~~~~~~ 07-27
13041487;15062064L;15115824;09061200213;06051986;21111780;210;387;531;540;561;947 ~~~~~~~~~~~~~~~~~~~~~~ 07-28
14041487;16062064L;16115824;10061200213;07051986;22111780;211;400;617 ~~~~~~~~~~~~~~~~~~~~~~~~~~~~~~~~~~ 07-29
15041487;17062064L;17115824;11061200213;08051986;23111780;212;416 ~~~~~~~~~~~~~~~~~~~~~~~~~~~~~~~~~~~~~~ 07-30
16041487;18062064L;18115824;12061200213;09051986;24111780;213;715;403;617 ~~~~~~~~~~~~~~~~~~~~~~~~~~~~~~ 07-31
17041487;19062064L;19115824;13061200213;10051986;25111780;214;596;719;856;375 ~~~~~~~~~~~~~~~~~~~~~~~~~~ 08-01
18041487;20062064L;20115824;14061200213;11051986;26111780;215;637;720;513;618 ~~~~~~~~~~~~~~~~~~~~~~~~~~ 08-02
19041487;21062064L;21115824;15061200213;12051986;27111780;216;717;406;618 ~~~~~~~~~~~~~~~~~~~~~~~~~~~~~~ 08-03
20041487;22062064L;22115824;16061200213;13051986;28111780;217;403;618 ~~~~~~~~~~~~~~~~~~~~~~~~~~~~~~~~~~ 08-04
21041487;23062064L;23115824;17061200213;14051986;29111780;218;718;398;618 ~~~~~~~~~~~~~~~~~~~~~~~~~~~~~~ 08-05
22041487;24062064L;24115824;18061200213;15051986;30111780;219;618 ~~~~~~~~~~~~~~~~~~~~~~~~~~~~~~~~~~~~~~ 08-06
23041487;25062064L;25115824;19061200213;16051986;01121780;220;400 ~~~~~~~~~~~~~~~~~~~~~~~~~~~~~~~~~~~~~~ 08-07
24041487;26062064L;26115824;00071200213;17051986;02121780;221;456;878;403;618 ~~~~~~~~~~~~~~~~~~~~~~~~~~ 08-08
25041487;27062064L;27115824;01071200213;18051986;03121780;222;723;618 ~~~~~~~~~~~~~~~~~~~~~~~~~~~~~~~~~~ 08-09
26041487;28062064L;28115824;02071200213;19051986;04121780;223;721;400;618 ~~~~~~~~~~~~~~~~~~~~~~~~~~~~~~ 08-10
27041487;29062064L;29115824;03071200213;20051986;05121780;224;618 ~~~~~~~~~~~~~~~~~~~~~~~~~~~~~~~~~~~~~~ 08-11
28041487;30062064L;30115824;04071200213;21051986;06121780;225;380;930;953;403;618 ~~~~~~~~~~~~~~~~~~~~~~ 08-12
29041487;01072064L;01125824;05071200213;22051986;07121780;226;722 ~~~~~~~~~~~~~~~~~~~~~~~~~~~~~~~~~~~~~~ 08-13
01051487;02072064L;02125824;06071200213;23051986;08121780;227;514;618 ~~~~~~~~~~~~~~~~~~~~~~~~~~~~~~~~~~ 08-14
02051487;03072064L;03125824;07071200213;24051986;09121780;228;579 ~~~~~~~~~~~~~~~~~~~~~~~~~~~~~~~~~~~~~~ 08-15
03051487;04072064L;04125824;08071200213;25051986;10121780;229;724;400;403;421;618 ~~~~~~~~~~~~~~~~~~~~~~ 08-16
04051487;05072064L;05125824;09071200213;26051986;11121780;230;891 ~~~~~~~~~~~~~~~~~~~~~~~~~~~~~~~~~~~~~~ 08-17
05051487;06072064L;06125824;10071200213;27051986;12121780;231;618 ~~~~~~~~~~~~~~~~~~~~~~~~~~~~~~~~~~~~~~ 08-18
06051487;07072064L;07125824;11071200213;28051986;13121780;232;397;401;572;618 ~~~~~~~~~~~~~~~~~~~~~~~~~~ 08-19
07051487;08072064L;08125824;12071200213;29051986;14121780;233;618 ~~~~~~~~~~~~~~~~~~~~~~~~~~~~~~~~~~~~~~ 08-20
08051487;09072064L;09125824;13071200213;30051986;15121780;234;618 ~~~~~~~~~~~~~~~~~~~~~~~~~~~~~~~~~~~~~~ 08-21
09051487;10072064L;10125824;14071200213;31051986;16121780;235;427;926;938;618 ~~~~~~~~~~~~~~~~~~~~~~~~~~ 08-22
10051487;11072064L;11125824;15071200213;01061986;17121780;236;375;618 ~~~~~~~~~~~~~~~~~~~~~~~~~~~~~~~~~~ 08-23
11051487;12072064L;12125824;16071200213;02061986;18121780;237;428;403;618 ~~~~~~~~~~~~~~~~~~~~~~~~~~~~~~ 08-24
12051487;13072064L;13125824;17071200213;03061986;19121780;238;796;829;897;618 ~~~~~~~~~~~~~~~~~~~~~~~~~~ 08-25
13051487;14072064L;14125824;18071200213;04061986;20121780;239;594;388;556;909;910;925;567;618 ~~~~~~~~~~ 08-26
14051487;15072064L;15125824;19071200213;05061986;21121780;240;595;437;567;618 ~~~~~~~~~~~~~~~~~~~~~~~~~~ 08-27
15051487;16072064L;16125824;00081200213;06061986;22121780;241;403;618 ~~~~~~~~~~~~~~~~~~~~~~~~~~~~~~~~~~ 08-28
16051487;17072064L;17125824;01081200213;07061986;23121780;242;596 ~~~~~~~~~~~~~~~~~~~~~~~~~~~~~~~~~~~~~~ 08-29
17051487;18072064L;18125824;02081200213;08061986;24121780;243;429;725;513;875;618 ~~~~~~~~~~~~~~~~~~~~~~ 08-30
18051487;19072064L;19125824;03081200213;09061986;25121780;244;430;725 ~~~~~~~~~~~~~~~~~~~~~~~~~~~~~~~~~~ 08-31
19051487;20072064L;20125824;04081200213;10061986;26121780;245;434;619 ~~~~~~~~~~~~~~~~~~~~~~~~~~~~~~~~~~ 09-01
20051487;21072064L;21125824;05081200213;11061986;27121780;246;435;433 ~~~~~~~~~~~~~~~~~~~~~~~~~~~~~~~~~~ 09-02
21051487;22072064L;22125824;06081200213;12061986;28121780;247;398;872;375;619 ~~~~~~~~~~~~~~~~~~~~~~~~~~ 09-03
22051487;23072064L;23125824;07081200213;13061986;29121780;248;820;871 ~~~~~~~~~~~~~~~~~~~~~~~~~~~~~~~~~~ 09-04
23051487;24072064L;24125824;08081200213;14061986;30121780;249;727;403;619 ~~~~~~~~~~~~~~~~~~~~~~~~~~~~~~ 09-05
24051487;25072064L;25125824;09081200213;15061986;01131780;250;637;728;831 ~~~~~~~~~~~~~~~~~~~~~~~~~~~~~~ 09-06
25051487;26072064L;26125824;10081200213;16061986;02131780;251;455;845;503;406;619 ~~~~~~~~~~~~~~~~~~~~~~ 09-07
26051487;27072064L;27125824;11081200213;17061986;03131780;252;729;846 ~~~~~~~~~~~~~~~~~~~~~~~~~~~~~~~~~~ 09-08
27051487;28072064L;28125824;12081200213;18061986;04131780;253;619 ~~~~~~~~~~~~~~~~~~~~~~~~~~~~~~~~~~~~~~ 09-09
28051487;29072064L;29125824;13081200213;19061986;05131780;254;380;521 ~~~~~~~~~~~~~~~~~~~~~~~~~~~~~~~~~~ 09-10
29051487;01082064L;01215825;14081200213;20061986;01011781;255;730;521;619 ~~~~~~~~~~~~~~~~~~~~~~~~~~~~~~ 09-11
30051487;02082064L;02215825;15081200213;21061986;02011781;256;726;847;514;521;406 ~~~~~~~~~~~~~~~~~~~~~~ 09-12
01061487;03082064L;03215825;16081200213;22061986;03011781;257;597;403;619 ~~~~~~~~~~~~~~~~~~~~~~~~~~~~~~ 09-13
02061487;04082064L;04215825;17081200213;23061986;04011781;258;550;375 ~~~~~~~~~~~~~~~~~~~~~~~~~~~~~~~~~~ 09-14
03061487;05082064L;05215825;18081200213;24061986;05011781;259;915;619 ~~~~~~~~~~~~~~~~~~~~~~~~~~~~~~~~~~ 09-15
04061487;06082064L;06215825;19081200213;25061986;06011781;260;732 ~~~~~~~~~~~~~~~~~~~~~~~~~~~~~~~~~~~~~~ 09-16
05061487;07082064L;07215825;00091200213;26061986;07011781;261;397;908;403;406;848;619 ~~~~~~~~~~~~~~~~~~ 09-17
06061487;08082064L;08215825;01091200213;27061986;08011781;262;733 ~~~~~~~~~~~~~~~~~~~~~~~~~~~~~~~~~~~~~~ 09-18
07061487;09082064L;09215825;02091200213;28061986;09011781;263;734;467;619 ~~~~~~~~~~~~~~~~~~~~~~~~~~~~~~ 09-19
08061487;10082064L;10215825;03091200213;29061986;10011781;264;735;527 ~~~~~~~~~~~~~~~~~~~~~~~~~~~~~~~~~~ 09-20
09061487;11082064L;11215825;04091200213;30061986;11011781;265;731;903;462;403;619 ~~~~~~~~~~~~~~~~~~~~~~ 09-21
10061487;12082064L;12215825;05091200213;31061986;12011781;266;736;423;406 ~~~~~~~~~~~~~~~~~~~~~~~~~~~~~~ 09-22
11061487;13082064L;13215825;06091200213;01071986;13011781;267;737;463;619;848 ~~~~~~~~~~~~~~~~~~~~~~~~~~ 09-23
12061487;14082064L;14215825;07091200213;02071986;14011781;268;742;520;551 ~~~~~~~~~~~~~~~~~~~~~~~~~~~~~~ 09-24
13061487;15082064L;15215825;08091200213;03071986;15011781;269;741;389;390;534;570;523;403;421;848 ~~~~~~ 09-25
14061487;16082064L;16215825;09091200213;04071986;16011781;270;738;907;523 ~~~~~~~~~~~~~~~~~~~~~~~~~~~~~~ 09-26
15061487;17082064L;17215825;10091200213;05071986;17011781;271;739;743;513;523;848;619 ~~~~~~~~~~~~~~~~~~ 09-27
16061487;18082064L;18215825;11091200213;06071986;18011781;272;740;523 ~~~~~~~~~~~~~~~~~~~~~~~~~~~~~~~~~~ 09-28
17061487;19082064L;19215825;12091200213;07071986;19011781;273;523;403;619;848 ~~~~~~~~~~~~~~~~~~~~~~~~~~ 09-29
18061487;20082064L;20215825;13091200213;08071986;20011781;274;523;853 ~~~~~~~~~~~~~~~~~~~~~~~~~~~~~~~~~~ 09-30
19061487;21082064L;21215825;14091200213;09071986;21011781;275;746;790;523;853;848;620 ~~~~~~~~~~~~~~~~~~ 10-01
20061487;22082064L;22215825;15091200213;10071986;22011781;276;747;790;417;524;853;406 ~~~~~~~~~~~~~~~~~~ 10-02
21061487;23082064L;23215825;16091200213;11071986;23011781;277;748;790;398;525;403;620 ~~~~~~~~~~~~~~~~~~ 10-03
22061487;24082064L;24215825;17091200213;12071986;24011781;278;637;790 ~~~~~~~~~~~~~~~~~~~~~~~~~~~~~~~~~~ 10-04
23061487;25082064L;25215825;18091200213;13071986;25011781;279;749;790;848;620 ~~~~~~~~~~~~~~~~~~~~~~~~~~ 10-05
24061487;26082064L;26215825;19091200213;14071986;26011781;280;744;790;869 ~~~~~~~~~~~~~~~~~~~~~~~~~~~~~~ 10-06
25061487;27082064L;27215825;00101200213;15071986;27011781;281;745;790;554;403;406;620;848 ~~~~~~~~~~~~~~ 10-07
26061487;28082064L;28215825;01101200213;16071986;28011781;282;752 ~~~~~~~~~~~~~~~~~~~~~~~~~~~~~~~~~~~~~~ 10-08
27061487;29082064L;29215825;02101200213;17071986;29011781;283;753;848;620 ~~~~~~~~~~~~~~~~~~~~~~~~~~~~~~ 10-09
28061487;01092064L;30215825;03101200213;18071986;30011781;284;380;367;514;920 ~~~~~~~~~~~~~~~~~~~~~~~~~~ 10-10
29061487;02092064L;01225825;04101200213;19071986;01021781;285;754;368;836;895;620;848 ~~~~~~~~~~~~~~~~~~ 10-11
01071487;03092064L;02225825;05101200213;20071986;02021781;286;750 ~~~~~~~~~~~~~~~~~~~~~~~~~~~~~~~~~~~~~~ 10-12
02071487;04092064L;03225825;06101200213;21071986;03021781;287;751;848;620 ~~~~~~~~~~~~~~~~~~~~~~~~~~~~~~ 10-13
03071487;05092064L;04225825;07101200213;22071986;04021781;288;791 ~~~~~~~~~~~~~~~~~~~~~~~~~~~~~~~~~~~~~~ 10-14
04071487;06092064L;05225825;08101200213;23071986;05021781;289;757;855;918;403;620 ~~~~~~~~~~~~~~~~~~~~~~ 10-15
05071487;07092064L;06225825;09101200213;24071986;06021781;290;631;397;432;919 ~~~~~~~~~~~~~~~~~~~~~~~~~~ 10-16
06071487;08092064L;07225825;10101200213;25071986;07021781;291;548;620 ~~~~~~~~~~~~~~~~~~~~~~~~~~~~~~~~~~ 10-17
07071487;09092064L;08225825;11101200213;26071986;08021781;292;758;885;563 ~~~~~~~~~~~~~~~~~~~~~~~~~~~~~~ 10-18
08071487;10092064L;09225825;12101200213;27071986;09021781;293;549;560;403;620 ~~~~~~~~~~~~~~~~~~~~~~~~~~ 10-19
09071487;11092064L;10225825;13101200213;28071986;10021781;294;755;899;784;418 ~~~~~~~~~~~~~~~~~~~~~~~~~~ 10-20
10071487;12092064L;11225825;14101200213;29071986;11021781;295;756;369;785;620 ~~~~~~~~~~~~~~~~~~~~~~~~~~ 10-21
11071487;13092064L;12225825;15101200213;30071986;12021781;296;786;406 ~~~~~~~~~~~~~~~~~~~~~~~~~~~~~~~~~~ 10-22
12071487;14092064L;13225825;16101200213;01081986;13021781;297;787;403;620 ~~~~~~~~~~~~~~~~~~~~~~~~~~~~~~ 10-23
13071487;15092064L;14225825;17101200213;02081986;14021781;298;371;513;882;922 ~~~~~~~~~~~~~~~~~~~~~~~~~~ 10-24
14071487;16092064L;15225825;18101200213;03081986;15021781;299;759;393;532;620 ~~~~~~~~~~~~~~~~~~~~~~~~~~ 10-25
15071487;17092064L;16225825;19101200213;04081986;16021781;300;864 ~~~~~~~~~~~~~~~~~~~~~~~~~~~~~~~~~~~~~~ 10-26
16071487;18092064L;17225825;00111200213;05081986;17021781;301;824;403;406;620 ~~~~~~~~~~~~~~~~~~~~~~~~~~ 10-27
17071487;19092064L;18225825;01111200213;06081986;18021781;302;431;881 ~~~~~~~~~~~~~~~~~~~~~~~~~~~~~~~~~~ 10-28
18071487;20092064L;19225825;02111200213;07081986;19021781;303;620 ~~~~~~~~~~~~~~~~~~~~~~~~~~~~~~~~~~~~~~ 10-29
19071487;21092064L;20225825;03111200213;08081986;20021781;304 ~~~~~~~~~~~~~~~~~~~~~~~~~~~~~~~~~~~~~~~~~~ 10-30
20071487;22092064L;21225825;04111200213;09081986;21021781;305;849;403;620 ~~~~~~~~~~~~~~~~~~~~~~~~~~~~~~ 10-31
21071487;23092064L;22225825;05111200213;10081986;22021781;306;637;763;398;499;406 ~~~~~~~~~~~~~~~~~~~~~~ 11-01
22071487;24092064L;23225825;06111200213;11081986;23021781;307;621 ~~~~~~~~~~~~~~~~~~~~~~~~~~~~~~~~~~~~~~ 11-02
23071487;25092064L;24225825;07111200213;12081986;24021781;308;760;621 ~~~~~~~~~~~~~~~~~~~~~~~~~~~~~~~~~~ 11-03
24071487;26092064L;25225825;08111200213;13081986;25021781;309;850;403;621 ~~~~~~~~~~~~~~~~~~~~~~~~~~~~~~ 11-04
25071487;27092064L;26225825;09111200213;14081986;26021781;310;761;558;911;621 ~~~~~~~~~~~~~~~~~~~~~~~~~~ 11-05
26071487;28092064L;27225825;10111200213;15081986;27021781;311;762;436;779;784;406;621 ~~~~~~~~~~~~~~~~~~ 11-06
27071487;29092064L;28225825;11111200213;16081986;28021781;312;514;780;785;509 ~~~~~~~~~~~~~~~~~~~~~~~~~~ 11-07
28071487;30092064L;29225825;12111200213;17081986;29021781;313;380;781;786;893;375;403;621 ~~~~~~~~~~~~~~ 11-08
29071487;01102064L;30225825;13111200213;18081986;30021781;314;782;787;621 ~~~~~~~~~~~~~~~~~~~~~~~~~~~~~~ 11-09
30071487;02102064L;01235825;14111200213;19081986;01031781;315;535;783;788;621 ~~~~~~~~~~~~~~~~~~~~~~~~~~ 11-10
01081487;03102064L;02235825;15111200213;20081986;02031781;316;406;621 ~~~~~~~~~~~~~~~~~~~~~~~~~~~~~~~~~~ 11-11
02081487;04102064L;03235825;16111200213;21081986;03031781;317;403;621 ~~~~~~~~~~~~~~~~~~~~~~~~~~~~~~~~~~ 11-12
03081487;05102064L;04235825;17111200213;22081986;04031781;318;764 ~~~~~~~~~~~~~~~~~~~~~~~~~~~~~~~~~~~~~~ 11-13
04081487;06102064L;05235825;18111200213;23081986;05031781;319;543;621 ~~~~~~~~~~~~~~~~~~~~~~~~~~~~~~~~~~ 11-14
05081487;07102064L;06235825;19111200213;24081986;06031781;320;767;397 ~~~~~~~~~~~~~~~~~~~~~~~~~~~~~~~~~~ 11-15
06081487;08102064L;07235825;00121200213;25081986;07031781;321;765;403;406;621 ~~~~~~~~~~~~~~~~~~~~~~~~~~ 11-16
07081487;09102064L;08235825;01121200213;26081986;08031781;322;399;621 ~~~~~~~~~~~~~~~~~~~~~~~~~~~~~~~~~~ 11-17
08081487;10102064L;09235825;02121200213;27081986;09031781;323;879;621 ~~~~~~~~~~~~~~~~~~~~~~~~~~~~~~~~~~ 11-18
09081487;11102064L;10235825;03121200213;28081986;10031781;324;547 ~~~~~~~~~~~~~~~~~~~~~~~~~~~~~~~~~~~~~~ 11-19
10081487;12102064L;11235825;04121200213;29081986;11031781;325;766;513;934;400;621 ~~~~~~~~~~~~~~~~~~~~~~ 11-20
11081487;13102064L;12235825;05121200213;30081986;12031781;326;376;406;621 ~~~~~~~~~~~~~~~~~~~~~~~~~~~~~~ 11-21
12081487;14102064L;13235825;06121200213;01091986;13031781;327;768;788;621 ~~~~~~~~~~~~~~~~~~~~~~~~~~~~~~ 11-22
13081487;15102064L;14235825;07121200213;02091986;14031781;328;394;880;621 ~~~~~~~~~~~~~~~~~~~~~~~~~~~~~~ 11-23
14081487;16102064L;15235825;08121200213;03091986;15031781;329;411;512;403;421;621 ~~~~~~~~~~~~~~~~~~~~~~ 11-24
15081487;17102064L;16235825;09121200213;04091986;16031781;330;418 ~~~~~~~~~~~~~~~~~~~~~~~~~~~~~~~~~~~~~~ 11-25
16081487;18102064L;17235825;10121200213;05091986;17031781;331;769;621 ~~~~~~~~~~~~~~~~~~~~~~~~~~~~~~~~~~ 11-26
17081487;19102064L;18235825;11121200213;06091986;18031781;332;440;621 ~~~~~~~~~~~~~~~~~~~~~~~~~~~~~~~~~~ 11-27
18081487;20102064L;19235825;12121200213;07091986;19031781;333;441;369;403;621 ~~~~~~~~~~~~~~~~~~~~~~~~~~ 11-28
19081487;21102064L;20235825;13121200213;08091986;20031781;334;770;433 ~~~~~~~~~~~~~~~~~~~~~~~~~~~~~~~~~~ 11-29
20081487;22102064L;21235825;14121200213;09091986;21031781;335;589;621 ~~~~~~~~~~~~~~~~~~~~~~~~~~~~~~~~~~ 11-30
21081487;23102064L;22235825;15121200213;10091986;22031781;336;442;398;876;406 ~~~~~~~~~~~~~~~~~~~~~~~~~~ 12-01
22081487;24102064L;23235825;16121200213;11091986;23031781;337;771;773;370;400;403;622 ~~~~~~~~~~~~~~~~~~ 12-02
23081487;25102064L;24235825;17121200213;12091986;24031781;338;772;622 ~~~~~~~~~~~~~~~~~~~~~~~~~~~~~~~~~~ 12-03
24081487;26102064L;25235825;18121200213;13091986;25031781;339;936;516;622 ~~~~~~~~~~~~~~~~~~~~~~~~~~~~~~ 12-04
25081487;27102064L;26235825;19121200213;14091986;26031781;340;774;516;400;622 ~~~~~~~~~~~~~~~~~~~~~~~~~~ 12-05
26081487;28102064L;27235825;00131200213;15091986;27031781;341;637;775;514;516;403;406;622 ~~~~~~~~~~~~~~ 12-06
27081487;29102064L;28235825;01131200213;16091986;28031781;342;380;401;590;516;622 ~~~~~~~~~~~~~~~~~~~~~~ 12-07
28081487;01112064L;29235825;02131200213;17091986;29031781;343;422;928;516;622 ~~~~~~~~~~~~~~~~~~~~~~~~~~ 12-08
29081487;02112064L;30235825;03131200213;18091986;30031781;344 ~~~~~~~~~~~~~~~~~~~~~~~~~~~~~~~~~~~~~~~~~~ 12-09
01091487;03112064L;01245825;04131200213;19091986;01041781;345;504;516;403;622 ~~~~~~~~~~~~~~~~~~~~~~~~~~ 12-10
02091487;04112064L;02245825;05131200213;20091986;02041781;346;516;406;622 ~~~~~~~~~~~~~~~~~~~~~~~~~~~~~~ 12-11
03091487;05112064L;03245825;06131200213;21091986;03041781;347;944;516;622 ~~~~~~~~~~~~~~~~~~~~~~~~~~~~~~ 12-12
04091487;06112064L;04245825;07131200213;22091986;04041781;348;776;418 ~~~~~~~~~~~~~~~~~~~~~~~~~~~~~~~~~~ 12-13
05091487;07112064L;05245825;08131200213;23091986;05041781;349;777;591;403;622 ~~~~~~~~~~~~~~~~~~~~~~~~~~ 12-14
06091487;08112064L;06245825;09131200213;24091986;06041781;350;397;437;412 ~~~~~~~~~~~~~~~~~~~~~~~~~~~~~~ 12-15
07091487;09112064L;07245825;10131200213;25091986;07041781;351;406;622 ~~~~~~~~~~~~~~~~~~~~~~~~~~~~~~~~~~ 12-16
08091487;10112064L;08245825;11131200213;26091986;08041781;352;622 ~~~~~~~~~~~~~~~~~~~~~~~~~~~~~~~~~~~~~~ 12-17
09091487;11112064L;09245825;12131200213;27091986;09041781;353;513;812;403;622 ~~~~~~~~~~~~~~~~~~~~~~~~~~ 12-18
10091487;12112064L;10245825;13131200213;28091986;10041781;354;778;453;557;890;622 ~~~~~~~~~~~~~~~~~~~~~~ 12-19
11091487;13112064L;11245825;14131200213;29091986;11041781;355;371;466;622 ~~~~~~~~~~~~~~~~~~~~~~~~~~~~~~ 12-20
12091487;14112064L;12245825;15131200213;30091986;12041781;356;592;426;406 ~~~~~~~~~~~~~~~~~~~~~~~~~~~~~~ 12-21
13091487;15112064L;13245825;16131200213;01101986;13041781;357;465;412;418;505;622 ~~~~~~~~~~~~~~~~~~~~~~ 12-22
14091487;16112064L;14245825;17131200213;02101986;14041781;358;395;545;887;622 ~~~~~~~~~~~~~~~~~~~~~~~~~~ 12-23
15091487;17112064L;15245825;18131200213;03101986;15041781;359;622 ~~~~~~~~~~~~~~~~~~~~~~~~~~~~~~~~~~~~~~ 12-24
16091487;18112064L;16245825;19131200213;04101986;16041781;360;622 ~~~~~~~~~~~~~~~~~~~~~~~~~~~~~~~~~~~~~~ 12-25
17091487;19112064L;17245825;00141200213;05101986;17041781;361;403;406;622 ~~~~~~~~~~~~~~~~~~~~~~~~~~~~~~ 12-31
18091487;20112064L;18245825;01141200213;06101986;18041781;362 ~~~~~~~~~~~~~~~~~~~~~~~~~~~~~~~~~~~~~~~~~~ 12-27
19091487;21112064L;19245825;02141200213;07101986;19041781;363;622 ~~~~~~~~~~~~~~~~~~~~~~~~~~~~~~~~~~~~~~ 12-28
20091487;22112064L;20245825;03141200213;08101986;20041781;364;866;622 ~~~~~~~~~~~~~~~~~~~~~~~~~~~~~~~~~~ 12-29
21091487;23112064L;21245825;04141200213;09101986;21041781;365;398;622 ~~~~~~~~~~~~~~~~~~~~~~~~~~~~~~~~~~ 12-30
22091487;24112064L;22245825;05141200213;10101986;22041781;366 ~~~~~~~~~~~~~~~~~~~~~~~~~~~~~~~~~~~~~~~~~~ 12-31
