19011465;21112042x;19245803;08081000113;11101964;23041759;001;611 ~~~~~~~~~~~~~~~~~~~~~~~~~~~~~~~~~~~~~~ 01-01
20011465;22112042x;20245803;09081000113;12101964;24041759;002;398;372 ~~~~~~~~~~~~~~~~~~~~~~~~~~~~~~~~~~ 01-02
21011465;23112042x;21245803;10081000113;13101964;25041759;003;637;611 ~~~~~~~~~~~~~~~~~~~~~~~~~~~~~~~~~~ 01-03
22011465;24112042x;22245803;11081000113;14101964;26041759;004;513;400 ~~~~~~~~~~~~~~~~~~~~~~~~~~~~~~~~~~ 01-04
23011465;25112042x;23245803;12081000113;15101964;27041759;005;403;611 ~~~~~~~~~~~~~~~~~~~~~~~~~~~~~~~~~~ 01-05
24011465;26112042x;24245803;13081000113;16101964;28041759;006 ~~~~~~~~~~~~~~~~~~~~~~~~~~~~~~~~~~~~~~~~~~ 01-06
25011465;27112042x;25245803;14081000113;17101964;29041759;007;917;611 ~~~~~~~~~~~~~~~~~~~~~~~~~~~~~~~~~~ 01-07
26011465;28112042x;26245803;15081000113;18101964;30041759;008 ~~~~~~~~~~~~~~~~~~~~~~~~~~~~~~~~~~~~~~~~~~ 01-08
27011465;29112042x;27245803;16081000113;19101964;01051759;009;403;496;611 ~~~~~~~~~~~~~~~~~~~~~~~~~~~~~~ 01-09
28011465;30112042x;28245803;17081000113;20101964;02051759;010;626;380;400;418 ~~~~~~~~~~~~~~~~~~~~~~~~~~ 01-10
29011465;01122042x;29245803;18081000113;21101964;03051759;011;627;406;611 ~~~~~~~~~~~~~~~~~~~~~~~~~~~~~~ 01-11
30011465;02122042x;01255803;19081000113;22101964;04051759;012;628;497;375 ~~~~~~~~~~~~~~~~~~~~~~~~~~~~~~ 01-12
01021465;03122042x;02255803;00091000113;23101964;05051759;013;629;611 ~~~~~~~~~~~~~~~~~~~~~~~~~~~~~~~~~~ 01-13
02021465;04122042x;03255803;01091000113;24101964;06051759;014;401 ~~~~~~~~~~~~~~~~~~~~~~~~~~~~~~~~~~~~~~ 01-14
03021465;05122042x;04255803;02091000113;25101964;07051759;015;631;611 ~~~~~~~~~~~~~~~~~~~~~~~~~~~~~~~~~~ 01-15
04021465;06122042x;05255803;03091000113;26101964;08051759;016;406 ~~~~~~~~~~~~~~~~~~~~~~~~~~~~~~~~~~~~~~ 01-16
05021465;07122042x;06255803;04091000113;27101964;09051759;017;630;419;611 ~~~~~~~~~~~~~~~~~~~~~~~~~~~~~~ 01-17
06021465;08122042x;07255803;05091000113;28101964;10051759;018;625;397 ~~~~~~~~~~~~~~~~~~~~~~~~~~~~~~~~~~ 01-18
07021465;09122042x;08255803;06091000113;29101964;11051759;019;492;514;611 ~~~~~~~~~~~~~~~~~~~~~~~~~~~~~~ 01-19
08021465;10122042x;09255803;07091000113;30101964;12051759;020 ~~~~~~~~~~~~~~~~~~~~~~~~~~~~~~~~~~~~~~~~~~ 01-20
09021465;11122042x;10255803;08091000113;01111964;13051759;021;905;406;611 ~~~~~~~~~~~~~~~~~~~~~~~~~~~~~~ 01-21
10021465;12122042x;11255803;09091000113;02111964;14051759;022 ~~~~~~~~~~~~~~~~~~~~~~~~~~~~~~~~~~~~~~~~~~ 01-22
11021465;13122042x;12255803;10091000113;03111964;15051759;023;375;611 ~~~~~~~~~~~~~~~~~~~~~~~~~~~~~~~~~~ 01-23
12021465;14122042x;13255803;11091000113;04111964;16051759;024;381 ~~~~~~~~~~~~~~~~~~~~~~~~~~~~~~~~~~~~~~ 01-24
13021465;15122042x;14255803;12091000113;05111964;17051759;025;635;437;904;611 ~~~~~~~~~~~~~~~~~~~~~~~~~~ 01-25
14021465;16122042x;15255803;13091000113;06111964;18051759;026;636 ~~~~~~~~~~~~~~~~~~~~~~~~~~~~~~~~~~~~~~ 01-26
15021465;17122042x;16255803;14091000113;07111964;19051759;027;580;611 ~~~~~~~~~~~~~~~~~~~~~~~~~~~~~~~~~~ 01-27
16021465;18122042x;17255803;15091000113;08111964;20051759;028;632;916 ~~~~~~~~~~~~~~~~~~~~~~~~~~~~~~~~~~ 01-28
17021465;19122042x;18255803;16091000113;09111964;21051759;029;831;403;611 ~~~~~~~~~~~~~~~~~~~~~~~~~~~~~~ 01-29
18021465;20122042x;19255803;17091000113;10111964;22051759;030;633 ~~~~~~~~~~~~~~~~~~~~~~~~~~~~~~~~~~~~~~ 01-30
19021465;21122042x;20255803;18091000113;11111964;23051759;031;634;406;611 ~~~~~~~~~~~~~~~~~~~~~~~~~~~~~~ 01-31
20021465;22122042x;21255803;18091000113;12111964;24051759;032;398;513;844 ~~~~~~~~~~~~~~~~~~~~~~~~~~~~~~ 02-01
21021465;23122042x;22255803;19091000113;13111964;25051759;033;403;612 ~~~~~~~~~~~~~~~~~~~~~~~~~~~~~~~~~~ 02-02
22021465;24122042x;23255803;00101000113;14111964;26051759;034 ~~~~~~~~~~~~~~~~~~~~~~~~~~~~~~~~~~~~~~~~~~ 02-03
23021465;25122042x;24255803;01101000113;15111964;27051759;035;838;612 ~~~~~~~~~~~~~~~~~~~~~~~~~~~~~~~~~~ 02-04
24021465;26122042x;25255803;02101000113;16111964;28051759;036;638;923;406 ~~~~~~~~~~~~~~~~~~~~~~~~~~~~~~ 02-05
25021465;27122042x;26255803;03101000113;17111964;29051759;037;639;403;612 ~~~~~~~~~~~~~~~~~~~~~~~~~~~~~~ 02-06
26021465;28122042x;27255803;04101000113;18111964;30051759;038;637;640 ~~~~~~~~~~~~~~~~~~~~~~~~~~~~~~~~~~ 02-07
27021465;29122042x;28255803;05101000113;19111964;01061759;039;581;612 ~~~~~~~~~~~~~~~~~~~~~~~~~~~~~~~~~~ 02-08
28021465;30122042x;29255803;06101000113;20111964;02061759;040;641;380;888 ~~~~~~~~~~~~~~~~~~~~~~~~~~~~~~ 02-09
29021465;01012043y;30255803;07101000113;21111964;03061759;041;443;479;490;415;612 ~~~~~~~~~~~~~~~~~~~~~~ 02-10
01031465;02012043y;01265803;08101000113;22111964;04061759;042;444;566;479;490 ~~~~~~~~~~~~~~~~~~~~~~~~~~ 02-11
02031465;03012043y;02265803;09101000113;23111964;05061759;043;642;432;566;612 ~~~~~~~~~~~~~~~~~~~~~~~~~~ 02-12
03031465;04012043y;03265803;10101000113;24111964;06061759;044;514;566 ~~~~~~~~~~~~~~~~~~~~~~~~~~~~~~~~~~ 02-13
04031465;05012043y;04265803;11101000113;25111964;07061759;045;643;817;940;566;375;403;612 ~~~~~~~~~~~~~~ 02-14
05031465;06012043y;05265803;12101000113;26111964;08061759;046;406 ~~~~~~~~~~~~~~~~~~~~~~~~~~~~~~~~~~~~~~ 02-15
06031465;07012043y;06265803;13101000113;27111964;09061759;047;450;397;536;914;612 ~~~~~~~~~~~~~~~~~~~~~~ 02-16
07031465;08012043y;07265803;14101000113;28111964;10061759;048;854 ~~~~~~~~~~~~~~~~~~~~~~~~~~~~~~~~~~~~~~ 02-17
08031465;09012043y;08265803;15101000113;29111964;11061759;049;854;415;612 ~~~~~~~~~~~~~~~~~~~~~~~~~~~~~~ 02-18
09031465;10012043y;09265803;16101000113;30111964;12061759;050;644;873 ~~~~~~~~~~~~~~~~~~~~~~~~~~~~~~~~~~ 02-19
10031465;11012043y;10265803;17101000113;01121964;13061759;051;645;406;612 ~~~~~~~~~~~~~~~~~~~~~~~~~~~~~~ 02-20
11031465;12012043y;11265803;18101000113;02121964;14061759;052 ~~~~~~~~~~~~~~~~~~~~~~~~~~~~~~~~~~~~~~~~~~ 02-21
12031465;13012043y;12265803;19101000113;03121964;15061759;053;511;612 ~~~~~~~~~~~~~~~~~~~~~~~~~~~~~~~~~~ 02-22
13031465;14012043y;13265803;00111000113;04121964;16061759;054;382;884;843 ~~~~~~~~~~~~~~~~~~~~~~~~~~~~~~ 02-23
14031465;15012043y;14265803;01111000113;05121964;17061759;055;646;612 ~~~~~~~~~~~~~~~~~~~~~~~~~~~~~~~~~~ 02-24
15031465;16012043y;15265803;02111000113;06121964;18061759;056;406 ~~~~~~~~~~~~~~~~~~~~~~~~~~~~~~~~~~~~~~ 02-25
16031465;17012043y;16265803;03111000113;07121964;19061759;057;647;648;411;403;612 ~~~~~~~~~~~~~~~~~~~~~~ 02-26
17031465;18012043y;17265803;04111000113;08121964;20061759;058;649;511;843 ~~~~~~~~~~~~~~~~~~~~~~~~~~~~~~ 02-27
18031465;19012043y;18265803;05111000113;09121964;21061759;059;650;859;612 ~~~~~~~~~~~~~~~~~~~~~~~~~~~~~~ 02-28
19031465;20012043y;19265803;09111000113;10121964;22061759;061;655;513 ~~~~~~~~~~~~~~~~~~~~~~~~~~~~~~~~~~ 03-01
20031465;21012043y;20265803;10111000113;11121964;23061759;062;403;406;613 ~~~~~~~~~~~~~~~~~~~~~~~~~~~~~~ 03-02
21031465;22012043y;21265803;11111000113;12121964;24061759;063;398;613 ~~~~~~~~~~~~~~~~~~~~~~~~~~~~~~~~~~ 03-03
22031465;23012043y;22265803;12111000113;13121964;25061759;064;613 ~~~~~~~~~~~~~~~~~~~~~~~~~~~~~~~~~~~~~~ 03-04
23031465;24012043y;23265803;13111000113;14121964;26061759;065;653;613 ~~~~~~~~~~~~~~~~~~~~~~~~~~~~~~~~~~ 03-05
24031465;25012043y;24265803;14111000113;15121964;27061759;066;654;403;415;613 ~~~~~~~~~~~~~~~~~~~~~~~~~~ 03-06
25031465;26012043y;25265803;15111000113;16121964;28061759;067;637;943;843 ~~~~~~~~~~~~~~~~~~~~~~~~~~~~~~ 03-07
26031465;27012043y;26265803;16111000113;17121964;29061759;068;613 ~~~~~~~~~~~~~~~~~~~~~~~~~~~~~~~~~~~~~~ 03-08
27031465;28012043y;27265803;17111000113;18121964;30061759;069;856;886;613 ~~~~~~~~~~~~~~~~~~~~~~~~~~~~~~ 03-09
28031465;29012043y;28265803;18111000113;19121964;01071759;070;403;613 ~~~~~~~~~~~~~~~~~~~~~~~~~~~~~~~~~~ 03-10
29031465;01022043y;29265803;19111000113;20121964;02071759;071;380;613 ~~~~~~~~~~~~~~~~~~~~~~~~~~~~~~~~~~ 03-11
30031465;02022043y;30265803;00121000113;21121964;03071759;072;656;406;613 ~~~~~~~~~~~~~~~~~~~~~~~~~~~~~~ 03-12
01041465;03022043y;01275803;01121000113;22121964;04071759;073;514 ~~~~~~~~~~~~~~~~~~~~~~~~~~~~~~~~~~~~~~ 03-13
02041465;04022043y;02275803;02121000113;23121964;05071759;074;403;613 ~~~~~~~~~~~~~~~~~~~~~~~~~~~~~~~~~~ 03-14
03041465;05022043y;03275803;03121000113;24121964;06071759;075 ~~~~~~~~~~~~~~~~~~~~~~~~~~~~~~~~~~~~~~~~~~ 03-15
04041465;06022043y;04275803;04121000113;25121964;07071759;076;829;613 ~~~~~~~~~~~~~~~~~~~~~~~~~~~~~~~~~~ 03-16
05041465;07022043y;05275803;05121000113;26121964;08071759;077;657;397;406 ~~~~~~~~~~~~~~~~~~~~~~~~~~~~~~ 03-17
06041465;08022043y;06275803;06121000113;27121964;09071759;078;403;613 ~~~~~~~~~~~~~~~~~~~~~~~~~~~~~~~~~~ 03-18
07041465;09022043y;07275803;07121000113;28121964;10071759;079;658;412;613 ~~~~~~~~~~~~~~~~~~~~~~~~~~~~~~ 03-19
08041465;10022043y;08275803;08121000113;29121964;11071759;080;466;613 ~~~~~~~~~~~~~~~~~~~~~~~~~~~~~~~~~~ 03-20
09041465;11022043y;09275803;09121000113;30121964;12071759;081;517;424;613 ~~~~~~~~~~~~~~~~~~~~~~~~~~~~~~ 03-21
10041465;12022043y;10275803;10121000113;01011965;13071759;082;493;459;851;406;415;613 ~~~~~~~~~~~~~~~~~~ 03-22
11041465;13022043y;11275803;11121000113;02011965;14071759;083;613 ~~~~~~~~~~~~~~~~~~~~~~~~~~~~~~~~~~~~~~ 03-23
12041465;14022043y;12275803;12121000113;03011965;15071759;084;659;613 ~~~~~~~~~~~~~~~~~~~~~~~~~~~~~~~~~~ 03-24
13041465;15022043y;13275803;13121000113;04011965;16071759;085;660;383;541;544;623;906;949;613 ~~~~~~~~~~ 03-25
14041465;16022043y;14275803;14121000113;05011965;17071759;086;598;519;403;613 ~~~~~~~~~~~~~~~~~~~~~~~~~~ 03-26
15041465;17022043y;15275803;15121000113;06011965;18071759;087;445;562;406 ~~~~~~~~~~~~~~~~~~~~~~~~~~~~~~ 03-27
16041465;18022043y;16275803;16121000113;07011965;19071759;088;446;433;562;613 ~~~~~~~~~~~~~~~~~~~~~~~~~~ 03-28
17041465;19022043y;17275803;17121000113;08011965;20071759;089;447;652;513;562;613 ~~~~~~~~~~~~~~~~~~~~~~ 03-29
18041465;20022043y;18275803;18121000113;09011965;21071759;090;448;852;375;613 ~~~~~~~~~~~~~~~~~~~~~~~~~~ 03-30
19041465;21022043y;19275803;19121000113;10011965;22071759;091 ~~~~~~~~~~~~~~~~~~~~~~~~~~~~~~~~~~~~~~~~~~ 03-31
20041465;22022043y;20275803;00131000113;11011965;23071759;092;663;614 ~~~~~~~~~~~~~~~~~~~~~~~~~~~~~~~~~~ 04-01
21041465;23022043y;21275803;01131000113;12011965;24071759;093;398;533;924 ~~~~~~~~~~~~~~~~~~~~~~~~~~~~~~ 04-02
22041465;24022043y;22275803;02131000113;13011965;25071759;094;403;614 ~~~~~~~~~~~~~~~~~~~~~~~~~~~~~~~~~~ 04-03
23041465;25022043y;23275803;03131000113;14011965;26071759;095;637;661;818;614 ~~~~~~~~~~~~~~~~~~~~~~~~~~ 04-04
24041465;26022043y;24275803;04131000113;15011965;27071759;096;662;571;614 ~~~~~~~~~~~~~~~~~~~~~~~~~~~~~~ 04-05
25041465;27022043y;25275803;05131000113;16011965;28071759;097;651;900;406;614 ~~~~~~~~~~~~~~~~~~~~~~~~~~ 04-06
26041465;28022043y;26275803;06131000113;17011965;29071759;098;436;651;415;614 ~~~~~~~~~~~~~~~~~~~~~~~~~~ 04-07
27041465;29022043y;27275803;07131000113;18011965;30071759;099;651 ~~~~~~~~~~~~~~~~~~~~~~~~~~~~~~~~~~~~~~ 04-08
28041465;30022043y;28275803;08131000113;19011965;01081759;100;380;651;953;412;614 ~~~~~~~~~~~~~~~~~~~~~~ 04-09
29041465;01032043y;29275803;09131000113;20011965;02081759;101;514;538;651;559;935 ~~~~~~~~~~~~~~~~~~~~~~ 04-10
01051465;02032043y;01285803;10131000113;21011965;03081759;102;376;651;614 ~~~~~~~~~~~~~~~~~~~~~~~~~~~~~~ 04-11
02051465;03032043y;02285803;11131000113;22011965;04081759;103;555;577 ~~~~~~~~~~~~~~~~~~~~~~~~~~~~~~~~~~ 04-12
03051465;04032043y;03285803;12131000113;23011965;05081759;104;614 ~~~~~~~~~~~~~~~~~~~~~~~~~~~~~~~~~~~~~~ 04-13
04051465;05032043y;04285803;13131000113;24011965;06081759;105;945 ~~~~~~~~~~~~~~~~~~~~~~~~~~~~~~~~~~~~~~ 04-14
05051465;06032043y;05285803;14131000113;25011965;07081759;106;864;403;614 ~~~~~~~~~~~~~~~~~~~~~~~~~~~~~~ 04-15
06051465;07032043y;06285803;15131000113;26011965;08081759;107;631;664;397;399;614 ~~~~~~~~~~~~~~~~~~~~~~ 04-16
07051465;08032043y;07285803;16131000113;27011965;09081759;108;665;576;933;614 ~~~~~~~~~~~~~~~~~~~~~~~~~~ 04-17
08051465;09032043y;08285803;17131000113;28011965;10081759;109;666 ~~~~~~~~~~~~~~~~~~~~~~~~~~~~~~~~~~~~~~ 04-18
09051465;10032043y;09285803;18131000113;29011965;11081759;110;877;400;403;614 ~~~~~~~~~~~~~~~~~~~~~~~~~~ 04-19
10051465;11032043y;10285803;19131000113;30011965;12081759;111;794;408;416 ~~~~~~~~~~~~~~~~~~~~~~~~~~~~~~ 04-20
11051465;12032043y;11285803;00141000113;01021965;13081759;112;614 ~~~~~~~~~~~~~~~~~~~~~~~~~~~~~~~~~~~~~~ 04-21
12051465;13032043y;12285803;01141000113;02021965;14081759;113;400 ~~~~~~~~~~~~~~~~~~~~~~~~~~~~~~~~~~~~~~ 04-22
13051465;14032043y;13285803;02141000113;03021965;15081759;114;667;614 ~~~~~~~~~~~~~~~~~~~~~~~~~~~~~~~~~~ 04-23
14051465;15032043y;14285803;03141000113;04021965;16081759;115;671;384;539;575 ~~~~~~~~~~~~~~~~~~~~~~~~~~ 04-24
15051465;16032043y;15285803;04141000113;05021965;17081759;116;668;513;515;400;614 ~~~~~~~~~~~~~~~~~~~~~~ 04-25
16051465;17032043y;16285803;05141000113;06021965;18081759;117;669;406;409 ~~~~~~~~~~~~~~~~~~~~~~~~~~~~~~ 04-26
17051465;18032043y;17285803;06141000113;07021965;19081759;118;403;614 ~~~~~~~~~~~~~~~~~~~~~~~~~~~~~~~~~~ 04-27
18051465;19032043y;18285803;07141000113;08021965;20081759;119;400;614 ~~~~~~~~~~~~~~~~~~~~~~~~~~~~~~~~~~ 04-28
19051465;20032043y;19285803;08141000113;09021965;21081759;120;670;614 ~~~~~~~~~~~~~~~~~~~~~~~~~~~~~~~~~~ 04-29
20051465;21032043y;20285803;09141000113;10021965;22081759;121;412 ~~~~~~~~~~~~~~~~~~~~~~~~~~~~~~~~~~~~~~ 04-30
21051465;22032043y;21285803;10141000113;11021965;23081759;122;679;400;403;615 ~~~~~~~~~~~~~~~~~~~~~~~~~~ 05-01
22051465;23032043y;22285803;11141000113;12021965;24081759;123;637;672;398;803;409 ~~~~~~~~~~~~~~~~~~~~~~ 05-02
23051465;24032043y;23285803;12141000113;13021965;25081759;124;673;624;615 ~~~~~~~~~~~~~~~~~~~~~~~~~~~~~~ 05-03
24051465;25032043y;24285803;13141000113;14021965;26081759;125;674;624;400 ~~~~~~~~~~~~~~~~~~~~~~~~~~~~~~ 05-04
25051465;26032043y;25285803;14141000113;15021965;27081759;126;675;861;939;624;615 ~~~~~~~~~~~~~~~~~~~~~~ 05-05
26051465;27032043y;26285803;15141000113;16021965;28081759;127;676;526;624 ~~~~~~~~~~~~~~~~~~~~~~~~~~~~~~ 05-06
27051465;28032043y;27285803;16141000113;17021965;29081759;128;494;677;624;400;615 ~~~~~~~~~~~~~~~~~~~~~~ 05-07
28051465;29032043y;28285803;17141000113;18021965;30081759;129;678;380;820;624 ~~~~~~~~~~~~~~~~~~~~~~~~~~ 05-08
29051465;01042043y;29285803;18141000113;19021965;01091759;130;681;680;514;811;624;615 ~~~~~~~~~~~~~~~~~~ 05-09
30051465;02042043y;30285803;19141000113;20021965;02091759;131;451;401 ~~~~~~~~~~~~~~~~~~~~~~~~~~~~~~~~~~ 05-10
01061465;03042043y;01295803;00151000113;21021965;03091759;132;682;432;510;902;406;615 ~~~~~~~~~~~~~~~~~~ 05-11
02061465;04042043y;02295803;01151000113;22021965;04091759;133 ~~~~~~~~~~~~~~~~~~~~~~~~~~~~~~~~~~~~~~~~~~ 05-12
03061465;05042043y;03295803;02151000113;23021965;05091759;134;683;403;615 ~~~~~~~~~~~~~~~~~~~~~~~~~~~~~~ 05-13
04061465;06042043y;04295803;03151000113;24021965;06091759;135;528;409;412 ~~~~~~~~~~~~~~~~~~~~~~~~~~~~~~ 05-14
05061465;07042043y;05295803;04151000113;25021965;07091759;136;686;397;553;818;825;830;529;573;615 ~~~~~~ 05-15
06061465;08042043y;06295803;05151000113;26021965;08091759;137;687;568;573;406 ~~~~~~~~~~~~~~~~~~~~~~~~~~ 05-16
07061465;09042043y;07295803;06151000113;27021965;09091759;138;449;684;927;568;573;615 ~~~~~~~~~~~~~~~~~~ 05-17
08061465;10042043y;08295803;07151000113;28021965;10091759;139;789 ~~~~~~~~~~~~~~~~~~~~~~~~~~~~~~~~~~~~~~ 05-18
09061465;11042043y;09295803;08151000113;29021965;11091759;140;889;615 ~~~~~~~~~~~~~~~~~~~~~~~~~~~~~~~~~~ 05-19
10061465;12042043y;10295803;09151000113;30021965;12091759;141;685;409 ~~~~~~~~~~~~~~~~~~~~~~~~~~~~~~~~~~ 05-20
11061465;13042043y;11295803;10151000113;31021965;13091759;142;797;813;412;615 ~~~~~~~~~~~~~~~~~~~~~~~~~~ 05-21
12061465;14042043y;12295803;11151000113;01031965;14091759;143;689;513;833;894 ~~~~~~~~~~~~~~~~~~~~~~~~~~ 05-22
13061465;15042043y;13295803;12151000113;02031965;15091759;144;439;798;385;537;937;615 ~~~~~~~~~~~~~~~~~~ 05-23
14061465;16042043y;14295803;13151000113;03031965;16091759;145;439;437;832;892 ~~~~~~~~~~~~~~~~~~~~~~~~~~ 05-24
15061465;17042043y;15295803;14151000113;04031965;17091759;146;438;403;615 ~~~~~~~~~~~~~~~~~~~~~~~~~~~~~~ 05-25
16061465;18042043y;16295803;15151000113;05031965;18091759;147;821;409 ~~~~~~~~~~~~~~~~~~~~~~~~~~~~~~~~~~ 05-26
17061465;19042043y;17295803;16151000113;06031965;19091759;148;688;615 ~~~~~~~~~~~~~~~~~~~~~~~~~~~~~~~~~~ 05-27
18061465;20042043y;18295803;17151000113;07031965;20091759;149;518 ~~~~~~~~~~~~~~~~~~~~~~~~~~~~~~~~~~~~~~ 05-28
19061465;21042043y;19295803;18151000113;08031965;21091759;150;403;615 ~~~~~~~~~~~~~~~~~~~~~~~~~~~~~~~~~~ 05-29
20061465;22042043y;20295803;19151000113;09031965;22091759;151 ~~~~~~~~~~~~~~~~~~~~~~~~~~~~~~~~~~~~~~~~~~ 05-30
21061465;23042043y;21295803;00161000113;10031965;23091759;152;398;615 ~~~~~~~~~~~~~~~~~~~~~~~~~~~~~~~~~~ 05-31
22061465;24042043y;22295803;01161000113;11031965;24091759;153;420 ~~~~~~~~~~~~~~~~~~~~~~~~~~~~~~~~~~~~~~ 06-01
23061465;25042043y;23295803;02161000113;12031965;25091759;154;694;616 ~~~~~~~~~~~~~~~~~~~~~~~~~~~~~~~~~~ 06-02
24061465;26042043y;24295803;03161000113;13031965;26091759;155;691;530;820 ~~~~~~~~~~~~~~~~~~~~~~~~~~~~~~ 06-03
25061465;27042043y;25295803;04161000113;14031965;27091759;156;554;412;616 ~~~~~~~~~~~~~~~~~~~~~~~~~~~~~~ 06-04
26061465;28042043y;26295803;05161000113;15031965;28091759;157;692 ~~~~~~~~~~~~~~~~~~~~~~~~~~~~~~~~~~~~~~ 06-05
27061465;29042043y;27295803;06161000113;16031965;29091759;158;637;693;514;616 ~~~~~~~~~~~~~~~~~~~~~~~~~~ 06-06
28061465;01052043y;28295803;07161000113;17031965;30091759;159;690;380;921;942;616 ~~~~~~~~~~~~~~~~~~~~~~ 06-07
29061465;02052043y;29295803;08161000113;18031965;01101759;160;616 ~~~~~~~~~~~~~~~~~~~~~~~~~~~~~~~~~~~~~~ 06-08
01071465;03052043y;01305803;09161000113;19031965;02101759;161;696 ~~~~~~~~~~~~~~~~~~~~~~~~~~~~~~~~~~~~~~ 06-09
02071465;04052043y;02305803;10161000113;20031965;03101759;162;403;406;616 ~~~~~~~~~~~~~~~~~~~~~~~~~~~~~~ 06-10
03071465;05052043y;03305803;11161000113;21031965;04101759;163;564;569;412 ~~~~~~~~~~~~~~~~~~~~~~~~~~~~~~ 06-11
04071465;06052043y;04305803;12161000113;22031965;05101759;164;569;616 ~~~~~~~~~~~~~~~~~~~~~~~~~~~~~~~~~~ 06-12
05071465;07052043y;05305803;13161000113;23031965;06101759;165;697;799;825;409;616 ~~~~~~~~~~~~~~~~~~~~~~ 06-13
06071465;08052043y;06305803;14161000113;24031965;07101759;166;695;397;522;616 ~~~~~~~~~~~~~~~~~~~~~~~~~~ 06-14
07071465;09052043y;07305803;15161000113;25031965;08101759;167;406 ~~~~~~~~~~~~~~~~~~~~~~~~~~~~~~~~~~~~~~ 06-15
08071465;10052043y;08305803;16161000113;26031965;09101759;168;552;616 ~~~~~~~~~~~~~~~~~~~~~~~~~~~~~~~~~~ 06-16
09071465;11052043y;09305803;17161000113;27031965;10101759;169;616 ~~~~~~~~~~~~~~~~~~~~~~~~~~~~~~~~~~~~~~ 06-17
10071465;12052043y;10305803;18161000113;28031965;11101759;170;698;513;896;403;616 ~~~~~~~~~~~~~~~~~~~~~~ 06-18
11071465;13052043y;11305803;19161000113;29031965;12101759;171;701;699;700;409 ~~~~~~~~~~~~~~~~~~~~~~~~~~ 06-19
12071465;14052043y;12305803;00171000113;30031965;13101759;172;457;460;616 ~~~~~~~~~~~~~~~~~~~~~~~~~~~~~~ 06-20
13071465;15052043y;13305803;01171000113;31031965;14101759;173;452;452;425 ~~~~~~~~~~~~~~~~~~~~~~~~~~~~~~ 06-21
14071465;16052043y;14305803;02171000113;01041965;15101759;174;386;874;941;461;403;616 ~~~~~~~~~~~~~~~~~~ 06-22
15071465;17052043y;15305803;03171000113;02041965;16101759;175;616 ~~~~~~~~~~~~~~~~~~~~~~~~~~~~~~~~~~~~~~ 06-23
16071465;18052043y;16305803;04171000113;03041965;17101759;176;704;433;616 ~~~~~~~~~~~~~~~~~~~~~~~~~~~~~~ 06-24
17071465;19052043y;17305803;05171000113;04041965;18101759;177;406 ~~~~~~~~~~~~~~~~~~~~~~~~~~~~~~~~~~~~~~ 06-25
18071465;20052043y;18305803;06171000113;05041965;19101759;178;703;403;616 ~~~~~~~~~~~~~~~~~~~~~~~~~~~~~~ 06-26
19071465;21052043y;19305803;07171000113;06041965;20101759;179;702 ~~~~~~~~~~~~~~~~~~~~~~~~~~~~~~~~~~~~~~ 06-27
20071465;22052043y;20305803;08171000113;07041965;21101759;180;616 ~~~~~~~~~~~~~~~~~~~~~~~~~~~~~~~~~~~~~~ 06-28
21071465;23052043y;21305803;09171000113;08041965;22101759;181;398;616 ~~~~~~~~~~~~~~~~~~~~~~~~~~~~~~~~~~ 06-29
22071465;24052043y;22305803;10171000113;09041965;23101759;182;406;616 ~~~~~~~~~~~~~~~~~~~~~~~~~~~~~~~~~~ 06-30
23071465;25052043y;23305803;11171000113;10041965;24101759;183 ~~~~~~~~~~~~~~~~~~~~~~~~~~~~~~~~~~~~~~~~~~ 07-01
24071465;26052043y;24305803;12171000113;11041965;25101759;184;617 ~~~~~~~~~~~~~~~~~~~~~~~~~~~~~~~~~~~~~~ 07-02
25071465;27052043y;25305803;13171000113;12041965;26101759;185;578;946;565 ~~~~~~~~~~~~~~~~~~~~~~~~~~~~~~ 07-03
26071465;28052043y;26305803;14171000113;13041965;27101759;186;637;705;840;514;565;617 ~~~~~~~~~~~~~~~~~~ 07-04
27071465;29052043y;27305803;15171000113;14041965;28101759;187;795;509 ~~~~~~~~~~~~~~~~~~~~~~~~~~~~~~~~~~ 07-05
28071465;30052043y;28305803;16171000113;15041965;29101759;188;380;373;928;617 ~~~~~~~~~~~~~~~~~~~~~~~~~~ 07-06
29071465;01062043y;29305803;17171000113;16041965;30101759;189 ~~~~~~~~~~~~~~~~~~~~~~~~~~~~~~~~~~~~~~~~~~ 07-07
30071465;02062043y;30305803;18171000113;17041965;01111759;190;870;403;617 ~~~~~~~~~~~~~~~~~~~~~~~~~~~~~~ 07-08
01081465;03062043y;01315803;19171000113;18041965;02111759;191;412;617 ~~~~~~~~~~~~~~~~~~~~~~~~~~~~~~~~~~ 07-09
02081465;04062043y;02315803;00001100113;19041965;03111759;192;406;617 ~~~~~~~~~~~~~~~~~~~~~~~~~~~~~~~~~~ 07-10
03081465;05062043y;03315803;01001100113;20041965;04111759;193;706;617 ~~~~~~~~~~~~~~~~~~~~~~~~~~~~~~~~~~ 07-11
04081465;06062043y;04315803;02001100113;21041965;05111759;194;403;617 ~~~~~~~~~~~~~~~~~~~~~~~~~~~~~~~~~~ 07-12
05081465;07062043y;05315803;03001100113;22041965;06111759;195;707;397;617 ~~~~~~~~~~~~~~~~~~~~~~~~~~~~~~ 07-13
06081465;08062043y;06315803;04001100113;23041965;07111759;196;617 ~~~~~~~~~~~~~~~~~~~~~~~~~~~~~~~~~~~~~~ 07-14
07081465;09062043y;07315803;05001100113;24041965;08111759;197;711;413;406 ~~~~~~~~~~~~~~~~~~~~~~~~~~~~~~ 07-15
08081465;10062043y;08315803;06001100113;25041965;09111759;198;631;513;403;617 ~~~~~~~~~~~~~~~~~~~~~~~~~~ 07-16
09081465;11062043y;09315803;07001100113;26041965;10111759;199;546;824;617 ~~~~~~~~~~~~~~~~~~~~~~~~~~~~~~ 07-17
10081465;12062043y;10315803;08001100113;27041965;11111759;200;708;617 ~~~~~~~~~~~~~~~~~~~~~~~~~~~~~~~~~~ 07-18
11081465;13062043y;11315803;09001100113;28041965;12111759;201;709;409 ~~~~~~~~~~~~~~~~~~~~~~~~~~~~~~~~~~ 07-19
12081465;14062043y;12315803;10001100113;29041965;13111759;202;710;403;617 ~~~~~~~~~~~~~~~~~~~~~~~~~~~~~~ 07-20
13081465;15062043y;13315803;11001100113;30041965;14111759;203;387;421 ~~~~~~~~~~~~~~~~~~~~~~~~~~~~~~~~~~ 07-21
14081465;16062043y;14315803;12001100113;31041965;15111759;204;531;561;512;617 ~~~~~~~~~~~~~~~~~~~~~~~~~~ 07-22
15081465;17062043y;15315803;13001100113;01051965;16111759;205;712 ~~~~~~~~~~~~~~~~~~~~~~~~~~~~~~~~~~~~~~ 07-23
16081465;18062043y;16315803;14001100113;02051965;17111759;206;617 ~~~~~~~~~~~~~~~~~~~~~~~~~~~~~~~~~~~~~~ 07-24
17081465;19062043y;17315803;15001100113;03051965;18111759;207;713;617 ~~~~~~~~~~~~~~~~~~~~~~~~~~~~~~~~~~ 07-25
18081465;20062043y;18315803;16001100113;04051965;19111759;208;714;617 ~~~~~~~~~~~~~~~~~~~~~~~~~~~~~~~~~~ 07-26
19081465;21062043y;19315803;17001100113;05051965;20111759;209 ~~~~~~~~~~~~~~~~~~~~~~~~~~~~~~~~~~~~~~~~~~ 07-27
20081465;22062043y;20315803;18001100113;06051965;21111759;210;403;617 ~~~~~~~~~~~~~~~~~~~~~~~~~~~~~~~~~~ 07-28
21081465;23062043y;21315803;19001100113;07051965;22111759;211;398 ~~~~~~~~~~~~~~~~~~~~~~~~~~~~~~~~~~~~~~ 07-29
22081465;24062043y;22315803;00011100113;08051965;23111759;212;715;406;617 ~~~~~~~~~~~~~~~~~~~~~~~~~~~~~~ 07-30
23081465;25062043y;23315803;01011100113;09051965;24111759;213;716;421 ~~~~~~~~~~~~~~~~~~~~~~~~~~~~~~~~~~ 07-31
24081465;26062043y;24315803;02011100113;10051965;25111759;214;637;720;514;878;403;618 ~~~~~~~~~~~~~~~~~~ 08-01
25081465;27062043y;25315803;03011100113;11051965;26111759;215;717 ~~~~~~~~~~~~~~~~~~~~~~~~~~~~~~~~~~~~~~ 08-02
26081465;28062043y;26315803;04011100113;12051965;27111759;216;618 ~~~~~~~~~~~~~~~~~~~~~~~~~~~~~~~~~~~~~~ 08-03
27081465;29062043y;27315803;05011100113;13051965;28111759;217;718;380 ~~~~~~~~~~~~~~~~~~~~~~~~~~~~~~~~~~ 08-04
28081465;01072043y;28315803;06011100113;14051965;29111759;218;436;618 ~~~~~~~~~~~~~~~~~~~~~~~~~~~~~~~~~~ 08-05
29081465;02072043y;29315803;07011100113;15051965;30111759;219;868;409 ~~~~~~~~~~~~~~~~~~~~~~~~~~~~~~~~~~ 08-06
01091465;03072043y;01325803;08011100113;16051965;01121759;220;719;432;579;504;618 ~~~~~~~~~~~~~~~~~~~~~~ 08-07
02091465;04072043y;02325803;09011100113;17051965;02121759;221;723 ~~~~~~~~~~~~~~~~~~~~~~~~~~~~~~~~~~~~~~ 08-08
03091465;05072043y;03325803;10011100113;18051965;03121759;222;721;891;403;406;618 ~~~~~~~~~~~~~~~~~~~~~~ 08-09
04091465;06072043y;04325803;11011100113;19051965;04121759;223 ~~~~~~~~~~~~~~~~~~~~~~~~~~~~~~~~~~~~~~~~~~ 08-10
05091465;07072043y;05325803;12011100113;20051965;05121759;224;572;618 ~~~~~~~~~~~~~~~~~~~~~~~~~~~~~~~~~~ 08-11
06091465;08072043y;06325803;13011100113;21051965;06121759;225;722;397;409 ~~~~~~~~~~~~~~~~~~~~~~~~~~~~~~ 08-12
07091465;09072043y;07325803;14011100113;22051965;07121759;226;513;403;618 ~~~~~~~~~~~~~~~~~~~~~~~~~~~~~~ 08-13
08091465;10072043y;08325803;15011100113;23051965;08121759;227;938;406 ~~~~~~~~~~~~~~~~~~~~~~~~~~~~~~~~~~ 08-14
09091465;11072043y;09325803;16011100113;24051965;09121759;228;724;417;618 ~~~~~~~~~~~~~~~~~~~~~~~~~~~~~~ 08-15
10091465;12072043y;10325803;17011100113;25051965;10121759;229;377;926 ~~~~~~~~~~~~~~~~~~~~~~~~~~~~~~~~~~ 08-16
11091465;13072043y;11325803;18011100113;26051965;11121759;230;403;618 ~~~~~~~~~~~~~~~~~~~~~~~~~~~~~~~~~~ 08-17
12091465;14072043y;12325803;19011100113;27051965;12121759;231;567;409 ~~~~~~~~~~~~~~~~~~~~~~~~~~~~~~~~~~ 08-18
13091465;15072043y;13325803;00021100113;28051965;13121759;232;399;567;618 ~~~~~~~~~~~~~~~~~~~~~~~~~~~~~~ 08-19
14091465;16072043y;14325803;01021100113;29051965;14121759;233;388;410;556;909;910;925 ~~~~~~~~~~~~~~~~~~ 08-20
15091465;17072043y;15325803;02021100113;30051965;15121759;234;505;618 ~~~~~~~~~~~~~~~~~~~~~~~~~~~~~~~~~~ 08-21
16091465;18072043y;16325803;03021100113;31051965;16121759;235;400 ~~~~~~~~~~~~~~~~~~~~~~~~~~~~~~~~~~~~~~ 08-22
17091465;19072043y;17325803;04021100113;01061965;17121759;236;875;618 ~~~~~~~~~~~~~~~~~~~~~~~~~~~~~~~~~~ 08-23
18091465;20072043y;18325803;05021100113;02061965;18121759;237;467;406 ~~~~~~~~~~~~~~~~~~~~~~~~~~~~~~~~~~ 08-24
19091465;21072043y;19325803;06021100113;03061965;19121759;238;403;618 ~~~~~~~~~~~~~~~~~~~~~~~~~~~~~~~~~~ 08-25
20091465;22072043y;20325803;07021100113;04061965;20121759;239;514 ~~~~~~~~~~~~~~~~~~~~~~~~~~~~~~~~~~~~~~ 08-26
21091465;23072043y;21325803;08021100113;05061965;21121759;240;398;872;505;618 ~~~~~~~~~~~~~~~~~~~~~~~~~~ 08-27
22091465;24072043y;22325803;09021100113;06061965;22121759;241;427;596;871;400 ~~~~~~~~~~~~~~~~~~~~~~~~~~ 08-28
23091465;25072043y;23325803;10021100113;07061965;23121759;242;725;378;505;618 ~~~~~~~~~~~~~~~~~~~~~~~~~~ 08-29
24091465;26072043y;24325803;11021100113;08061965;24121759;243;428;725;503;421 ~~~~~~~~~~~~~~~~~~~~~~~~~~ 08-30
25091465;27072043y;25325803;12021100113;09061965;25121759;244;796;400;618 ~~~~~~~~~~~~~~~~~~~~~~~~~~~~~~ 08-31
26091465;28072043y;26325803;13021100113;10061965;26121759;245;594 ~~~~~~~~~~~~~~~~~~~~~~~~~~~~~~~~~~~~~~ 09-01
27091465;29072043y;27325803;14021100113;11061965;27121759;246;595;508;403;619 ~~~~~~~~~~~~~~~~~~~~~~~~~~ 09-02
28091465;01082043y;28325803;15021100113;12061965;28121759;247;380;400 ~~~~~~~~~~~~~~~~~~~~~~~~~~~~~~~~~~ 09-03
29091465;02082043y;29325803;16021100113;13061965;29121759;248;596;596;727;507;619 ~~~~~~~~~~~~~~~~~~~~~~ 09-04
30091465;03082043y;30325803;17021100113;14061965;30121759;249;429;637;728;506;619 ~~~~~~~~~~~~~~~~~~~~~~ 09-05
01101465;04082043y;01335803;18021100113;15061965;01131759;250;430;845;597;502;400;403;619 ~~~~~~~~~~~~~~ 09-06
02101465;05082043y;02335803;19021100113;16061965;02131759;251;434;846;550;619 ~~~~~~~~~~~~~~~~~~~~~~~~~~ 09-07
03101465;06082043y;03335803;00031100113;17061965;03131759;252;435;915;619 ~~~~~~~~~~~~~~~~~~~~~~~~~~~~~~ 09-08
04101465;07082043y;04335803;01031100113;18061965;04131759;253;400 ~~~~~~~~~~~~~~~~~~~~~~~~~~~~~~~~~~~~~~ 09-09
05101465;08082043y;05335803;02031100113;19061965;05131759;254;730;513;403;619 ~~~~~~~~~~~~~~~~~~~~~~~~~~ 09-10
06101465;09082043y;06335803;03031100113;20061965;06131759;255;397;401;908;418 ~~~~~~~~~~~~~~~~~~~~~~~~~~ 09-11
07101465;10082043y;07335803;04031100113;21061965;01011760;256;847;619 ~~~~~~~~~~~~~~~~~~~~~~~~~~~~~~~~~~ 09-12
08101465;11082043y;08335803;05031100113;22061965;02011760;257;455;726;406 ~~~~~~~~~~~~~~~~~~~~~~~~~~~~~~ 09-13
09101465;12082043y;09335803;06031100113;23061965;03011760;258;729;403;619 ~~~~~~~~~~~~~~~~~~~~~~~~~~~~~~ 09-14
10101465;13082043y;10335803;07031100113;24061965;04011760;259;732;903;619 ~~~~~~~~~~~~~~~~~~~~~~~~~~~~~~ 09-15
11101465;14082043y;11335803;08031100113;25061965;05011760;260;897;619 ~~~~~~~~~~~~~~~~~~~~~~~~~~~~~~~~~~ 09-16
12101465;15082043y;12335803;09031100113;26061965;06011760;261;733;570;619;848 ~~~~~~~~~~~~~~~~~~~~~~~~~~ 09-17
13101465;16082043y;13335803;10031100113;27061965;07011760;262;734;389;390;437;520;551;403;619 ~~~~~~~~~~ 09-18
14101465;17082043y;14335803;11031100113;28061965;08011760;263;735;534;541;907;949;619 ~~~~~~~~~~~~~~~~~~ 09-19
15101465;18082043y;15335803;12031100113;29061965;09011760;264;731;433;619 ~~~~~~~~~~~~~~~~~~~~~~~~~~~~~~ 09-20
16101465;19082043y;16335803;13031100113;30061965;10011760;265;619;848 ~~~~~~~~~~~~~~~~~~~~~~~~~~~~~~~~~~ 09-21
17101465;20082043y;17335803;14031100113;31061965;11011760;266;737;514;462;403;619 ~~~~~~~~~~~~~~~~~~~~~~ 09-22
18101465;21082043y;18335803;15031100113;01071965;12011760;267;423;406 ~~~~~~~~~~~~~~~~~~~~~~~~~~~~~~~~~~ 09-23
19101465;22082043y;19335803;16031100113;02071965;13011760;268;741;463;619 ~~~~~~~~~~~~~~~~~~~~~~~~~~~~~~ 09-24
20101465;23082043y;20335803;17031100113;03071965;14011760;269;738;398;848 ~~~~~~~~~~~~~~~~~~~~~~~~~~~~~~ 09-25
21101465;24082043y;21335803;18031100113;04071965;15011760;270;739;743;403;619 ~~~~~~~~~~~~~~~~~~~~~~~~~~ 09-26
22101465;25082043y;22335803;19031100113;05071965;16011760;271;740 ~~~~~~~~~~~~~~~~~~~~~~~~~~~~~~~~~~~~~~ 09-27
23101465;26082043y;23335803;00041100113;06071965;17011760;272;736;406;619 ~~~~~~~~~~~~~~~~~~~~~~~~~~~~~~ 09-28
24101465;27082043y;24335803;01041100113;07071965;18011760;273;869;848 ~~~~~~~~~~~~~~~~~~~~~~~~~~~~~~~~~~ 09-29
25101465;28082043y;25335803;02041100113;08071965;19011760;274;742;790;853;619 ~~~~~~~~~~~~~~~~~~~~~~~~~~ 09-30
26101465;29082043y;26335803;03041100113;09071965;20011760;275;747;790;853;848 ~~~~~~~~~~~~~~~~~~~~~~~~~~ 10-01
27101465;30082043y;27335803;04041100113;10071965;21011760;276;748;790;380;920;853;620 ~~~~~~~~~~~~~~~~~~ 10-02
28101465;01092043y;28335803;05041100113;11071965;22011760;277;637;790;950;406;574 ~~~~~~~~~~~~~~~~~~~~~~ 10-03
29101465;02092043y;29335803;06041100113;12071965;23011760;278;749;790;895;521;403;620 ~~~~~~~~~~~~~~~~~~ 10-04
01111465;03092043y;01015804;07041100113;13071965;24011760;279;744;790;521;848 ~~~~~~~~~~~~~~~~~~~~~~~~~~ 10-05
02111465;04092043y;02015804;08041100113;14071965;25011760;280;745;790;521;620 ~~~~~~~~~~~~~~~~~~~~~~~~~~ 10-06
03111465;05092043y;03015804;09041100113;15071965;26011760;281;746;513;848 ~~~~~~~~~~~~~~~~~~~~~~~~~~~~~~ 10-07
04111465;06092043y;04015804;10041100113;16071965;27011760;282;753;406;418;620 ~~~~~~~~~~~~~~~~~~~~~~~~~~ 10-08
05111465;07092043y;05015804;11041100113;17071965;28011760;283;918;620;848 ~~~~~~~~~~~~~~~~~~~~~~~~~~~~~~ 10-09
06111465;08092043y;06015804;12041100113;18071965;29011760;284;754;620 ~~~~~~~~~~~~~~~~~~~~~~~~~~~~~~~~~~ 10-10
07111465;09092043y;07015804;13041100113;19071965;30011760;285;750;397;367;548;919;563 ~~~~~~~~~~~~~~~~~~ 10-11
08111465;10092043y;08015804;14041100113;20071965;01021760;286;751;368;885;620 ~~~~~~~~~~~~~~~~~~~~~~~~~~ 10-12
09111465;11092043y;09015804;15041100113;21071965;02021760;287;791;549;560;406;620 ~~~~~~~~~~~~~~~~~~~~~~ 10-13
10111465;12092043y;10015804;16041100113;22071965;03021760;288;752;899;527;620 ~~~~~~~~~~~~~~~~~~~~~~~~~~ 10-14
11111465;13092043y;11015804;17041100113;23071965;04021760;289;631;620 ~~~~~~~~~~~~~~~~~~~~~~~~~~~~~~~~~~ 10-15
12111465;14092043y;12015804;18041100113;24071965;05021760;290;620 ~~~~~~~~~~~~~~~~~~~~~~~~~~~~~~~~~~~~~~ 10-16
13111465;15092043y;13015804;19041100113;25071965;06021760;291;758;882;922 ~~~~~~~~~~~~~~~~~~~~~~~~~~~~~~ 10-17
14111465;16092043y;14015804;00051100113;26071965;07021760;292;391;532;816;406;620 ~~~~~~~~~~~~~~~~~~~~~~ 10-18
15111465;17092043y;15015804;01051100113;27071965;08021760;293;755;514;523 ~~~~~~~~~~~~~~~~~~~~~~~~~~~~~~ 10-19
16111465;18092043y;16015804;02051100113;28071965;09021760;294;756;523;784;620 ~~~~~~~~~~~~~~~~~~~~~~~~~~ 10-20
17111465;19092043y;17015804;03051100113;29071965;10021760;295;757;881;523;785 ~~~~~~~~~~~~~~~~~~~~~~~~~~ 10-21
18111465;20092043y;18015804;04051100113;30071965;11021760;296;369;835;523;786;620 ~~~~~~~~~~~~~~~~~~~~~~ 10-22
19111465;21092043y;19015804;05051100113;01081965;12021760;297;431;523;787;406;620 ~~~~~~~~~~~~~~~~~~~~~~ 10-23
20111465;22092043y;20015804;06051100113;02081965;13021760;298;759;398;499;523;620 ~~~~~~~~~~~~~~~~~~~~~~ 10-24
21111465;23092043y;21015804;07051100113;03081965;14021760;299;371;523 ~~~~~~~~~~~~~~~~~~~~~~~~~~~~~~~~~~ 10-25
22111465;24092043y;22015804;08051100113;04081965;15021760;300;524;620 ~~~~~~~~~~~~~~~~~~~~~~~~~~~~~~~~~~ 10-26
23111465;25092043y;23015804;09051100113;05081965;16021760;301;525 ~~~~~~~~~~~~~~~~~~~~~~~~~~~~~~~~~~~~~~ 10-27
24111465;26092043y;24015804;10051100113;06081965;17021760;302;911;406;620 ~~~~~~~~~~~~~~~~~~~~~~~~~~~~~~ 10-28
25111465;27092043y;25015804;11051100113;07081965;18021760;303;558;620 ~~~~~~~~~~~~~~~~~~~~~~~~~~~~~~~~~~ 10-29
26111465;28092043y;26015804;12051100113;08081965;19021760;304;849;779;784;785;620 ~~~~~~~~~~~~~~~~~~~~~~ 10-30
27111465;29092043y;27015804;13051100113;09081965;20021760;305;780;893 ~~~~~~~~~~~~~~~~~~~~~~~~~~~~~~~~~~ 10-31
28111465;30092043y;28015804;14051100113;10081965;21021760;306;380;781;786;403;621 ~~~~~~~~~~~~~~~~~~~~~~ 11-01
29111465;01102043y;29015804;15051100113;11081965;22021760;307;760;782;787;406 ~~~~~~~~~~~~~~~~~~~~~~~~~~ 11-02
30111465;02102043y;30015804;16051100113;12081965;23021760;308;432;453;535;783;788;621 ~~~~~~~~~~~~~~~~~~ 11-03
01121465;03102043y;01025804;17051100113;13081965;24021760;309;761;513 ~~~~~~~~~~~~~~~~~~~~~~~~~~~~~~~~~~ 11-04
02121465;04102043y;02025804;18051100113;14081965;25021760;310;762;621 ~~~~~~~~~~~~~~~~~~~~~~~~~~~~~~~~~~ 11-05
03121465;05102043y;03025804;19051100113;15081965;26021760;311 ~~~~~~~~~~~~~~~~~~~~~~~~~~~~~~~~~~~~~~~~~~ 11-06
04121465;06102043y;04025804;00061100113;16081965;27021760;312;637;763;621 ~~~~~~~~~~~~~~~~~~~~~~~~~~~~~~ 11-07
05121465;07102043y;05025804;01061100113;17081965;28021760;313;543;421 ~~~~~~~~~~~~~~~~~~~~~~~~~~~~~~~~~~ 11-08
06121465;08102043y;06025804;02061100113;18081965;29021760;314;397;403;621 ~~~~~~~~~~~~~~~~~~~~~~~~~~~~~~ 11-09
07121465;09102043y;07025804;03061100113;19081965;30021760;315 ~~~~~~~~~~~~~~~~~~~~~~~~~~~~~~~~~~~~~~~~~~ 11-10
08121465;10102043y;08025804;04061100113;20081965;01031760;316;621 ~~~~~~~~~~~~~~~~~~~~~~~~~~~~~~~~~~~~~~ 11-11
09121465;11102043y;09025804;05061100113;21081965;02031760;317;764;422;879;501 ~~~~~~~~~~~~~~~~~~~~~~~~~~ 11-12
10121465;12102043y;10025804;06061100113;22081965;03031760;318;547;500;621 ~~~~~~~~~~~~~~~~~~~~~~~~~~~~~~ 11-13
11121465;13102043y;11025804;07061100113;23081965;04031760;319;934;500 ~~~~~~~~~~~~~~~~~~~~~~~~~~~~~~~~~~ 11-14
12121465;14102043y;12025804;08061100113;24081965;05031760;320;765;621 ~~~~~~~~~~~~~~~~~~~~~~~~~~~~~~~~~~ 11-15
13121465;15102043y;13025804;09061100113;25081965;06031760;321;392;880;500 ~~~~~~~~~~~~~~~~~~~~~~~~~~~~~~ 11-16
14121465;16102043y;14025804;10061100113;26081965;07031760;322;514;500;403;621 ~~~~~~~~~~~~~~~~~~~~~~~~~~ 11-17
15121465;17102043y;15025804;11061100113;27081965;08031760;323 ~~~~~~~~~~~~~~~~~~~~~~~~~~~~~~~~~~~~~~~~~~ 11-18
16121465;18102043y;16025804;12061100113;28081965;09031760;324;766;621 ~~~~~~~~~~~~~~~~~~~~~~~~~~~~~~~~~~ 11-19
17121465;19102043y;17025804;13061100113;29081965;10031760;325 ~~~~~~~~~~~~~~~~~~~~~~~~~~~~~~~~~~~~~~~~~~ 11-20
18121465;20102043y;18025804;14061100113;30081965;11031760;326;767;841;403;621 ~~~~~~~~~~~~~~~~~~~~~~~~~~ 11-21
19121465;21102043y;19025804;15061100113;01091965;12031760;327;788 ~~~~~~~~~~~~~~~~~~~~~~~~~~~~~~~~~~~~~~ 11-22
20121465;22102043y;20025804;16061100113;02091965;13031760;328;398;876;621 ~~~~~~~~~~~~~~~~~~~~~~~~~~~~~~ 11-23
21121465;23102043y;21025804;17061100113;03091965;14031760;329 ~~~~~~~~~~~~~~~~~~~~~~~~~~~~~~~~~~~~~~~~~~ 11-24
22121465;24102043y;22025804;18061100113;04091965;15031760;330;769;403;621 ~~~~~~~~~~~~~~~~~~~~~~~~~~~~~~ 11-25
23121465;25102043y;23025804;19061100113;05091965;16031760;331;440;864 ~~~~~~~~~~~~~~~~~~~~~~~~~~~~~~~~~~ 11-26
24121465;26102043y;24025804;00071100113;06091965;17031760;332;441;414;936;842;621 ~~~~~~~~~~~~~~~~~~~~~~ 11-27
25121465;27102043y;25025804;01071100113;07091965;18031760;333;770;768;369 ~~~~~~~~~~~~~~~~~~~~~~~~~~~~~~ 11-28
26121465;28102043y;26025804;02071100113;08091965;19031760;334;831;589;403;621 ~~~~~~~~~~~~~~~~~~~~~~~~~~ 11-29
27121465;29102043y;27025804;03071100113;09091965;20031760;335;442;436 ~~~~~~~~~~~~~~~~~~~~~~~~~~~~~~~~~~ 11-30
28121465;01112043y;28025804;04071100113;10091965;21031760;336;771;773;380;513;622 ~~~~~~~~~~~~~~~~~~~~~~ 12-01
29121465;02112043y;29025804;05071100113;11091965;22031760;337;772;370 ~~~~~~~~~~~~~~~~~~~~~~~~~~~~~~~~~~ 12-02
01011466;03112043y;01035804;06071100113;12091965;23031760;338;495;403;622 ~~~~~~~~~~~~~~~~~~~~~~~~~~~~~~ 12-03
02011466;04112043y;02035804;07071100113;13091965;24031760;339;596;596;774 ~~~~~~~~~~~~~~~~~~~~~~~~~~~~~~ 12-04
03011466;05112043y;03035804;08071100113;14091965;25031760;340;637;775;415;622 ~~~~~~~~~~~~~~~~~~~~~~~~~~ 12-05
04011466;06112043y;04035804;09071100113;15091965;26031760;341;944;590 ~~~~~~~~~~~~~~~~~~~~~~~~~~~~~~~~~~ 12-06
05011466;07112043y;05035804;10071100113;16091965;27031760;342;403;406;622 ~~~~~~~~~~~~~~~~~~~~~~~~~~~~~~ 12-07
06011466;08112043y;06035804;11071100113;17091965;28031760;343;399 ~~~~~~~~~~~~~~~~~~~~~~~~~~~~~~~~~~~~~~ 12-08
07011466;09112043y;07035804;12071100113;18091965;29031760;344;397;496;622 ~~~~~~~~~~~~~~~~~~~~~~~~~~~~~~ 12-09
08011466;10112043y;08035804;13071100113;19091965;30031760;345 ~~~~~~~~~~~~~~~~~~~~~~~~~~~~~~~~~~~~~~~~~~ 12-10
09011466;11112043y;09035804;14071100113;20091965;01041760;346;400;403;622 ~~~~~~~~~~~~~~~~~~~~~~~~~~~~~~ 12-11
10011466;12112043y;10035804;15071100113;21091965;02041760;347;776;557;890;498;406 ~~~~~~~~~~~~~~~~~~~~~~ 12-12
11011466;13112043y;11035804;16071100113;22091965;03041760;348;777;591;415;622 ~~~~~~~~~~~~~~~~~~~~~~~~~~ 12-13
12011466;14112043y;12035804;17071100113;23091965;04041760;349;400 ~~~~~~~~~~~~~~~~~~~~~~~~~~~~~~~~~~~~~~ 12-14
13011466;15112043y;13035804;18071100113;24091965;05041760;350;514;545;403;622 ~~~~~~~~~~~~~~~~~~~~~~~~~~ 12-15
14011466;16112043y;14035804;19071100113;25091965;06041760;351;395;374;887 ~~~~~~~~~~~~~~~~~~~~~~~~~~~~~~ 12-16
15011466;17112043y;15035804;00081100113;26091965;07041760;352;433;400;622 ~~~~~~~~~~~~~~~~~~~~~~~~~~~~~~ 12-17
16011466;18112043y;16035804;01081100113;27091965;08041760;353;778 ~~~~~~~~~~~~~~~~~~~~~~~~~~~~~~~~~~~~~~ 12-18
17011466;19112043y;17035804;02081100113;28091965;09041760;354;403;622 ~~~~~~~~~~~~~~~~~~~~~~~~~~~~~~~~~~ 12-19
18011466;20112043y;18035804;03081100113;29091965;10041760;355;371;592 ~~~~~~~~~~~~~~~~~~~~~~~~~~~~~~~~~~ 12-20
19011466;21112043y;19035804;04081100113;30091965;11041760;356;415;496;622 ~~~~~~~~~~~~~~~~~~~~~~~~~~~~~~ 12-21
20011466;22112043y;20035804;05081100113;01101965;12041760;357;398;466;406 ~~~~~~~~~~~~~~~~~~~~~~~~~~~~~~ 12-22
21011466;23112043y;21035804;06081100113;02101965;13041760;358;426;622 ~~~~~~~~~~~~~~~~~~~~~~~~~~~~~~~~~~ 12-23
22011466;24112043y;22035804;07081100113;03101965;14041760;359;465 ~~~~~~~~~~~~~~~~~~~~~~~~~~~~~~~~~~~~~~ 12-24
23011466;25112043y;23035804;08081100113;04101965;15041760;360;496;622 ~~~~~~~~~~~~~~~~~~~~~~~~~~~~~~~~~~ 12-25
24011466;26112043y;24035804;09081100113;05101965;16041760;361;917;400 ~~~~~~~~~~~~~~~~~~~~~~~~~~~~~~~~~~ 12-26
25011466;27112043y;25035804;10081100113;06101965;17041760;362;516;403;496;622 ~~~~~~~~~~~~~~~~~~~~~~~~~~ 12-27
26011466;28112043y;26035804;11081100113;07101965;18041760;363;401;513;516 ~~~~~~~~~~~~~~~~~~~~~~~~~~~~~~ 12-28
27011466;29112043y;27035804;12081100113;08101965;19041760;364;516;415;496;622 ~~~~~~~~~~~~~~~~~~~~~~~~~~ 12-29
28011466;30112043y;28035804;13081100113;09101965;20041760;365;516 ~~~~~~~~~~~~~~~~~~~~~~~~~~~~~~~~~~~~~~ 12-30
29011466;01122043y;29035804;14081100113;10101965;21041760;366;380;516;622 ~~~~~~~~~~~~~~~~~~~~~~~~~~~~~~ 12-31
