15051509;16112085g;15045846;14011400313;11102007;23041802;001;422;611 ~~~~~~~~~~~~~~~~~~~~~~~~~~~~~~~~~~ 01-01
16051509;17112085g;16045846;15011400313;12102007;24041802;002 ~~~~~~~~~~~~~~~~~~~~~~~~~~~~~~~~~~~~~~~~~~ 01-02
17051509;18112085g;17045846;16011400313;13102007;25041802;003;372;916;611 ~~~~~~~~~~~~~~~~~~~~~~~~~~~~~~ 01-03
18051509;19112085g;18045846;17011400313;14102007;26041802;004;832 ~~~~~~~~~~~~~~~~~~~~~~~~~~~~~~~~~~~~~~ 01-04
19051509;20112085g;19045846;18011400313;15102007;27041802;005;637;513;403;611 ~~~~~~~~~~~~~~~~~~~~~~~~~~ 01-05
20051509;21112085g;20045846;19011400313;16102007;28041802;006 ~~~~~~~~~~~~~~~~~~~~~~~~~~~~~~~~~~~~~~~~~~ 01-06
21051509;22112085g;21045846;00021400313;17102007;29041802;007;398;409;611 ~~~~~~~~~~~~~~~~~~~~~~~~~~~~~~ 01-07
22051509;23112085g;22045846;01021400313;18102007;30041802;008;629 ~~~~~~~~~~~~~~~~~~~~~~~~~~~~~~~~~~~~~~ 01-08
23051509;24112085g;23045846;02021400313;19102007;01051802;009;404;611 ~~~~~~~~~~~~~~~~~~~~~~~~~~~~~~~~~~ 01-09
24051509;25112085g;24045846;03021400313;20102007;02051802;010;418 ~~~~~~~~~~~~~~~~~~~~~~~~~~~~~~~~~~~~~~ 01-10
25051509;26112085g;25045846;04021400313;21102007;03051802;011;923;611 ~~~~~~~~~~~~~~~~~~~~~~~~~~~~~~~~~~ 01-11
26051509;27112085g;26045846;05021400313;22102007;04051802;012;626 ~~~~~~~~~~~~~~~~~~~~~~~~~~~~~~~~~~~~~~ 01-12
27051509;28112085g;27045846;06021400313;23102007;05051802;013;627;807;611 ~~~~~~~~~~~~~~~~~~~~~~~~~~~~~~ 01-13
28051509;29112085g;28045846;07021400313;24102007;06051802;014;628 ~~~~~~~~~~~~~~~~~~~~~~~~~~~~~~~~~~~~~~ 01-14
29051509;01122085g;29045846;08021400313;25102007;07051802;015;380;868;888;611 ~~~~~~~~~~~~~~~~~~~~~~~~~~ 01-15
30051509;02122085g;01055846;09021400313;26102007;08051802;016 ~~~~~~~~~~~~~~~~~~~~~~~~~~~~~~~~~~~~~~~~~~ 01-16
01061509;03122085g;02055846;10021400313;27102007;09051802;017;631;514;611 ~~~~~~~~~~~~~~~~~~~~~~~~~~~~~~ 01-17
02061509;04122085g;03055846;11021400313;28102007;10051802;018;596 ~~~~~~~~~~~~~~~~~~~~~~~~~~~~~~~~~~~~~~ 01-18
03061509;05122085g;04055846;12021400313;29102007;11051802;019;630;940;409;611 ~~~~~~~~~~~~~~~~~~~~~~~~~~ 01-19
04061509;06122085g;05055846;13021400313;30102007;12051802;020;625 ~~~~~~~~~~~~~~~~~~~~~~~~~~~~~~~~~~~~~~ 01-20
05061509;07122085g;06055846;14021400313;01112007;13051802;021;492;397;865;914;611 ~~~~~~~~~~~~~~~~~~~~~~ 01-21
06061509;08122085g;07055846;15021400313;02112007;14051802;022;536 ~~~~~~~~~~~~~~~~~~~~~~~~~~~~~~~~~~~~~~ 01-22
07061509;09122085g;08055846;16021400313;03112007;15051802;023;632;611 ~~~~~~~~~~~~~~~~~~~~~~~~~~~~~~~~~~ 01-23
08061509;10122085g;09055846;17021400313;04112007;16051802;024 ~~~~~~~~~~~~~~~~~~~~~~~~~~~~~~~~~~~~~~~~~~ 01-24
09061509;11122085g;10055846;18021400313;05112007;17051802;025;633;873;611 ~~~~~~~~~~~~~~~~~~~~~~~~~~~~~~ 01-25
10061509;12122085g;11055846;19021400313;06112007;18051802;026;634 ~~~~~~~~~~~~~~~~~~~~~~~~~~~~~~~~~~~~~~ 01-26
11061509;13122085g;12055846;00031400313;07112007;19051802;027;635;611 ~~~~~~~~~~~~~~~~~~~~~~~~~~~~~~~~~~ 01-27
12061509;14122085g;13055846;01031400313;08112007;20051802;028;636 ~~~~~~~~~~~~~~~~~~~~~~~~~~~~~~~~~~~~~~ 01-28
13061509;15122085g;14055846;02031400313;09112007;21051802;029;381;824;884;580;611 ~~~~~~~~~~~~~~~~~~~~~~ 01-29
14061509;16122085g;15055846;03031400313;10112007;22051802;030 ~~~~~~~~~~~~~~~~~~~~~~~~~~~~~~~~~~~~~~~~~~ 01-30
15061509;17122085g;16055846;04031400313;11112007;23051802;031;611 ~~~~~~~~~~~~~~~~~~~~~~~~~~~~~~~~~~~~~~ 01-31
16061509;18122085g;17055846;04031400313;12112007;24051802;032;639;457 ~~~~~~~~~~~~~~~~~~~~~~~~~~~~~~~~~~ 02-01
17061509;19122085g;18055846;05031400313;13112007;25051802;033;637;640;513;612 ~~~~~~~~~~~~~~~~~~~~~~~~~~ 02-02
18061509;20122085g;19055846;06031400313;14112007;26051802;034;453;375 ~~~~~~~~~~~~~~~~~~~~~~~~~~~~~~~~~~ 02-03
19061509;21122085g;20055846;07031400313;15112007;27051802;035;612 ~~~~~~~~~~~~~~~~~~~~~~~~~~~~~~~~~~~~~~ 02-04
20061509;22122085g;21055846;08031400313;16112007;28051802;036 ~~~~~~~~~~~~~~~~~~~~~~~~~~~~~~~~~~~~~~~~~~ 02-05
21061509;23122085g;22055846;09031400313;17112007;29051802;037;398;436;409;612 ~~~~~~~~~~~~~~~~~~~~~~~~~~ 02-06
22061509;24122085g;23055846;10031400313;18112007;30051802;038;638 ~~~~~~~~~~~~~~~~~~~~~~~~~~~~~~~~~~~~~~ 02-07
23061509;25122085g;24055846;11031400313;19112007;01061802;039;433;612 ~~~~~~~~~~~~~~~~~~~~~~~~~~~~~~~~~~ 02-08
24061509;26122085g;25055846;12031400313;20112007;02061802;040;643 ~~~~~~~~~~~~~~~~~~~~~~~~~~~~~~~~~~~~~~ 02-09
25061509;27122085g;26055846;13031400313;21112007;03061802;041;943;581;612 ~~~~~~~~~~~~~~~~~~~~~~~~~~~~~~ 02-10
26061509;28122085g;27055846;14031400313;22112007;04061802;042;641;376 ~~~~~~~~~~~~~~~~~~~~~~~~~~~~~~~~~~ 02-11
27061509;29122085g;28055846;15031400313;23112007;05061802;043;443;399;886;612 ~~~~~~~~~~~~~~~~~~~~~~~~~~ 02-12
28061509;30122085g;29055846;16031400313;24112007;06061802;044;444;380 ~~~~~~~~~~~~~~~~~~~~~~~~~~~~~~~~~~ 02-13
29061509;01012086h;30055846;17031400313;25112007;07061802;045;642;514;479;490;612 ~~~~~~~~~~~~~~~~~~~~~~ 02-14
01071509;02012086h;01065846;18031400313;26112007;08061802;046;645;566;479;490;400;418 ~~~~~~~~~~~~~~~~~~ 02-15
02071509;03012086h;02065846;19031400313;27112007;09061802;047;566;612 ~~~~~~~~~~~~~~~~~~~~~~~~~~~~~~~~~~ 02-16
03071509;04012086h;03065846;00041400313;28112007;10061802;048;566;854 ~~~~~~~~~~~~~~~~~~~~~~~~~~~~~~~~~~ 02-17
04071509;05012086h;04065846;01041400313;29112007;11061802;049;450;566;854;400;612 ~~~~~~~~~~~~~~~~~~~~~~ 02-18
05071509;06012086h;05065846;02041400313;30112007;12061802;050 ~~~~~~~~~~~~~~~~~~~~~~~~~~~~~~~~~~~~~~~~~~ 02-19
06071509;07012086h;06065846;03041400313;01122007;13061802;051;397;612 ~~~~~~~~~~~~~~~~~~~~~~~~~~~~~~~~~~ 02-20
07071509;08012086h;07065846;04041400313;02122007;14061802;052;644 ~~~~~~~~~~~~~~~~~~~~~~~~~~~~~~~~~~~~~~ 02-21
08071509;09012086h;08065846;05041400313;03122007;15061802;053;649;612 ~~~~~~~~~~~~~~~~~~~~~~~~~~~~~~~~~~ 02-22
09071509;10012086h;09065846;06041400313;04122007;16061802;054 ~~~~~~~~~~~~~~~~~~~~~~~~~~~~~~~~~~~~~~~~~~ 02-23
10071509;11012086h;10065846;07041400313;05122007;17061802;055;517;400;409;418;612 ~~~~~~~~~~~~~~~~~~~~~~ 02-24
11071509;12012086h;11065846;08041400313;06122007;18061802;056 ~~~~~~~~~~~~~~~~~~~~~~~~~~~~~~~~~~~~~~~~~~ 02-25
12071509;13012086h;12065846;09041400313;07122007;19061802;057;646;612 ~~~~~~~~~~~~~~~~~~~~~~~~~~~~~~~~~~ 02-26
13071509;14012086h;13065846;10041400313;08122007;20061802;058;400 ~~~~~~~~~~~~~~~~~~~~~~~~~~~~~~~~~~~~~~ 02-27
14071509;15012086h;14065846;11041400313;09122007;21061802;059;647;648;650;382;544;623;800;906;519 ~~~~~~ 02-28
15071509;16012086h;15065846;15041400313;10122007;22061802;061;654;513;598;867 ~~~~~~~~~~~~~~~~~~~~~~~~~~ 03-01
16071509;17012086h;16065846;16041400313;11122007;23061802;062;637;562;400;409;613 ~~~~~~~~~~~~~~~~~~~~~~ 03-02
17071509;18012086h;17065846;17041400313;12122007;24061802;063;655;562 ~~~~~~~~~~~~~~~~~~~~~~~~~~~~~~~~~~ 03-03
18071509;19012086h;18065846;18041400313;13122007;25061802;064;562;613 ~~~~~~~~~~~~~~~~~~~~~~~~~~~~~~~~~~ 03-04
19071509;20012086h;19065846;19041400313;14122007;26061802;065;400;418 ~~~~~~~~~~~~~~~~~~~~~~~~~~~~~~~~~~ 03-05
20071509;21012086h;20065846;00051400313;15122007;27061802;066;401;613 ~~~~~~~~~~~~~~~~~~~~~~~~~~~~~~~~~~ 03-06
21071509;22012086h;21065846;01051400313;16122007;28061802;067;653;613 ~~~~~~~~~~~~~~~~~~~~~~~~~~~~~~~~~~ 03-07
22071509;23012086h;22065846;02051400313;17122007;29061802;068;398;533;924;409;613 ~~~~~~~~~~~~~~~~~~~~~~ 03-08
23071509;24012086h;23065846;03051400313;18122007;30061802;069 ~~~~~~~~~~~~~~~~~~~~~~~~~~~~~~~~~~~~~~~~~~ 03-09
24071509;25012086h;24065846;04051400313;19122007;01071802;070;793;613 ~~~~~~~~~~~~~~~~~~~~~~~~~~~~~~~~~~ 03-10
25071509;26012086h;25065846;05051400313;20122007;02071802;071;900 ~~~~~~~~~~~~~~~~~~~~~~~~~~~~~~~~~~~~~~ 03-11
26071509;27012086h;26065846;06051400313;21122007;03071802;072;613 ~~~~~~~~~~~~~~~~~~~~~~~~~~~~~~~~~~~~~~ 03-12
27071509;28012086h;27065846;07051400313;22122007;04071802;073;509 ~~~~~~~~~~~~~~~~~~~~~~~~~~~~~~~~~~~~~~ 03-13
28071509;29012086h;28065846;08051400313;23122007;05071802;074;656;824;409;418;613 ~~~~~~~~~~~~~~~~~~~~~~ 03-14
29071509;01022086h;29065846;09051400313;24122007;06071802;075;380;514 ~~~~~~~~~~~~~~~~~~~~~~~~~~~~~~~~~~ 03-15
30071509;02022086h;01075846;10051400313;25122007;07071802;076;613 ~~~~~~~~~~~~~~~~~~~~~~~~~~~~~~~~~~~~~~ 03-16
01081509;03022086h;02075846;11051400313;26122007;08071802;077;613 ~~~~~~~~~~~~~~~~~~~~~~~~~~~~~~~~~~~~~~ 03-17
02081509;04022086h;03075846;12051400313;27122007;09071802;078;613 ~~~~~~~~~~~~~~~~~~~~~~~~~~~~~~~~~~~~~~ 03-18
03081509;05022086h;04075846;13051400313;28122007;10071802;079;657;466;613 ~~~~~~~~~~~~~~~~~~~~~~~~~~~~~~ 03-19
04081509;06022086h;05075846;14051400313;29122007;11071802;080;437;424;409;613 ~~~~~~~~~~~~~~~~~~~~~~~~~~ 03-20
05081509;07022086h;06075846;15051400313;30122007;12071802;081;658;397;459;613 ~~~~~~~~~~~~~~~~~~~~~~~~~~ 03-21
06081509;08022086h;07075846;16051400313;01012008;13071802;082;851;613 ~~~~~~~~~~~~~~~~~~~~~~~~~~~~~~~~~~ 03-22
07081509;09022086h;08075846;17051400313;02012008;14071802;083 ~~~~~~~~~~~~~~~~~~~~~~~~~~~~~~~~~~~~~~~~~~ 03-23
08081509;10022086h;09075846;18051400313;03012008;15071802;084;493;432;613 ~~~~~~~~~~~~~~~~~~~~~~~~~~~~~~ 03-24
09081509;11022086h;10075846;19051400313;04012008;16071802;085;898 ~~~~~~~~~~~~~~~~~~~~~~~~~~~~~~~~~~~~~~ 03-25
10081509;12022086h;11075846;00061400313;05012008;17071802;086;659;613 ~~~~~~~~~~~~~~~~~~~~~~~~~~~~~~~~~~ 03-26
11081509;13022086h;12075846;01061400313;06012008;18071802;087;660 ~~~~~~~~~~~~~~~~~~~~~~~~~~~~~~~~~~~~~~ 03-27
12081509;14022086h;13075846;02061400313;07012008;19071802;088;513;613 ~~~~~~~~~~~~~~~~~~~~~~~~~~~~~~~~~~ 03-28
13081509;15022086h;14075846;03061400313;08012008;20071802;089;445;652;383 ~~~~~~~~~~~~~~~~~~~~~~~~~~~~~~ 03-29
14081509;16022086h;15075846;04061400313;09012008;21071802;090;446;512;515;852;613 ~~~~~~~~~~~~~~~~~~~~~~ 03-30
15081509;17022086h;16075846;05061400313;10012008;22071802;091;447 ~~~~~~~~~~~~~~~~~~~~~~~~~~~~~~~~~~~~~~ 03-31
16081509;18022086h;17075846;06061400313;11012008;23071802;092;448;816;614 ~~~~~~~~~~~~~~~~~~~~~~~~~~~~~~ 04-01
17081509;19022086h;18075846;07061400313;12012008;24071802;093;832;836 ~~~~~~~~~~~~~~~~~~~~~~~~~~~~~~~~~~ 04-02
18081509;20022086h;19075846;08061400313;13012008;25071802;094;663;410;614 ~~~~~~~~~~~~~~~~~~~~~~~~~~~~~~ 04-03
19081509;21022086h;20075846;09061400313;14012008;26071802;095;571 ~~~~~~~~~~~~~~~~~~~~~~~~~~~~~~~~~~~~~~ 04-04
20081509;22022086h;21075846;10061400313;15012008;27071802;096;614 ~~~~~~~~~~~~~~~~~~~~~~~~~~~~~~~~~~~~~~ 04-05
21081509;23022086h;22075846;11061400313;16012008;28071802;097;637;661;398 ~~~~~~~~~~~~~~~~~~~~~~~~~~~~~~ 04-06
22081509;24022086h;23075846;12061400313;17012008;29071802;098;662;614 ~~~~~~~~~~~~~~~~~~~~~~~~~~~~~~~~~~ 04-07
23081509;25022086h;24075846;13061400313;18012008;30071802;099;651 ~~~~~~~~~~~~~~~~~~~~~~~~~~~~~~~~~~~~~~ 04-08
24081509;26022086h;25075846;14061400313;19012008;01081802;100;651;614 ~~~~~~~~~~~~~~~~~~~~~~~~~~~~~~~~~~ 04-09
25081509;27022086h;26075846;15061400313;20012008;02081802;101;526;651;901 ~~~~~~~~~~~~~~~~~~~~~~~~~~~~~~ 04-10
26081509;28022086h;27075846;16061400313;21012008;03081802;102;651;614 ~~~~~~~~~~~~~~~~~~~~~~~~~~~~~~~~~~ 04-11
27081509;29022086h;28075846;17061400313;22012008;04081802;103;514;651 ~~~~~~~~~~~~~~~~~~~~~~~~~~~~~~~~~~ 04-12
28081509;30022086h;29075846;18061400313;23012008;05081802;104;380;651;614 ~~~~~~~~~~~~~~~~~~~~~~~~~~~~~~ 04-13
29081509;01032086h;30075846;19061400313;24012008;06081802;105;538;559;935;614 ~~~~~~~~~~~~~~~~~~~~~~~~~~ 04-14
01091509;02032086h;01085846;00071400313;25012008;07081802;106;794;504;614 ~~~~~~~~~~~~~~~~~~~~~~~~~~~~~~ 04-15
02091509;03032086h;02085846;01071400313;26012008;08081802;107;555;577 ~~~~~~~~~~~~~~~~~~~~~~~~~~~~~~~~~~ 04-16
03091509;04032086h;03085846;02071400313;27012008;09081802;108;614 ~~~~~~~~~~~~~~~~~~~~~~~~~~~~~~~~~~~~~~ 04-17
04091509;05032086h;04085846;03071400313;28012008;10081802;109;631;664;528;614 ~~~~~~~~~~~~~~~~~~~~~~~~~~ 04-18
05091509;06032086h;05085846;04071400313;29012008;11081802;110;665;945;529;418;614 ~~~~~~~~~~~~~~~~~~~~~~ 04-19
06091509;07032086h;06085846;05071400313;30012008;12081802;111;666;397 ~~~~~~~~~~~~~~~~~~~~~~~~~~~~~~~~~~ 04-20
07091509;08032086h;07085846;06071400313;01022008;13081802;112;505;614 ~~~~~~~~~~~~~~~~~~~~~~~~~~~~~~~~~~ 04-21
08091509;09032086h;08085846;07071400313;02022008;14081802;113;576;933;614 ~~~~~~~~~~~~~~~~~~~~~~~~~~~~~~ 04-22
09091509;10032086h;09085846;08071400313;03022008;15081802;114;419;614 ~~~~~~~~~~~~~~~~~~~~~~~~~~~~~~~~~~ 04-23
10091509;11032086h;10085846;09071400313;04022008;16081802;115;670;513;877 ~~~~~~~~~~~~~~~~~~~~~~~~~~~~~~ 04-24
11091509;12032086h;11085846;10071400313;05022008;17081802;116;667;614 ~~~~~~~~~~~~~~~~~~~~~~~~~~~~~~~~~~ 04-25
12091509;13032086h;12085846;11071400313;06022008;18081802;117;671;614 ~~~~~~~~~~~~~~~~~~~~~~~~~~~~~~~~~~ 04-26
13091509;14032086h;13085846;12071400313;07022008;19081802;118;668;614 ~~~~~~~~~~~~~~~~~~~~~~~~~~~~~~~~~~ 04-27
14091509;15032086h;14085846;13071400313;08022008;20081802;119;669;384;539;575;614 ~~~~~~~~~~~~~~~~~~~~~~ 04-28
15091509;16032086h;15085846;14071400313;09022008;21081802;120;614 ~~~~~~~~~~~~~~~~~~~~~~~~~~~~~~~~~~~~~~ 04-29
16091509;17032086h;16085846;15071400313;10022008;22081802;121 ~~~~~~~~~~~~~~~~~~~~~~~~~~~~~~~~~~~~~~~~~~ 04-30
17091509;18032086h;17085846;16071400313;11022008;23081802;122;676;505;615 ~~~~~~~~~~~~~~~~~~~~~~~~~~~~~~ 05-01
18091509;19032086h;18085846;17071400313;12022008;24081802;123;677;518 ~~~~~~~~~~~~~~~~~~~~~~~~~~~~~~~~~~ 05-02
19091509;20032086h;19085846;18071400313;13022008;25081802;124;679;615 ~~~~~~~~~~~~~~~~~~~~~~~~~~~~~~~~~~ 05-03
20091509;21032086h;20085846;19071400313;14022008;26081802;125;637;672 ~~~~~~~~~~~~~~~~~~~~~~~~~~~~~~~~~~ 05-04
21091509;22032086h;21085846;00081400313;15022008;27081802;126;673;505;615 ~~~~~~~~~~~~~~~~~~~~~~~~~~~~~~ 05-05
22091509;23032086h;22085846;01081400313;16022008;28081802;127;674;398 ~~~~~~~~~~~~~~~~~~~~~~~~~~~~~~~~~~ 05-06
23091509;24032086h;23085846;02081400313;17022008;29081802;128;675;433;505;615 ~~~~~~~~~~~~~~~~~~~~~~~~~~ 05-07
24091509;25032086h;24085846;03081400313;18022008;30081802;129;683;864 ~~~~~~~~~~~~~~~~~~~~~~~~~~~~~~~~~~ 05-08
25091509;26032086h;25085846;04081400313;19022008;01091802;130;494;939;615 ~~~~~~~~~~~~~~~~~~~~~~~~~~~~~~ 05-09
26091509;27032086h;26085846;05081400313;20022008;02091802;131;678;507;514 ~~~~~~~~~~~~~~~~~~~~~~~~~~~~~~ 05-10
27091509;28032086h;27085846;06081400313;21022008;03091802;132;681;680;508;615 ~~~~~~~~~~~~~~~~~~~~~~~~~~ 05-11
28091509;29032086h;28085846;07081400313;22022008;04091802;133;451;380;624 ~~~~~~~~~~~~~~~~~~~~~~~~~~~~~~ 05-12
29091509;01042086h;29085846;08081400313;23022008;05091802;134;682;817;928;624;505;615 ~~~~~~~~~~~~~~~~~~ 05-13
30091509;02042086h;01095846;09081400313;24022008;06091802;135;506;624 ~~~~~~~~~~~~~~~~~~~~~~~~~~~~~~~~~~ 05-14
01101509;03042086h;02095846;10081400313;25022008;07091802;136;685;510;902;502;624;615 ~~~~~~~~~~~~~~~~~~ 05-15
02101509;04042086h;03095846;11081400313;26022008;08091802;137;797;624 ~~~~~~~~~~~~~~~~~~~~~~~~~~~~~~~~~~ 05-16
03101509;05042086h;04095846;12081400313;27022008;09091802;138;686;573;624;615 ~~~~~~~~~~~~~~~~~~~~~~~~~~ 05-17
04101509;06042086h;05095846;13081400313;28022008;10091802;139;687;573;624 ~~~~~~~~~~~~~~~~~~~~~~~~~~~~~~ 05-18
05101509;07042086h;06095846;14081400313;29022008;11091802;140;449;684;553;522;573;615 ~~~~~~~~~~~~~~~~~~ 05-19
06101509;08042086h;07095846;15081400313;30022008;12091802;141;789;397;835 ~~~~~~~~~~~~~~~~~~~~~~~~~~~~~~ 05-20
07101509;09042086h;08095846;16081400313;31022008;13091802;142;927;615 ~~~~~~~~~~~~~~~~~~~~~~~~~~~~~~~~~~ 05-21
08101509;10042086h;09095846;17081400313;01032008;14091802;143;513 ~~~~~~~~~~~~~~~~~~~~~~~~~~~~~~~~~~~~~~ 05-22
09101509;11042086h;10095846;18081400313;02032008;15091802;144;798;615 ~~~~~~~~~~~~~~~~~~~~~~~~~~~~~~~~~~ 05-23
10101509;12042086h;11095846;19081400313;03032008;16091802;145;689;889 ~~~~~~~~~~~~~~~~~~~~~~~~~~~~~~~~~~ 05-24
11101509;13042086h;12095846;00091400313;04032008;17091802;146;439;615 ~~~~~~~~~~~~~~~~~~~~~~~~~~~~~~~~~~ 05-25
12101509;14042086h;13095846;01091400313;05032008;18091802;147;439;894 ~~~~~~~~~~~~~~~~~~~~~~~~~~~~~~~~~~ 05-26
13101509;15042086h;14095846;02091400313;06032008;19091802;148;438;615 ~~~~~~~~~~~~~~~~~~~~~~~~~~~~~~~~~~ 05-27
14101509;16042086h;15095846;03091400313;07032008;20091802;149;385;537;540;937;947 ~~~~~~~~~~~~~~~~~~~~~~ 05-28
15101509;17042086h;16095846;04091400313;08032008;21091802;150;688;892;615 ~~~~~~~~~~~~~~~~~~~~~~~~~~~~~~ 05-29
16101509;18042086h;17095846;05091400313;09032008;22091802;151 ~~~~~~~~~~~~~~~~~~~~~~~~~~~~~~~~~~~~~~~~~~ 05-30
17101509;19042086h;18095846;06091400313;10032008;23091802;152;436;615 ~~~~~~~~~~~~~~~~~~~~~~~~~~~~~~~~~~ 05-31
18101509;20042086h;19095846;07091400313;11032008;24091802;153;637;693 ~~~~~~~~~~~~~~~~~~~~~~~~~~~~~~~~~~ 06-01
19101509;21042086h;20095846;08091400313;12032008;25091802;154;690;830;616 ~~~~~~~~~~~~~~~~~~~~~~~~~~~~~~ 06-02
20101509;22042086h;21095846;09091400313;13032008;26091802;155;694;414;859 ~~~~~~~~~~~~~~~~~~~~~~~~~~~~~~ 06-03
21101509;23042086h;22095846;10091400313;14032008;27091802;156;398;616 ~~~~~~~~~~~~~~~~~~~~~~~~~~~~~~~~~~ 06-04
22101509;24042086h;23095846;11091400313;15032008;28091802;157;691;616 ~~~~~~~~~~~~~~~~~~~~~~~~~~~~~~~~~~ 06-05
23101509;25042086h;24095846;12091400313;16032008;29091802;158;616 ~~~~~~~~~~~~~~~~~~~~~~~~~~~~~~~~~~~~~~ 06-06
24101509;26042086h;25095846;13091400313;17032008;30091802;159;692;514;530;616 ~~~~~~~~~~~~~~~~~~~~~~~~~~ 06-07
25101509;27042086h;26095846;14091400313;18032008;01101802;160;697;799;807;616 ~~~~~~~~~~~~~~~~~~~~~~~~~~ 06-08
26101509;28042086h;27095846;15091400313;19032008;02101802;161;695 ~~~~~~~~~~~~~~~~~~~~~~~~~~~~~~~~~~~~~~ 06-09
27101509;29042086h;28095846;16091400313;20032008;03101802;162;616 ~~~~~~~~~~~~~~~~~~~~~~~~~~~~~~~~~~~~~~ 06-10
28101509;01052086h;29095846;17091400313;21032008;04101802;163;696;380;921;930;942;953;569;616 ~~~~~~~~~~ 06-11
29101509;02052086h;30095846;18091400313;22032008;05101802;164;569;616 ~~~~~~~~~~~~~~~~~~~~~~~~~~~~~~~~~~ 06-12
01111509;03052086h;01105846;19091400313;23032008;06101802;165 ~~~~~~~~~~~~~~~~~~~~~~~~~~~~~~~~~~~~~~~~~~ 06-13
02111509;04052086h;02105846;00101400313;24032008;07101802;166;596;699;399;616 ~~~~~~~~~~~~~~~~~~~~~~~~~~ 06-14
03111509;05052086h;03105846;01101400313;25032008;08101802;167;564 ~~~~~~~~~~~~~~~~~~~~~~~~~~~~~~~~~~~~~~ 06-15
04111509;06052086h;04105846;02101400313;26032008;09101802;168;452;452;616 ~~~~~~~~~~~~~~~~~~~~~~~~~~~~~~ 06-16
05111509;07052086h;05105846;03101400313;27032008;10101802;169;400 ~~~~~~~~~~~~~~~~~~~~~~~~~~~~~~~~~~~~~~ 06-17
06111509;08052086h;06105846;04101400313;28032008;11101802;170;397;616 ~~~~~~~~~~~~~~~~~~~~~~~~~~~~~~~~~~ 06-18
07111509;09052086h;07105846;05101400313;29032008;12101802;171;513 ~~~~~~~~~~~~~~~~~~~~~~~~~~~~~~~~~~~~~~ 06-19
08111509;10052086h;08105846;06101400313;30032008;13101802;172;698;432;815;460;400;616 ~~~~~~~~~~~~~~~~~~ 06-20
09111509;11052086h;09105846;07101400313;31032008;14101802;173;701;552;425;700;616 ~~~~~~~~~~~~~~~~~~~~~~ 06-21
10111509;12052086h;10105846;08101400313;01042008;15101802;174;702;896;461;616 ~~~~~~~~~~~~~~~~~~~~~~~~~~ 06-22
11111509;13052086h;11105846;09101400313;02042008;16101802;175;616 ~~~~~~~~~~~~~~~~~~~~~~~~~~~~~~~~~~~~~~ 06-23
12111509;14052086h;12105846;10101400313;03042008;17101802;176;616 ~~~~~~~~~~~~~~~~~~~~~~~~~~~~~~~~~~~~~~ 06-24
13111509;15052086h;13105846;11101400313;04042008;18101802;177;616 ~~~~~~~~~~~~~~~~~~~~~~~~~~~~~~~~~~~~~~ 06-25
14111509;16052086h;14105846;12101400313;05042008;19101802;178;704;386;874;941;400;616 ~~~~~~~~~~~~~~~~~~ 06-26
15111509;17052086h;15105846;13101400313;06042008;20101802;179 ~~~~~~~~~~~~~~~~~~~~~~~~~~~~~~~~~~~~~~~~~~ 06-27
16111509;18052086h;16105846;14101400313;07042008;21101802;180;703;616 ~~~~~~~~~~~~~~~~~~~~~~~~~~~~~~~~~~ 06-28
17111509;19052086h;17105846;15101400313;08042008;22101802;181;616 ~~~~~~~~~~~~~~~~~~~~~~~~~~~~~~~~~~~~~~ 06-29
18111509;20052086h;18105846;16101400313;09042008;23101802;182;795;616 ~~~~~~~~~~~~~~~~~~~~~~~~~~~~~~~~~~ 06-30
19111509;21052086h;19105846;17101400313;10042008;24101802;183 ~~~~~~~~~~~~~~~~~~~~~~~~~~~~~~~~~~~~~~~~~~ 07-01
20111509;22052086h;20105846;18101400313;11042008;25101802;184;514;400;617 ~~~~~~~~~~~~~~~~~~~~~~~~~~~~~~ 07-02
21111509;23052086h;21105846;19101400313;12042008;26101802;185;398 ~~~~~~~~~~~~~~~~~~~~~~~~~~~~~~~~~~~~~~ 07-03
22111509;24052086h;22105846;00111400313;13042008;27101802;186;617 ~~~~~~~~~~~~~~~~~~~~~~~~~~~~~~~~~~~~~~ 07-04
23111509;25052086h;23105846;01111400313;14042008;28101802;187;596;565 ~~~~~~~~~~~~~~~~~~~~~~~~~~~~~~~~~~ 07-05
24111509;26052086h;24105846;02111400313;15042008;29101802;188;637;705;840;946;565;617 ~~~~~~~~~~~~~~~~~~ 07-06
25111509;27052086h;25105846;03111400313;16042008;30101802;189;373;554;811;617 ~~~~~~~~~~~~~~~~~~~~~~~~~~ 07-07
26111509;28052086h;26105846;04111400313;17042008;01111802;190;707;401;617 ~~~~~~~~~~~~~~~~~~~~~~~~~~~~~~ 07-08
27111509;29052086h;27105846;05111400313;18042008;02111802;191 ~~~~~~~~~~~~~~~~~~~~~~~~~~~~~~~~~~~~~~~~~~ 07-09
28111509;30052086h;28105846;06111400313;19042008;03111802;192;380;617 ~~~~~~~~~~~~~~~~~~~~~~~~~~~~~~~~~~ 07-10
29111509;01062086h;29105846;07111400313;20042008;04111802;193;617 ~~~~~~~~~~~~~~~~~~~~~~~~~~~~~~~~~~~~~~ 07-11
30111509;02062086h;01115846;08111400313;21042008;05111802;194;870;617 ~~~~~~~~~~~~~~~~~~~~~~~~~~~~~~~~~~ 07-12
01121509;03062086h;02115846;09111400313;22042008;06111802;195;706 ~~~~~~~~~~~~~~~~~~~~~~~~~~~~~~~~~~~~~~ 07-13
02121509;04062086h;03115846;10111400313;23042008;07111802;196;617 ~~~~~~~~~~~~~~~~~~~~~~~~~~~~~~~~~~~~~~ 07-14
03121509;05062086h;04115846;11111400313;24042008;08111802;197;710 ~~~~~~~~~~~~~~~~~~~~~~~~~~~~~~~~~~~~~~ 07-15
04121509;06062086h;05115846;12111400313;25042008;09111802;198;829;617 ~~~~~~~~~~~~~~~~~~~~~~~~~~~~~~~~~~ 07-16
05121509;07062086h;06115846;13111400313;26042008;10111802;199;711;513;617 ~~~~~~~~~~~~~~~~~~~~~~~~~~~~~~ 07-17
06121509;08062086h;07115846;14111400313;27042008;11111802;200;631;397;617 ~~~~~~~~~~~~~~~~~~~~~~~~~~~~~~ 07-18
07121509;09062086h;08115846;15111400313;28042008;12111802;201;437;825 ~~~~~~~~~~~~~~~~~~~~~~~~~~~~~~~~~~ 07-19
08121509;10062086h;09115846;16111400313;29042008;13111802;202;708;617 ~~~~~~~~~~~~~~~~~~~~~~~~~~~~~~~~~~ 07-20
09121509;11062086h;10115846;17111400313;30042008;14111802;203;709;420;501;415 ~~~~~~~~~~~~~~~~~~~~~~~~~~ 07-21
10121509;12062086h;11115846;18111400313;31042008;15111802;204;546;500;617 ~~~~~~~~~~~~~~~~~~~~~~~~~~~~~~ 07-22
11121509;13062086h;12115846;19111400313;01052008;16111802;205;500;617 ~~~~~~~~~~~~~~~~~~~~~~~~~~~~~~~~~~ 07-23
12121509;14062086h;13115846;00121400313;02052008;17111802;206;617 ~~~~~~~~~~~~~~~~~~~~~~~~~~~~~~~~~~~~~~ 07-24
13121509;15062086h;14115846;01121400313;03052008;18111802;207;712;715;825;500;617 ~~~~~~~~~~~~~~~~~~~~~~ 07-25
14121509;16062086h;15115846;02121400313;04052008;19111802;208;716;387;531;561;500;617 ~~~~~~~~~~~~~~~~~~ 07-26
15121509;17062086h;16115846;03121400313;05052008;20111802;209;713 ~~~~~~~~~~~~~~~~~~~~~~~~~~~~~~~~~~~~~~ 07-27
16121509;18062086h;17115846;04121400313;06052008;21111802;210;714;617 ~~~~~~~~~~~~~~~~~~~~~~~~~~~~~~~~~~ 07-28
17121509;19062086h;18115846;05121400313;07052008;22111802;211;514;415;617 ~~~~~~~~~~~~~~~~~~~~~~~~~~~~~~ 07-29
18121509;20062086h;19115846;06121400313;08052008;23111802;212;841;617 ~~~~~~~~~~~~~~~~~~~~~~~~~~~~~~~~~~ 07-30
19121509;21062086h;20115846;07121400313;09052008;24111802;213 ~~~~~~~~~~~~~~~~~~~~~~~~~~~~~~~~~~~~~~~~~~ 07-31
20121509;22062086h;21115846;08121400313;10052008;25111802;214;398;618 ~~~~~~~~~~~~~~~~~~~~~~~~~~~~~~~~~~ 08-01
21121509;23062086h;22115846;09121400313;11052008;26111802;215;719 ~~~~~~~~~~~~~~~~~~~~~~~~~~~~~~~~~~~~~~ 08-02
22121509;24062086h;23115846;10121400313;12052008;27111802;216;637;720;433;618 ~~~~~~~~~~~~~~~~~~~~~~~~~~ 08-03
23121509;25062086h;24115846;11121400313;13052008;28111802;217;717 ~~~~~~~~~~~~~~~~~~~~~~~~~~~~~~~~~~~~~~ 08-04
24121509;26062086h;25115846;12121400313;14052008;29111802;218;878;842;618 ~~~~~~~~~~~~~~~~~~~~~~~~~~~~~~ 08-05
25121509;27062086h;26115846;13121400313;15052008;30111802;219;718 ~~~~~~~~~~~~~~~~~~~~~~~~~~~~~~~~~~~~~~ 08-06
26121509;28062086h;27115846;14121400313;16052008;01121802;220;618 ~~~~~~~~~~~~~~~~~~~~~~~~~~~~~~~~~~~~~~ 08-07
27121509;29062086h;28115846;15121400313;17052008;02121802;221 ~~~~~~~~~~~~~~~~~~~~~~~~~~~~~~~~~~~~~~~~~~ 08-08
28121509;01072086h;29115846;16121400313;18052008;03121802;222;380;618 ~~~~~~~~~~~~~~~~~~~~~~~~~~~~~~~~~~ 08-09
29121509;02072086h;30115846;17121400313;19052008;04121802;223;723;421 ~~~~~~~~~~~~~~~~~~~~~~~~~~~~~~~~~~ 08-10
01011510;03072086h;01125846;18121400313;20052008;05121802;224;721;411;495;618 ~~~~~~~~~~~~~~~~~~~~~~~~~~ 08-11
02011510;04072086h;02125846;19121400313;21052008;06121802;225;579 ~~~~~~~~~~~~~~~~~~~~~~~~~~~~~~~~~~~~~~ 08-12
03011510;05072086h;03125846;00131400313;22052008;07121802;226;513;618 ~~~~~~~~~~~~~~~~~~~~~~~~~~~~~~~~~~ 08-13
04011510;06072086h;04125846;01131400313;23052008;08121802;227;722;891 ~~~~~~~~~~~~~~~~~~~~~~~~~~~~~~~~~~ 08-14
05011510;07072086h;05125846;02131400313;24052008;09121802;228;572;618 ~~~~~~~~~~~~~~~~~~~~~~~~~~~~~~~~~~ 08-15
06011510;08072086h;06125846;03131400313;25052008;10121802;229 ~~~~~~~~~~~~~~~~~~~~~~~~~~~~~~~~~~~~~~~~~~ 08-16
07011510;09072086h;07125846;04131400313;26052008;11121802;230;724;397;618 ~~~~~~~~~~~~~~~~~~~~~~~~~~~~~~ 08-17
08011510;10072086h;08125846;05131400313;27052008;12121802;231 ~~~~~~~~~~~~~~~~~~~~~~~~~~~~~~~~~~~~~~~~~~ 08-18
09011510;11072086h;09125846;06131400313;28052008;13121802;232;618 ~~~~~~~~~~~~~~~~~~~~~~~~~~~~~~~~~~~~~~ 08-19
10011510;12072086h;10125846;07131400313;29052008;14121802;233;838;498;421 ~~~~~~~~~~~~~~~~~~~~~~~~~~~~~~ 08-20
11011510;13072086h;11125846;08131400313;30052008;15121802;234;926;496;618 ~~~~~~~~~~~~~~~~~~~~~~~~~~~~~~ 08-21
12011510;14072086h;12125846;09131400313;31052008;16121802;235;567;415 ~~~~~~~~~~~~~~~~~~~~~~~~~~~~~~~~~~ 08-22
13011510;15072086h;13125846;10131400313;01062008;17121802;236;427;897;938;567;618 ~~~~~~~~~~~~~~~~~~~~~~ 08-23
14011510;16072086h;14125846;11131400313;02062008;18121802;237;725;388;556;909;910;925 ~~~~~~~~~~~~~~~~~~ 08-24
15011510;17072086h;15125846;12131400313;03062008;19121802;238;428;725;412;618 ~~~~~~~~~~~~~~~~~~~~~~~~~~ 08-25
16011510;18072086h;16125846;13131400313;04062008;20121802;239;796;514 ~~~~~~~~~~~~~~~~~~~~~~~~~~~~~~~~~~ 08-26
17011510;19072086h;17125846;14131400313;05062008;21121802;240;594;875;618 ~~~~~~~~~~~~~~~~~~~~~~~~~~~~~~ 08-27
18011510;20072086h;18125846;15131400313;06062008;22121802;241;595;868 ~~~~~~~~~~~~~~~~~~~~~~~~~~~~~~~~~~ 08-28
19011510;21072086h;19125846;16131400313;07062008;23121802;242;618 ~~~~~~~~~~~~~~~~~~~~~~~~~~~~~~~~~~~~~~ 08-29
20011510;22072086h;20125846;17131400313;08062008;24121802;243;596 ~~~~~~~~~~~~~~~~~~~~~~~~~~~~~~~~~~~~~~ 08-30
21011510;23072086h;21125846;18131400313;09062008;25121802;244;429;398;883;496;618 ~~~~~~~~~~~~~~~~~~~~~~ 08-31
22011510;24072086h;22125846;19131400313;10062008;26121802;245;430;412 ~~~~~~~~~~~~~~~~~~~~~~~~~~~~~~~~~~ 09-01
23011510;25072086h;23125846;00141400313;11062008;27121802;246;434;619 ~~~~~~~~~~~~~~~~~~~~~~~~~~~~~~~~~~ 09-02
24011510;26072086h;24125846;01141400313;12062008;28121802;247;435;503 ~~~~~~~~~~~~~~~~~~~~~~~~~~~~~~~~~~ 09-03
25011510;27072086h;25125846;02141400313;13062008;29121802;248;496;619 ~~~~~~~~~~~~~~~~~~~~~~~~~~~~~~~~~~ 09-04
26011510;28072086h;26125846;03141400313;14062008;30121802;249;619 ~~~~~~~~~~~~~~~~~~~~~~~~~~~~~~~~~~~~~~ 09-05
27011510;29072086h;27125846;04141400313;15062008;01131802;250;727;619 ~~~~~~~~~~~~~~~~~~~~~~~~~~~~~~~~~~ 09-06
28011510;30072086h;28125846;05141400313;16062008;02131802;251;637;728;380;415 ~~~~~~~~~~~~~~~~~~~~~~~~~~ 09-07
29011510;01082086h;29125846;06141400313;17062008;03131802;252;455;845;521;412;496;619 ~~~~~~~~~~~~~~~~~~ 09-08
30011510;02082086h;01215847;07141400313;18062008;04131802;253;729;846;497;521;619 ~~~~~~~~~~~~~~~~~~~~~~ 09-09
01021510;03082086h;02215847;08141400313;19062008;05131802;254;513;521;619 ~~~~~~~~~~~~~~~~~~~~~~~~~~~~~~ 09-10
02021510;04082086h;03215847;09141400313;20062008;01011803;255;597;619 ~~~~~~~~~~~~~~~~~~~~~~~~~~~~~~~~~~ 09-11
03021510;05082086h;04215847;10141400313;21062008;02011803;256;730;847;550;619 ~~~~~~~~~~~~~~~~~~~~~~~~~~ 09-12
04021510;06082086h;05215847;11141400313;22062008;03011803;257;726;915 ~~~~~~~~~~~~~~~~~~~~~~~~~~~~~~~~~~ 09-13
05021510;07082086h;06215847;12141400313;23062008;04011803;258;619 ~~~~~~~~~~~~~~~~~~~~~~~~~~~~~~~~~~~~~~ 09-14
06021510;08082086h;07215847;13141400313;24062008;05011803;259;731;397;415 ~~~~~~~~~~~~~~~~~~~~~~~~~~~~~~ 09-15
07021510;09082086h;08215847;14141400313;25062008;06011803;260;432;908;619 ~~~~~~~~~~~~~~~~~~~~~~~~~~~~~~ 09-16
08021510;10082086h;09215847;15141400313;26062008;07011803;261;732;848 ~~~~~~~~~~~~~~~~~~~~~~~~~~~~~~~~~~ 09-17
09021510;11082086h;10215847;16141400313;27062008;08011803;262;527;619 ~~~~~~~~~~~~~~~~~~~~~~~~~~~~~~~~~~ 09-18
10021510;12082086h;11215847;17141400313;28062008;09011803;263;733;903;421;848 ~~~~~~~~~~~~~~~~~~~~~~~~~~ 09-19
11021510;13082086h;12215847;18141400313;29062008;10011803;264;734;619 ~~~~~~~~~~~~~~~~~~~~~~~~~~~~~~~~~~ 09-20
12021510;14082086h;13215847;19141400313;30062008;11011803;265;735;462;619;848 ~~~~~~~~~~~~~~~~~~~~~~~~~~ 09-21
13021510;15082086h;14215847;00151400313;31062008;12011803;266;740;389;390;374;520;551;423;570;412 ~~~~~~ 09-22
14021510;16082086h;15215847;01151400313;01072008;13011803;267;736;514;534;907;463;523;415;619 ~~~~~~~~~~ 09-23
15021510;17082086h;16215847;02151400313;02072008;14011803;268;737;523;619 ~~~~~~~~~~~~~~~~~~~~~~~~~~~~~~ 09-24
16021510;18082086h;17215847;03151400313;03072008;15011803;269;742;790;523;619;848 ~~~~~~~~~~~~~~~~~~~~~~ 09-25
17021510;19082086h;18215847;04151400313;04072008;16011803;270;741;790;523;619 ~~~~~~~~~~~~~~~~~~~~~~~~~~ 09-26
18021510;20082086h;19215847;05151400313;05072008;17011803;271;738;790;436;523;619 ~~~~~~~~~~~~~~~~~~~~~~ 09-27
19021510;21082086h;20215847;06151400313;06072008;18011803;272;739;743;790;523;619 ~~~~~~~~~~~~~~~~~~~~~~ 09-28
20021510;22082086h;21215847;07151400313;07072008;19011803;273;790;398;844;523;412;421;619 ~~~~~~~~~~~~~~ 09-29
21021510;23082086h;22215847;08151400313;08072008;20011803;274;790;524;853;619 ~~~~~~~~~~~~~~~~~~~~~~~~~~ 09-30
22021510;24082086h;23215847;09151400313;09072008;21011803;275;745;790;525;853 ~~~~~~~~~~~~~~~~~~~~~~~~~~ 10-01
23021510;25082086h;24215847;10151400313;10072008;22011803;276;746;853;620 ~~~~~~~~~~~~~~~~~~~~~~~~~~~~~~ 10-02
24021510;26082086h;25215847;11151400313;11072008;23011803;277;747;869;375 ~~~~~~~~~~~~~~~~~~~~~~~~~~~~~~ 10-03
25021510;27082086h;26215847;12151400313;12072008;24011803;278;748;620 ~~~~~~~~~~~~~~~~~~~~~~~~~~~~~~~~~~ 10-04
26021510;28082086h;27215847;13151400313;13072008;25011803;279;637;620;848 ~~~~~~~~~~~~~~~~~~~~~~~~~~~~~~ 10-05
27021510;29082086h;28215847;14151400313;14072008;26011803;280;749;412;620 ~~~~~~~~~~~~~~~~~~~~~~~~~~~~~~ 10-06
28021510;30082086h;29215847;15151400313;15072008;27011803;281;744;380;513;920;848;574 ~~~~~~~~~~~~~~~~~~ 10-07
29021510;01092086h;30215847;16151400313;16072008;28011803;282;791;895;620 ~~~~~~~~~~~~~~~~~~~~~~~~~~~~~~ 10-08
01031510;02092086h;01225847;17151400313;17072008;29011803;283;752;415;421;620 ~~~~~~~~~~~~~~~~~~~~~~~~~~ 10-09
02031510;03092086h;02225847;18151400313;18072008;30011803;284;753;399;620 ~~~~~~~~~~~~~~~~~~~~~~~~~~~~~~ 10-10
03031510;04092086h;03225847;19151400313;19072008;01021803;285;596;367;620;848 ~~~~~~~~~~~~~~~~~~~~~~~~~~ 10-11
04031510;05092086h;04225847;00161400313;20072008;02021803;286;754;368;620 ~~~~~~~~~~~~~~~~~~~~~~~~~~~~~~ 10-12
05031510;06092086h;05225847;01161400313;21072008;03021803;287;750;412;620 ~~~~~~~~~~~~~~~~~~~~~~~~~~~~~~ 10-13
06031510;07092086h;06225847;02161400313;22072008;04021803;288;751;467;918;620 ~~~~~~~~~~~~~~~~~~~~~~~~~~ 10-14
07031510;08092086h;07225847;03161400313;23072008;05021803;289;756;397;919;620 ~~~~~~~~~~~~~~~~~~~~~~~~~~ 10-15
08031510;09092086h;08225847;04161400313;24072008;06021803;290;757;548;885;563;400;620 ~~~~~~~~~~~~~~~~~~ 10-16
09031510;10092086h;09225847;05161400313;25072008;07021803;291;631;549;560;415;620 ~~~~~~~~~~~~~~~~~~~~~~ 10-17
10031510;11092086h;10225847;06161400313;26072008;08021803;292;899;620 ~~~~~~~~~~~~~~~~~~~~~~~~~~~~~~~~~~ 10-18
11031510;12092086h;11225847;07161400313;27072008;09021803;293;758;554;861;400;421;620 ~~~~~~~~~~~~~~~~~~ 10-19
12031510;13092086h;12225847;08161400313;28072008;10021803;294;511;784;412;620 ~~~~~~~~~~~~~~~~~~~~~~~~~~ 10-20
13031510;14092086h;13225847;09161400313;29072008;11021803;295;755;514;882;922;785;620 ~~~~~~~~~~~~~~~~~~ 10-21
14031510;15092086h;14225847;10161400313;30072008;12021803;296;391;369;532;786;400;620 ~~~~~~~~~~~~~~~~~~ 10-22
15031510;16092086h;15225847;11161400313;01082008;13021803;297;787;843;620 ~~~~~~~~~~~~~~~~~~~~~~~~~~~~~~ 10-23
16031510;17092086h;16225847;12161400313;02082008;14021803;298;620 ~~~~~~~~~~~~~~~~~~~~~~~~~~~~~~~~~~~~~~ 10-24
17031510;18092086h;17225847;13161400313;03082008;15021803;299;849;371;881;511;375;400 ~~~~~~~~~~~~~~~~~~ 10-25
18031510;19092086h;18225847;14161400313;04082008;16021803;300;759;620 ~~~~~~~~~~~~~~~~~~~~~~~~~~~~~~~~~~ 10-26
19031510;20092086h;19225847;15161400313;05082008;17021803;301;412;620 ~~~~~~~~~~~~~~~~~~~~~~~~~~~~~~~~~~ 10-27
20031510;21092086h;20225847;16161400313;06082008;18021803;302;400;620 ~~~~~~~~~~~~~~~~~~~~~~~~~~~~~~~~~~ 10-28
21031510;22092086h;21225847;17161400313;07082008;19021803;303;398;499;421;843;620 ~~~~~~~~~~~~~~~~~~~~~~ 10-29
22031510;23092086h;22225847;18161400313;08082008;20021803;304;433;620 ~~~~~~~~~~~~~~~~~~~~~~~~~~~~~~~~~~ 10-30
23031510;24092086h;23225847;19161400313;09082008;21021803;305;401 ~~~~~~~~~~~~~~~~~~~~~~~~~~~~~~~~~~~~~~ 10-31
24031510;25092086h;24225847;00171400313;10082008;22021803;306;621 ~~~~~~~~~~~~~~~~~~~~~~~~~~~~~~~~~~~~~~ 11-01
25031510;26092086h;25225847;01171400313;11082008;23021803;307;637;763;558;911 ~~~~~~~~~~~~~~~~~~~~~~~~~~ 11-02
26031510;27092086h;26225847;02171400313;12082008;24021803;308;431;513;779;784;412;621 ~~~~~~~~~~~~~~~~~~ 11-03
27031510;28092086h;27225847;03171400313;13082008;25021803;309;760;416;780;785 ~~~~~~~~~~~~~~~~~~~~~~~~~~ 11-04
28031510;29092086h;28225847;04171400313;14082008;26021803;310;850;781;786;893;621 ~~~~~~~~~~~~~~~~~~~~~~ 11-05
29031510;01102086h;29225847;05171400313;15082008;27021803;311;761;380;782 ~~~~~~~~~~~~~~~~~~~~~~~~~~~~~~ 11-06
30031510;02102086h;01235847;06171400313;16082008;28021803;312;762;437;783;787;621 ~~~~~~~~~~~~~~~~~~~~~~ 11-07
01041510;03102086h;02235847;07171400313;17082008;29021803;313;535;788 ~~~~~~~~~~~~~~~~~~~~~~~~~~~~~~~~~~ 11-08
02041510;04102086h;03235847;08171400313;18082008;30021803;314;621 ~~~~~~~~~~~~~~~~~~~~~~~~~~~~~~~~~~~~~~ 11-09
03041510;05102086h;04235847;09171400313;19082008;01031803;315;412 ~~~~~~~~~~~~~~~~~~~~~~~~~~~~~~~~~~~~~~ 11-10
04041510;06102086h;05235847;10171400313;20082008;02031803;316;621 ~~~~~~~~~~~~~~~~~~~~~~~~~~~~~~~~~~~~~~ 11-11
05041510;07102086h;06235847;11171400313;21082008;03031803;317;543 ~~~~~~~~~~~~~~~~~~~~~~~~~~~~~~~~~~~~~~ 11-12
06041510;08102086h;07235847;12171400313;22082008;04031803;318;397;621 ~~~~~~~~~~~~~~~~~~~~~~~~~~~~~~~~~~ 11-13
07041510;09102086h;08235847;13171400313;23082008;05031803;319;764 ~~~~~~~~~~~~~~~~~~~~~~~~~~~~~~~~~~~~~~ 11-14
08041510;10102086h;09235847;14171400313;24082008;06031803;320;621 ~~~~~~~~~~~~~~~~~~~~~~~~~~~~~~~~~~~~~~ 11-15
09041510;11102086h;10235847;15171400313;25082008;07031803;321;767;879 ~~~~~~~~~~~~~~~~~~~~~~~~~~~~~~~~~~ 11-16
10041510;12102086h;11235847;16171400313;26082008;08031803;322;765;405;547;412;621 ~~~~~~~~~~~~~~~~~~~~~~ 11-17
11041510;13102086h;12235847;17171400313;27082008;09031803;323;802;934 ~~~~~~~~~~~~~~~~~~~~~~~~~~~~~~~~~~ 11-18
12041510;14102086h;13235847;18171400313;28082008;10031803;324;514;621 ~~~~~~~~~~~~~~~~~~~~~~~~~~~~~~~~~~ 11-19
13041510;15102086h;14235847;19171400313;29082008;11031803;325;394;417;880;947 ~~~~~~~~~~~~~~~~~~~~~~~~~~ 11-20
14041510;16102086h;15235847;00001500313;30082008;12031803;326;766;540;621 ~~~~~~~~~~~~~~~~~~~~~~~~~~~~~~ 11-21
15041510;17102086h;16235847;01001500313;01092008;13031803;327;788;406 ~~~~~~~~~~~~~~~~~~~~~~~~~~~~~~~~~~ 11-22
16041510;18102086h;17235847;02001500313;02092008;14031803;328;768;621 ~~~~~~~~~~~~~~~~~~~~~~~~~~~~~~~~~~ 11-23
17041510;19102086h;18235847;03001500313;03092008;15031803;329;412 ~~~~~~~~~~~~~~~~~~~~~~~~~~~~~~~~~~~~~~ 11-24
18041510;20102086h;19235847;04001500313;04092008;16031803;330;621 ~~~~~~~~~~~~~~~~~~~~~~~~~~~~~~~~~~~~~~ 11-25
19041510;21102086h;20235847;05001500313;05092008;17031803;331 ~~~~~~~~~~~~~~~~~~~~~~~~~~~~~~~~~~~~~~~~~~ 11-26
20041510;22102086h;21235847;06001500313;06092008;18031803;332;769;398;876;375;621 ~~~~~~~~~~~~~~~~~~~~~~ 11-27
21041510;23102086h;22235847;07001500313;07092008;19031803;333;440;421 ~~~~~~~~~~~~~~~~~~~~~~~~~~~~~~~~~~ 11-28
22041510;24102086h;23235847;08001500313;08092008;20031803;334;441;369;418;621 ~~~~~~~~~~~~~~~~~~~~~~~~~~ 11-29
23041510;25102086h;24235847;09001500313;09092008;21031803;335;770 ~~~~~~~~~~~~~~~~~~~~~~~~~~~~~~~~~~~~~~ 11-30
24041510;26102086h;25235847;10001500313;10092008;22031803;336;513;936;589;516;412;622 ~~~~~~~~~~~~~~~~~~ 12-01
25041510;27102086h;26235847;11001500313;11092008;23031803;337;442;370;516 ~~~~~~~~~~~~~~~~~~~~~~~~~~~~~~ 12-02
26041510;28102086h;27235847;12001500313;12092008;24031803;338;771;773;516;622 ~~~~~~~~~~~~~~~~~~~~~~~~~~ 12-03
27041510;29102086h;28235847;13001500313;13092008;25031803;339;772;516 ~~~~~~~~~~~~~~~~~~~~~~~~~~~~~~~~~~ 12-04
28041510;30102086h;29235847;14001500313;14092008;26031803;340;380;516;622 ~~~~~~~~~~~~~~~~~~~~~~~~~~~~~~ 12-05
29041510;01112086h;01245847;15001500313;15092008;27031803;341;774;929;952;516 ~~~~~~~~~~~~~~~~~~~~~~~~~~ 12-06
01051510;02112086h;02245847;16001500313;16092008;28031803;342;637;775;516;622 ~~~~~~~~~~~~~~~~~~~~~~~~~~ 12-07
02051510;03112086h;03245847;17001500313;17092008;29031803;343;777;590;516;418 ~~~~~~~~~~~~~~~~~~~~~~~~~~ 12-08
03051510;04112086h;04245847;18001500313;18092008;30031803;344;622 ~~~~~~~~~~~~~~~~~~~~~~~~~~~~~~~~~~~~~~ 12-09
04051510;05112086h;05245847;19001500313;19092008;01041803;345 ~~~~~~~~~~~~~~~~~~~~~~~~~~~~~~~~~~~~~~~~~~ 12-10
05051510;06112086h;06245847;00011500313;20092008;02041803;346;944;622 ~~~~~~~~~~~~~~~~~~~~~~~~~~~~~~~~~~ 12-11
06051510;07112086h;07245847;01011500313;21092008;03041803;347 ~~~~~~~~~~~~~~~~~~~~~~~~~~~~~~~~~~~~~~~~~~ 12-12
07051510;08112086h;08245847;02011500313;22092008;04041803;348;397;432;622 ~~~~~~~~~~~~~~~~~~~~~~~~~~~~~~ 12-13
08051510;09112086h;09245847;03011500313;23092008;05041803;349;776 ~~~~~~~~~~~~~~~~~~~~~~~~~~~~~~~~~~~~~~ 12-14
09051510;10112086h;10245847;04011500313;24092008;06041803;350;591;622 ~~~~~~~~~~~~~~~~~~~~~~~~~~~~~~~~~~ 12-15
10051510;11112086h;11245847;05011500313;25092008;07041803;351;557;890 ~~~~~~~~~~~~~~~~~~~~~~~~~~~~~~~~~~ 12-16
11051510;12112086h;12245847;06011500313;26092008;08041803;352;514;406;622 ~~~~~~~~~~~~~~~~~~~~~~~~~~~~~~ 12-17
12051510;13112086h;13245847;07011500313;27092008;09041803;353;864 ~~~~~~~~~~~~~~~~~~~~~~~~~~~~~~~~~~~~~~ 12-18
13051510;14112086h;14245847;08011500313;28092008;10041803;354;545;622 ~~~~~~~~~~~~~~~~~~~~~~~~~~~~~~~~~~ 12-19
14051510;15112086h;15245847;09011500313;29092008;11041803;355;778;395;371;887;466 ~~~~~~~~~~~~~~~~~~~~~~ 12-20
15051510;16112086h;16245847;10011500313;30092008;12041803;356;858;426;622 ~~~~~~~~~~~~~~~~~~~~~~~~~~~~~~ 12-21
16051510;17112086h;17245847;11011500313;01102008;13041803;357;592;465 ~~~~~~~~~~~~~~~~~~~~~~~~~~~~~~~~~~ 12-22
17051510;18112086h;18245847;12011500313;02102008;14041803;358;622 ~~~~~~~~~~~~~~~~~~~~~~~~~~~~~~~~~~~~~~ 12-23
18051510;19112086h;19245847;13011500313;03102008;15041803;359 ~~~~~~~~~~~~~~~~~~~~~~~~~~~~~~~~~~~~~~~~~~ 12-24
19051510;20112086h;20245847;14011500313;04102008;16041803;360;413;622 ~~~~~~~~~~~~~~~~~~~~~~~~~~~~~~~~~~ 12-25
20051510;21112086h;21245847;15011500313;05102008;17041803;361;418 ~~~~~~~~~~~~~~~~~~~~~~~~~~~~~~~~~~~~~~ 12-26
21051510;22112086h;22245847;16011500313;06102008;18041803;362;398;857;406;622 ~~~~~~~~~~~~~~~~~~~~~~~~~~ 12-27
22051510;23112086h;23245847;17011500313;07102008;19041803;363;421 ~~~~~~~~~~~~~~~~~~~~~~~~~~~~~~~~~~~~~~ 12-28
23051510;24112086h;24245847;18011500313;08102008;20041803;364;513;622 ~~~~~~~~~~~~~~~~~~~~~~~~~~~~~~~~~~ 12-29
24051510;25112086h;25245847;19011500313;09102008;21041803;365 ~~~~~~~~~~~~~~~~~~~~~~~~~~~~~~~~~~~~~~~~~~ 12-30
25051510;26112086h;26245847;00021500313;10102008;22041803;366;917;622 ~~~~~~~~~~~~~~~~~~~~~~~~~~~~~~~~~~ 12-31
