23091487;25112064L;23245825;04141200213;11101986;23041781;001 ~~~~~~~~~~~~~~~~~~~~~~~~~~~~~~~~~~~~~~~~~~ 01-01
24091487;26112064L;24245825;05141200213;12101986;24041781;002;372;514;917 ~~~~~~~~~~~~~~~~~~~~~~~~~~~~~~ 01-02
25091487;27112064L;25245825;06141200213;13101986;25041781;003;637;554;505 ~~~~~~~~~~~~~~~~~~~~~~~~~~~~~~ 01-03
26091487;28112064L;26245825;07141200213;14101986;26041781;004 ~~~~~~~~~~~~~~~~~~~~~~~~~~~~~~~~~~~~~~~~~~ 01-04
27091487;29112064L;27245825;08141200213;15101986;27041781;005;508 ~~~~~~~~~~~~~~~~~~~~~~~~~~~~~~~~~~~~~~ 01-05
28091487;30112064L;28245825;09141200213;16101986;28041781;006;380 ~~~~~~~~~~~~~~~~~~~~~~~~~~~~~~~~~~~~~~ 01-06
29091487;01122064L;29245825;10141200213;17101986;29041781;007 ~~~~~~~~~~~~~~~~~~~~~~~~~~~~~~~~~~~~~~~~~~ 01-07
30091487;02122064L;01255825;11141200213;18101986;30041781;008;506 ~~~~~~~~~~~~~~~~~~~~~~~~~~~~~~~~~~~~~~ 01-08
01101487;03122064L;02255825;12141200213;19101986;01051781;009;507;502 ~~~~~~~~~~~~~~~~~~~~~~~~~~~~~~~~~~ 01-09
02101487;04122064L;03255825;13141200213;20101986;02051781;010;626 ~~~~~~~~~~~~~~~~~~~~~~~~~~~~~~~~~~~~~~ 01-10
03101487;05122064L;04255825;14141200213;21101986;03051781;011;627 ~~~~~~~~~~~~~~~~~~~~~~~~~~~~~~~~~~~~~~ 01-11
04101487;06122064L;05255825;15141200213;22101986;04051781;012;628;432 ~~~~~~~~~~~~~~~~~~~~~~~~~~~~~~~~~~ 01-12
05101487;07122064L;06255825;16141200213;23101986;05051781;013;629 ~~~~~~~~~~~~~~~~~~~~~~~~~~~~~~~~~~~~~~ 01-13
06101487;08122064L;07255825;17141200213;24101986;06051781;014;397;513 ~~~~~~~~~~~~~~~~~~~~~~~~~~~~~~~~~~ 01-14
07101487;09122064L;08255825;18141200213;25101986;07051781;015;631 ~~~~~~~~~~~~~~~~~~~~~~~~~~~~~~~~~~~~~~ 01-15
08101487;10122064L;09255825;19141200213;26101986;08051781;016 ~~~~~~~~~~~~~~~~~~~~~~~~~~~~~~~~~~~~~~~~~~ 01-16
09101487;11122064L;10255825;00151200213;27101986;09051781;017;630 ~~~~~~~~~~~~~~~~~~~~~~~~~~~~~~~~~~~~~~ 01-17
10101487;12122064L;11255825;01151200213;28101986;10051781;018;625;905 ~~~~~~~~~~~~~~~~~~~~~~~~~~~~~~~~~~ 01-18
11101487;13122064L;12255825;02151200213;29101986;11051781;019;492;805 ~~~~~~~~~~~~~~~~~~~~~~~~~~~~~~~~~~ 01-19
12101487;14122064L;13255825;03151200213;30101986;12051781;020 ~~~~~~~~~~~~~~~~~~~~~~~~~~~~~~~~~~~~~~~~~~ 01-20
13101487;15122064L;14255825;04151200213;01111986;13051781;021 ~~~~~~~~~~~~~~~~~~~~~~~~~~~~~~~~~~~~~~~~~~ 01-21
14101487;16122064L;15255825;05151200213;02111986;14051781;022;381;541;904;949 ~~~~~~~~~~~~~~~~~~~~~~~~~~ 01-22
15101487;17122064L;16255825;06151200213;03111986;15051781;023 ~~~~~~~~~~~~~~~~~~~~~~~~~~~~~~~~~~~~~~~~~~ 01-23
16101487;18122064L;17255825;07151200213;04111986;16051781;024 ~~~~~~~~~~~~~~~~~~~~~~~~~~~~~~~~~~~~~~~~~~ 01-24
17101487;19122064L;18255825;08151200213;05111986;17051781;025;635;916 ~~~~~~~~~~~~~~~~~~~~~~~~~~~~~~~~~~ 01-25
18101487;20122064L;19255825;09151200213;06111986;18051781;026;636 ~~~~~~~~~~~~~~~~~~~~~~~~~~~~~~~~~~~~~~ 01-26
19101487;21122064L;20255825;10151200213;07111986;19051781;027;514;580 ~~~~~~~~~~~~~~~~~~~~~~~~~~~~~~~~~~ 01-27
20101487;22122064L;21255825;11151200213;08111986;20051781;028;632;398 ~~~~~~~~~~~~~~~~~~~~~~~~~~~~~~~~~~ 01-28
21101487;23122064L;22255825;12151200213;09111986;21051781;029;861 ~~~~~~~~~~~~~~~~~~~~~~~~~~~~~~~~~~~~~~ 01-29
22101487;24122064L;23255825;13151200213;10111986;22051781;030;633 ~~~~~~~~~~~~~~~~~~~~~~~~~~~~~~~~~~~~~~ 01-30
23101487;25122064L;24255825;14151200213;11111986;23051781;031;634;816 ~~~~~~~~~~~~~~~~~~~~~~~~~~~~~~~~~~ 01-31
24101487;26122064L;25255825;14151200213;12111986;24051781;032;923 ~~~~~~~~~~~~~~~~~~~~~~~~~~~~~~~~~~~~~~ 02-01
25101487;27122064L;26255825;15151200213;13111986;25051781;033 ~~~~~~~~~~~~~~~~~~~~~~~~~~~~~~~~~~~~~~~~~~ 02-02
26101487;28122064L;27255825;16151200213;14111986;26051781;034 ~~~~~~~~~~~~~~~~~~~~~~~~~~~~~~~~~~~~~~~~~~ 02-03
27101487;29122064L;28255825;17151200213;15111986;27051781;035;865 ~~~~~~~~~~~~~~~~~~~~~~~~~~~~~~~~~~~~~~ 02-04
28101487;01012065M;29255825;18151200213;16111986;28051781;036;638;380;888;929;952;479;490 ~~~~~~~~~~~~~~ 02-05
29101487;02012065M;30255825;19151200213;17111986;29051781;037;639;566;479;490 ~~~~~~~~~~~~~~~~~~~~~~~~~~ 02-06
01111487;03012065M;01265825;00161200213;18111986;30051781;038;637;640;566;612 ~~~~~~~~~~~~~~~~~~~~~~~~~~ 02-07
02111487;04012065M;02265825;01161200213;19111986;01061781;039;566;581 ~~~~~~~~~~~~~~~~~~~~~~~~~~~~~~~~~~ 02-08
03111487;05012065M;03265825;02161200213;20111986;02061781;040;641;566;612 ~~~~~~~~~~~~~~~~~~~~~~~~~~~~~~ 02-09
04111487;06012065M;04265825;03161200213;21111986;03061781;041;443;940 ~~~~~~~~~~~~~~~~~~~~~~~~~~~~~~~~~~ 02-10
05111487;07012065M;05265825;04161200213;22111986;04061781;042;444;513 ~~~~~~~~~~~~~~~~~~~~~~~~~~~~~~~~~~ 02-11
06111487;08012065M;06265825;05161200213;23111986;05061781;043;642;810;914;412 ~~~~~~~~~~~~~~~~~~~~~~~~~~ 02-12
07111487;09012065M;07265825;06161200213;24111986;06061781;044;397;536 ~~~~~~~~~~~~~~~~~~~~~~~~~~~~~~~~~~ 02-13
08111487;10012065M;08265825;07161200213;25111986;07061781;045;643 ~~~~~~~~~~~~~~~~~~~~~~~~~~~~~~~~~~~~~~ 02-14
09111487;11012065M;09265825;08161200213;26111986;08061781;046;868;418;612 ~~~~~~~~~~~~~~~~~~~~~~~~~~~~~~ 02-15
10111487;12012065M;10265825;09161200213;27111986;09061781;047;450 ~~~~~~~~~~~~~~~~~~~~~~~~~~~~~~~~~~~~~~ 02-16
11111487;13012065M;11265825;10161200213;28111986;10061781;048;873;854 ~~~~~~~~~~~~~~~~~~~~~~~~~~~~~~~~~~ 02-17
12111487;14012065M;12265825;11161200213;29111986;11061781;049;402;854 ~~~~~~~~~~~~~~~~~~~~~~~~~~~~~~~~~~ 02-18
13111487;15012065M;13265825;12161200213;30111986;12061781;050;644;612 ~~~~~~~~~~~~~~~~~~~~~~~~~~~~~~~~~~ 02-19
14111487;16012065M;14265825;13161200213;01121986;13061781;051;645;382;884 ~~~~~~~~~~~~~~~~~~~~~~~~~~~~~~ 02-20
15111487;17012065M;15265825;14161200213;02121986;14061781;052 ~~~~~~~~~~~~~~~~~~~~~~~~~~~~~~~~~~~~~~~~~~ 02-21
16111487;18012065M;16265825;15161200213;03121986;15061781;053;403 ~~~~~~~~~~~~~~~~~~~~~~~~~~~~~~~~~~~~~~ 02-22
17111487;19012065M;17265825;16161200213;04121986;16061781;054;408;514 ~~~~~~~~~~~~~~~~~~~~~~~~~~~~~~~~~~ 02-23
18111487;20012065M;18265825;17161200213;05121986;17061781;055;646;418 ~~~~~~~~~~~~~~~~~~~~~~~~~~~~~~~~~~ 02-24
19111487;21012065M;19265825;18161200213;06121986;18061781;056;433;825;612 ~~~~~~~~~~~~~~~~~~~~~~~~~~~~~~ 02-25
20111487;22012065M;20265825;19161200213;07121986;19061781;057;647;648;412 ~~~~~~~~~~~~~~~~~~~~~~~~~~~~~~ 02-26
21111487;23012065M;21265825;00171200213;08121986;20061781;058;649;398;436 ~~~~~~~~~~~~~~~~~~~~~~~~~~~~~~ 02-27
22111487;24012065M;22265825;01171200213;09121986;21061781;059;650 ~~~~~~~~~~~~~~~~~~~~~~~~~~~~~~~~~~~~~~ 02-28
23111487;25012065M;23265825;05171200213;10121986;22061781;061;655;409;612 ~~~~~~~~~~~~~~~~~~~~~~~~~~~~~~ 03-01
24111487;26012065M;24265825;06171200213;11121986;23061781;062;943 ~~~~~~~~~~~~~~~~~~~~~~~~~~~~~~~~~~~~~~ 03-02
25111487;27012065M;25265825;07171200213;12121986;24061781;063;613 ~~~~~~~~~~~~~~~~~~~~~~~~~~~~~~~~~~~~~~ 03-03
26111487;28012065M;26265825;08171200213;13121986;25061781;064 ~~~~~~~~~~~~~~~~~~~~~~~~~~~~~~~~~~~~~~~~~~ 03-04
27111487;29012065M;27265825;09171200213;14121986;26061781;065;653;399;414;886;412 ~~~~~~~~~~~~~~~~~~~~~~ 03-05
28111487;30012065M;28265825;10171200213;15121986;27061781;066;654;380;403 ~~~~~~~~~~~~~~~~~~~~~~~~~~~~~~ 03-06
29111487;01022065M;29265825;11171200213;16121986;28061781;067;637;419;612;613 ~~~~~~~~~~~~~~~~~~~~~~~~~~ 03-07
30111487;02022065M;30265825;12171200213;17121986;29061781;068;400 ~~~~~~~~~~~~~~~~~~~~~~~~~~~~~~~~~~~~~~ 03-08
01121487;03022065M;01275825;13171200213;18121986;30061781;069;613 ~~~~~~~~~~~~~~~~~~~~~~~~~~~~~~~~~~~~~~ 03-09
02121487;04022065M;02275825;14171200213;19121986;01071781;070;403 ~~~~~~~~~~~~~~~~~~~~~~~~~~~~~~~~~~~~~~ 03-10
03121487;05022065M;03275825;15171200213;20121986;02071781;071;513;400;613 ~~~~~~~~~~~~~~~~~~~~~~~~~~~~~~ 03-11
04121487;06022065M;04275825;16171200213;21121986;03071781;072;656;412 ~~~~~~~~~~~~~~~~~~~~~~~~~~~~~~~~~~ 03-12
05121487;07022065M;05275825;17171200213;22121986;04071781;073;409;612 ~~~~~~~~~~~~~~~~~~~~~~~~~~~~~~~~~~ 03-13
06121487;08022065M;06275825;18171200213;23121986;05071781;074;397;400;403 ~~~~~~~~~~~~~~~~~~~~~~~~~~~~~~ 03-14
07121487;09022065M;07275825;19171200213;24121986;06071781;075 ~~~~~~~~~~~~~~~~~~~~~~~~~~~~~~~~~~~~~~~~~~ 03-15
08121487;10022065M;08275825;00001300213;25121986;07071781;076 ~~~~~~~~~~~~~~~~~~~~~~~~~~~~~~~~~~~~~~~~~~ 03-16
09121487;11022065M;09275825;01001300213;26121986;08071781;077;657;501;612 ~~~~~~~~~~~~~~~~~~~~~~~~~~~~~~ 03-17
10121487;12022065M;10275825;02001300213;27121986;09071781;078;517;500 ~~~~~~~~~~~~~~~~~~~~~~~~~~~~~~~~~~ 03-18
11121487;13022065M;11275825;03001300213;28121986;10071781;079;658;466;500;412;612 ~~~~~~~~~~~~~~~~~~~~~~ 03-19
12121487;14022065M;12275825;04001300213;29121986;11071781;080;424 ~~~~~~~~~~~~~~~~~~~~~~~~~~~~~~~~~~~~~~ 03-20
13121487;15022065M;13275825;05001300213;30121986;12071781;081;544;623;459;500;415;612 ~~~~~~~~~~~~~~~~~~ 03-21
14121487;16022065M;14275825;06001300213;01011987;13071781;082;493;383;598;906;500;519;851;403 ~~~~~~~~~~ 03-22
15121487;17022065M;15275825;07001300213;02011987;14071781;083;514;562;613 ~~~~~~~~~~~~~~~~~~~~~~~~~~~~~~ 03-23
16121487;18022065M;16275825;08001300213;03011987;15071781;084;659;562 ~~~~~~~~~~~~~~~~~~~~~~~~~~~~~~~~~~ 03-24
17121487;19022065M;17275825;09001300213;04011987;16071781;085;660;562;612;613 ~~~~~~~~~~~~~~~~~~~~~~~~~~ 03-25
18121487;20022065M;18275825;10001300213;05011987;17071781;086;841;400;412 ~~~~~~~~~~~~~~~~~~~~~~~~~~~~~~ 03-26
19121487;21022065M;19275825;11001300213;06011987;18071781;087;445;613 ~~~~~~~~~~~~~~~~~~~~~~~~~~~~~~~~~~ 03-27
20121487;22022065M;20275825;12001300213;07011987;19071781;088;446;398;401 ~~~~~~~~~~~~~~~~~~~~~~~~~~~~~~ 03-28
21121487;23022065M;21275825;13001300213;08011987;20071781;089;447;652;533;924;415 ~~~~~~~~~~~~~~~~~~~~~~ 03-29
22121487;24022065M;22275825;14001300213;09011987;21071781;090;448;852;403 ~~~~~~~~~~~~~~~~~~~~~~~~~~~~~~ 03-30
23121487;25022065M;23275825;15001300213;10011987;22071781;091;404;409;612 ~~~~~~~~~~~~~~~~~~~~~~~~~~~~~~ 03-31
24121487;26022065M;24275825;16001300213;11011987;23071781;092;663;900;842 ~~~~~~~~~~~~~~~~~~~~~~~~~~~~~~ 04-01
25121487;27022065M;25275825;17001300213;12011987;24071781;093 ~~~~~~~~~~~~~~~~~~~~~~~~~~~~~~~~~~~~~~~~~~ 04-02
26121487;28022065M;26275825;18001300213;13011987;25071781;094 ~~~~~~~~~~~~~~~~~~~~~~~~~~~~~~~~~~~~~~~~~~ 04-03
27121487;29022065M;27275825;19001300213;14011987;26071781;095;637;661;571;612;614 ~~~~~~~~~~~~~~~~~~~~~~ 04-04
28121487;30022065M;28275825;00011300213;15011987;27071781;096;662;380 ~~~~~~~~~~~~~~~~~~~~~~~~~~~~~~~~~~ 04-05
29121487;01032065M;29275825;01011300213;16011987;28071781;097;651;538;559;935;409;415;612;614 ~~~~~~~~~~ 04-06
01011488;02032065M;01285825;02011300213;17011987;29071781;098;413;651;495 ~~~~~~~~~~~~~~~~~~~~~~~~~~~~~~ 04-07
02011488;03032065M;02285825;03011300213;18011987;30071781;099;513;614;651 ~~~~~~~~~~~~~~~~~~~~~~~~~~~~~~ 04-08
03011488;04032065M;03285825;04011300213;19011987;01081781;100;555;577;496;651 ~~~~~~~~~~~~~~~~~~~~~~~~~~ 04-09
04011488;05032065M;04285825;05011300213;20011987;02081781;101;432;614;651 ~~~~~~~~~~~~~~~~~~~~~~~~~~~~~~ 04-10
05011488;06032065M;05285825;06011300213;21011987;03081781;102;437;865;496;651 ~~~~~~~~~~~~~~~~~~~~~~~~~~ 04-11
06011488;07032065M;06285825;07011300213;22011987;04081781;103;945;612;614 ~~~~~~~~~~~~~~~~~~~~~~~~~~~~~~ 04-12
07011488;08032065M;07285825;08011300213;23011987;05081781;104;397 ~~~~~~~~~~~~~~~~~~~~~~~~~~~~~~~~~~~~~~ 04-13
08011488;09032065M;08285825;09011300213;24011987;06081781;105;612 ~~~~~~~~~~~~~~~~~~~~~~~~~~~~~~~~~~~~~~ 04-14
09011488;10032065M;09285825;10011300213;25011987;07081781;106;576;933 ~~~~~~~~~~~~~~~~~~~~~~~~~~~~~~~~~~ 04-15
10011488;11032065M;10285825;11011300213;26011987;08081781;107;631;664;498;612 ~~~~~~~~~~~~~~~~~~~~~~~~~~ 04-16
11011488;12032065M;11285825;12011300213;27011987;09081781;108;665;877 ~~~~~~~~~~~~~~~~~~~~~~~~~~~~~~~~~~ 04-17
12011488;13032065M;12285825;13011300213;28011987;10081781;109;666;614 ~~~~~~~~~~~~~~~~~~~~~~~~~~~~~~~~~~ 04-18
13011488;14032065M;13285825;14011300213;29011987;11081781;110 ~~~~~~~~~~~~~~~~~~~~~~~~~~~~~~~~~~~~~~~~~~ 04-19
14011488;15032065M;14285825;15011300213;30011987;12081781;111;794;384;539;575;612;614 ~~~~~~~~~~~~~~~~~~ 04-20
15011488;16032065M;15285825;16011300213;01021987;13081781;112;514;515 ~~~~~~~~~~~~~~~~~~~~~~~~~~~~~~~~~~ 04-21
16011488;17032065M;16285825;17011300213;02021987;14081781;113;415;612;614 ~~~~~~~~~~~~~~~~~~~~~~~~~~~~~~ 04-22
17011488;18032065M;17285825;18011300213;03021987;15081781;114;667;496 ~~~~~~~~~~~~~~~~~~~~~~~~~~~~~~~~~~ 04-23
18011488;19032065M;18285825;19011300213;04021987;16081781;115;671;409;612 ~~~~~~~~~~~~~~~~~~~~~~~~~~~~~~ 04-24
19011488;20032065M;19285825;00021300213;05021987;17081781;116;668;457 ~~~~~~~~~~~~~~~~~~~~~~~~~~~~~~~~~~ 04-25
20011488;21032065M;20285825;01021300213;06021987;18081781;117;669;612;614 ~~~~~~~~~~~~~~~~~~~~~~~~~~~~~~ 04-26
21011488;22032065M;21285825;02021300213;07021987;19081781;118;398;496 ~~~~~~~~~~~~~~~~~~~~~~~~~~~~~~~~~~ 04-27
22011488;23032065M;22285825;03021300213;08021987;20081781;119;612;614 ~~~~~~~~~~~~~~~~~~~~~~~~~~~~~~~~~~ 04-28
23011488;24032065M;23285825;04021300213;09021987;21081781;120;670 ~~~~~~~~~~~~~~~~~~~~~~~~~~~~~~~~~~~~~~ 04-29
24011488;25032065M;24285825;05021300213;10021987;22081781;121;415 ~~~~~~~~~~~~~~~~~~~~~~~~~~~~~~~~~~~~~~ 04-30
25011488;26032065M;25285825;06021300213;11021987;23081781;122;679;939 ~~~~~~~~~~~~~~~~~~~~~~~~~~~~~~~~~~ 05-01
26011488;27032065M;26285825;07021300213;12021987;24081781;123;637;672;612 ~~~~~~~~~~~~~~~~~~~~~~~~~~~~~~ 05-02
27011488;28032065M;27285825;08021300213;13021987;25081781;124;673;526;624 ~~~~~~~~~~~~~~~~~~~~~~~~~~~~~~ 05-03
28011488;29032065M;28285825;09021300213;14021987;26081781;125;674;624 ~~~~~~~~~~~~~~~~~~~~~~~~~~~~~~~~~~ 05-04
29011488;01042065M;29285825;10021300213;15021987;27081781;126;675;380;513;624;496 ~~~~~~~~~~~~~~~~~~~~~~ 05-05
30011488;02042065M;30285825;11021300213;16021987;28081781;127;676;497;624;612 ~~~~~~~~~~~~~~~~~~~~~~~~~~ 05-06
01021488;03042065M;01295825;12021300213;17021987;29081781;128;494;677;624 ~~~~~~~~~~~~~~~~~~~~~~~~~~~~~~ 05-07
02021488;04042065M;02295825;13021300213;18021987;30081781;129;678;510;902;624 ~~~~~~~~~~~~~~~~~~~~~~~~~~ 05-08
03021488;05042065M;03295825;14021300213;19021987;01091781;130;681;680;818;624;615 ~~~~~~~~~~~~~~~~~~~~~~ 05-09
04021488;06042065M;04295825;15021300213;20021987;02091781;131;451;793;528 ~~~~~~~~~~~~~~~~~~~~~~~~~~~~~~ 05-10
05021488;07042065M;05295825;16021300213;21021987;03091781;132;682;529 ~~~~~~~~~~~~~~~~~~~~~~~~~~~~~~~~~~ 05-11
06021488;08042065M;06295825;17021300213;22021987;04091781;133;553;612 ~~~~~~~~~~~~~~~~~~~~~~~~~~~~~~~~~~ 05-12
07021488;09042065M;07295825;18021300213;23021987;05091781;134;683;397;615 ~~~~~~~~~~~~~~~~~~~~~~~~~~~~~~ 05-13
08021488;10042065M;08295825;19021300213;24021987;06091781;135;927 ~~~~~~~~~~~~~~~~~~~~~~~~~~~~~~~~~~~~~~ 05-14
09021488;11042065M;09295825;00031300213;25021987;07091781;136;686;573 ~~~~~~~~~~~~~~~~~~~~~~~~~~~~~~~~~~ 05-15
10021488;12042065M;10295825;01031300213;26021987;08091781;137;687;889;568;573;415;612 ~~~~~~~~~~~~~~~~~~ 05-16
11021488;13042065M;11295825;02031300213;27021987;09091781;138;449;684;568;573 ~~~~~~~~~~~~~~~~~~~~~~~~~~ 05-17
12021488;14042065M;12295825;03031300213;28021987;10091781;139;789;894;612 ~~~~~~~~~~~~~~~~~~~~~~~~~~~~~~ 05-18
13021488;15042065M;13295825;04031300213;29021987;11091781;140;385;514;838;867 ~~~~~~~~~~~~~~~~~~~~~~~~~~ 05-19
14021488;16042065M;14295825;05031300213;30021987;12091781;141;685;537;892;937;612 ~~~~~~~~~~~~~~~~~~~~~~ 05-20
15021488;17042065M;15295825;06031300213;31021987;13091781;142;797;615 ~~~~~~~~~~~~~~~~~~~~~~~~~~~~~~~~~~ 05-21
16021488;18042065M;16295825;07031300213;01031987;14091781;143;689 ~~~~~~~~~~~~~~~~~~~~~~~~~~~~~~~~~~~~~~ 05-22
17021488;19042065M;17295825;08031300213;02031987;15091781;144;439;798 ~~~~~~~~~~~~~~~~~~~~~~~~~~~~~~~~~~ 05-23
18021488;20042065M;18295825;09031300213;03031987;16091781;145;439;433;518;409 ~~~~~~~~~~~~~~~~~~~~~~~~~~ 05-24
19021488;21042065M;19295825;10031300213;04031987;17091781;146;438;615 ~~~~~~~~~~~~~~~~~~~~~~~~~~~~~~~~~~ 05-25
20021488;22042065M;20295825;11031300213;05031987;18091781;147;398;844;612 ~~~~~~~~~~~~~~~~~~~~~~~~~~~~~~ 05-26
21021488;23042065M;21295825;12031300213;06031987;19091781;148;688 ~~~~~~~~~~~~~~~~~~~~~~~~~~~~~~~~~~~~~~ 05-27
22021488;24042065M;22295825;13031300213;07031987;20091781;149 ~~~~~~~~~~~~~~~~~~~~~~~~~~~~~~~~~~~~~~~~~~ 05-28
23021488;25042065M;23295825;14031300213;08031987;21091781;150;378 ~~~~~~~~~~~~~~~~~~~~~~~~~~~~~~~~~~~~~~ 05-29
24021488;26042065M;24295825;15031300213;09031987;22091781;151;530;612 ~~~~~~~~~~~~~~~~~~~~~~~~~~~~~~~~~~ 05-30
25021488;27042065M;25295825;16031300213;10031987;23091781;152 ~~~~~~~~~~~~~~~~~~~~~~~~~~~~~~~~~~~~~~~~~~ 05-31
26021488;28042065M;26295825;17031300213;11031987;24091781;153;513 ~~~~~~~~~~~~~~~~~~~~~~~~~~~~~~~~~~~~~~ 06-01
27021488;29042065M;27295825;18031300213;12031987;25091781;154;694 ~~~~~~~~~~~~~~~~~~~~~~~~~~~~~~~~~~~~~~ 06-02
28021488;30042065M;28295825;19031300213;13031987;26091781;155;691;380;821;942 ~~~~~~~~~~~~~~~~~~~~~~~~~~ 06-03
29021488;01052065M;29295825;00041300213;14031987;27091781;156;921 ~~~~~~~~~~~~~~~~~~~~~~~~~~~~~~~~~~~~~~ 06-04
01031488;02052065M;01305825;01041300213;15031987;28091781;157;692;616 ~~~~~~~~~~~~~~~~~~~~~~~~~~~~~~~~~~ 06-05
02031488;03052065M;02305825;02041300213;16031987;29091781;158;637;693 ~~~~~~~~~~~~~~~~~~~~~~~~~~~~~~~~~~ 06-06
03031488;04052065M;03305825;03041300213;17031987;30091781;159;690;864 ~~~~~~~~~~~~~~~~~~~~~~~~~~~~~~~~~~ 06-07
04031488;05052065M;04305825;04041300213;18031987;01101781;160;564 ~~~~~~~~~~~~~~~~~~~~~~~~~~~~~~~~~~~~~~ 06-08
05031488;06052065M;05305825;05041300213;19031987;02101781;161;696;415;616 ~~~~~~~~~~~~~~~~~~~~~~~~~~~~~~ 06-09
06031488;07052065M;06305825;06041300213;20031987;03101781;162;830;522 ~~~~~~~~~~~~~~~~~~~~~~~~~~~~~~~~~~ 06-10
07031488;08052065M;07305825;07041300213;21031987;04101781;163;397;569;409;612 ~~~~~~~~~~~~~~~~~~~~~~~~~~ 06-11
08031488;09052065M;08305825;08041300213;22031987;05101781;164;405;569 ~~~~~~~~~~~~~~~~~~~~~~~~~~~~~~~~~~ 06-12
09031488;10052065M;09305825;09041300213;23031987;06101781;165;697;799;552;612;616 ~~~~~~~~~~~~~~~~~~~~~~ 06-13
10031488;11052065M;10305825;10041300213;24031987;07101781;166;695;896 ~~~~~~~~~~~~~~~~~~~~~~~~~~~~~~~~~~ 06-14
11031488;12052065M;11305825;11041300213;25031987;08101781;167;554;843;612;616 ~~~~~~~~~~~~~~~~~~~~~~~~~~ 06-15
12031488;13052065M;12305825;12041300213;26031987;09101781;168;514;511 ~~~~~~~~~~~~~~~~~~~~~~~~~~~~~~~~~~ 06-16
13031488;14052065M;13305825;13041300213;27031987;10101781;169;409;843;612;616 ~~~~~~~~~~~~~~~~~~~~~~~~~~ 06-17
14031488;15052065M;14305825;14041300213;28031987;11101781;170;698;386;874;941 ~~~~~~~~~~~~~~~~~~~~~~~~~~ 06-18
15031488;16052065M;15305825;15041300213;29031987;12101781;171;701;699;700;616 ~~~~~~~~~~~~~~~~~~~~~~~~~~ 06-19
16031488;17052065M;16305825;16041300213;30031987;13101781;172;460 ~~~~~~~~~~~~~~~~~~~~~~~~~~~~~~~~~~~~~~ 06-20
17031488;18052065M;17305825;17041300213;31031987;14101781;173;452;452;425;511;612;616 ~~~~~~~~~~~~~~~~~~ 06-21
18031488;19052065M;18305825;18041300213;01041987;15101781;174;374;461 ~~~~~~~~~~~~~~~~~~~~~~~~~~~~~~~~~~ 06-22
19031488;20052065M;19305825;19041300213;02041987;16101781;175;612;616 ~~~~~~~~~~~~~~~~~~~~~~~~~~~~~~~~~~ 06-23
20031488;21052065M;20305825;00051300213;03041987;17101781;176;704;436 ~~~~~~~~~~~~~~~~~~~~~~~~~~~~~~~~~~ 06-24
21031488;22052065M;21305825;01051300213;04041987;18101781;177;398;612;616 ~~~~~~~~~~~~~~~~~~~~~~~~~~~~~~ 06-25
22031488;23052065M;22305825;02051300213;05041987;19101781;178;703;410 ~~~~~~~~~~~~~~~~~~~~~~~~~~~~~~~~~~ 06-26
23031488;24052065M;23305825;03051300213;06041987;20101781;179;702;406;612 ~~~~~~~~~~~~~~~~~~~~~~~~~~~~~~ 06-27
24031488;25052065M;24305825;04051300213;07041987;21101781;180;420;513 ~~~~~~~~~~~~~~~~~~~~~~~~~~~~~~~~~~ 06-28
25031488;26052065M;25305825;05051300213;08041987;22101781;181;946;843 ~~~~~~~~~~~~~~~~~~~~~~~~~~~~~~~~~~ 06-29
26031488;27052065M;26305825;06051300213;09041987;23101781;182 ~~~~~~~~~~~~~~~~~~~~~~~~~~~~~~~~~~~~~~~~~~ 06-30
27031488;28052065M;27305825;07051300213;10041987;24101781;183 ~~~~~~~~~~~~~~~~~~~~~~~~~~~~~~~~~~~~~~~~~~ 07-01
28031488;29052065M;28305825;08051300213;11041987;25101781;184;406 ~~~~~~~~~~~~~~~~~~~~~~~~~~~~~~~~~~~~~~ 07-02
29031488;30052065M;29305825;09051300213;12041987;26101781;185;380;929;952;565;375;415 ~~~~~~~~~~~~~~~~~~ 07-03
30031488;01062065M;30305825;10051300213;13041987;27101781;186;637;705;840;565 ~~~~~~~~~~~~~~~~~~~~~~~~~~ 07-04
01041488;02062065M;01315825;11051300213;14041987;28101781;187;795;373;870 ~~~~~~~~~~~~~~~~~~~~~~~~~~~~~~ 07-05
02041488;03062065M;02315825;12051300213;15041987;29101781;188 ~~~~~~~~~~~~~~~~~~~~~~~~~~~~~~~~~~~~~~~~~~ 07-06
03041488;04062065M;03315825;13051300213;16041987;30101781;189;432;406;617 ~~~~~~~~~~~~~~~~~~~~~~~~~~~~~~ 07-07
04041488;05062065M;04315825;14051300213;17041987;01111781;190;399;421 ~~~~~~~~~~~~~~~~~~~~~~~~~~~~~~~~~~ 07-08
05041488;06062065M;05315825;15051300213;18041987;02111781;191 ~~~~~~~~~~~~~~~~~~~~~~~~~~~~~~~~~~~~~~~~~~ 07-09
06041488;07062065M;06315825;16051300213;19041987;03111781;192;397 ~~~~~~~~~~~~~~~~~~~~~~~~~~~~~~~~~~~~~~ 07-10
07041488;08062065M;07315825;17051300213;20041987;04111781;193;706;400 ~~~~~~~~~~~~~~~~~~~~~~~~~~~~~~~~~~ 07-11
08041488;09062065M;08315825;18051300213;21041987;05111781;194 ~~~~~~~~~~~~~~~~~~~~~~~~~~~~~~~~~~~~~~~~~~ 07-12
09041488;10062065M;09315825;19051300213;22041987;06111781;195;707;857;612 ~~~~~~~~~~~~~~~~~~~~~~~~~~~~~~ 07-13
10041488;11062065M;10315825;00061300213;23041987;07111781;196;514;546;400 ~~~~~~~~~~~~~~~~~~~~~~~~~~~~~~ 07-14
11041488;12062065M;11315825;01061300213;24041987;08111781;197;711 ~~~~~~~~~~~~~~~~~~~~~~~~~~~~~~~~~~~~~~ 07-15
12041488;13062065M;12315825;02061300213;25041987;09111781;198;631 ~~~~~~~~~~~~~~~~~~~~~~~~~~~~~~~~~~~~~~ 07-16
13041488;14062065M;13315825;03061300213;26041987;10111781;199;387;531;541;561;949;400 ~~~~~~~~~~~~~~~~~~ 07-17
14041488;15062065M;14315825;04061300213;27041987;11111781;200;708;421 ~~~~~~~~~~~~~~~~~~~~~~~~~~~~~~~~~~ 07-18
15041488;16062065M;15315825;05061300213;28041987;12111781;201;709;858 ~~~~~~~~~~~~~~~~~~~~~~~~~~~~~~~~~~ 07-19
16041488;17062065M;16315825;06061300213;29041987;13111781;202;710;400 ~~~~~~~~~~~~~~~~~~~~~~~~~~~~~~~~~~ 07-20
17041488;18062065M;17315825;07061300213;30041987;14111781;203 ~~~~~~~~~~~~~~~~~~~~~~~~~~~~~~~~~~~~~~~~~~ 07-21
18041488;19062065M;18315825;08061300213;31041987;15111781;204 ~~~~~~~~~~~~~~~~~~~~~~~~~~~~~~~~~~~~~~~~~~ 07-22
19041488;20062065M;19315825;09061300213;01051987;16111781;205;712;612;617 ~~~~~~~~~~~~~~~~~~~~~~~~~~~~~~ 07-23
20041488;21062065M;20315825;10061300213;02051987;17111781;206;398 ~~~~~~~~~~~~~~~~~~~~~~~~~~~~~~~~~~~~~~ 07-24
21041488;22062065M;21315825;11061300213;03051987;18111781;207;713;617 ~~~~~~~~~~~~~~~~~~~~~~~~~~~~~~~~~~ 07-25
22041488;23062065M;22315825;12061300213;04051987;19111781;208;714;513;400 ~~~~~~~~~~~~~~~~~~~~~~~~~~~~~~ 07-26
23041488;24062065M;23315825;13061300213;05051987;20111781;209;415;617 ~~~~~~~~~~~~~~~~~~~~~~~~~~~~~~~~~~ 07-27
24041488;25062065M;24315825;14061300213;06051987;21111781;210 ~~~~~~~~~~~~~~~~~~~~~~~~~~~~~~~~~~~~~~~~~~ 07-28
25041488;26062065M;25315825;15061300213;07051987;22111781;211;833;878;400;612 ~~~~~~~~~~~~~~~~~~~~~~~~~~ 07-29
26041488;27062065M;26315825;16061300213;08051987;23111781;212;715 ~~~~~~~~~~~~~~~~~~~~~~~~~~~~~~~~~~~~~~ 07-30
27041488;28062065M;27315825;17061300213;09051987;24111781;213;596;596;596;716 ~~~~~~~~~~~~~~~~~~~~~~~~~~ 07-31
28041488;29062065M;28315825;18061300213;10051987;25111781;214;637;720;380;401 ~~~~~~~~~~~~~~~~~~~~~~~~~~ 08-01
29041488;01072065M;29315825;19061300213;11051987;26111781;215;717;929;952 ~~~~~~~~~~~~~~~~~~~~~~~~~~~~~~ 08-02
01051488;02072065M;01325825;00071300213;12051987;27111781;216;618 ~~~~~~~~~~~~~~~~~~~~~~~~~~~~~~~~~~~~~~ 08-03
02051488;03072065M;02325825;01071300213;13051987;28111781;217;718;416;612 ~~~~~~~~~~~~~~~~~~~~~~~~~~~~~~ 08-04
03051488;04072065M;03325825;02071300213;14051987;29111781;218;579;375 ~~~~~~~~~~~~~~~~~~~~~~~~~~~~~~~~~~ 08-05
04051488;05072065M;04325825;03071300213;15051987;30111781;219;891;406;612 ~~~~~~~~~~~~~~~~~~~~~~~~~~~~~~ 08-06
05051488;06072065M;05325825;04071300213;16051987;01121781;220;719 ~~~~~~~~~~~~~~~~~~~~~~~~~~~~~~~~~~~~~~ 08-07
06051488;07072065M;06325825;05071300213;17051987;02121781;221;723;397;572;612 ~~~~~~~~~~~~~~~~~~~~~~~~~~ 08-08
07051488;08072065M;07325825;06071300213;18051987;03121781;222;721;618 ~~~~~~~~~~~~~~~~~~~~~~~~~~~~~~~~~~ 08-09
08051488;09072065M;08325825;07071300213;19051987;04121781;223;437;514 ~~~~~~~~~~~~~~~~~~~~~~~~~~~~~~~~~~ 08-10
09051488;10072065M;09325825;08071300213;20051987;05121781;224;406;618 ~~~~~~~~~~~~~~~~~~~~~~~~~~~~~~~~~~ 08-11
10051488;11072065M;10325825;09071300213;21051987;06121781;225;722;926 ~~~~~~~~~~~~~~~~~~~~~~~~~~~~~~~~~~ 08-12
11051488;12072065M;11325825;10071300213;22051987;07121781;226 ~~~~~~~~~~~~~~~~~~~~~~~~~~~~~~~~~~~~~~~~~~ 08-13
12051488;13072065M;12325825;11071300213;23051987;08121781;227;938;612 ~~~~~~~~~~~~~~~~~~~~~~~~~~~~~~~~~~ 08-14
13051488;14072065M;13325825;12071300213;24051987;09121781;228;724;388;407;567 ~~~~~~~~~~~~~~~~~~~~~~~~~~ 08-15
14051488;15072065M;14325825;13071300213;25051987;10121781;229;556;909;910;925;567;612 ~~~~~~~~~~~~~~~~~~ 08-16
15051488;16072065M;15325825;14071300213;26051987;11121781;230 ~~~~~~~~~~~~~~~~~~~~~~~~~~~~~~~~~~~~~~~~~~ 08-17
16051488;17072065M;16325825;15071300213;27051987;12121781;231 ~~~~~~~~~~~~~~~~~~~~~~~~~~~~~~~~~~~~~~~~~~ 08-18
17051488;18072065M;17325825;16071300213;28051987;13121781;232;875 ~~~~~~~~~~~~~~~~~~~~~~~~~~~~~~~~~~~~~~ 08-19
18051488;19072065M;18325825;17071300213;29051987;14121781;233;433;612 ~~~~~~~~~~~~~~~~~~~~~~~~~~~~~~~~~~ 08-20
19051488;20072065M;19325825;18071300213;30051987;15121781;234 ~~~~~~~~~~~~~~~~~~~~~~~~~~~~~~~~~~~~~~~~~~ 08-21
20051488;21072065M;20325825;19071300213;31051987;16121781;235 ~~~~~~~~~~~~~~~~~~~~~~~~~~~~~~~~~~~~~~~~~~ 08-22
21051488;22072065M;21325825;00081300213;01061987;17121781;236;398;513;618 ~~~~~~~~~~~~~~~~~~~~~~~~~~~~~~ 08-23
22051488;23072065M;22325825;01081300213;02061987;18121781;237;883 ~~~~~~~~~~~~~~~~~~~~~~~~~~~~~~~~~~~~~~ 08-24
23051488;24072065M;23325825;02081300213;03061987;19121781;238;618 ~~~~~~~~~~~~~~~~~~~~~~~~~~~~~~~~~~~~~~ 08-25
24051488;25072065M;24325825;03081300213;04061987;20121781;239 ~~~~~~~~~~~~~~~~~~~~~~~~~~~~~~~~~~~~~~~~~~ 08-26
25051488;26072065M;25325825;04081300213;05061987;21121781;240;503;375;618 ~~~~~~~~~~~~~~~~~~~~~~~~~~~~~~ 08-27
26051488;27072065M;26325825;05081300213;06061987;22121781;241;427;612 ~~~~~~~~~~~~~~~~~~~~~~~~~~~~~~~~~~ 08-28
27051488;28072065M;27325825;06081300213;07061987;23121781;242;725;618 ~~~~~~~~~~~~~~~~~~~~~~~~~~~~~~~~~~ 08-29
28051488;29072065M;28325825;07081300213;08061987;24121781;243;428;725 ~~~~~~~~~~~~~~~~~~~~~~~~~~~~~~~~~~ 08-30
29051488;30072065M;29325825;08081300213;09061987;25121781;244;796;380;928 ~~~~~~~~~~~~~~~~~~~~~~~~~~~~~~ 08-31
30051488;01082065M;30325825;09081300213;10061987;26121781;245;594;612 ~~~~~~~~~~~~~~~~~~~~~~~~~~~~~~~~~~ 09-01
01061488;02082065M;01335825;10081300213;11061987;27121781;246;595 ~~~~~~~~~~~~~~~~~~~~~~~~~~~~~~~~~~~~~~ 09-02
02061488;03082065M;02335825;11081300213;12061987;28121781;247;597 ~~~~~~~~~~~~~~~~~~~~~~~~~~~~~~~~~~~~~~ 09-03
03061488;04082065M;03335825;12081300213;13061987;29121781;248;596;727;514;550;915 ~~~~~~~~~~~~~~~~~~~~~~ 09-04
04061488;05082065M;04335825;13081300213;14061987;30121781;249;429;637;728 ~~~~~~~~~~~~~~~~~~~~~~~~~~~~~~ 09-05
05061488;06082065M;05335825;14081300213;15061987;01131781;250;430;845 ~~~~~~~~~~~~~~~~~~~~~~~~~~~~~~~~~~ 09-06
06061488;07082065M;06335825;15081300213;16061987;02131781;251;434;846;397;908;375;612 ~~~~~~~~~~~~~~~~~~ 09-07
07061488;08082065M;07335825;16081300213;17061987;03131781;252;435 ~~~~~~~~~~~~~~~~~~~~~~~~~~~~~~~~~~~~~~ 09-08
08061488;09082065M;08335825;17081300213;18061987;04131781;253;835 ~~~~~~~~~~~~~~~~~~~~~~~~~~~~~~~~~~~~~~ 09-09
09061488;10082065M;09335825;18081300213;19061987;05131781;254;730;903 ~~~~~~~~~~~~~~~~~~~~~~~~~~~~~~~~~~ 09-10
10061488;11082065M;10335825;19081300213;20061987;01011782;255;897;619 ~~~~~~~~~~~~~~~~~~~~~~~~~~~~~~~~~~ 09-11
11061488;12082065M;11335825;00091300213;21061987;02011782;256;847 ~~~~~~~~~~~~~~~~~~~~~~~~~~~~~~~~~~~~~~ 09-12
12061488;13082065M;12335825;01091300213;22061987;03011782;257;455;726;520;551;619 ~~~~~~~~~~~~~~~~~~~~~~ 09-13
13061488;14082065M;13335825;02091300213;23061987;04011782;258;729;389;390;534 ~~~~~~~~~~~~~~~~~~~~~~~~~~ 09-14
14061488;15082065M;14335825;03091300213;24061987;05011782;259;732;907;570;612;619 ~~~~~~~~~~~~~~~~~~~~~~ 09-15
15061488;16082065M;15335825;04091300213;25061987;06011782;260 ~~~~~~~~~~~~~~~~~~~~~~~~~~~~~~~~~~~~~~~~~~ 09-16
16061488;17082065M;16335825;05091300213;26061987;07011782;261;733;612;848 ~~~~~~~~~~~~~~~~~~~~~~~~~~~~~~ 09-17
17061488;18082065M;17335825;06091300213;27061987;08011782;262;596;734 ~~~~~~~~~~~~~~~~~~~~~~~~~~~~~~~~~~ 09-18
18061488;19082065M;18335825;07091300213;28061987;09011782;263;735;848 ~~~~~~~~~~~~~~~~~~~~~~~~~~~~~~~~~~ 09-19
19061488;20082065M;19335825;08091300213;29061987;10011782;264;731;513 ~~~~~~~~~~~~~~~~~~~~~~~~~~~~~~~~~~ 09-20
20061488;21082065M;20335825;09091300213;30061987;11011782;265;467;462 ~~~~~~~~~~~~~~~~~~~~~~~~~~~~~~~~~~ 09-21
21061488;22082065M;21335825;10091300213;31061987;12011782;266;737;398;423 ~~~~~~~~~~~~~~~~~~~~~~~~~~~~~~ 09-22
22061488;23082065M;22335825;11091300213;01071987;13011782;267;463;848 ~~~~~~~~~~~~~~~~~~~~~~~~~~~~~~~~~~ 09-23
23061488;24082065M;23335825;12091300213;02071987;14011782;268;741;859 ~~~~~~~~~~~~~~~~~~~~~~~~~~~~~~~~~~ 09-24
24061488;25082065M;24335825;13091300213;03071987;15011782;269;738;848 ~~~~~~~~~~~~~~~~~~~~~~~~~~~~~~~~~~ 09-25
25061488;26082065M;25335825;14091300213;04071987;16011782;270;739;743;869 ~~~~~~~~~~~~~~~~~~~~~~~~~~~~~~ 09-26
26061488;27082065M;26335825;15091300213;05071987;17011782;271;740;868;612 ~~~~~~~~~~~~~~~~~~~~~~~~~~~~~~ 09-27
27061488;28082065M;27335825;16091300213;06071987;18011782;272;736 ~~~~~~~~~~~~~~~~~~~~~~~~~~~~~~~~~~~~~~ 09-28
28061488;29082065M;28335825;17091300213;07071987;19011782;273;380;920;612;848;574 ~~~~~~~~~~~~~~~~~~~~~~ 09-29
29061488;01092065M;29335825;18091300213;08071987;20011782;274;742;790;895;521;853 ~~~~~~~~~~~~~~~~~~~~~~ 09-30
01071488;02092065M;01015826;19091300213;09071987;21011782;275;747;790;521;853;848 ~~~~~~~~~~~~~~~~~~~~~~ 10-01
02071488;03092065M;02015826;00101300213;10071987;22011782;276;748;790;514;521;853 ~~~~~~~~~~~~~~~~~~~~~~ 10-02
03071488;04092065M;03015826;01101300213;11071987;23011782;277;637;790;432;620 ~~~~~~~~~~~~~~~~~~~~~~~~~~ 10-03
04071488;05092065M;04015826;02101300213;12071987;24011782;278;749;790;417 ~~~~~~~~~~~~~~~~~~~~~~~~~~~~~~ 10-04
05071488;06092065M;05015826;03101300213;13071987;25011782;279;744;790;918;620 ~~~~~~~~~~~~~~~~~~~~~~~~~~ 10-05
06071488;07092065M;06015826;04101300213;14071987;26011782;280;745;790;397;919 ~~~~~~~~~~~~~~~~~~~~~~~~~~ 10-06
07071488;08092065M;07015826;05101300213;15071987;27011782;281;746;548;885;620 ~~~~~~~~~~~~~~~~~~~~~~~~~~ 10-07
08071488;09092065M;08015826;06101300213;16071987;28011782;282;753;549;560;563 ~~~~~~~~~~~~~~~~~~~~~~~~~~ 10-08
09071488;10092065M;09015826;07101300213;17071987;29011782;283;612;848 ~~~~~~~~~~~~~~~~~~~~~~~~~~~~~~~~~~ 10-09
10071488;11092065M;10015826;08101300213;18071987;30011782;284;754;367;899;527;375 ~~~~~~~~~~~~~~~~~~~~~~ 10-10
11071488;12092065M;11015826;09101300213;19071987;01021782;285;750;368;620;848 ~~~~~~~~~~~~~~~~~~~~~~~~~~ 10-11
12071488;13092065M;12015826;10101300213;20071987;02021782;286;751 ~~~~~~~~~~~~~~~~~~~~~~~~~~~~~~~~~~~~~~ 10-12
13071488;14092065M;13015826;11101300213;21071987;03021782;287;791;882;922;620 ~~~~~~~~~~~~~~~~~~~~~~~~~~ 10-13
14071488;15092065M;14015826;12101300213;22071987;04021782;288;752;391;532;819 ~~~~~~~~~~~~~~~~~~~~~~~~~~ 10-14
15071488;16092065M;15015826;13101300213;23071987;05021782;289;631;523 ~~~~~~~~~~~~~~~~~~~~~~~~~~~~~~~~~~ 10-15
16071488;17092065M;16015826;14101300213;24071987;06021782;290;523;421 ~~~~~~~~~~~~~~~~~~~~~~~~~~~~~~~~~~ 10-16
17071488;18092065M;17015826;15101300213;25071987;07021782;291;758;513;881;523;620 ~~~~~~~~~~~~~~~~~~~~~~ 10-17
18071488;19092065M;18015826;16101300213;26071987;08021782;292;523 ~~~~~~~~~~~~~~~~~~~~~~~~~~~~~~~~~~~~~~ 10-18
19071488;20092065M;19015826;17101300213;27071987;09021782;293;755;523;612;620 ~~~~~~~~~~~~~~~~~~~~~~~~~~ 10-19
20071488;21092065M;20015826;18101300213;28071987;10021782;294;756;792;436;523;784 ~~~~~~~~~~~~~~~~~~~~~~ 10-20
21071488;22092065M;21015826;19101300213;29071987;11021782;295;757;369;523;785;612 ~~~~~~~~~~~~~~~~~~~~~~ 10-21
22071488;23092065M;22015826;00111300213;30071987;12021782;296;398;499;524;786 ~~~~~~~~~~~~~~~~~~~~~~~~~~ 10-22
23071488;24092065M;23015826;01111300213;01081987;13021782;297;525;787 ~~~~~~~~~~~~~~~~~~~~~~~~~~~~~~~~~~ 10-23
24071488;25092065M;24015826;02111300213;02081987;14021782;298;759;371 ~~~~~~~~~~~~~~~~~~~~~~~~~~~~~~~~~~ 10-24
25071488;26092065M;25015826;03111300213;03081987;15021782;299;911;620 ~~~~~~~~~~~~~~~~~~~~~~~~~~~~~~~~~~ 10-25
26071488;27092065M;26015826;04111300213;04081987;16021782;300;558 ~~~~~~~~~~~~~~~~~~~~~~~~~~~~~~~~~~~~~~ 10-26
27071488;28092065M;27015826;05111300213;05081987;17021782;301;779;784;785;509;612;620 ~~~~~~~~~~~~~~~~~~ 10-27
28071488;29092065M;28015826;06111300213;06081987;18021782;302;431;780;893 ~~~~~~~~~~~~~~~~~~~~~~~~~~~~~~ 10-28
29071488;01102065M;29015826;07111300213;07081987;19021782;303;380;781;786;787;612;620 ~~~~~~~~~~~~~~~~~~ 10-29
30071488;02102065M;30015826;08111300213;08081987;20021782;304;849;514;535;782;788 ~~~~~~~~~~~~~~~~~~~~~~ 10-30
01081488;03102065M;01025826;09111300213;09081987;21021782;305;399;783;612 ~~~~~~~~~~~~~~~~~~~~~~~~~~~~~~ 10-31
02081488;04102065M;02025826;10111300213;10081987;22021782;306 ~~~~~~~~~~~~~~~~~~~~~~~~~~~~~~~~~~~~~~~~~~ 11-01
03081488;05102065M;03025826;11111300213;11081987;23021782;307;760 ~~~~~~~~~~~~~~~~~~~~~~~~~~~~~~~~~~~~~~ 11-02
04081488;06102065M;04025826;12111300213;12081987;24021782;308;543;400 ~~~~~~~~~~~~~~~~~~~~~~~~~~~~~~~~~~ 11-03
05081488;07102065M;05025826;13111300213;13081987;25021782;309;761;397 ~~~~~~~~~~~~~~~~~~~~~~~~~~~~~~~~~~ 11-04
06081488;08102065M;06025826;14111300213;14081987;26021782;310;762 ~~~~~~~~~~~~~~~~~~~~~~~~~~~~~~~~~~~~~~ 11-05
07081488;09102065M;07025826;15111300213;15081987;27021782;311 ~~~~~~~~~~~~~~~~~~~~~~~~~~~~~~~~~~~~~~~~~~ 11-06
08081488;10102065M;08025826;16111300213;16081987;28021782;312;637;763;879;621 ~~~~~~~~~~~~~~~~~~~~~~~~~~ 11-07
09081488;11102065M;09025826;17111300213;17081987;29021782;313;547;612 ~~~~~~~~~~~~~~~~~~~~~~~~~~~~~~~~~~ 11-08
10081488;12102065M;10025826;18111300213;18081987;30021782;314;934;400;418 ~~~~~~~~~~~~~~~~~~~~~~~~~~~~~~ 11-09
11081488;13102065M;11025826;19111300213;19081987;01031782;315;612 ~~~~~~~~~~~~~~~~~~~~~~~~~~~~~~~~~~~~~~ 11-10
12081488;14102065M;12025826;00121300213;20081987;02031782;316 ~~~~~~~~~~~~~~~~~~~~~~~~~~~~~~~~~~~~~~~~~~ 11-11
13081488;15102065M;13025826;01121300213;21081987;03031782;317;764;394;880;375;400 ~~~~~~~~~~~~~~~~~~~~~~ 11-12
14081488;16102065M;14025826;02121300213;22081987;04031782;318;512 ~~~~~~~~~~~~~~~~~~~~~~~~~~~~~~~~~~~~~~ 11-13
15081488;17102065M;15025826;03121300213;23081987;05031782;319;513;612 ~~~~~~~~~~~~~~~~~~~~~~~~~~~~~~~~~~ 11-14
16081488;18102065M;16025826;04121300213;24081987;06031782;320;765;400;421 ~~~~~~~~~~~~~~~~~~~~~~~~~~~~~~ 11-15
17081488;19102065M;17025826;05121300213;25081987;07031782;321;433 ~~~~~~~~~~~~~~~~~~~~~~~~~~~~~~~~~~~~~~ 11-16
18081488;20102065M;18025826;06121300213;26081987;08031782;322;621 ~~~~~~~~~~~~~~~~~~~~~~~~~~~~~~~~~~~~~~ 11-17
19081488;21102065M;19025826;07121300213;27081987;09031782;323;400;612 ~~~~~~~~~~~~~~~~~~~~~~~~~~~~~~~~~~ 11-18
20081488;22102065M;20025826;08121300213;28081987;10031782;324;766;621 ~~~~~~~~~~~~~~~~~~~~~~~~~~~~~~~~~~ 11-19
21081488;23102065M;21025826;09121300213;29081987;11031782;325;398;612 ~~~~~~~~~~~~~~~~~~~~~~~~~~~~~~~~~~ 11-20
22081488;24102065M;22025826;10121300213;30081987;12031782;326;767;401;876;621 ~~~~~~~~~~~~~~~~~~~~~~~~~~ 11-21
23081488;25102065M;23025826;11121300213;01091987;13031782;327;788 ~~~~~~~~~~~~~~~~~~~~~~~~~~~~~~~~~~~~~~ 11-22
24081488;26102065M;24025826;12121300213;02091987;14031782;328;375 ~~~~~~~~~~~~~~~~~~~~~~~~~~~~~~~~~~~~~~ 11-23
25081488;27102065M;25025826;13121300213;03091987;15031782;329;936 ~~~~~~~~~~~~~~~~~~~~~~~~~~~~~~~~~~~~~~ 11-24
26081488;28102065M;26025826;14121300213;04091987;16031782;330;769 ~~~~~~~~~~~~~~~~~~~~~~~~~~~~~~~~~~~~~~ 11-25
27081488;29102065M;27025826;15121300213;05091987;17031782;331;440;376;612 ~~~~~~~~~~~~~~~~~~~~~~~~~~~~~~ 11-26
28081488;30102065M;28025826;16121300213;06091987;18031782;332;441;380;514;418 ~~~~~~~~~~~~~~~~~~~~~~~~~~ 11-27
29081488;01112065M;29025826;17121300213;07091987;19031782;333;770;768;369;437 ~~~~~~~~~~~~~~~~~~~~~~~~~~ 11-28
01091488;02112065M;01035826;18121300213;08091987;20031782;334;589;504 ~~~~~~~~~~~~~~~~~~~~~~~~~~~~~~~~~~ 11-29
02091488;03112065M;02035826;19121300213;09091987;21031782;335;442;612 ~~~~~~~~~~~~~~~~~~~~~~~~~~~~~~~~~~ 11-30
03091488;04112065M;03035826;00131300213;10091987;22031782;336;771;773 ~~~~~~~~~~~~~~~~~~~~~~~~~~~~~~~~~~ 12-01
04091488;05112065M;04035826;01131300213;11091987;23031782;337;772;370;944 ~~~~~~~~~~~~~~~~~~~~~~~~~~~~~~ 12-02
05091488;06112065M;05035826;02131300213;12091987;24031782;338;505;622 ~~~~~~~~~~~~~~~~~~~~~~~~~~~~~~~~~~ 12-03
06091488;07112065M;06035826;03131300213;13091987;25031782;339;774;397;612 ~~~~~~~~~~~~~~~~~~~~~~~~~~~~~~ 12-04
07091488;08112065M;07035826;04131300213;14091987;26031782;340;637;775;819;505;622 ~~~~~~~~~~~~~~~~~~~~~~ 12-05
08091488;09112065M;08035826;05131300213;15091987;27031782;341;590 ~~~~~~~~~~~~~~~~~~~~~~~~~~~~~~~~~~~~~~ 12-06
09091488;10112065M;09035826;06131300213;16091987;28031782;342;411;622 ~~~~~~~~~~~~~~~~~~~~~~~~~~~~~~~~~~ 12-07
10091488;11112065M;10035826;07131300213;17091987;29031782;343;557;890 ~~~~~~~~~~~~~~~~~~~~~~~~~~~~~~~~~~ 12-08
11091488;12112065M;11035826;08131300213;18091987;30031782;344;505;622 ~~~~~~~~~~~~~~~~~~~~~~~~~~~~~~~~~~ 12-09
12091488;13112065M;12035826;09131300213;19091987;01041782;345;422;824 ~~~~~~~~~~~~~~~~~~~~~~~~~~~~~~~~~~ 12-10
13091488;14112065M;13035826;10131300213;20091987;02041782;346;513;622 ~~~~~~~~~~~~~~~~~~~~~~~~~~~~~~~~~~ 12-11
14091488;15112065M;14035826;11131300213;21091987;03041782;347;776;395;545;887;612 ~~~~~~~~~~~~~~~~~~~~~~ 12-12
15091488;16112065M;15035826;12131300213;22091987;04041782;348;777;591;622 ~~~~~~~~~~~~~~~~~~~~~~~~~~~~~~ 12-13
16091488;17112065M;16035826;13131300213;23091987;05041782;349 ~~~~~~~~~~~~~~~~~~~~~~~~~~~~~~~~~~~~~~~~~~ 12-14
17091488;18112065M;17035826;14131300213;24091987;06041782;350;622 ~~~~~~~~~~~~~~~~~~~~~~~~~~~~~~~~~~~~~~ 12-15
18091488;19112065M;18035826;15131300213;25091987;07041782;351;612 ~~~~~~~~~~~~~~~~~~~~~~~~~~~~~~~~~~~~~~ 12-16
19091488;20112065M;19035826;16131300213;26091987;08041782;352;505;622 ~~~~~~~~~~~~~~~~~~~~~~~~~~~~~~~~~~ 12-17
20091488;21112065M;20035826;17131300213;27091987;09041782;353;778 ~~~~~~~~~~~~~~~~~~~~~~~~~~~~~~~~~~~~~~ 12-18
21091488;22112065M;21035826;18131300213;28091987;10041782;354;505;622 ~~~~~~~~~~~~~~~~~~~~~~~~~~~~~~~~~~ 12-19
22091488;23112065M;22035826;19131300213;29091987;11041782;355;398;371;592;466 ~~~~~~~~~~~~~~~~~~~~~~~~~~ 12-20
23091488;24112065M;23035826;00141300213;30091987;12041782;356;453;426;412;622 ~~~~~~~~~~~~~~~~~~~~~~~~~~ 12-21
24091488;25112065M;24035826;01141300213;01101987;13041782;357;465 ~~~~~~~~~~~~~~~~~~~~~~~~~~~~~~~~~~~~~~ 12-22
25091488;26112065M;25035826;02141300213;02101987;14041782;358;917;516;622 ~~~~~~~~~~~~~~~~~~~~~~~~~~~~~~ 12-23
26091488;27112065M;26035826;03141300213;03101987;15041782;359;516;418;612 ~~~~~~~~~~~~~~~~~~~~~~~~~~~~~~ 12-24
27091488;28112065M;27035826;04141300213;04101987;16041782;360;508;516 ~~~~~~~~~~~~~~~~~~~~~~~~~~~~~~~~~~ 12-25
28091488;29112065M;28035826;05141300213;05101987;17041782;361;514;516;612 ~~~~~~~~~~~~~~~~~~~~~~~~~~~~~~ 12-26
29091488;01122065M;29035826;06141300213;06101987;18041782;362;380;929;952;516;622 ~~~~~~~~~~~~~~~~~~~~~~ 12-27
30091488;02122065M;30035826;07141300213;07101987;19041782;363;506 ~~~~~~~~~~~~~~~~~~~~~~~~~~~~~~~~~~~~~~ 12-28
01101488;03122065M;01045826;08141300213;08101987;20041782;364;502;516;622 ~~~~~~~~~~~~~~~~~~~~~~~~~~~~~~ 12-29
02101488;04122065M;02045826;09141300213;09101987;21041782;365;432;516 ~~~~~~~~~~~~~~~~~~~~~~~~~~~~~~~~~~ 12-30
03101488;05122065M;03045826;10141300213;10101987;22041782;366;516 ~~~~~~~~~~~~~~~~~~~~~~~~~~~~~~~~~~~~~~ 12-31
