02111457;04122035q;01045796;12060300113;11101957;22041752;001;399;516 ~~~~~~~~~~~~~~~~~~~~~~~~~~~~~~~~~~ 01-01
03111457;05122035q;02045796;13060300113;12101957;23041752;002;419;516 ~~~~~~~~~~~~~~~~~~~~~~~~~~~~~~~~~~ 01-02
04111457;06122035q;03045796;14060300113;13101957;24041752;003;838;516 ~~~~~~~~~~~~~~~~~~~~~~~~~~~~~~~~~~ 01-03
05111457;07122035q;04045796;15060300113;14101957;25041752;004 ~~~~~~~~~~~~~~~~~~~~~~~~~~~~~~~~~~~~~~~~~~ 01-04
06111457;08122035q;05045796;16060300113;15101957;26041752;005;637;372;410;433;834 ~~~~~~~~~~~~~~~~~~~~~~ 01-05
07111457;09122035q;06045796;17060300113;16101957;27041752;006;397;406 ~~~~~~~~~~~~~~~~~~~~~~~~~~~~~~~~~~ 01-06
08111457;10122035q;07045796;18060300113;17101957;28041752;007 ~~~~~~~~~~~~~~~~~~~~~~~~~~~~~~~~~~~~~~~~~~ 01-07
09111457;11122035q;08045796;19060300113;18101957;29041752;008;629 ~~~~~~~~~~~~~~~~~~~~~~~~~~~~~~~~~~~~~~ 01-08
10111457;12122035q;09045796;00070300113;19101957;30041752;009;905;415 ~~~~~~~~~~~~~~~~~~~~~~~~~~~~~~~~~~ 01-09
11111457;13122035q;10045796;01070300113;20101957;01051752;010;554 ~~~~~~~~~~~~~~~~~~~~~~~~~~~~~~~~~~~~~~ 01-10
12111457;14122035q;11045796;02070300113;21101957;02051752;011 ~~~~~~~~~~~~~~~~~~~~~~~~~~~~~~~~~~~~~~~~~~ 01-11
13111457;15122035q;12045796;03070300113;22101957;03051752;012;626 ~~~~~~~~~~~~~~~~~~~~~~~~~~~~~~~~~~~~~~ 01-12
14111457;16122035q;13045796;04070300113;23101957;04051752;013;627;381;514;904 ~~~~~~~~~~~~~~~~~~~~~~~~~~ 01-13
15111457;17122035q;14045796;05070300113;24101957;05051752;014;628;813 ~~~~~~~~~~~~~~~~~~~~~~~~~~~~~~~~~~ 01-14
16111457;18122035q;15045796;06070300113;25101957;06051752;015;412 ~~~~~~~~~~~~~~~~~~~~~~~~~~~~~~~~~~~~~~ 01-15
17111457;19122035q;16045796;07070300113;26101957;07051752;016;916;406 ~~~~~~~~~~~~~~~~~~~~~~~~~~~~~~~~~~ 01-16
18111457;20122035q;17045796;08070300113;27101957;08051752;017;631 ~~~~~~~~~~~~~~~~~~~~~~~~~~~~~~~~~~~~~~ 01-17
19111457;21122035q;18045796;09070300113;28101957;09051752;018 ~~~~~~~~~~~~~~~~~~~~~~~~~~~~~~~~~~~~~~~~~~ 01-18
20111457;22122035q;19045796;10070300113;29101957;10051752;019;630;398 ~~~~~~~~~~~~~~~~~~~~~~~~~~~~~~~~~~ 01-19
21111457;23122035q;20045796;11070300113;30101957;11051752;020;625 ~~~~~~~~~~~~~~~~~~~~~~~~~~~~~~~~~~~~~~ 01-20
22111457;24122035q;21045796;12070300113;01111957;12051752;021;492;401;406 ~~~~~~~~~~~~~~~~~~~~~~~~~~~~~~ 01-21
23111457;25122035q;22045796;13070300113;02111957;13051752;022;412 ~~~~~~~~~~~~~~~~~~~~~~~~~~~~~~~~~~~~~~ 01-22
24111457;26122035q;23045796;14070300113;03111957;14051752;023;632;923 ~~~~~~~~~~~~~~~~~~~~~~~~~~~~~~~~~~ 01-23
25111457;27122035q;24045796;15070300113;04111957;15051752;024 ~~~~~~~~~~~~~~~~~~~~~~~~~~~~~~~~~~~~~~~~~~ 01-24
26111457;28122035q;25045796;16070300113;05111957;16051752;025;633;415 ~~~~~~~~~~~~~~~~~~~~~~~~~~~~~~~~~~ 01-25
27111457;29122035q;26045796;17070300113;06111957;17051752;026;634;513;406 ~~~~~~~~~~~~~~~~~~~~~~~~~~~~~~ 01-26
28111457;30122035q;27045796;18070300113;07111957;18051752;027;635;811;400 ~~~~~~~~~~~~~~~~~~~~~~~~~~~~~~ 01-27
29111457;01012036r;28045796;19070300113;08111957;19051752;028;636;380;888;479;490 ~~~~~~~~~~~~~~~~~~~~~~ 01-28
30111457;02012036r;29045796;00080300113;09111957;20051752;029;566;479;490;412;580 ~~~~~~~~~~~~~~~~~~~~~~ 01-29
01121457;03012036r;01055796;01080300113;10111957;21051752;030;566;400 ~~~~~~~~~~~~~~~~~~~~~~~~~~~~~~~~~~ 01-30
02121457;04012036r;02055796;02080300113;11111957;22051752;031;566;406 ~~~~~~~~~~~~~~~~~~~~~~~~~~~~~~~~~~ 01-31
03121457;05012036r;03055796;02080300113;12111957;23051752;032;596;639;566 ~~~~~~~~~~~~~~~~~~~~~~~~~~~~~~ 02-01
04121457;06012036r;04055796;03080300113;13111957;24051752;033;637;640;437;940;415 ~~~~~~~~~~~~~~~~~~~~~~ 02-02
05121457;07012036r;05055796;04080300113;14111957;25051752;034;612 ~~~~~~~~~~~~~~~~~~~~~~~~~~~~~~~~~~~~~~ 02-03
06121457;08012036r;06055796;05080300113;15111957;26051752;035;397;914 ~~~~~~~~~~~~~~~~~~~~~~~~~~~~~~~~~~ 02-04
07121457;09012036r;07055796;06080300113;16111957;27051752;036;536;861;400;406;412;612 ~~~~~~~~~~~~~~~~~~ 02-05
08121457;10012036r;08055796;07080300113;17111957;28051752;037 ~~~~~~~~~~~~~~~~~~~~~~~~~~~~~~~~~~~~~~~~~~ 02-06
09121457;11012036r;09055796;08080300113;18111957;29051752;038;638;501;612 ~~~~~~~~~~~~~~~~~~~~~~~~~~~~~~ 02-07
10121457;12012036r;10055796;09080300113;19111957;30051752;039;873;500;400 ~~~~~~~~~~~~~~~~~~~~~~~~~~~~~~ 02-08
11121457;13012036r;11055796;10080300113;20111957;01061752;040;643;500 ~~~~~~~~~~~~~~~~~~~~~~~~~~~~~~~~~~ 02-09
12121457;14012036r;12055796;11080300113;21111957;02061752;041;514;581 ~~~~~~~~~~~~~~~~~~~~~~~~~~~~~~~~~~ 02-10
13121457;15012036r;13055796;12080300113;22111957;03061752;042;641;382;884;949;500;400;612 ~~~~~~~~~~~~~~ 02-11
14121457;16012036r;14055796;13080300113;23111957;04061752;043;541;500;412 ~~~~~~~~~~~~~~~~~~~~~~~~~~~~~~ 02-12
15121457;17012036r;15055796;14080300113;24111957;05061752;044;376;612 ~~~~~~~~~~~~~~~~~~~~~~~~~~~~~~~~~~ 02-13
16121457;18012036r;16055796;15080300113;25111957;06061752;045;642;400 ~~~~~~~~~~~~~~~~~~~~~~~~~~~~~~~~~~ 02-14
17121457;19012036r;17055796;16080300113;26111957;07061752;046;596;645;406 ~~~~~~~~~~~~~~~~~~~~~~~~~~~~~~ 02-15
18121457;20012036r;18055796;17080300113;27111957;08061752;047;841 ~~~~~~~~~~~~~~~~~~~~~~~~~~~~~~~~~~~~~~ 02-16
19121457;21012036r;19055796;18080300113;28111957;09061752;048;854;400;612 ~~~~~~~~~~~~~~~~~~~~~~~~~~~~~~ 02-17
20121457;22012036r;20055796;19080300113;29111957;10061752;049;450;398;432;854;415 ~~~~~~~~~~~~~~~~~~~~~~ 02-18
21121457;23012036r;21055796;00090300113;30111957;11061752;050;812;612 ~~~~~~~~~~~~~~~~~~~~~~~~~~~~~~~~~~ 02-19
22121457;24012036r;22055796;01090300113;01121957;12061752;051;400;406 ~~~~~~~~~~~~~~~~~~~~~~~~~~~~~~~~~~ 02-20
23121457;25012036r;23055796;02090300113;02121957;13061752;052;644;612 ~~~~~~~~~~~~~~~~~~~~~~~~~~~~~~~~~~ 02-21
24121457;26012036r;24055796;03090300113;03121957;14061752;053;596;649;943;842 ~~~~~~~~~~~~~~~~~~~~~~~~~~ 02-22
25121457;27012036r;25055796;04090300113;04121957;15061752;054;513 ~~~~~~~~~~~~~~~~~~~~~~~~~~~~~~~~~~~~~~ 02-23
26121457;28012036r;26055796;05090300113;05121957;16061752;055 ~~~~~~~~~~~~~~~~~~~~~~~~~~~~~~~~~~~~~~~~~~ 02-24
27121457;29012036r;27055796;06090300113;06121957;17061752;056;886;406 ~~~~~~~~~~~~~~~~~~~~~~~~~~~~~~~~~~ 02-25
28121457;30012036r;28055796;07090300113;07121957;18061752;057;443;646;380;400;412;415 ~~~~~~~~~~~~~~~~~~ 02-26
29121457;01022036r;29055796;08090300113;08121957;19061752;058;444;822;833;929;952 ~~~~~~~~~~~~~~~~~~~~~~ 02-27
01011458;02022036r;30055796;09090300113;09121957;20061752;059;647;648;495 ~~~~~~~~~~~~~~~~~~~~~~~~~~~~~~ 02-28
02011458;03022036r;01065796;10090300113;10121957;21061752;060;650;400 ~~~~~~~~~~~~~~~~~~~~~~~~~~~~~~~~~~ 02-29
03011458;04022036r;02065796;13090300113;11121957;22061752;061;637;406 ~~~~~~~~~~~~~~~~~~~~~~~~~~~~~~~~~~ 03-01
04011458;05022036r;03065796;14090300113;12121957;23061752;062;655 ~~~~~~~~~~~~~~~~~~~~~~~~~~~~~~~~~~~~~~ 03-02
05011458;06022036r;04065796;15090300113;13121957;24061752;063;400 ~~~~~~~~~~~~~~~~~~~~~~~~~~~~~~~~~~~~~~ 03-03
06011458;07022036r;05065796;16090300113;14121957;25061752;064;412 ~~~~~~~~~~~~~~~~~~~~~~~~~~~~~~~~~~~~~~ 03-04
07011458;08022036r;06065796;17090300113;15121957;26061752;065;397;496;613 ~~~~~~~~~~~~~~~~~~~~~~~~~~~~~~ 03-05
08011458;09022036r;07065796;18090300113;16121957;27061752;066;653;400;406 ~~~~~~~~~~~~~~~~~~~~~~~~~~~~~~ 03-06
09011458;10022036r;08065796;19090300113;17121957;28061752;067;654;613 ~~~~~~~~~~~~~~~~~~~~~~~~~~~~~~~~~~ 03-07
10011458;11022036r;09065796;00100300113;18121957;29061752;068;517;498 ~~~~~~~~~~~~~~~~~~~~~~~~~~~~~~~~~~ 03-08
11011458;12022036r;10065796;01100300113;19121957;30061752;069;400 ~~~~~~~~~~~~~~~~~~~~~~~~~~~~~~~~~~~~~~ 03-09
12011458;13022036r;11065796;02100300113;20121957;01071752;070;514 ~~~~~~~~~~~~~~~~~~~~~~~~~~~~~~~~~~~~~~ 03-10
13011458;14022036r;12065796;03100300113;21121957;02071752;071;544;623;406;613 ~~~~~~~~~~~~~~~~~~~~~~~~~~ 03-11
14011458;15022036r;13065796;04100300113;22121957;03071752;072;383;598;906;400 ~~~~~~~~~~~~~~~~~~~~~~~~~~ 03-12
15011458;16022036r;14065796;05100300113;23121957;04071752;073;656;562;519;415 ~~~~~~~~~~~~~~~~~~~~~~~~~~ 03-13
16011458;17022036r;15065796;06100300113;24121957;05071752;074;562 ~~~~~~~~~~~~~~~~~~~~~~~~~~~~~~~~~~~~~~ 03-14
17011458;18022036r;16065796;07100300113;25121957;06071752;075;562;496;613 ~~~~~~~~~~~~~~~~~~~~~~~~~~~~~~ 03-15
18011458;19022036r;17065796;08100300113;26121957;07071752;076;406 ~~~~~~~~~~~~~~~~~~~~~~~~~~~~~~~~~~~~~~ 03-16
19011458;20022036r;18065796;09100300113;27121957;08071752;077 ~~~~~~~~~~~~~~~~~~~~~~~~~~~~~~~~~~~~~~~~~~ 03-17
20011458;21022036r;19065796;10100300113;28121957;09071752;078;657;416;868;400 ~~~~~~~~~~~~~~~~~~~~~~~~~~ 03-18
21011458;22022036r;20065796;11100300113;29121957;10071752;079;398;533;866;924;466 ~~~~~~~~~~~~~~~~~~~~~~ 03-19
22011458;23022036r;21065796;12100300113;30121957;11071752;080;658;424 ~~~~~~~~~~~~~~~~~~~~~~~~~~~~~~~~~~ 03-20
23011458;24022036r;22065796;13100300113;01011958;12071752;081;513;459;851;400;496;613 ~~~~~~~~~~~~~~~~~~ 03-21
24011458;25022036r;23065796;14100300113;02011958;13071752;082 ~~~~~~~~~~~~~~~~~~~~~~~~~~~~~~~~~~~~~~~~~~ 03-22
25011458;26022036r;24065796;15100300113;03011958;14071752;083;900;613 ~~~~~~~~~~~~~~~~~~~~~~~~~~~~~~~~~~ 03-23
26011458;27022036r;25065796;16100300113;04011958;15071752;084;400 ~~~~~~~~~~~~~~~~~~~~~~~~~~~~~~~~~~~~~~ 03-24
27011458;28022036r;26065796;17100300113;05011958;16071752;085;659;831;496;613 ~~~~~~~~~~~~~~~~~~~~~~~~~~ 03-25
28011458;29022036r;27065796;18100300113;06011958;17071752;086;660;406 ~~~~~~~~~~~~~~~~~~~~~~~~~~~~~~~~~~ 03-26
29011458;30022036r;28065796;19100300113;07011958;18071752;087;380;400;613 ~~~~~~~~~~~~~~~~~~~~~~~~~~~~~~ 03-27
30011458;01032036r;29065796;00110300113;08011958;19071752;088;652;538;559;935;497 ~~~~~~~~~~~~~~~~~~~~~~ 03-28
01021458;02032036r;01075796;01110300113;09011958;20071752;089;852 ~~~~~~~~~~~~~~~~~~~~~~~~~~~~~~~~~~~~~~ 03-29
02021458;03032036r;02075796;02110300113;10011958;21071752;090;555;577;400 ~~~~~~~~~~~~~~~~~~~~~~~~~~~~~~ 03-30
03021458;04032036r;03075796;03110300113;11011958;22071752;091;406 ~~~~~~~~~~~~~~~~~~~~~~~~~~~~~~~~~~~~~~ 03-31
04021458;05032036r;04075796;04110300113;12011958;23071752;092;821 ~~~~~~~~~~~~~~~~~~~~~~~~~~~~~~~~~~~~~~ 04-01
05021458;06032036r;05075796;05110300113;13011958;24071752;093;663;433;945;400 ~~~~~~~~~~~~~~~~~~~~~~~~~~ 04-02
06021458;07032036r;06075796;06110300113;14011958;25071752;094;397 ~~~~~~~~~~~~~~~~~~~~~~~~~~~~~~~~~~~~~~ 04-03
07021458;08032036r;07075796;07110300113;15011958;26071752;095;571 ~~~~~~~~~~~~~~~~~~~~~~~~~~~~~~~~~~~~~~ 04-04
08021458;09032036r;08075796;08110300113;16011958;27071752;096;637;661;576;933;400 ~~~~~~~~~~~~~~~~~~~~~~ 04-05
09021458;10032036r;09075796;09110300113;17011958;28071752;097;493;662;514 ~~~~~~~~~~~~~~~~~~~~~~~~~~~~~~ 04-06
10021458;11032036r;10075796;10110300113;18011958;29071752;098;877;651 ~~~~~~~~~~~~~~~~~~~~~~~~~~~~~~~~~~ 04-07
11021458;12032036r;11075796;11110300113;19011958;30071752;099;400;412;651 ~~~~~~~~~~~~~~~~~~~~~~~~~~~~~~ 04-08
12021458;13032036r;12075796;12110300113;20011958;01081752;100;651 ~~~~~~~~~~~~~~~~~~~~~~~~~~~~~~~~~~~~~~ 04-09
13021458;14032036r;13075796;13110300113;21011958;02081752;101;384;651;539;575;406;614 ~~~~~~~~~~~~~~~~~~ 04-10
14021458;15032036r;14075796;14110300113;22011958;03081752;102;445;400;651 ~~~~~~~~~~~~~~~~~~~~~~~~~~~~~~ 04-11
15021458;16032036r;15075796;15110300113;23011958;04081752;103;446;413;515;651 ~~~~~~~~~~~~~~~~~~~~~~~~~~ 04-12
16021458;17032036r;16075796;16110300113;24011958;05081752;104;447;436 ~~~~~~~~~~~~~~~~~~~~~~~~~~~~~~~~~~ 04-13
17021458;18032036r;17075796;17110300113;25011958;06081752;105;448 ~~~~~~~~~~~~~~~~~~~~~~~~~~~~~~~~~~~~~~ 04-14
18021458;19032036r;18075796;18110300113;26011958;07081752;106;406 ~~~~~~~~~~~~~~~~~~~~~~~~~~~~~~~~~~~~~~ 04-15
19021458;20032036r;19075796;19110300113;27011958;08081752;107;614 ~~~~~~~~~~~~~~~~~~~~~~~~~~~~~~~~~~~~~~ 04-16
20021458;21032036r;20075796;00120300113;28011958;09081752;108;631;664;844;400 ~~~~~~~~~~~~~~~~~~~~~~~~~~ 04-17
21021458;22032036r;21075796;01120300113;29011958;10081752;109;665;398;513;614 ~~~~~~~~~~~~~~~~~~~~~~~~~~ 04-18
22021458;23032036r;22075796;02120300113;30011958;11081752;110;666 ~~~~~~~~~~~~~~~~~~~~~~~~~~~~~~~~~~~~~~ 04-19
23021458;24032036r;23075796;03120300113;31011958;12081752;111;400;406;614 ~~~~~~~~~~~~~~~~~~~~~~~~~~~~~~ 04-20
24021458;25032036r;24075796;04120300113;01021958;13081752;112;794 ~~~~~~~~~~~~~~~~~~~~~~~~~~~~~~~~~~~~~~ 04-21
25021458;26032036r;25075796;05120300113;02021958;14081752;113;939 ~~~~~~~~~~~~~~~~~~~~~~~~~~~~~~~~~~~~~~ 04-22
26021458;27032036r;26075796;06120300113;03021958;15081752;114;399;526;865 ~~~~~~~~~~~~~~~~~~~~~~~~~~~~~~ 04-23
27021458;28032036r;27075796;07120300113;04021958;16081752;115;667;614 ~~~~~~~~~~~~~~~~~~~~~~~~~~~~~~~~~~ 04-24
28021458;29032036r;28075796;08120300113;05021958;17081752;116;671;406 ~~~~~~~~~~~~~~~~~~~~~~~~~~~~~~~~~~ 04-25
29021458;01042036r;29075796;09120300113;06021958;18081752;117;668;380 ~~~~~~~~~~~~~~~~~~~~~~~~~~~~~~~~~~ 04-26
01031458;02042036r;30075796;10120300113;07021958;19081752;118;669 ~~~~~~~~~~~~~~~~~~~~~~~~~~~~~~~~~~~~~~ 04-27
02031458;03042036r;01085796;11120300113;08021958;20081752;119;902;614 ~~~~~~~~~~~~~~~~~~~~~~~~~~~~~~~~~~ 04-28
03031458;04042036r;02085796;12120300113;09021958;21081752;120;510 ~~~~~~~~~~~~~~~~~~~~~~~~~~~~~~~~~~~~~~ 04-29
04031458;05042036r;03085796;13120300113;10021958;22081752;121;670 ~~~~~~~~~~~~~~~~~~~~~~~~~~~~~~~~~~~~~~ 04-30
05031458;06042036r;04085796;14120300113;11021958;23081752;122;677;514;528 ~~~~~~~~~~~~~~~~~~~~~~~~~~~~~~ 05-01
06031458;07042036r;05085796;15120300113;12021958;24081752;123;679;397;553;529 ~~~~~~~~~~~~~~~~~~~~~~~~~~ 05-02
07031458;08042036r;06085796;16120300113;13021958;25081752;124;637;672 ~~~~~~~~~~~~~~~~~~~~~~~~~~~~~~~~~~ 05-03
08031458;09042036r;07085796;17120300113;14021958;26081752;125;673;927 ~~~~~~~~~~~~~~~~~~~~~~~~~~~~~~~~~~ 05-04
09031458;10042036r;08085796;18120300113;15021958;27081752;126;674;615 ~~~~~~~~~~~~~~~~~~~~~~~~~~~~~~~~~~ 05-05
10031458;11042036r;09085796;19120300113;16021958;28081752;127;675;889 ~~~~~~~~~~~~~~~~~~~~~~~~~~~~~~~~~~ 05-06
11031458;12042036r;10085796;00130300113;17021958;29081752;128;676 ~~~~~~~~~~~~~~~~~~~~~~~~~~~~~~~~~~~~~~ 05-07
12031458;13042036r;11085796;01130300113;18021958;30081752;129;402;894;511 ~~~~~~~~~~~~~~~~~~~~~~~~~~~~~~ 05-08
13031458;14042036r;12085796;02130300113;19021958;01091752;130;678;805;615 ~~~~~~~~~~~~~~~~~~~~~~~~~~~~~~ 05-09
14031458;15042036r;13085796;03130300113;20021958;02091752;131;681;680;385;537;937;406 ~~~~~~~~~~~~~~~~~~ 05-10
15031458;16042036r;14085796;04130300113;21021958;03091752;132;451;892;843;615 ~~~~~~~~~~~~~~~~~~~~~~~~~~ 05-11
16031458;17042036r;15085796;05130300113;22021958;04091752;133;682;403 ~~~~~~~~~~~~~~~~~~~~~~~~~~~~~~~~~~ 05-12
17031458;18042036r;16085796;06130300113;23021958;05091752;134;511;843 ~~~~~~~~~~~~~~~~~~~~~~~~~~~~~~~~~~ 05-13
18031458;19042036r;17085796;07130300113;24021958;06091752;135;683 ~~~~~~~~~~~~~~~~~~~~~~~~~~~~~~~~~~~~~~ 05-14
19031458;20042036r;18085796;08130300113;25021958;07091752;136;797;518;406;843 ~~~~~~~~~~~~~~~~~~~~~~~~~~ 05-15
20031458;21042036r;19085796;09130300113;26021958;08091752;137;686;432;513;573;403 ~~~~~~~~~~~~~~~~~~~~~~ 05-16
21031458;22042036r;20085796;10130300113;27021958;09091752;138;687;401;573;843 ~~~~~~~~~~~~~~~~~~~~~~~~~~ 05-17
22031458;23042036r;21085796;11130300113;28021958;10091752;139;684;398;573 ~~~~~~~~~~~~~~~~~~~~~~~~~~~~~~ 05-18
23031458;24042036r;22085796;12130300113;29021958;11091752;140;789;615 ~~~~~~~~~~~~~~~~~~~~~~~~~~~~~~~~~~ 05-19
24031458;25042036r;23085796;13130300113;30021958;12091752;141;400;403;406 ~~~~~~~~~~~~~~~~~~~~~~~~~~~~~~ 05-20
25031458;26042036r;24085796;14130300113;31021958;13091752;142;685;420;615 ~~~~~~~~~~~~~~~~~~~~~~~~~~~~~~ 05-21
26031458;27042036r;25085796;15130300113;01031958;14091752;143;494;798;530;816 ~~~~~~~~~~~~~~~~~~~~~~~~~~ 05-22
27031458;28042036r;26085796;16130300113;02031958;15091752;144;689;400;615 ~~~~~~~~~~~~~~~~~~~~~~~~~~~~~~ 05-23
28031458;29042036r;27085796;17130300113;03031958;16091752;145;439;403 ~~~~~~~~~~~~~~~~~~~~~~~~~~~~~~~~~~ 05-24
29031458;30042036r;28085796;18130300113;04031958;17091752;146;439;380;921;942;624;406 ~~~~~~~~~~~~~~~~~~ 05-25
30031458;01052036r;29085796;19130300113;05031958;18091752;147;438;624 ~~~~~~~~~~~~~~~~~~~~~~~~~~~~~~~~~~ 05-26
01041458;02052036r;01095796;00140300113;06031958;19091752;148;624 ~~~~~~~~~~~~~~~~~~~~~~~~~~~~~~~~~~~~~~ 05-27
02041458;03052036r;02095796;01140300113;07031958;20091752;149;688;514;624;403 ~~~~~~~~~~~~~~~~~~~~~~~~~~ 05-28
03041458;04052036r;03095796;02140300113;08031958;21091752;150;624;400 ~~~~~~~~~~~~~~~~~~~~~~~~~~~~~~~~~~ 05-29
04041458;05052036r;04095796;03140300113;09031958;22091752;151;564;624;406 ~~~~~~~~~~~~~~~~~~~~~~~~~~~~~~ 05-30
05041458;06052036r;05095796;04140300113;10031958;23091752;152;437;624 ~~~~~~~~~~~~~~~~~~~~~~~~~~~~~~~~~~ 05-31
06041458;07052036r;06095796;05140300113;11031958;24091752;153;449;690;397;522;400;403 ~~~~~~~~~~~~~~~~~~ 06-01
07041458;08052036r;07095796;06140300113;12031958;25091752;154;694 ~~~~~~~~~~~~~~~~~~~~~~~~~~~~~~~~~~~~~~ 06-02
08041458;09052036r;08095796;07140300113;13031958;26091752;155;552 ~~~~~~~~~~~~~~~~~~~~~~~~~~~~~~~~~~~~~~ 06-03
09041458;10052036r;09095796;08140300113;14031958;27091752;156;691;896;400 ~~~~~~~~~~~~~~~~~~~~~~~~~~~~~~ 06-04
10041458;11052036r;10095796;09140300113;15031958;28091752;157;403;616 ~~~~~~~~~~~~~~~~~~~~~~~~~~~~~~~~~~ 06-05
11041458;12052036r;11095796;10140300113;16031958;29091752;158;692 ~~~~~~~~~~~~~~~~~~~~~~~~~~~~~~~~~~~~~~ 06-06
12041458;13052036r;12095796;11140300113;17031958;30091752;159;637;693;400;616 ~~~~~~~~~~~~~~~~~~~~~~~~~~ 06-07
13041458;14052036r;13095796;12140300113;18031958;01101752;160;695;386;874;941 ~~~~~~~~~~~~~~~~~~~~~~~~~~ 06-08
14041458;15052036r;14095796;13140300113;19031958;02101752;161;403 ~~~~~~~~~~~~~~~~~~~~~~~~~~~~~~~~~~~~~~ 06-09
15041458;16052036r;15095796;14140300113;20031958;03101752;162;696;569;421 ~~~~~~~~~~~~~~~~~~~~~~~~~~~~~~ 06-10
16041458;17052036r;16095796;15140300113;21031958;04101752;163;569;616 ~~~~~~~~~~~~~~~~~~~~~~~~~~~~~~~~~~ 06-11
17041458;18052036r;17095796;16140300113;22031958;05101752;164;825 ~~~~~~~~~~~~~~~~~~~~~~~~~~~~~~~~~~~~~~ 06-12
18041458;19052036r;18095796;17140300113;23031958;06101752;165;699;513;400;403 ~~~~~~~~~~~~~~~~~~~~~~~~~~ 06-13
19041458;20052036r;19095796;18140300113;24031958;07101752;166;697;799;810;406 ~~~~~~~~~~~~~~~~~~~~~~~~~~ 06-14
20041458;21052036r;20095796;19140300113;25031958;08101752;167;452;452;616 ~~~~~~~~~~~~~~~~~~~~~~~~~~~~~~ 06-15
21041458;22052036r;21095796;00150300113;26031958;09101752;168;398;819;400 ~~~~~~~~~~~~~~~~~~~~~~~~~~~~~~ 06-16
22041458;23052036r;22095796;01150300113;27031958;10101752;169 ~~~~~~~~~~~~~~~~~~~~~~~~~~~~~~~~~~~~~~~~~~ 06-17
23041458;24052036r;23095796;02150300113;28031958;11101752;170 ~~~~~~~~~~~~~~~~~~~~~~~~~~~~~~~~~~~~~~~~~~ 06-18
24041458;25052036r;24095796;03150300113;29031958;12101752;171;698;400;616 ~~~~~~~~~~~~~~~~~~~~~~~~~~~~~~ 06-19
25041458;26052036r;25095796;04150300113;30031958;13101752;172;701;404;946;460;700 ~~~~~~~~~~~~~~~~~~~~~~ 06-20
26041458;27052036r;26095796;05150300113;31031958;14101752;173;425;616 ~~~~~~~~~~~~~~~~~~~~~~~~~~~~~~~~~~ 06-21
27041458;28052036r;27095796;06150300113;01041958;15101752;174;461 ~~~~~~~~~~~~~~~~~~~~~~~~~~~~~~~~~~~~~~ 06-22
28041458;29052036r;28095796;07150300113;02041958;16101752;175;380;616 ~~~~~~~~~~~~~~~~~~~~~~~~~~~~~~~~~~ 06-23
29041458;01062036r;29095796;08150300113;03041958;17101752;176;406 ~~~~~~~~~~~~~~~~~~~~~~~~~~~~~~~~~~~~~~ 06-24
01051458;02062036r;30095796;09150300113;04041958;18101752;177;704;514;870;400;616 ~~~~~~~~~~~~~~~~~~~~~~ 06-25
02051458;03062036r;01105796;10150300113;05041958;19101752;178 ~~~~~~~~~~~~~~~~~~~~~~~~~~~~~~~~~~~~~~~~~~ 06-26
03051458;04062036r;02105796;11150300113;06041958;20101752;179;703 ~~~~~~~~~~~~~~~~~~~~~~~~~~~~~~~~~~~~~~ 06-27
04051458;05062036r;03105796;12150300113;07041958;21101752;180;702;400 ~~~~~~~~~~~~~~~~~~~~~~~~~~~~~~~~~~ 06-28
05051458;06062036r;04105796;13150300113;08041958;22101752;181;795;433 ~~~~~~~~~~~~~~~~~~~~~~~~~~~~~~~~~~ 06-29
06051458;07062036r;05105796;14150300113;09041958;23101752;182;397 ~~~~~~~~~~~~~~~~~~~~~~~~~~~~~~~~~~~~~~ 06-30
07051458;08062036r;06105796;15150300113;10041958;24101752;183 ~~~~~~~~~~~~~~~~~~~~~~~~~~~~~~~~~~~~~~~~~~ 07-01
08051458;09062036r;07105796;16150300113;11041958;25101752;184 ~~~~~~~~~~~~~~~~~~~~~~~~~~~~~~~~~~~~~~~~~~ 07-02
09051458;10062036r;08105796;17150300113;12041958;26101752;185;373;865 ~~~~~~~~~~~~~~~~~~~~~~~~~~~~~~~~~~ 07-03
10051458;11062036r;09105796;18150300113;13041958;27101752;186;546;565;400;406 ~~~~~~~~~~~~~~~~~~~~~~~~~~ 07-04
11051458;12062036r;10105796;19150300113;14041958;28101752;187;637;705;840;565;617 ~~~~~~~~~~~~~~~~~~~~~~ 07-05
12051458;13062036r;11105796;00160300113;15041958;29101752;188 ~~~~~~~~~~~~~~~~~~~~~~~~~~~~~~~~~~~~~~~~~~ 07-06
13051458;14062036r;12105796;01160300113;16041958;30101752;189;400 ~~~~~~~~~~~~~~~~~~~~~~~~~~~~~~~~~~~~~~ 07-07
14051458;15062036r;13105796;02160300113;17041958;01111752;190;387;531;561 ~~~~~~~~~~~~~~~~~~~~~~~~~~~~~~ 07-08
15051458;16062036r;14105796;03160300113;18041958;02111752;191;864;406 ~~~~~~~~~~~~~~~~~~~~~~~~~~~~~~~~~~ 07-09
16051458;17062036r;15105796;04160300113;19041958;03111752;192;513;400 ~~~~~~~~~~~~~~~~~~~~~~~~~~~~~~~~~~ 07-10
17051458;18062036r;16105796;05160300113;20041958;04111752;193;617 ~~~~~~~~~~~~~~~~~~~~~~~~~~~~~~~~~~~~~~ 07-11
18051458;19062036r;17105796;06160300113;21041958;05111752;194;706 ~~~~~~~~~~~~~~~~~~~~~~~~~~~~~~~~~~~~~~ 07-12
19051458;20062036r;18105796;07160300113;22041958;06111752;195;617 ~~~~~~~~~~~~~~~~~~~~~~~~~~~~~~~~~~~~~~ 07-13
20051458;21062036r;19105796;08160300113;23041958;07111752;196;707;406 ~~~~~~~~~~~~~~~~~~~~~~~~~~~~~~~~~~ 07-14
21051458;22062036r;20105796;09160300113;24041958;08111752;197;617 ~~~~~~~~~~~~~~~~~~~~~~~~~~~~~~~~~~~~~~ 07-15
22051458;23062036r;21105796;10160300113;25041958;09111752;198;711;398 ~~~~~~~~~~~~~~~~~~~~~~~~~~~~~~~~~~ 07-16
23051458;24062036r;22105796;11160300113;26041958;10111752;199;631 ~~~~~~~~~~~~~~~~~~~~~~~~~~~~~~~~~~~~~~ 07-17
24051458;25062036r;23105796;12160300113;27041958;11111752;200;578;817 ~~~~~~~~~~~~~~~~~~~~~~~~~~~~~~~~~~ 07-18
25051458;26062036r;24105796;13160300113;28041958;12111752;201;708;878;400;406;617 ~~~~~~~~~~~~~~~~~~~~~~ 07-19
26051458;27062036r;25105796;14160300113;29041958;13111752;202;709;554;815;421 ~~~~~~~~~~~~~~~~~~~~~~~~~~ 07-20
27051458;28062036r;26105796;15160300113;30041958;14111752;203;710;617 ~~~~~~~~~~~~~~~~~~~~~~~~~~~~~~~~~~ 07-21
28051458;29062036r;27105796;16160300113;31041958;15111752;204;823;400 ~~~~~~~~~~~~~~~~~~~~~~~~~~~~~~~~~~ 07-22
29051458;01262036r;28105796;17160300113;01051958;16111752;205;380;514;820;831;929;952;617 ~~~~~~~~~~~~~~ 07-23
30051458;02262036r;29105796;18160300113;02051958;17111752;206;712 ~~~~~~~~~~~~~~~~~~~~~~~~~~~~~~~~~~~~~~ 07-24
01061458;03262036r;01115796;19160300113;03051958;18111752;207;716;579;400 ~~~~~~~~~~~~~~~~~~~~~~~~~~~~~~ 07-25
02061458;04262036r;02115796;00170300113;04051958;19111752;208;713 ~~~~~~~~~~~~~~~~~~~~~~~~~~~~~~~~~~~~~~ 07-26
03061458;05262036r;03115796;01170300113;05051958;20111752;209;714;891;617 ~~~~~~~~~~~~~~~~~~~~~~~~~~~~~~ 07-27
04061458;06262036r;04115796;02170300113;06051958;21111752;210;400 ~~~~~~~~~~~~~~~~~~~~~~~~~~~~~~~~~~~~~~ 07-28
05061458;07262036r;05115796;03170300113;07051958;22111752;211;397;855;406;617 ~~~~~~~~~~~~~~~~~~~~~~~~~~ 07-29
06061458;08262036r;06115796;04170300113;08051958;23111752;212;417 ~~~~~~~~~~~~~~~~~~~~~~~~~~~~~~~~~~~~~~ 07-30
07061458;09262036r;07115796;05170300113;09051958;24111752;213;715;400 ~~~~~~~~~~~~~~~~~~~~~~~~~~~~~~~~~~ 07-31
08061458;10262036r;08115796;06170300113;10051958;25111752;214;719;938 ~~~~~~~~~~~~~~~~~~~~~~~~~~~~~~~~~~ 08-01
09061458;11262036r;09115796;07170300113;11051958;26111752;215;637;720;926 ~~~~~~~~~~~~~~~~~~~~~~~~~~~~~~ 08-02
10061458;12262036r;10115796;08170300113;12051958;27111752;216;717;400;406 ~~~~~~~~~~~~~~~~~~~~~~~~~~~~~~ 08-03
11061458;13262036r;11115796;09170300113;13051958;28111752;217 ~~~~~~~~~~~~~~~~~~~~~~~~~~~~~~~~~~~~~~~~~~ 08-04
12061458;14262036r;12115796;10170300113;14051958;29111752;218;718 ~~~~~~~~~~~~~~~~~~~~~~~~~~~~~~~~~~~~~~ 08-05
13061458;15262036r;13115796;11170300113;15051958;30111752;219;388;513;556;909;910;925;400 ~~~~~~~~~~~~~~ 08-06
14061458;16262036r;14115796;12170300113;16051958;01121752;220;541;949;618 ~~~~~~~~~~~~~~~~~~~~~~~~~~~~~~ 08-07
15061458;17262036r;15115796;13170300113;17051958;02121752;221;867;406;418 ~~~~~~~~~~~~~~~~~~~~~~~~~~~~~~ 08-08
16061458;18262036r;16115796;14170300113;18051958;03121752;222;723;400 ~~~~~~~~~~~~~~~~~~~~~~~~~~~~~~~~~~ 08-09
17061458;19262036r;17115796;15170300113;19051958;04121752;223;721;875 ~~~~~~~~~~~~~~~~~~~~~~~~~~~~~~~~~~ 08-10
18061458;20262036r;18115796;16170300113;20051958;05121752;224;436 ~~~~~~~~~~~~~~~~~~~~~~~~~~~~~~~~~~~~~~ 08-11
19061458;21262036r;19115796;17170300113;21051958;06121752;225;432;467 ~~~~~~~~~~~~~~~~~~~~~~~~~~~~~~~~~~ 08-12
20061458;22262036r;20115796;18170300113;22051958;07121752;226;722;406 ~~~~~~~~~~~~~~~~~~~~~~~~~~~~~~~~~~ 08-13
21061458;23262036r;21115796;19170300113;23051958;08121752;227;398;872 ~~~~~~~~~~~~~~~~~~~~~~~~~~~~~~~~~~ 08-14
22061458;24262036r;22115796;00000400113;24051958;09121752;228;871;400;618 ~~~~~~~~~~~~~~~~~~~~~~~~~~~~~~ 08-15
23061458;25262036r;23115796;01000400113;25051958;10121752;229;724 ~~~~~~~~~~~~~~~~~~~~~~~~~~~~~~~~~~~~~~ 08-16
24061458;26262036r;24115796;02000400113;26051958;11121752;230;418;618 ~~~~~~~~~~~~~~~~~~~~~~~~~~~~~~~~~~ 08-17
25061458;27262036r;25115796;03000400113;27051958;12121752;231;503;400 ~~~~~~~~~~~~~~~~~~~~~~~~~~~~~~~~~~ 08-18
26061458;28262036r;26115796;04000400113;28051958;13121752;232;421 ~~~~~~~~~~~~~~~~~~~~~~~~~~~~~~~~~~~~~~ 08-19
27061458;29262036r;27115796;05000400113;29051958;14121752;233 ~~~~~~~~~~~~~~~~~~~~~~~~~~~~~~~~~~~~~~~~~~ 08-20
28061458;30262036r;28115796;06000400113;30051958;15121752;234;380;514;929;952;400 ~~~~~~~~~~~~~~~~~~~~~~ 08-21
29061458;01072036r;29115796;07000400113;31051958;16121752;235;427;596 ~~~~~~~~~~~~~~~~~~~~~~~~~~~~~~~~~~ 08-22
01071458;02072036r;30115796;08000400113;01061958;17121752;236;618 ~~~~~~~~~~~~~~~~~~~~~~~~~~~~~~~~~~~~~~ 08-23
02071458;03072036r;01125796;09000400113;02061958;18121752;237;428;550;597;400 ~~~~~~~~~~~~~~~~~~~~~~~~~~ 08-24
03071458;04072036r;02125796;10000400113;03061958;19121752;238;796;399;836;915;618 ~~~~~~~~~~~~~~~~~~~~~~ 08-25
04071458;05072036r;03125796;11000400113;04061958;20121752;239;594;418 ~~~~~~~~~~~~~~~~~~~~~~~~~~~~~~~~~~ 08-26
05071458;06072036r;04125796;12000400113;05061958;21121752;240;595;618 ~~~~~~~~~~~~~~~~~~~~~~~~~~~~~~~~~~ 08-27
06071458;07072036r;05125796;13000400113;06061958;22121752;241;397;908;572;406 ~~~~~~~~~~~~~~~~~~~~~~~~~~ 08-28
07071458;08072036r;06125796;14000400113;07061958;23121752;242;596 ~~~~~~~~~~~~~~~~~~~~~~~~~~~~~~~~~~~~~~ 08-29
08071458;09072036r;07125796;15000400113;08061958;24121752;243;429;725 ~~~~~~~~~~~~~~~~~~~~~~~~~~~~~~~~~~ 08-30
09071458;10072036r;08125796;16000400113;09061958;25121752;244;430;725 ~~~~~~~~~~~~~~~~~~~~~~~~~~~~~~~~~~ 08-31
10071458;11072036r;09125796;17000400113;10061958;26121752;245;434;903 ~~~~~~~~~~~~~~~~~~~~~~~~~~~~~~~~~~ 09-01
11071458;12072036r;10125796;18000400113;11061958;27121752;246;435;406 ~~~~~~~~~~~~~~~~~~~~~~~~~~~~~~~~~~ 09-02
12071458;13072036r;11125796;19000400113;12061958;28121752;247;513;897;619 ~~~~~~~~~~~~~~~~~~~~~~~~~~~~~~ 09-03
13071458;14072036r;12125796;00010400113;13061958;29121752;248;520;551;567 ~~~~~~~~~~~~~~~~~~~~~~~~~~~~~~ 09-04
14071458;15072036r;13125796;01010400113;14061958;30121752;249;727;389;534;567 ~~~~~~~~~~~~~~~~~~~~~~~~~~ 09-05
15071458;16072036r;14125796;02010400113;15061958;01131752;250;637;728;907 ~~~~~~~~~~~~~~~~~~~~~~~~~~~~~~ 09-06
16071458;17072036r;15125796;03010400113;16061958;02131752;251;455;845;406;619 ~~~~~~~~~~~~~~~~~~~~~~~~~~ 09-07
17071458;18072036r;16125796;04010400113;17061958;03131752;252;729;846 ~~~~~~~~~~~~~~~~~~~~~~~~~~~~~~~~~~ 09-08
18071458;19072036r;17125796;05010400113;18061958;04131752;253 ~~~~~~~~~~~~~~~~~~~~~~~~~~~~~~~~~~~~~~~~~~ 09-09
19071458;20072036r;18125796;06010400113;19061958;05131752;254 ~~~~~~~~~~~~~~~~~~~~~~~~~~~~~~~~~~~~~~~~~~ 09-10
20071458;21072036r;19125796;07010400113;20061958;01011753;255;730;856 ~~~~~~~~~~~~~~~~~~~~~~~~~~~~~~~~~~ 09-11
21071458;22072036r;20125796;08010400113;21061958;02011753;256;726;847;406 ~~~~~~~~~~~~~~~~~~~~~~~~~~~~~~ 09-12
22071458;23072036r;21125796;09010400113;22061958;03011753;257;398;418 ~~~~~~~~~~~~~~~~~~~~~~~~~~~~~~~~~~ 09-13
23071458;24072036r;22125796;10010400113;23061958;04011753;258 ~~~~~~~~~~~~~~~~~~~~~~~~~~~~~~~~~~~~~~~~~~ 09-14
24071458;25072036r;23125796;11010400113;24061958;05011753;259 ~~~~~~~~~~~~~~~~~~~~~~~~~~~~~~~~~~~~~~~~~~ 09-15
25071458;26072036r;24125796;12010400113;25061958;06011753;260;732;869 ~~~~~~~~~~~~~~~~~~~~~~~~~~~~~~~~~~ 09-16
26071458;27072036r;25125796;13010400113;26061958;07011753;261;401;406;848 ~~~~~~~~~~~~~~~~~~~~~~~~~~~~~~ 09-17
27071458;28072036r;26125796;14010400113;27061958;08011753;262;733;514;509 ~~~~~~~~~~~~~~~~~~~~~~~~~~~~~~ 09-18
28071458;29072036r;27125796;15010400113;28061958;09011753;263;734;380;920 ~~~~~~~~~~~~~~~~~~~~~~~~~~~~~~ 09-19
29071458;01082036r;28125796;16010400113;29061958;10011753;264;735;895;574 ~~~~~~~~~~~~~~~~~~~~~~~~~~~~~~ 09-20
30071458;02082036r;29125796;17010400113;30061958;11011753;265;731;462;521;848 ~~~~~~~~~~~~~~~~~~~~~~~~~~ 09-21
01081458;03082036r;01015797;18010400113;31061958;12011753;266;736;423;521;406;418 ~~~~~~~~~~~~~~~~~~~~~~ 09-22
02081458;04082036r;02015797;19010400113;01071958;13011753;267;737;463;521;400;848 ~~~~~~~~~~~~~~~~~~~~~~ 09-23
03081458;05082036r;03015797;00020400113;02071958;14011753;268;742;437 ~~~~~~~~~~~~~~~~~~~~~~~~~~~~~~~~~~ 09-24
04081458;06082036r;04015797;01020400113;03071958;15011753;269;741;374;433;817 ~~~~~~~~~~~~~~~~~~~~~~~~~~ 09-25
05081458;07082036r;05015797;02020400113;04071958;16011753;270;738;397;918;400 ~~~~~~~~~~~~~~~~~~~~~~~~~~ 09-26
06081458;08082036r;06015797;03020400113;05071958;17011753;271;739;743;548;406;619 ~~~~~~~~~~~~~~~~~~~~~~ 09-27
07081458;09082036r;07015797;04020400113;06071958;18011753;272;740;885;919 ~~~~~~~~~~~~~~~~~~~~~~~~~~~~~~ 09-28
08081458;10082036r;08015797;05020400113;07071958;19011753;273;549;560;619;848 ~~~~~~~~~~~~~~~~~~~~~~~~~~ 09-29
09081458;11082036r;09015797;06020400113;08071958;20011753;274;513;835;853 ~~~~~~~~~~~~~~~~~~~~~~~~~~~~~~ 09-30
10081458;12082036r;10015797;07020400113;09071958;21011753;275;746;790;379;899;527;853;848 ~~~~~~~~~~~~~~ 10-01
11081458;13082036r;11015797;08020400113;10071958;22011753;276;747;790;853;400;406 ~~~~~~~~~~~~~~~~~~~~~~ 10-02
12081458;14082036r;12015797;09020400113;11071958;23011753;277;748;790;620 ~~~~~~~~~~~~~~~~~~~~~~~~~~~~~~ 10-03
13081458;15082036r;13015797;10020400113;12071958;24011753;278;637;790;882;922;570 ~~~~~~~~~~~~~~~~~~~~~~ 10-04
14081458;16082036r;14015797;11020400113;13071958;25011753;279;749;790;391;390;532;512;400;620;848 ~~~~~~ 10-05
15081458;17082036r;15015797;12020400113;14071958;26011753;280;744;790;523;375 ~~~~~~~~~~~~~~~~~~~~~~~~~~ 10-06
16081458;18082036r;16015797;13020400113;15071958;27011753;281;745;790;523;620 ~~~~~~~~~~~~~~~~~~~~~~~~~~ 10-07
17081458;19082036r;17015797;14020400113;16071958;28011753;282;752;881;523;400 ~~~~~~~~~~~~~~~~~~~~~~~~~~ 10-08
18081458;20082036r;18015797;15020400113;17071958;29011753;283;753;523;620 ~~~~~~~~~~~~~~~~~~~~~~~~~~~~~~ 10-09
19081458;21082036r;19015797;16020400113;18071958;30011753;284;367;523;418 ~~~~~~~~~~~~~~~~~~~~~~~~~~~~~~ 10-10
20081458;22082036r;20015797;17020400113;19071958;01021753;285;754;368;523;400;620 ~~~~~~~~~~~~~~~~~~~~~~ 10-11
21081458;23082036r;21015797;18020400113;20071958;02021753;286;750;398;499;523;406 ~~~~~~~~~~~~~~~~~~~~~~ 10-12
22081458;24082036r;22015797;19020400113;21071958;03021753;287;751;524;620 ~~~~~~~~~~~~~~~~~~~~~~~~~~~~~~ 10-13
23081458;25082036r;23015797;00030400113;22071958;04021753;288;791;408;525;400 ~~~~~~~~~~~~~~~~~~~~~~~~~~ 10-14
24081458;26082036r;24015797;01030400113;23071958;05021753;289;757;911;620 ~~~~~~~~~~~~~~~~~~~~~~~~~~~~~~ 10-15
25081458;27082036r;25015797;02030400113;24071958;06021753;290;631;514;558;779 ~~~~~~~~~~~~~~~~~~~~~~~~~~ 10-16
26081458;28082036r;26015797;03030400113;25071958;07021753;291;780;784;785;400;620 ~~~~~~~~~~~~~~~~~~~~~~ 10-17
27081458;29082036r;27015797;04030400113;26071958;08021753;292;758;453;781;786;893;421 ~~~~~~~~~~~~~~~~~~ 10-18
28081458;01092036r;28015797;05030400113;27071958;09021753;293;380;782;418;620 ~~~~~~~~~~~~~~~~~~~~~~~~~~ 10-19
29081458;02092036r;29015797;06030400113;28071958;10021753;294;755;535;783;787;784;400;409 ~~~~~~~~~~~~~~ 10-20
01091458;03092036r;30015797;07030400113;29071958;11021753;295;756;369;431;788;504;785;620 ~~~~~~~~~~~~~~ 10-21
02091458;04092036r;01025797;08030400113;30071958;12021753;296;786;406 ~~~~~~~~~~~~~~~~~~~~~~~~~~~~~~~~~~ 10-22
03091458;05092036r;02025797;09030400113;01081958;13021753;297;787;400;620 ~~~~~~~~~~~~~~~~~~~~~~~~~~~~~~ 10-23
04091458;06092036r;03025797;10030400113;02081958;14021753;298;371 ~~~~~~~~~~~~~~~~~~~~~~~~~~~~~~~~~~~~~~ 10-24
05091458;07092036r;04025797;11030400113;03081958;15021753;299;759;414;543;620 ~~~~~~~~~~~~~~~~~~~~~~~~~~ 10-25
06091458;08092036r;05025797;12030400113;04081958;16021753;300;397;829;400;409 ~~~~~~~~~~~~~~~~~~~~~~~~~~ 10-26
07091458;09092036r;06025797;13030400113;05081958;17021753;301;563;406 ~~~~~~~~~~~~~~~~~~~~~~~~~~~~~~~~~~ 10-27
08091458;10092036r;07025797;14030400113;06081958;18021753;302;513;418 ~~~~~~~~~~~~~~~~~~~~~~~~~~~~~~~~~~ 10-28
09091458;11092036r;08025797;15030400113;07081958;19021753;303;868;879;400 ~~~~~~~~~~~~~~~~~~~~~~~~~~~~~~ 10-29
10091458;12092036r;09025797;16030400113;08081958;20021753;304;547 ~~~~~~~~~~~~~~~~~~~~~~~~~~~~~~~~~~~~~~ 10-30
11091458;13092036r;10025797;17030400113;09081958;21021753;305;849;934 ~~~~~~~~~~~~~~~~~~~~~~~~~~~~~~~~~~ 10-31
12091458;14092036r;11025797;18030400113;10081958;22021753;306;637;763;422;400;409 ~~~~~~~~~~~~~~~~~~~~~~ 11-01
13091458;15092036r;12025797;19030400113;11081958;23021753;307 ~~~~~~~~~~~~~~~~~~~~~~~~~~~~~~~~~~~~~~~~~~ 11-02
14091458;16092036r;13025797;00040400113;12081958;24021753;308;760;392;880;621 ~~~~~~~~~~~~~~~~~~~~~~~~~~ 11-03
15091458;17092036r;14025797;01040400113;13081958;25021753;309;850;400 ~~~~~~~~~~~~~~~~~~~~~~~~~~~~~~~~~~ 11-04
16091458;18092036r;15025797;02040400113;14081958;26021753;310;761;621 ~~~~~~~~~~~~~~~~~~~~~~~~~~~~~~~~~~ 11-05
17091458;19092036r;16025797;03040400113;15081958;27021753;311;762 ~~~~~~~~~~~~~~~~~~~~~~~~~~~~~~~~~~~~~~ 11-06
18091458;20092036r;17025797;04040400113;16081958;28021753;312;400;409 ~~~~~~~~~~~~~~~~~~~~~~~~~~~~~~~~~~ 11-07
19091458;21092036r;18025797;05040400113;17081958;29021753;313;432 ~~~~~~~~~~~~~~~~~~~~~~~~~~~~~~~~~~~~~~ 11-08
20091458;22092036r;19025797;06040400113;18081958;30021753;314 ~~~~~~~~~~~~~~~~~~~~~~~~~~~~~~~~~~~~~~~~~~ 11-09
21091458;23092036r;20025797;07040400113;19081958;01031753;315;398;876;400 ~~~~~~~~~~~~~~~~~~~~~~~~~~~~~~ 11-10
22091458;24092036r;21025797;08040400113;20081958;02031753;316;514;406;621 ~~~~~~~~~~~~~~~~~~~~~~~~~~~~~~ 11-11
23091458;25092036r;22025797;09040400113;21081958;03031753;317 ~~~~~~~~~~~~~~~~~~~~~~~~~~~~~~~~~~~~~~~~~~ 11-12
24091458;26092036r;23025797;10040400113;22081958;04031753;318;764;400 ~~~~~~~~~~~~~~~~~~~~~~~~~~~~~~~~~~ 11-13
25091458;27092036r;24025797;11040400113;23081958;05031753;319;507;936 ~~~~~~~~~~~~~~~~~~~~~~~~~~~~~~~~~~ 11-14
26091458;28092036r;25025797;12040400113;24081958;06031753;320;767 ~~~~~~~~~~~~~~~~~~~~~~~~~~~~~~~~~~~~~~ 11-15
27091458;29092036r;26025797;13040400113;25081958;07031753;321;765;508;400;406;505 ~~~~~~~~~~~~~~~~~~~~~~ 11-16
28091458;30092036r;27025797;14040400113;26081958;08031753;322;380;928 ~~~~~~~~~~~~~~~~~~~~~~~~~~~~~~~~~~ 11-17
29091458;01102036r;28025797;15040400113;27081958;09031753;323 ~~~~~~~~~~~~~~~~~~~~~~~~~~~~~~~~~~~~~~~~~~ 11-18
30091458;02102036r;29025797;16040400113;28081958;10031753;324;506;400;409 ~~~~~~~~~~~~~~~~~~~~~~~~~~~~~~ 11-19
01101458;03102036r;01035797;17040400113;29081958;11031753;325;766;502 ~~~~~~~~~~~~~~~~~~~~~~~~~~~~~~~~~~ 11-20
02101458;04102036r;02035797;18040400113;30081958;12031753;326;406 ~~~~~~~~~~~~~~~~~~~~~~~~~~~~~~~~~~~~~~ 11-21
03101458;05102036r;03035797;19040400113;01091958;13031753;327;768;788;400 ~~~~~~~~~~~~~~~~~~~~~~~~~~~~~~ 11-22
04101458;06102036r;04035797;00050400113;02091958;14031753;328;944 ~~~~~~~~~~~~~~~~~~~~~~~~~~~~~~~~~~~~~~ 11-23
05101458;07102036r;05035797;01050400113;03091958;15031753;329 ~~~~~~~~~~~~~~~~~~~~~~~~~~~~~~~~~~~~~~~~~~ 11-24
06101458;08102036r;06035797;02050400113;04091958;16031753;330;397;513;409 ~~~~~~~~~~~~~~~~~~~~~~~~~~~~~~ 11-25
07101458;09102036r;07035797;03050400113;05091958;17031753;331;769;406;415 ~~~~~~~~~~~~~~~~~~~~~~~~~~~~~~ 11-26
08101458;10102036r;08035797;04050400113;06091958;18031753;332;440;621 ~~~~~~~~~~~~~~~~~~~~~~~~~~~~~~~~~~ 11-27
09101458;11102036r;09035797;05050400113;07091958;19031753;333;441;369;400 ~~~~~~~~~~~~~~~~~~~~~~~~~~~~~~ 11-28
10101458;12102036r;10035797;06050400113;08091958;20031753;334;770;557;890 ~~~~~~~~~~~~~~~~~~~~~~~~~~~~~~ 11-29
11101458;13102036r;11035797;07050400113;09091958;21031753;335;589 ~~~~~~~~~~~~~~~~~~~~~~~~~~~~~~~~~~~~~~ 11-30
12101458;14102036r;12035797;08050400113;10091958;22031753;336;442;400;409 ~~~~~~~~~~~~~~~~~~~~~~~~~~~~~~ 12-01
13101458;15102036r;13035797;09050400113;11091958;23031753;337;771;773;370 ~~~~~~~~~~~~~~~~~~~~~~~~~~~~~~ 12-02
14101458;16102036r;14035797;10050400113;12091958;24031753;338;772;395;545;887 ~~~~~~~~~~~~~~~~~~~~~~~~~~ 12-03
15101458;17102036r;15035797;11050400113;13091958;25031753;339;400 ~~~~~~~~~~~~~~~~~~~~~~~~~~~~~~~~~~~~~~ 12-04
16101458;18102036r;16035797;12050400113;14091958;26031753;340;774;622 ~~~~~~~~~~~~~~~~~~~~~~~~~~~~~~~~~~ 12-05
17101458;19102036r;17035797;13050400113;15091958;27031753;341;637;775;436;832;406 ~~~~~~~~~~~~~~~~~~~~~~ 12-06
18101458;20102036r;18035797;14050400113;16091958;28031753;342;514;590;409;622 ~~~~~~~~~~~~~~~~~~~~~~~~~~ 12-07
19101458;21102036r;19035797;15050400113;17091958;29031753;343 ~~~~~~~~~~~~~~~~~~~~~~~~~~~~~~~~~~~~~~~~~~ 12-08
20101458;22102036r;20035797;16050400113;18091958;30031753;344;622 ~~~~~~~~~~~~~~~~~~~~~~~~~~~~~~~~~~~~~~ 12-09
21101458;23102036r;21035797;17050400113;19091958;01041753;345;398 ~~~~~~~~~~~~~~~~~~~~~~~~~~~~~~~~~~~~~~ 12-10
22101458;24102036r;22035797;18050400113;20091958;02041753;346;406;622 ~~~~~~~~~~~~~~~~~~~~~~~~~~~~~~~~~~ 12-11
23101458;25102036r;23035797;19050400113;21091958;03041753;347;457;418 ~~~~~~~~~~~~~~~~~~~~~~~~~~~~~~~~~~ 12-12
24101458;26102036r;24035797;00060400113;22091958;04041753;348;776;411;917;400 ~~~~~~~~~~~~~~~~~~~~~~~~~~ 12-13
25101458;27102036r;25035797;01060400113;23091958;05041753;349;777;591;516 ~~~~~~~~~~~~~~~~~~~~~~~~~~~~~~ 12-14
26101458;28102036r;26035797;02060400113;24091958;06041753;350;399;516 ~~~~~~~~~~~~~~~~~~~~~~~~~~~~~~~~~~ 12-15
27101458;29102036r;27035797;03060400113;25091958;07041753;351;516;406 ~~~~~~~~~~~~~~~~~~~~~~~~~~~~~~~~~~ 12-16
28101458;01112036r;28035797;04060400113;26091958;08041753;352;380;516 ~~~~~~~~~~~~~~~~~~~~~~~~~~~~~~~~~~ 12-17
29101458;02112036r;29035797;05060400113;27091958;09041753;353;516 ~~~~~~~~~~~~~~~~~~~~~~~~~~~~~~~~~~~~~~ 12-18
01111458;03112036r;01045797;06060400113;28091958;10041753;354;778;371;516;409 ~~~~~~~~~~~~~~~~~~~~~~~~~~ 12-19
02111458;04112036r;02045797;07060400113;29091958;11041753;355;466;516;412 ~~~~~~~~~~~~~~~~~~~~~~~~~~~~~~ 12-20
03111458;05112036r;03045797;08060400113;30091958;12041753;356;592;426;516;406;418;622 ~~~~~~~~~~~~~~~~~~ 12-21
04111458;06112036r;04045797;09060400113;01101958;13041753;357;433;465;375 ~~~~~~~~~~~~~~~~~~~~~~~~~~~~~~ 12-22
05111458;07112036r;05045797;10060400113;02101958;14041753;358;513;622 ~~~~~~~~~~~~~~~~~~~~~~~~~~~~~~~~~~ 12-23
06111458;08112036r;06045797;11060400113;03101958;15041753;359 ~~~~~~~~~~~~~~~~~~~~~~~~~~~~~~~~~~~~~~~~~~ 12-24
07111458;09112036r;07045797;12060400113;04101958;16041753;360;397 ~~~~~~~~~~~~~~~~~~~~~~~~~~~~~~~~~~~~~~ 12-25
08111458;10112036r;08045797;13060400113;05101958;17041753;361;406 ~~~~~~~~~~~~~~~~~~~~~~~~~~~~~~~~~~~~~~ 12-31
09111458;11112036r;09045797;14060400113;06101958;18041753;362;412;622 ~~~~~~~~~~~~~~~~~~~~~~~~~~~~~~~~~~ 12-27
10111458;12112036r;10045797;15060400113;07101958;19041753;363 ~~~~~~~~~~~~~~~~~~~~~~~~~~~~~~~~~~~~~~~~~~ 12-28
11111458;13112036r;11045797;16060400113;08101958;20041753;364;905 ~~~~~~~~~~~~~~~~~~~~~~~~~~~~~~~~~~~~~~ 12-29
12111458;14112036r;12045797;17060400113;09101958;21041753;365 ~~~~~~~~~~~~~~~~~~~~~~~~~~~~~~~~~~~~~~~~~~ 12-30
13111458;15112036r;13045797;18060400113;10101958;22041753;366 ~~~~~~~~~~~~~~~~~~~~~~~~~~~~~~~~~~~~~~~~~~ 12-31
