22021468;251120452;23245806;04091300113;11101967;23041762;001;611 ~~~~~~~~~~~~~~~~~~~~~~~~~~~~~~~~~~~~~~ 01-01
23021468;261120452;24245806;05091300113;12101967;24041762;002;432 ~~~~~~~~~~~~~~~~~~~~~~~~~~~~~~~~~~~~~~ 01-02
24021468;271120452;25245806;06091300113;13101967;25041762;003;372;917;611 ~~~~~~~~~~~~~~~~~~~~~~~~~~~~~~ 01-03
25021468;281120452;26245806;07091300113;14101967;26041762;004 ~~~~~~~~~~~~~~~~~~~~~~~~~~~~~~~~~~~~~~~~~~ 01-04
26021468;291120452;27245806;08091300113;15101967;27041762;005;403;611 ~~~~~~~~~~~~~~~~~~~~~~~~~~~~~~~~~~ 01-05
27021468;301120452;28245806;09091300113;16101967;28041762;006;637;380 ~~~~~~~~~~~~~~~~~~~~~~~~~~~~~~~~~~ 01-06
28021468;011220452;29245806;10091300113;17101967;29041762;007;611 ~~~~~~~~~~~~~~~~~~~~~~~~~~~~~~~~~~~~~~ 01-07
29021468;021220452;01255806;11091300113;18101967;30041762;008;628 ~~~~~~~~~~~~~~~~~~~~~~~~~~~~~~~~~~~~~~ 01-08
01031468;031220452;02255806;12091300113;19101967;01051762;009;629;403;415;611 ~~~~~~~~~~~~~~~~~~~~~~~~~~ 01-09
02031468;041220452;03255806;13091300113;20101967;02051762;010;418 ~~~~~~~~~~~~~~~~~~~~~~~~~~~~~~~~~~~~~~ 01-10
03031468;051220452;04255806;14091300113;21101967;03051762;011;513;611 ~~~~~~~~~~~~~~~~~~~~~~~~~~~~~~~~~~ 01-11
04031468;061220452;05255806;15091300113;22101967;04051762;012 ~~~~~~~~~~~~~~~~~~~~~~~~~~~~~~~~~~~~~~~~~~ 01-12
05031468;071220452;06255806;16091300113;23101967;05051762;013;626;403;611 ~~~~~~~~~~~~~~~~~~~~~~~~~~~~~~ 01-13
06031468;081220452;07255806;17091300113;24101967;06051762;014;627 ~~~~~~~~~~~~~~~~~~~~~~~~~~~~~~~~~~~~~~ 01-14
07031468;091220452;08255806;18091300113;25101967;07051762;015;492;397;611 ~~~~~~~~~~~~~~~~~~~~~~~~~~~~~~ 01-15
08031468;101220452;09255806;19091300113;26101967;08051762;016 ~~~~~~~~~~~~~~~~~~~~~~~~~~~~~~~~~~~~~~~~~~ 01-16
09031468;111220452;10255806;00101300113;27101967;09051762;017;403;415;611 ~~~~~~~~~~~~~~~~~~~~~~~~~~~~~~ 01-17
10031468;121220452;11255806;01101300113;28101967;10051762;018;631;905 ~~~~~~~~~~~~~~~~~~~~~~~~~~~~~~~~~~ 01-18
11031468;131220452;12255806;02101300113;29101967;11051762;019;418;611 ~~~~~~~~~~~~~~~~~~~~~~~~~~~~~~~~~~ 01-19
12031468;141220452;13255806;03101300113;30101967;12051762;020;630;374;868;511 ~~~~~~~~~~~~~~~~~~~~~~~~~~ 01-20
13031468;151220452;14255806;04101300113;01111967;13051762;021;625;404;843;611 ~~~~~~~~~~~~~~~~~~~~~~~~~~ 01-21
14031468;161220452;15255806;05101300113;02111967;14051762;022;381;540;904;947 ~~~~~~~~~~~~~~~~~~~~~~~~~~ 01-22
15031468;171220452;16255806;06101300113;03111967;15051762;023;514;611 ~~~~~~~~~~~~~~~~~~~~~~~~~~~~~~~~~~ 01-23
16031468;181220452;17255806;07101300113;04111967;16051762;024;632;419 ~~~~~~~~~~~~~~~~~~~~~~~~~~~~~~~~~~ 01-24
17031468;191220452;18255806;08101300113;05111967;17051762;025;916;511;415;611 ~~~~~~~~~~~~~~~~~~~~~~~~~~ 01-25
18031468;201220452;19255806;09101300113;06111967;18051762;026;633 ~~~~~~~~~~~~~~~~~~~~~~~~~~~~~~~~~~~~~~ 01-26
19031468;211220452;20255806;10101300113;07111967;19051762;027;634;843;611 ~~~~~~~~~~~~~~~~~~~~~~~~~~~~~~ 01-27
20031468;221220452;21255806;11101300113;08111967;20051762;028;635;398 ~~~~~~~~~~~~~~~~~~~~~~~~~~~~~~~~~~ 01-28
21031468;231220452;22255806;12101300113;09111967;21051762;029;636;611 ~~~~~~~~~~~~~~~~~~~~~~~~~~~~~~~~~~ 01-29
22031468;241220452;23255806;13101300113;10111967;22051762;030;580 ~~~~~~~~~~~~~~~~~~~~~~~~~~~~~~~~~~~~~~ 01-30
23031468;251220452;24255806;14101300113;11111967;23051762;031;611 ~~~~~~~~~~~~~~~~~~~~~~~~~~~~~~~~~~~~~~ 01-31
24031468;261220452;25255806;14101300113;12111967;24051762;032;638;923 ~~~~~~~~~~~~~~~~~~~~~~~~~~~~~~~~~~ 02-01
25031468;271220452;26255806;15101300113;13111967;25051762;033;639;865;415;612 ~~~~~~~~~~~~~~~~~~~~~~~~~~ 02-02
26031468;281220452;27255806;16101300113;14111967;26051762;034;637;640 ~~~~~~~~~~~~~~~~~~~~~~~~~~~~~~~~~~ 02-03
27031468;291220452;28255806;17101300113;15111967;27051762;035;612 ~~~~~~~~~~~~~~~~~~~~~~~~~~~~~~~~~~~~~~ 02-04
28031468;301220452;29255806;18101300113;16111967;28051762;036;380;888;950 ~~~~~~~~~~~~~~~~~~~~~~~~~~~~~~ 02-05
29031468;010120463;30255806;19101300113;17111967;29051762;037;443;932;479;490;612 ~~~~~~~~~~~~~~~~~~~~~~ 02-06
30031468;020120463;01265806;00111300113;18111967;30051762;038;444;566;479;490 ~~~~~~~~~~~~~~~~~~~~~~~~~~ 02-07
01041468;030120463;02265806;01111300113;19111967;01061762;039;642;513;566;612 ~~~~~~~~~~~~~~~~~~~~~~~~~~ 02-08
02041468;040120463;03265806;02111300113;20111967;02061762;040;566 ~~~~~~~~~~~~~~~~~~~~~~~~~~~~~~~~~~~~~~ 02-09
03041468;050120463;04265806;03111300113;21111967;03061762;041;643;566;612 ~~~~~~~~~~~~~~~~~~~~~~~~~~~~~~ 02-10
04041468;060120463;05265806;04111300113;22111967;04061762;042;940;581 ~~~~~~~~~~~~~~~~~~~~~~~~~~~~~~~~~~ 02-11
05041468;070120463;06265806;05111300113;23111967;05061762;043;641;612 ~~~~~~~~~~~~~~~~~~~~~~~~~~~~~~~~~~ 02-12
06041468;080120463;07265806;06111300113;24111967;06061762;044;397;914 ~~~~~~~~~~~~~~~~~~~~~~~~~~~~~~~~~~ 02-13
07041468;090120463;08265806;07111300113;25111967;07061762;045;536;612 ~~~~~~~~~~~~~~~~~~~~~~~~~~~~~~~~~~ 02-14
08041468;100120463;09265806;08111300113;26111967;08061762;046;644;433;436 ~~~~~~~~~~~~~~~~~~~~~~~~~~~~~~ 02-15
09041468;110120463;10265806;09111300113;27111967;09061762;047;645;612 ~~~~~~~~~~~~~~~~~~~~~~~~~~~~~~~~~~ 02-16
10041468;120120463;11265806;10111300113;28111967;10061762;048;873;854 ~~~~~~~~~~~~~~~~~~~~~~~~~~~~~~~~~~ 02-17
11041468;130120463;12265806;11111300113;29111967;11061762;049;838;854;415;612 ~~~~~~~~~~~~~~~~~~~~~~~~~~ 02-18
12041468;140120463;13265806;12111300113;30111967;12061762;050;450 ~~~~~~~~~~~~~~~~~~~~~~~~~~~~~~~~~~~~~~ 02-19
13041468;150120463;14265806;13111300113;01121967;13061762;051;382;884;612 ~~~~~~~~~~~~~~~~~~~~~~~~~~~~~~ 02-20
14041468;160120463;15265806;14111300113;02121967;14061762;052;399;514 ~~~~~~~~~~~~~~~~~~~~~~~~~~~~~~~~~~ 02-21
15041468;170120463;16265806;15111300113;03121967;15061762;053;647;648;612 ~~~~~~~~~~~~~~~~~~~~~~~~~~~~~~ 02-22
16041468;180120463;17265806;16111300113;04121967;16061762;054;649 ~~~~~~~~~~~~~~~~~~~~~~~~~~~~~~~~~~~~~~ 02-23
17041468;190120463;18265806;17111300113;05121967;17061762;055;400;612 ~~~~~~~~~~~~~~~~~~~~~~~~~~~~~~~~~~ 02-24
18041468;200120463;19265806;18111300113;06121967;18061762;056 ~~~~~~~~~~~~~~~~~~~~~~~~~~~~~~~~~~~~~~~~~~ 02-25
19041468;210120463;20265806;19111300113;07121967;19061762;057;612 ~~~~~~~~~~~~~~~~~~~~~~~~~~~~~~~~~~~~~~ 02-26
20041468;220120463;21265806;00121300113;08121967;20061762;058;646;398;400 ~~~~~~~~~~~~~~~~~~~~~~~~~~~~~~ 02-27
21041468;230120463;22265806;01121300113;09121967;21061762;059;650;612 ~~~~~~~~~~~~~~~~~~~~~~~~~~~~~~~~~~ 02-28
22041468;240120463;23265806;05121300113;10121967;22061762;061;653 ~~~~~~~~~~~~~~~~~~~~~~~~~~~~~~~~~~~~~~ 03-01
23041468;250120463;24265806;06121300113;11121967;23061762;062;654;400;613 ~~~~~~~~~~~~~~~~~~~~~~~~~~~~~~ 03-02
24041468;260120463;25265806;07121300113;12121967;24061762;063;637;943 ~~~~~~~~~~~~~~~~~~~~~~~~~~~~~~~~~~ 03-03
25041468;270120463;26265806;08121300113;13121967;25061762;064;655;613 ~~~~~~~~~~~~~~~~~~~~~~~~~~~~~~~~~~ 03-04
26041468;280120463;27265806;09121300113;14121967;26061762;065;886;400;613 ~~~~~~~~~~~~~~~~~~~~~~~~~~~~~~ 03-05
27041468;290120463;28265806;10121300113;15121967;27061762;066;613 ~~~~~~~~~~~~~~~~~~~~~~~~~~~~~~~~~~~~~~ 03-06
28041468;300120463;29265806;11121300113;16121967;28061762;067;380;513 ~~~~~~~~~~~~~~~~~~~~~~~~~~~~~~~~~~ 03-07
29041468;010220463;30265806;12121300113;17121967;29061762;068;656;400;613 ~~~~~~~~~~~~~~~~~~~~~~~~~~~~~~ 03-08
01051468;020220463;01275806;13121300113;18121967;30061762;069 ~~~~~~~~~~~~~~~~~~~~~~~~~~~~~~~~~~~~~~~~~~ 03-09
02051468;030220463;02275806;14121300113;19121967;01071762;070;613 ~~~~~~~~~~~~~~~~~~~~~~~~~~~~~~~~~~~~~~ 03-10
03051468;040220463;03275806;15121300113;20121967;02071762;071;405;400;613 ~~~~~~~~~~~~~~~~~~~~~~~~~~~~~~ 03-11
04051468;050220463;04275806;16121300113;21121967;03071762;072;613 ~~~~~~~~~~~~~~~~~~~~~~~~~~~~~~~~~~~~~~ 03-12
05051468;060220463;05275806;17121300113;22121967;04071762;073;867;613 ~~~~~~~~~~~~~~~~~~~~~~~~~~~~~~~~~~ 03-13
06051468;070220463;06275806;18121300113;23121967;05071762;074;415;613 ~~~~~~~~~~~~~~~~~~~~~~~~~~~~~~~~~~ 03-14
07051468;080220463;07275806;19121300113;24121967;06071762;075;658;397 ~~~~~~~~~~~~~~~~~~~~~~~~~~~~~~~~~~ 03-15
08051468;090220463;08275806;00131300113;25121967;07071762;076;401;375;406;613 ~~~~~~~~~~~~~~~~~~~~~~~~~~ 03-16
09051468;100220463;09275806;01131300113;26121967;08071762;077 ~~~~~~~~~~~~~~~~~~~~~~~~~~~~~~~~~~~~~~~~~~ 03-17
10051468;110220463;10275806;02131300113;27121967;09071762;078;493;517;613 ~~~~~~~~~~~~~~~~~~~~~~~~~~~~~~ 03-18
11051468;120220463;11275806;03131300113;28121967;10071762;079;554;466 ~~~~~~~~~~~~~~~~~~~~~~~~~~~~~~~~~~ 03-19
12051468;130220463;12275806;04131300113;29121967;11071762;080;657;424;613 ~~~~~~~~~~~~~~~~~~~~~~~~~~~~~~ 03-20
13051468;140220463;13275806;05131300113;30121967;12071762;081;514;544;623;459;613 ~~~~~~~~~~~~~~~~~~~~~~ 03-21
14051468;150220463;14275806;06131300113;01011968;13071762;082;383;378;598;906;519;851;613 ~~~~~~~~~~~~~~ 03-22
15051468;160220463;15275806;07131300113;02011968;14071762;083;445;562;613 ~~~~~~~~~~~~~~~~~~~~~~~~~~~~~~ 03-23
16051468;170220463;16275806;08131300113;03011968;15071762;084;446;562;613 ~~~~~~~~~~~~~~~~~~~~~~~~~~~~~~ 03-24
17051468;180220463;17275806;09131300113;04011968;16071762;085;447;562;613 ~~~~~~~~~~~~~~~~~~~~~~~~~~~~~~ 03-25
18051468;190220463;18275806;10131300113;05011968;17071762;086;448;406;613 ~~~~~~~~~~~~~~~~~~~~~~~~~~~~~~ 03-26
19051468;200220463;19275806;11131300113;06011968;18071762;087;659 ~~~~~~~~~~~~~~~~~~~~~~~~~~~~~~~~~~~~~~ 03-27
20051468;210220463;20275806;12131300113;07011968;19071762;088;660;398;613 ~~~~~~~~~~~~~~~~~~~~~~~~~~~~~~ 03-28
21051468;220220463;21275806;13131300113;08011968;20071762;089;652;437;533;924;613 ~~~~~~~~~~~~~~~~~~~~~~ 03-29
22051468;230220463;22275806;14131300113;09011968;21071762;090;852;613 ~~~~~~~~~~~~~~~~~~~~~~~~~~~~~~~~~~ 03-30
23051468;240220463;23275806;15131300113;10011968;22071762;091;432;406 ~~~~~~~~~~~~~~~~~~~~~~~~~~~~~~~~~~ 03-31
24051468;250220463;24275806;16131300113;11011968;23071762;092;662;411;614 ~~~~~~~~~~~~~~~~~~~~~~~~~~~~~~ 04-01
25051468;260220463;25275806;17131300113;12011968;24071762;093;900;651 ~~~~~~~~~~~~~~~~~~~~~~~~~~~~~~~~~~ 04-02
26051468;270220463;26275806;18131300113;13011968;25071762;094;513;651;614 ~~~~~~~~~~~~~~~~~~~~~~~~~~~~~~ 04-03
27051468;280220463;27275806;19131300113;14011968;26071762;095;663;571;651 ~~~~~~~~~~~~~~~~~~~~~~~~~~~~~~ 04-04
28051468;290220463;28275806;00141300113;15011968;27071762;096;793;651;614 ~~~~~~~~~~~~~~~~~~~~~~~~~~~~~~ 04-05
29051468;010320463;29275806;01141300113;16011968;28071762;097;380;651 ~~~~~~~~~~~~~~~~~~~~~~~~~~~~~~~~~~ 04-06
30051468;020320463;01285806;02141300113;17011968;29071762;098;637;661;538;651;559;935;614 ~~~~~~~~~~~~~~ 04-07
01061468;030320463;02285806;03141300113;18011968;30071762;099 ~~~~~~~~~~~~~~~~~~~~~~~~~~~~~~~~~~~~~~~~~~ 04-08
02061468;040320463;03285806;04141300113;19011968;01081762;100;555;577;614 ~~~~~~~~~~~~~~~~~~~~~~~~~~~~~~ 04-09
03061468;050320463;04285806;05141300113;20011968;02081762;101;406 ~~~~~~~~~~~~~~~~~~~~~~~~~~~~~~~~~~~~~~ 04-10
04061468;060320463;05285806;06141300113;21011968;03081762;102;614 ~~~~~~~~~~~~~~~~~~~~~~~~~~~~~~~~~~~~~~ 04-11
05061468;070320463;06285806;07141300113;22011968;04081762;103;945;614 ~~~~~~~~~~~~~~~~~~~~~~~~~~~~~~~~~~ 04-12
06061468;080320463;07285806;08141300113;23011968;05081762;104;397;614 ~~~~~~~~~~~~~~~~~~~~~~~~~~~~~~~~~~ 04-13
07061468;090320463;08285806;09141300113;24011968;06081762;105;819;614 ~~~~~~~~~~~~~~~~~~~~~~~~~~~~~~~~~~ 04-14
08061468;100320463;09285806;10141300113;25011968;07081762;106;576;933;406;415;614 ~~~~~~~~~~~~~~~~~~~~~~ 04-15
09061468;110320463;10285806;11141300113;26011968;08081762;107;794 ~~~~~~~~~~~~~~~~~~~~~~~~~~~~~~~~~~~~~~ 04-16
10061468;120320463;11285806;12141300113;27011968;09081762;108;857;877;614 ~~~~~~~~~~~~~~~~~~~~~~~~~~~~~~ 04-17
11061468;130320463;12285806;13141300113;28011968;10081762;109 ~~~~~~~~~~~~~~~~~~~~~~~~~~~~~~~~~~~~~~~~~~ 04-18
12061468;140320463;13285806;14141300113;29011968;11081762;110;631;664;514;614 ~~~~~~~~~~~~~~~~~~~~~~~~~~ 04-19
13061468;150320463;14285806;15141300113;30011968;12081762;111;665;384;539;575 ~~~~~~~~~~~~~~~~~~~~~~~~~~ 04-20
14061468;160320463;15285806;16141300113;01021968;13081762;112;666;515;614 ~~~~~~~~~~~~~~~~~~~~~~~~~~~~~~ 04-21
15061468;170320463;16285806;17141300113;02021968;14081762;113;614 ~~~~~~~~~~~~~~~~~~~~~~~~~~~~~~~~~~~~~~ 04-22
16061468;180320463;17285806;18141300113;03021968;15081762;114;415;614 ~~~~~~~~~~~~~~~~~~~~~~~~~~~~~~~~~~ 04-23
17061468;190320463;18285806;19141300113;04021968;16081762;115;858 ~~~~~~~~~~~~~~~~~~~~~~~~~~~~~~~~~~~~~~ 04-24
18061468;200320463;19285806;00151300113;05021968;17081762;116;670;406;614 ~~~~~~~~~~~~~~~~~~~~~~~~~~~~~~ 04-25
19061468;210320463;20285806;01151300113;06021968;18081762;117;667;614 ~~~~~~~~~~~~~~~~~~~~~~~~~~~~~~~~~~ 04-26
20061468;220320463;21285806;02151300113;07021968;19081762;118;671;398;614 ~~~~~~~~~~~~~~~~~~~~~~~~~~~~~~ 04-27
21061468;230320463;22285806;03151300113;08021968;20081762;119;668 ~~~~~~~~~~~~~~~~~~~~~~~~~~~~~~~~~~~~~~ 04-28
22061468;240320463;23285806;04151300113;09021968;21081762;120;669;624;412;614 ~~~~~~~~~~~~~~~~~~~~~~~~~~ 04-29
23061468;250320463;24285806;05151300113;10021968;22081762;121;624;406 ~~~~~~~~~~~~~~~~~~~~~~~~~~~~~~~~~~ 04-30
24061468;260320463;25285806;06151300113;11021968;23081762;122;675;513;939;624;615 ~~~~~~~~~~~~~~~~~~~~~~ 05-01
25061468;270320463;26285806;07151300113;12021968;24081762;123;676;526;624 ~~~~~~~~~~~~~~~~~~~~~~~~~~~~~~ 05-02
26061468;280320463;27285806;08151300113;13021968;25081762;124;494;677;624;615 ~~~~~~~~~~~~~~~~~~~~~~~~~~ 05-03
27061468;290320463;28285806;09151300113;14021968;26081762;125;679;416;624 ~~~~~~~~~~~~~~~~~~~~~~~~~~~~~~ 05-04
28061468;300320463;29285806;10151300113;15021968;27081762;126;637;672;380;624;406;615 ~~~~~~~~~~~~~~~~~~ 05-05
29061468;010420463;30285806;11151300113;16021968;28081762;127;673;412 ~~~~~~~~~~~~~~~~~~~~~~~~~~~~~~~~~~ 05-06
01071468;020420463;01295806;12151300113;17021968;29081762;128;674;831;615 ~~~~~~~~~~~~~~~~~~~~~~~~~~~~~~ 05-07
02071468;030420463;02295806;13151300113;18021968;30081762;129;902 ~~~~~~~~~~~~~~~~~~~~~~~~~~~~~~~~~~~~~~ 05-08
03071468;040420463;03295806;14151300113;19021968;01091762;130;683;510;615 ~~~~~~~~~~~~~~~~~~~~~~~~~~~~~~ 05-09
04071468;050420463;04295806;15151300113;20021968;02091762;131;528;375;406 ~~~~~~~~~~~~~~~~~~~~~~~~~~~~~~ 05-10
05071468;060420463;05295806;16151300113;21021968;03091762;132;678;529;615 ~~~~~~~~~~~~~~~~~~~~~~~~~~~~~~ 05-11
06071468;070420463;06295806;17151300113;22021968;04091762;133;681;680;553;864 ~~~~~~~~~~~~~~~~~~~~~~~~~~ 05-12
07071468;080420463;07295806;18151300113;23021968;05091762;134;449;451;397;412;615 ~~~~~~~~~~~~~~~~~~~~~~ 05-13
08071468;090420463;08295806;19151300113;24021968;06091762;135;682;433;927 ~~~~~~~~~~~~~~~~~~~~~~~~~~~~~~ 05-14
09071468;100420463;09295806;00161300113;25021968;07091762;136;615 ~~~~~~~~~~~~~~~~~~~~~~~~~~~~~~~~~~~~~~ 05-15
10071468;110420463;10295806;01161300113;26021968;08091762;137;685;514;889 ~~~~~~~~~~~~~~~~~~~~~~~~~~~~~~ 05-16
11071468;120420463;11295806;02161300113;27021968;09091762;138;797;615 ~~~~~~~~~~~~~~~~~~~~~~~~~~~~~~~~~~ 05-17
12071468;130420463;12295806;03161300113;28021968;10091762;139;686;894;573 ~~~~~~~~~~~~~~~~~~~~~~~~~~~~~~ 05-18
13071468;140420463;13295806;04161300113;29021968;11091762;140;687;385;573;615 ~~~~~~~~~~~~~~~~~~~~~~~~~~ 05-19
14071468;150420463;14295806;05161300113;30021968;12091762;141;684;537;937;573;412 ~~~~~~~~~~~~~~~~~~~~~~ 05-20
15071468;160420463;15295806;06161300113;31021968;13091762;142;789;892;375;615 ~~~~~~~~~~~~~~~~~~~~~~~~~~ 05-21
16071468;170420463;16295806;07161300113;01031968;14091762;143 ~~~~~~~~~~~~~~~~~~~~~~~~~~~~~~~~~~~~~~~~~~ 05-22
17071468;180420463;17295806;08161300113;02031968;15091762;144;798;615 ~~~~~~~~~~~~~~~~~~~~~~~~~~~~~~~~~~ 05-23
18071468;190420463;18295806;09161300113;03031968;16091762;145;518 ~~~~~~~~~~~~~~~~~~~~~~~~~~~~~~~~~~~~~~ 05-24
19071468;200420463;19295806;10161300113;04031968;17091762;146;596;689;406;615 ~~~~~~~~~~~~~~~~~~~~~~~~~~ 05-25
20071468;210420463;20295806;11161300113;05031968;18091762;147;439 ~~~~~~~~~~~~~~~~~~~~~~~~~~~~~~~~~~~~~~ 05-26
21071468;220420463;21295806;12161300113;06031968;19091762;148;439;398;615 ~~~~~~~~~~~~~~~~~~~~~~~~~~~~~~ 05-27
22071468;230420463;22295806;13161300113;07031968;20091762;149;438;376;407;513 ~~~~~~~~~~~~~~~~~~~~~~~~~~ 05-28
23071468;240420463;23295806;14161300113;08031968;21091762;150;830;615 ~~~~~~~~~~~~~~~~~~~~~~~~~~~~~~~~~~ 05-29
24071468;250420463;24295806;15161300113;09031968;22091762;151;688 ~~~~~~~~~~~~~~~~~~~~~~~~~~~~~~~~~~~~~~ 05-30
25071468;260420463;25295806;16161300113;10031968;23091762;152;530;615 ~~~~~~~~~~~~~~~~~~~~~~~~~~~~~~~~~~ 05-31
26071468;270420463;26295806;17161300113;11031968;24091762;153;596;692;694 ~~~~~~~~~~~~~~~~~~~~~~~~~~~~~~ 06-01
27071468;280420463;27295806;18161300113;12031968;25091762;154;637;693;509;616 ~~~~~~~~~~~~~~~~~~~~~~~~~~ 06-02
28071468;290420463;28295806;19161300113;13031968;26091762;155;690 ~~~~~~~~~~~~~~~~~~~~~~~~~~~~~~~~~~~~~~ 06-03
29071468;010520463;29295806;00171300113;14031968;27091762;156;380;921;942;616;605 ~~~~~~~~~~~~~~~~~~~~~~ 06-04
30071468;020520463;01305806;01171300113;15031968;28091762;157;420 ~~~~~~~~~~~~~~~~~~~~~~~~~~~~~~~~~~~~~~ 06-05
01081468;030520463;02305806;02171300113;16031968;29091762;158;691;616 ~~~~~~~~~~~~~~~~~~~~~~~~~~~~~~~~~~ 06-06
02081468;040520463;03305806;03171300113;17031968;30091762;159;616 ~~~~~~~~~~~~~~~~~~~~~~~~~~~~~~~~~~~~~~ 06-07
03081468;050520463;04305806;04171300113;18031968;01101762;160;564;616 ~~~~~~~~~~~~~~~~~~~~~~~~~~~~~~~~~~ 06-08
04081468;060520463;05305806;05171300113;19031968;02101762;161;697;799 ~~~~~~~~~~~~~~~~~~~~~~~~~~~~~~~~~~ 06-09
05081468;070520463;06305806;06171300113;20031968;03101762;162;695;436;861;522;616 ~~~~~~~~~~~~~~~~~~~~~~ 06-10
06081468;080520463;07305806;07171300113;21031968;04101762;163;397;833;569;616 ~~~~~~~~~~~~~~~~~~~~~~~~~~ 06-11
07081468;090520463;08305806;08171300113;22031968;05101762;164;696;514;569;616 ~~~~~~~~~~~~~~~~~~~~~~~~~~ 06-12
08081468;100520463;09305806;09171300113;23031968;06101762;165;552 ~~~~~~~~~~~~~~~~~~~~~~~~~~~~~~~~~~~~~~ 06-13
09081468;110520463;10305806;10171300113;24031968;07101762;166;896;616 ~~~~~~~~~~~~~~~~~~~~~~~~~~~~~~~~~~ 06-14
10081468;120520463;11305806;11171300113;25031968;08101762;167;701;699;616 ~~~~~~~~~~~~~~~~~~~~~~~~~~~~~~ 06-15
11081468;130520463;12305806;12171300113;26031968;09101762;168;616 ~~~~~~~~~~~~~~~~~~~~~~~~~~~~~~~~~~~~~~ 06-16
12081468;140520463;13305806;13171300113;27031968;10101762;169;452;452 ~~~~~~~~~~~~~~~~~~~~~~~~~~~~~~~~~~ 06-17
13081468;150520463;14305806;14171300113;28031968;11101762;170;386;874;941;616 ~~~~~~~~~~~~~~~~~~~~~~~~~~ 06-18
14081468;160520463;15305806;15171300113;29031968;12101762;171;512 ~~~~~~~~~~~~~~~~~~~~~~~~~~~~~~~~~~~~~~ 06-19
15081468;170520463;16305806;16171300113;30031968;13101762;172;460;616 ~~~~~~~~~~~~~~~~~~~~~~~~~~~~~~~~~~ 06-20
16081468;180520463;17305806;17171300113;31031968;14101762;173;698;425;616 ~~~~~~~~~~~~~~~~~~~~~~~~~~~~~~ 06-21
17081468;190520463;18305806;18171300113;01041968;15101762;174;461;700;616 ~~~~~~~~~~~~~~~~~~~~~~~~~~~~~~ 06-22
18081468;200520463;19305806;19171300113;02041968;16101762;175;702 ~~~~~~~~~~~~~~~~~~~~~~~~~~~~~~~~~~~~~~ 06-23
19081468;210520463;20305806;00001400113;03041968;17101762;176;399;412;616 ~~~~~~~~~~~~~~~~~~~~~~~~~~~~~~ 06-24
20081468;220520463;21305806;01001400113;04041968;18101762;177;513;421;616 ~~~~~~~~~~~~~~~~~~~~~~~~~~~~~~ 06-25
21081468;230520463;22305806;02001400113;05041968;19101762;178;398;616 ~~~~~~~~~~~~~~~~~~~~~~~~~~~~~~~~~~ 06-26
22081468;240520463;23305806;03001400113;06041968;20101762;179;704;432;400;616 ~~~~~~~~~~~~~~~~~~~~~~~~~~ 06-27
23081468;250520463;24305806;04001400113;07041968;21101762;180;616 ~~~~~~~~~~~~~~~~~~~~~~~~~~~~~~~~~~~~~~ 06-28
24081468;260520463;25305806;05001400113;08041968;22101762;181;703;578;616 ~~~~~~~~~~~~~~~~~~~~~~~~~~~~~~ 06-29
25081468;270520463;26305806;06001400113;09041968;23101762;182;946;616 ~~~~~~~~~~~~~~~~~~~~~~~~~~~~~~~~~~ 06-30
26081468;280520463;27305806;07001400113;10041968;24101762;183;795 ~~~~~~~~~~~~~~~~~~~~~~~~~~~~~~~~~~~~~~ 07-01
27081468;290520463;28305806;08001400113;11041968;25101762;184;617 ~~~~~~~~~~~~~~~~~~~~~~~~~~~~~~~~~~~~~~ 07-02
28081468;300520463;29305806;09001400113;12041968;26101762;185;380;400 ~~~~~~~~~~~~~~~~~~~~~~~~~~~~~~~~~~ 07-03
29081468;010620463;30305806;10001400113;13041968;27101762;186;617 ~~~~~~~~~~~~~~~~~~~~~~~~~~~~~~~~~~~~~~ 07-04
01091468;020620463;01315806;11001400113;14041968;28101762;187;373;870;504;421;617 ~~~~~~~~~~~~~~~~~~~~~~ 07-05
02091468;030620463;02315806;12001400113;15041968;29101762;188;565;400;617 ~~~~~~~~~~~~~~~~~~~~~~~~~~~~~~ 07-06
03091468;040620463;03315806;13001400113;16041968;30101762;189;637;705;840;514;565 ~~~~~~~~~~~~~~~~~~~~~~ 07-07
04091468;050620463;04315806;14001400113;17041968;01111762;190;412;617 ~~~~~~~~~~~~~~~~~~~~~~~~~~~~~~~~~~ 07-08
05091468;060620463;05315806;15001400113;18041968;02111762;191;707 ~~~~~~~~~~~~~~~~~~~~~~~~~~~~~~~~~~~~~~ 07-09
06091468;070620463;06315806;16001400113;19041968;03111762;192;397;617 ~~~~~~~~~~~~~~~~~~~~~~~~~~~~~~~~~~ 07-10
07091468;080620463;07315806;17001400113;20041968;04111762;193;617 ~~~~~~~~~~~~~~~~~~~~~~~~~~~~~~~~~~~~~~ 07-11
08091468;090620463;08315806;18001400113;21041968;05111762;194;617 ~~~~~~~~~~~~~~~~~~~~~~~~~~~~~~~~~~~~~~ 07-12
09091468;100620463;09315806;19001400113;22041968;06111762;195;596;505;617 ~~~~~~~~~~~~~~~~~~~~~~~~~~~~~~ 07-13
10091468;110620463;10315806;00011400113;23041968;07111762;196;706;546;617 ~~~~~~~~~~~~~~~~~~~~~~~~~~~~~~ 07-14
11091468;120620463;11315806;01011400113;24041968;08111762;197;709;400;412;421;617 ~~~~~~~~~~~~~~~~~~~~~~ 07-15
12091468;130620463;12315806;02011400113;25041968;09111762;198;710;617 ~~~~~~~~~~~~~~~~~~~~~~~~~~~~~~~~~~ 07-16
13091468;140620463;13315806;03011400113;26041968;10111762;199;387;531;561;505 ~~~~~~~~~~~~~~~~~~~~~~~~~~ 07-17
14091468;150620463;14315806;04011400113;27041968;11111762;200;711;401;540;947;617 ~~~~~~~~~~~~~~~~~~~~~~ 07-18
15091468;160620463;15315806;05011400113;28041968;12111762;201;631 ~~~~~~~~~~~~~~~~~~~~~~~~~~~~~~~~~~~~~~ 07-19
16091468;170620463;16315806;06011400113;29041968;13111762;202;617 ~~~~~~~~~~~~~~~~~~~~~~~~~~~~~~~~~~~~~~ 07-20
17091468;180620463;17315806;07011400113;30041968;14111762;203;708;505 ~~~~~~~~~~~~~~~~~~~~~~~~~~~~~~~~~~ 07-21
18091468;190620463;18315806;08011400113;31041968;15111762;204;714;617 ~~~~~~~~~~~~~~~~~~~~~~~~~~~~~~~~~~ 07-22
19091468;200620463;19315806;09011400113;01051968;16111762;205;513;505 ~~~~~~~~~~~~~~~~~~~~~~~~~~~~~~~~~~ 07-23
20091468;210620463;20315806;10011400113;02051968;17111762;206;617 ~~~~~~~~~~~~~~~~~~~~~~~~~~~~~~~~~~~~~~ 07-24
21091468;220620463;21315806;11011400113;03051968;18111762;207;398 ~~~~~~~~~~~~~~~~~~~~~~~~~~~~~~~~~~~~~~ 07-25
22091468;230620463;22315806;12011400113;04051968;19111762;208;712;715;617 ~~~~~~~~~~~~~~~~~~~~~~~~~~~~~~ 07-26
23091468;240620463;23315806;13011400113;05051968;20111762;209;716 ~~~~~~~~~~~~~~~~~~~~~~~~~~~~~~~~~~~~~~ 07-27
24091468;250620463;24315806;14011400113;06051968;21111762;210;713;437;617 ~~~~~~~~~~~~~~~~~~~~~~~~~~~~~~ 07-28
25091468;260620463;25315806;15011400113;07051968;22111762;211;878;412;617 ~~~~~~~~~~~~~~~~~~~~~~~~~~~~~~ 07-29
26091468;270620463;26315806;16011400113;08051968;23111762;212;617 ~~~~~~~~~~~~~~~~~~~~~~~~~~~~~~~~~~~~~~ 07-30
27091468;280620463;27315806;17011400113;09051968;24111762;213;508;505 ~~~~~~~~~~~~~~~~~~~~~~~~~~~~~~~~~~ 07-31
28091468;290620463;28315806;18011400113;10051968;25111762;214;618 ~~~~~~~~~~~~~~~~~~~~~~~~~~~~~~~~~~~~~~ 08-01
29091468;010720463;29315806;19011400113;11051968;26111762;215;380;930;953 ~~~~~~~~~~~~~~~~~~~~~~~~~~~~~~ 08-02
30091468;020720463;01325806;00021400113;12051968;27111762;216;719;507;506;618 ~~~~~~~~~~~~~~~~~~~~~~~~~~ 08-03
01101468;030720463;02325806;01021400113;13051968;28111762;217;637;720;514;502 ~~~~~~~~~~~~~~~~~~~~~~~~~~ 08-04
02101468;040720463;03325806;02021400113;14051968;29111762;218;717;579;412;618 ~~~~~~~~~~~~~~~~~~~~~~~~~~ 08-05
03101468;050720463;04325806;03021400113;15051968;30111762;219;891 ~~~~~~~~~~~~~~~~~~~~~~~~~~~~~~~~~~~~~~ 08-06
04101468;060720463;05325806;04021400113;16051968;01121762;220;718;618 ~~~~~~~~~~~~~~~~~~~~~~~~~~~~~~~~~~ 08-07
05101468;070720463;06325806;05021400113;17051968;02121762;221;722;397;408;572 ~~~~~~~~~~~~~~~~~~~~~~~~~~ 08-08
06101468;080720463;07325806;06021400113;18051968;03121762;222;618 ~~~~~~~~~~~~~~~~~~~~~~~~~~~~~~~~~~~~~~ 08-09
07101468;090720463;08325806;07021400113;19051968;04121762;223;433;938 ~~~~~~~~~~~~~~~~~~~~~~~~~~~~~~~~~~ 08-10
08101468;100720463;09325806;08021400113;20051968;05121762;224;723;618 ~~~~~~~~~~~~~~~~~~~~~~~~~~~~~~~~~~ 08-11
09101468;110720463;10325806;09021400113;21051968;06121762;225;721;926;412 ~~~~~~~~~~~~~~~~~~~~~~~~~~~~~~ 08-12
10101468;120720463;11325806;10021400113;22051968;07121762;226;618 ~~~~~~~~~~~~~~~~~~~~~~~~~~~~~~~~~~~~~~ 08-13
11101468;130720463;12325806;11021400113;23051968;08121762;227 ~~~~~~~~~~~~~~~~~~~~~~~~~~~~~~~~~~~~~~~~~~ 08-14
12101468;140720463;13325806;12021400113;24051968;09121762;228;567;618 ~~~~~~~~~~~~~~~~~~~~~~~~~~~~~~~~~~ 08-15
13101468;150720463;14325806;13021400113;25051968;10121762;229;388;556;909;910;925;567 ~~~~~~~~~~~~~~~~~~ 08-16
14101468;160720463;15325806;14021400113;26051968;11121762;230;618 ~~~~~~~~~~~~~~~~~~~~~~~~~~~~~~~~~~~~~~ 08-17
15101468;170720463;16325806;15021400113;27051968;12121762;231;724 ~~~~~~~~~~~~~~~~~~~~~~~~~~~~~~~~~~~~~~ 08-18
16101468;180720463;17325806;16021400113;28051968;13121762;232;875;412;618 ~~~~~~~~~~~~~~~~~~~~~~~~~~~~~~ 08-19
17101468;190720463;18325806;17021400113;29051968;14121762;233;413;513 ~~~~~~~~~~~~~~~~~~~~~~~~~~~~~~~~~~ 08-20
18101468;200720463;19325806;18021400113;30051968;15121762;234;618 ~~~~~~~~~~~~~~~~~~~~~~~~~~~~~~~~~~~~~~ 08-21
19101468;210720463;20325806;19021400113;31051968;16121762;235;417 ~~~~~~~~~~~~~~~~~~~~~~~~~~~~~~~~~~~~~~ 08-22
20101468;220720463;21325806;00031400113;01061968;17121762;236;618 ~~~~~~~~~~~~~~~~~~~~~~~~~~~~~~~~~~~~~~ 08-23
21101468;230720463;22325806;01031400113;02061968;18121762;237;427;398 ~~~~~~~~~~~~~~~~~~~~~~~~~~~~~~~~~~ 08-24
22101468;240720463;23325806;02031400113;03061968;19121762;238;725;883;618 ~~~~~~~~~~~~~~~~~~~~~~~~~~~~~~ 08-25
23101468;250720463;24325806;03031400113;04061968;20121762;239;428;725;409 ~~~~~~~~~~~~~~~~~~~~~~~~~~~~~~ 08-26
24101468;260720463;25325806;04031400113;05061968;21121762;240;796;618 ~~~~~~~~~~~~~~~~~~~~~~~~~~~~~~~~~~ 08-27
25101468;270720463;26325806;05031400113;06061968;22121762;241;594;467;503 ~~~~~~~~~~~~~~~~~~~~~~~~~~~~~~ 08-28
26101468;280720463;27325806;06031400113;07061968;23121762;242;595;618 ~~~~~~~~~~~~~~~~~~~~~~~~~~~~~~~~~~ 08-29
27101468;290720463;28325806;07031400113;08061968;24121762;243 ~~~~~~~~~~~~~~~~~~~~~~~~~~~~~~~~~~~~~~~~~~ 08-30
28101468;300720463;29325806;08031400113;09061968;25121762;244;596;380;618 ~~~~~~~~~~~~~~~~~~~~~~~~~~~~~~ 08-31
29101468;010820463;30325806;09031400113;10061968;26121762;245;429;637;728;514;409 ~~~~~~~~~~~~~~~~~~~~~~ 09-01
01111468;020820463;01335806;10031400113;11061968;27121762;246;430;868;619 ~~~~~~~~~~~~~~~~~~~~~~~~~~~~~~ 09-02
02111468;030820463;02335806;11031400113;12061968;28121762;247;434;550;597;421 ~~~~~~~~~~~~~~~~~~~~~~~~~~ 09-03
03111468;040820463;03335806;12031400113;13061968;29121762;248;435;915;619 ~~~~~~~~~~~~~~~~~~~~~~~~~~~~~~ 09-04
04111468;050820463;04335806;13031400113;14061968;30121762;249;619 ~~~~~~~~~~~~~~~~~~~~~~~~~~~~~~~~~~~~~~ 09-05
05111468;060820463;05335806;14031400113;15061968;01131762;250;619 ~~~~~~~~~~~~~~~~~~~~~~~~~~~~~~~~~~~~~~ 09-06
06111468;070820463;06335806;15031400113;16061968;02131762;251;727;397;908;409 ~~~~~~~~~~~~~~~~~~~~~~~~~~ 09-07
07111468;080820463;07335806;16031400113;17061968;03131762;252;619 ~~~~~~~~~~~~~~~~~~~~~~~~~~~~~~~~~~~~~~ 09-08
08111468;090820463;08335806;17031400113;18061968;04131762;253;455;845;418 ~~~~~~~~~~~~~~~~~~~~~~~~~~~~~~ 09-09
09111468;100820463;09335806;18031400113;19061968;05131762;254;729;846;903;619 ~~~~~~~~~~~~~~~~~~~~~~~~~~ 09-10
10111468;110820463;10335806;19031400113;20061968;01011763;255;619 ~~~~~~~~~~~~~~~~~~~~~~~~~~~~~~~~~~~~~~ 09-11
11111468;120820463;11335806;00041400113;21061968;02011763;256;847;897;619 ~~~~~~~~~~~~~~~~~~~~~~~~~~~~~~ 09-12
12111468;130820463;12335806;01041400113;22061968;03011763;257;730;726;409;421 ~~~~~~~~~~~~~~~~~~~~~~~~~~ 09-13
13111468;140820463;13335806;02041400113;23061968;04011763;258;389;390;520;551;619 ~~~~~~~~~~~~~~~~~~~~~~ 09-14
14111468;150820463;14335806;03041400113;24061968;05011763;259;735;534;907;570;619 ~~~~~~~~~~~~~~~~~~~~~~ 09-15
15111468;160820463;15335806;04041400113;25061968;06011763;260;731;513;619 ~~~~~~~~~~~~~~~~~~~~~~~~~~~~~~ 09-16
16111468;170820463;16335806;05041400113;26061968;07011763;261;619;848 ~~~~~~~~~~~~~~~~~~~~~~~~~~~~~~~~~~ 09-17
17111468;180820463;17335806;06041400113;27061968;08011763;262;732;619 ~~~~~~~~~~~~~~~~~~~~~~~~~~~~~~~~~~ 09-18
18111468;190820463;18335806;07041400113;28061968;09011763;263;409 ~~~~~~~~~~~~~~~~~~~~~~~~~~~~~~~~~~~~~~ 09-19
19111468;200820463;19335806;08041400113;29061968;10011763;264;733;619 ~~~~~~~~~~~~~~~~~~~~~~~~~~~~~~~~~~ 09-20
20111468;210820463;20335806;09041400113;30061968;11011763;265;734 ~~~~~~~~~~~~~~~~~~~~~~~~~~~~~~~~~~~~~~ 09-21
21111468;220820463;21335806;10041400113;31061968;12011763;266;739;462;619 ~~~~~~~~~~~~~~~~~~~~~~~~~~~~~~ 09-22
22111468;230820463;22335806;11041400113;01071968;13011763;267;740;398;432;423;848 ~~~~~~~~~~~~~~~~~~~~~~ 09-23
23111468;240820463;23335806;12041400113;02071968;14011763;268;736;463;619 ~~~~~~~~~~~~~~~~~~~~~~~~~~~~~~ 09-24
24111468;250820463;24335806;13041400113;03071968;15011763;269;737;409;619;848 ~~~~~~~~~~~~~~~~~~~~~~~~~~ 09-25
25111468;260820463;25335806;14041400113;04071968;16011763;270;742;790;869;619 ~~~~~~~~~~~~~~~~~~~~~~~~~~ 09-26
26111468;270820463;26335806;15041400113;05071968;17011763;271;741;790;848 ~~~~~~~~~~~~~~~~~~~~~~~~~~~~~~ 09-27
27111468;280820463;27335806;16041400113;06071968;18011763;272;738;790;619 ~~~~~~~~~~~~~~~~~~~~~~~~~~~~~~ 09-28
28111468;290820463;28335806;17041400113;07071968;19011763;273;743;790;380;920;619;574 ~~~~~~~~~~~~~~~~~~ 09-29
29111468;010920463;29335806;18041400113;08071968;20011763;274;790;514;895;521;853;619 ~~~~~~~~~~~~~~~~~~ 09-30
30111468;020920463;01015807;19041400113;09071968;21011763;275;744;790;521;853 ~~~~~~~~~~~~~~~~~~~~~~~~~~ 10-01
01121468;030920463;02015807;00051400113;10071968;22011763;276;745;790;521;853;620 ~~~~~~~~~~~~~~~~~~~~~~ 10-02
02121468;040920463;03015807;01051400113;11071968;23011763;277;746;620 ~~~~~~~~~~~~~~~~~~~~~~~~~~~~~~~~~~ 10-03
03121468;050920463;04015807;02051400113;12071968;24011763;278;747;815;620 ~~~~~~~~~~~~~~~~~~~~~~~~~~~~~~ 10-04
04121468;060920463;05015807;03051400113;13071968;25011763;279;748;918;848 ~~~~~~~~~~~~~~~~~~~~~~~~~~~~~~ 10-05
05121468;070920463;06015807;04051400113;14071968;26011763;280;637;397;919;620 ~~~~~~~~~~~~~~~~~~~~~~~~~~ 10-06
06121468;080920463;07015807;05051400113;15071968;27011763;281;749;436;457;548;885;409 ~~~~~~~~~~~~~~~~~~ 10-07
07121468;090920463;08015807;06051400113;16071968;28011763;282;751;563;620 ~~~~~~~~~~~~~~~~~~~~~~~~~~~~~~ 10-08
08121468;100920463;09015807;07051400113;17071968;29011763;283;791;549;560;620;848 ~~~~~~~~~~~~~~~~~~~~~~ 10-09
09121468;110920463;10015807;08051400113;18071968;30011763;284;752;367;899;501;527;620 ~~~~~~~~~~~~~~~~~~ 10-10
10121468;120920463;11015807;09051400113;19071968;01021763;285;753;368;500 ~~~~~~~~~~~~~~~~~~~~~~~~~~~~~~ 10-11
11121468;130920463;12015807;10051400113;20071968;02021763;286;500;620 ~~~~~~~~~~~~~~~~~~~~~~~~~~~~~~~~~~ 10-12
12121468;140920463;13015807;11051400113;21071968;03021763;287;754;513;409;421;848 ~~~~~~~~~~~~~~~~~~~~~~ 10-13
13121468;150920463;14015807;12051400113;22071968;04021763;288;750;391;532;817;882;922;500;620 ~~~~~~~~~~ 10-14
14121468;160920463;15015807;13051400113;23071968;05021763;289;755;500;523;418;620 ~~~~~~~~~~~~~~~~~~~~~~ 10-15
15121468;170920463;16015807;14051400113;24071968;06021763;290;756;523;620 ~~~~~~~~~~~~~~~~~~~~~~~~~~~~~~ 10-16
16121468;180920463;17015807;15051400113;25071968;07021763;291;757;523 ~~~~~~~~~~~~~~~~~~~~~~~~~~~~~~~~~~ 10-17
17121468;190920463;18015807;16051400113;26071968;08021763;292;631;881;523;620 ~~~~~~~~~~~~~~~~~~~~~~~~~~ 10-18
18121468;200920463;19015807;17051400113;27071968;09021763;293;399;841;523;409 ~~~~~~~~~~~~~~~~~~~~~~~~~~ 10-19
19121468;210920463;20015807;18051400113;28071968;10021763;294;758;523;784;620 ~~~~~~~~~~~~~~~~~~~~~~~~~~ 10-20
20121468;220920463;21015807;19051400113;29071968;11021763;295;369;523;785 ~~~~~~~~~~~~~~~~~~~~~~~~~~~~~~ 10-21
21121468;230920463;22015807;00061400113;30071968;12021763;296;398;499;524;786;400;620 ~~~~~~~~~~~~~~~~~~ 10-22
22121468;240920463;23015807;01061400113;01081968;13021763;297;525;787;421;620 ~~~~~~~~~~~~~~~~~~~~~~~~~~ 10-23
23121468;250920463;24015807;02061400113;02081968;14021763;298;371;431;418;620 ~~~~~~~~~~~~~~~~~~~~~~~~~~ 10-24
24121468;260920463;25015807;03061400113;03081968;15021763;299;911;842;400 ~~~~~~~~~~~~~~~~~~~~~~~~~~~~~~ 10-25
25121468;270920463;26015807;04061400113;04081968;16021763;300;849;554;558;620 ~~~~~~~~~~~~~~~~~~~~~~~~~~ 10-26
26121468;280920463;27015807;05061400113;05081968;17021763;301;759;779;784;785 ~~~~~~~~~~~~~~~~~~~~~~~~~~ 10-27
27121468;290920463;28015807;06061400113;06081968;18021763;302;514;780;893;620 ~~~~~~~~~~~~~~~~~~~~~~~~~~ 10-28
28121468;011020463;29015807;07061400113;07081968;19021763;303;380;781;786;787 ~~~~~~~~~~~~~~~~~~~~~~~~~~ 10-29
29121468;021020463;30015807;08061400113;08081968;20021763;304;458;535;782;788;620 ~~~~~~~~~~~~~~~~~~~~~~ 10-30
01011469;031020463;01025807;09061400113;09081968;21021763;305;783;495 ~~~~~~~~~~~~~~~~~~~~~~~~~~~~~~~~~~ 10-31
02011469;041020463;02025807;10061400113;10081968;22021763;306;762;621 ~~~~~~~~~~~~~~~~~~~~~~~~~~~~~~~~~~ 11-01
03011469;051020463;03025807;11061400113;11081968;23021763;307 ~~~~~~~~~~~~~~~~~~~~~~~~~~~~~~~~~~~~~~~~~~ 11-02
04011469;061020463;04025807;12061400113;12081968;24021763;308;637;763;543;400;621 ~~~~~~~~~~~~~~~~~~~~~~ 11-03
05011469;071020463;05025807;13061400113;13081968;25021763;309 ~~~~~~~~~~~~~~~~~~~~~~~~~~~~~~~~~~~~~~~~~~ 11-04
06011469;081020463;06025807;14061400113;14081968;26021763;310;760;397;621 ~~~~~~~~~~~~~~~~~~~~~~~~~~~~~~ 11-05
07011469;091020463;07025807;15061400113;15081968;27021763;311;850;433;400;409 ~~~~~~~~~~~~~~~~~~~~~~~~~~ 11-06
08011469;101020463;08025807;16061400113;16081968;28021763;312;761;621 ~~~~~~~~~~~~~~~~~~~~~~~~~~~~~~~~~~ 11-07
09011469;111020463;09025807;17061400113;17081968;29021763;313;764;879 ~~~~~~~~~~~~~~~~~~~~~~~~~~~~~~~~~~ 11-08
10011469;121020463;10025807;18061400113;18081968;30021763;314;401;513;547;498;621 ~~~~~~~~~~~~~~~~~~~~~~ 11-09
11011469;131020463;11025807;19061400113;19081968;01031763;315;453;934 ~~~~~~~~~~~~~~~~~~~~~~~~~~~~~~~~~~ 11-10
12011469;141020463;12025807;00071400113;20081968;02031763;316;621 ~~~~~~~~~~~~~~~~~~~~~~~~~~~~~~~~~~~~~~ 11-11
13011469;151020463;13025807;01071400113;21081968;03031763;317;421;496 ~~~~~~~~~~~~~~~~~~~~~~~~~~~~~~~~~~ 11-12
14011469;161020463;14025807;02071400113;22081968;04031763;318;392;880;621 ~~~~~~~~~~~~~~~~~~~~~~~~~~~~~~ 11-13
15011469;171020463;15025807;03071400113;23081968;05031763;319;496 ~~~~~~~~~~~~~~~~~~~~~~~~~~~~~~~~~~~~~~ 11-14
16011469;181020463;16025807;04071400113;24081968;06031763;320;766;621 ~~~~~~~~~~~~~~~~~~~~~~~~~~~~~~~~~~ 11-15
17011469;191020463;17025807;05071400113;25081968;07031763;321;422;437 ~~~~~~~~~~~~~~~~~~~~~~~~~~~~~~~~~~ 11-16
18011469;201020463;18025807;06071400113;26081968;08031763;322;767;621 ~~~~~~~~~~~~~~~~~~~~~~~~~~~~~~~~~~ 11-17
19011469;211020463;19025807;07071400113;27081968;09031763;323;765;496 ~~~~~~~~~~~~~~~~~~~~~~~~~~~~~~~~~~ 11-18
20011469;221020463;20025807;08071400113;28081968;10031763;324;621 ~~~~~~~~~~~~~~~~~~~~~~~~~~~~~~~~~~~~~~ 11-19
21011469;231020463;21025807;09071400113;29081968;11031763;325;398 ~~~~~~~~~~~~~~~~~~~~~~~~~~~~~~~~~~~~~~ 11-20
22011469;241020463;22025807;10071400113;30081968;12031763;326;769;876;621 ~~~~~~~~~~~~~~~~~~~~~~~~~~~~~~ 11-21
23011469;251020463;23025807;11071400113;01091968;13031763;327;440;788;496 ~~~~~~~~~~~~~~~~~~~~~~~~~~~~~~ 11-22
24011469;261020463;24025807;12071400113;02091968;14031763;328;596;441;621 ~~~~~~~~~~~~~~~~~~~~~~~~~~~~~~ 11-23
25011469;271020463;25025807;13071400113;03091968;15031763;329;770;768;936;409 ~~~~~~~~~~~~~~~~~~~~~~~~~~ 11-24
26011469;281020463;26025807;14071400113;04091968;16031763;330;514;621 ~~~~~~~~~~~~~~~~~~~~~~~~~~~~~~~~~~ 11-25
27011469;291020463;27025807;15071400113;05091968;17031763;331;442 ~~~~~~~~~~~~~~~~~~~~~~~~~~~~~~~~~~~~~~ 11-26
28011469;301020463;28025807;16071400113;06091968;18031763;332;771;380;621 ~~~~~~~~~~~~~~~~~~~~~~~~~~~~~~ 11-27
29011469;011120463;29025807;17071400113;07091968;19031763;333;772;369 ~~~~~~~~~~~~~~~~~~~~~~~~~~~~~~~~~~ 11-28
30011469;021120463;30025807;18071400113;08091968;20031763;334;497;418;621 ~~~~~~~~~~~~~~~~~~~~~~~~~~~~~~ 11-29
01021469;031120463;01035807;19071400113;09091968;21031763;335 ~~~~~~~~~~~~~~~~~~~~~~~~~~~~~~~~~~~~~~~~~~ 11-30
02021469;041120463;02035807;00081400113;10091968;22031763;336;637;775;622 ~~~~~~~~~~~~~~~~~~~~~~~~~~~~~~ 12-01
03021469;051120463;03035807;01081400113;11091968;23031763;337;370;944;589 ~~~~~~~~~~~~~~~~~~~~~~~~~~~~~~ 12-02
04021469;061120463;04035807;02081400113;12091968;24031763;338;835;859;622 ~~~~~~~~~~~~~~~~~~~~~~~~~~~~~~ 12-03
05021469;071120463;05035807;03081400113;13091968;25031763;339;773;397;410 ~~~~~~~~~~~~~~~~~~~~~~~~~~~~~~ 12-04
06021469;081120463;06035807;04081400113;14091968;26031763;340;622 ~~~~~~~~~~~~~~~~~~~~~~~~~~~~~~~~~~~~~~ 12-05
07021469;091120463;07035807;05081400113;15091968;27031763;341 ~~~~~~~~~~~~~~~~~~~~~~~~~~~~~~~~~~~~~~~~~~ 12-06
08021469;101120463;08035807;06081400113;16091968;28031763;342;774;513;622 ~~~~~~~~~~~~~~~~~~~~~~~~~~~~~~ 12-07
09021469;111120463;09035807;07081400113;17091968;29031763;343;776;418 ~~~~~~~~~~~~~~~~~~~~~~~~~~~~~~~~~~ 12-08
10021469;121120463;10035807;08081400113;18091968;30031763;344;777;557;890;590;622 ~~~~~~~~~~~~~~~~~~~~~~ 12-09
11021469;131120463;11035807;09081400113;19091968;01041763;345 ~~~~~~~~~~~~~~~~~~~~~~~~~~~~~~~~~~~~~~~~~~ 12-10
12021469;141120463;12035807;10081400113;20091968;02041763;346;414;622 ~~~~~~~~~~~~~~~~~~~~~~~~~~~~~~~~~~ 12-11
13021469;151120463;13035807;11081400113;21091968;03041763;347;545 ~~~~~~~~~~~~~~~~~~~~~~~~~~~~~~~~~~~~~~ 12-12
14021469;161120463;14035807;12081400113;22091968;04041763;348;395;887;622 ~~~~~~~~~~~~~~~~~~~~~~~~~~~~~~ 12-13
15021469;171120463;15035807;13081400113;23091968;05041763;349 ~~~~~~~~~~~~~~~~~~~~~~~~~~~~~~~~~~~~~~~~~~ 12-14
16021469;181120463;16035807;14081400113;24091968;06041763;350;622 ~~~~~~~~~~~~~~~~~~~~~~~~~~~~~~~~~~~~~~ 12-15
17021469;191120463;17035807;15081400113;25091968;07041763;351;591 ~~~~~~~~~~~~~~~~~~~~~~~~~~~~~~~~~~~~~~ 12-16
18021469;201120463;18035807;16081400113;26091968;08041763;352;622 ~~~~~~~~~~~~~~~~~~~~~~~~~~~~~~~~~~~~~~ 12-17
19021469;211120463;19035807;17081400113;27091968;09041763;353 ~~~~~~~~~~~~~~~~~~~~~~~~~~~~~~~~~~~~~~~~~~ 12-18
20021469;221120463;20035807;18081400113;28091968;10041763;354;844;622 ~~~~~~~~~~~~~~~~~~~~~~~~~~~~~~~~~~ 12-19
21021469;231120463;21035807;19081400113;29091968;11041763;355;398;371;432 ~~~~~~~~~~~~~~~~~~~~~~~~~~~~~~ 12-20
22021469;241120463;22035807;00091400113;30091968;12041763;356;778;466;622 ~~~~~~~~~~~~~~~~~~~~~~~~~~~~~~ 12-21
23021469;251120463;23035807;01091400113;01101968;13041763;357;426 ~~~~~~~~~~~~~~~~~~~~~~~~~~~~~~~~~~~~~~ 12-22
24021469;261120463;24035807;02091400113;02101968;14041763;358;514;864;917;592;465;622 ~~~~~~~~~~~~~~~~~~ 12-23
25021469;271120463;25035807;03091400113;03101968;15041763;359;516 ~~~~~~~~~~~~~~~~~~~~~~~~~~~~~~~~~~~~~~ 12-24
26021469;281120463;26035807;04091400113;04101968;16041763;360;516;622 ~~~~~~~~~~~~~~~~~~~~~~~~~~~~~~~~~~ 12-25
27021469;291120463;27035807;05091400113;05101968;17041763;361;516 ~~~~~~~~~~~~~~~~~~~~~~~~~~~~~~~~~~~~~~ 12-26
28021469;011220463;28035807;06091400113;06101968;18041763;362;380;516;415;622 ~~~~~~~~~~~~~~~~~~~~~~~~~~ 12-27
29021469;021220463;29035807;07091400113;07101968;19041763;363;516 ~~~~~~~~~~~~~~~~~~~~~~~~~~~~~~~~~~~~~~ 12-28
01031469;031220463;30035807;08091400113;08101968;20041763;364;622 ~~~~~~~~~~~~~~~~~~~~~~~~~~~~~~~~~~~~~~ 12-29
02031469;041220463;01045807;09091400113;09101968;21041763;365;516 ~~~~~~~~~~~~~~~~~~~~~~~~~~~~~~~~~~~~~~ 12-30
03031469;051220463;02045807;10091400113;10101968;22041763;366;516;622 ~~~~~~~~~~~~~~~~~~~~~~~~~~~~~~~~~~ 12-31
