01021466;02122043y;01045804;14081100113;11101965;22041760;001;516 ~~~~~~~~~~~~~~~~~~~~~~~~~~~~~~~~~~~~~~ 01-01
02021466;03122043y;02045804;15081100113;12101965;23041760;002;637;516 ~~~~~~~~~~~~~~~~~~~~~~~~~~~~~~~~~~ 01-02
03021466;04122043y;03045804;16081100113;13101965;24041760;003;516 ~~~~~~~~~~~~~~~~~~~~~~~~~~~~~~~~~~~~~~ 01-03
04021466;05122043y;04045804;17081100113;14101965;25041760;004 ~~~~~~~~~~~~~~~~~~~~~~~~~~~~~~~~~~~~~~~~~~ 01-04
05021466;06122043y;05045804;18081100113;15101965;26041760;005;372 ~~~~~~~~~~~~~~~~~~~~~~~~~~~~~~~~~~~~~~ 01-05
06021466;07122043y;06045804;19081100113;16101965;27041760;006 ~~~~~~~~~~~~~~~~~~~~~~~~~~~~~~~~~~~~~~~~~~ 01-06
07021466;08122043y;07045804;00091100113;17101965;28041760;007;397 ~~~~~~~~~~~~~~~~~~~~~~~~~~~~~~~~~~~~~~ 01-07
08021466;09122043y;08045804;01091100113;18101965;29041760;008;596;437 ~~~~~~~~~~~~~~~~~~~~~~~~~~~~~~~~~~ 01-08
09021466;10122043y;09045804;02091100113;19101965;30041760;009;626;415 ~~~~~~~~~~~~~~~~~~~~~~~~~~~~~~~~~~ 01-09
10021466;11122043y;10045804;03091100113;20101965;01051760;010;627;418 ~~~~~~~~~~~~~~~~~~~~~~~~~~~~~~~~~~ 01-10
11021466;12122043y;11045804;04091100113;21101965;02051760;011;628;905 ~~~~~~~~~~~~~~~~~~~~~~~~~~~~~~~~~~ 01-11
12021466;13122043y;12045804;05091100113;22101965;03051760;012;629;375 ~~~~~~~~~~~~~~~~~~~~~~~~~~~~~~~~~~ 01-12
13021466;14122043y;13045804;06091100113;23101965;04051760;013;514 ~~~~~~~~~~~~~~~~~~~~~~~~~~~~~~~~~~~~~~ 01-13
14021466;15122043y;14045804;07091100113;24101965;05051760;014;381;904 ~~~~~~~~~~~~~~~~~~~~~~~~~~~~~~~~~~ 01-14
15021466;16122043y;15045804;08091100113;25101965;06051760;015;596 ~~~~~~~~~~~~~~~~~~~~~~~~~~~~~~~~~~~~~~ 01-15
16021466;17122043y;16045804;09091100113;26101965;07051760;016;630 ~~~~~~~~~~~~~~~~~~~~~~~~~~~~~~~~~~~~~~ 01-16
17021466;18122043y;17045804;10091100113;27101965;08051760;017;625;916 ~~~~~~~~~~~~~~~~~~~~~~~~~~~~~~~~~~ 01-17
18021466;19122043y;18045804;11091100113;28101965;09051760;018;492 ~~~~~~~~~~~~~~~~~~~~~~~~~~~~~~~~~~~~~~ 01-18
19021466;20122043y;19045804;12091100113;29101965;10051760;019 ~~~~~~~~~~~~~~~~~~~~~~~~~~~~~~~~~~~~~~~~~~ 01-19
20021466;21122043y;20045804;13091100113;30101965;11051760;020;419;844 ~~~~~~~~~~~~~~~~~~~~~~~~~~~~~~~~~~ 01-20
21021466;22122043y;21045804;14091100113;01111965;12051760;021;631;398 ~~~~~~~~~~~~~~~~~~~~~~~~~~~~~~~~~~ 01-21
22021466;23122043y;22045804;15091100113;02111965;13051760;022 ~~~~~~~~~~~~~~~~~~~~~~~~~~~~~~~~~~~~~~~~~~ 01-22
23021466;24122043y;23045804;16091100113;03111965;14051760;023;375 ~~~~~~~~~~~~~~~~~~~~~~~~~~~~~~~~~~~~~~ 01-23
24021466;25122043y;24045804;17091100113;04111965;15051760;024 ~~~~~~~~~~~~~~~~~~~~~~~~~~~~~~~~~~~~~~~~~~ 01-24
25021466;26122043y;25045804;18091100113;05111965;16051760;025;636;513;923;415 ~~~~~~~~~~~~~~~~~~~~~~~~~~ 01-25
26021466;27122043y;26045804;19091100113;06111965;17051760;026;580 ~~~~~~~~~~~~~~~~~~~~~~~~~~~~~~~~~~~~~~ 01-26
27021466;28122043y;27045804;00101100113;07111965;18051760;027;632;819 ~~~~~~~~~~~~~~~~~~~~~~~~~~~~~~~~~~ 01-27
28021466;29122043y;28045804;01101100113;08111965;19051760;028 ~~~~~~~~~~~~~~~~~~~~~~~~~~~~~~~~~~~~~~~~~~ 01-28
29021466;30122043y;29045804;02101100113;09111965;20051760;029;633;380 ~~~~~~~~~~~~~~~~~~~~~~~~~~~~~~~~~~ 01-29
01031466;010120441;01055804;03101100113;10111965;21051760;030;634;432;888;479;490 ~~~~~~~~~~~~~~~~~~~~~~ 01-30
02031466;020120441;02055804;04101100113;11111965;22051760;031;635;405;566;479;490 ~~~~~~~~~~~~~~~~~~~~~~ 01-31
03031466;030120441;03055804;04101100113;12111965;23051760;032;566 ~~~~~~~~~~~~~~~~~~~~~~~~~~~~~~~~~~~~~~ 02-01
04031466;040120441;04055804;05101100113;13111965;24051760;033;566;415 ~~~~~~~~~~~~~~~~~~~~~~~~~~~~~~~~~~ 02-02
05031466;050120441;05055804;06101100113;14111965;25051760;034;940;566;612 ~~~~~~~~~~~~~~~~~~~~~~~~~~~~~~ 02-03
06031466;060120441;06055804;07101100113;15111965;26051760;035;638;829 ~~~~~~~~~~~~~~~~~~~~~~~~~~~~~~~~~~ 02-04
07031466;070120441;07055804;08101100113;16111965;27051760;036;639;406 ~~~~~~~~~~~~~~~~~~~~~~~~~~~~~~~~~~ 02-05
08031466;080120441;08055804;09101100113;17111965;28051760;037;637;640;397;536;914 ~~~~~~~~~~~~~~~~~~~~~~ 02-06
09031466;090120441;09055804;10101100113;18111965;29051760;038;855 ~~~~~~~~~~~~~~~~~~~~~~~~~~~~~~~~~~~~~~ 02-07
10031466;100120441;10055804;11101100113;19111965;30051760;039;641 ~~~~~~~~~~~~~~~~~~~~~~~~~~~~~~~~~~~~~~ 02-08
11031466;110120441;11055804;12101100113;20111965;01061760;040;838;873;612 ~~~~~~~~~~~~~~~~~~~~~~~~~~~~~~ 02-09
12031466;120120441;12055804;13101100113;21111965;02061760;041;514;511;406;415 ~~~~~~~~~~~~~~~~~~~~~~~~~~ 02-10
13031466;130120441;13055804;14101100113;22111965;03061760;042;642;843 ~~~~~~~~~~~~~~~~~~~~~~~~~~~~~~~~~~ 02-11
14031466;140120441;14055804;15101100113;23111965;04061760;043;382 ~~~~~~~~~~~~~~~~~~~~~~~~~~~~~~~~~~~~~~ 02-12
15031466;150120441;15055804;16101100113;24111965;05061760;044;643;884;843;612 ~~~~~~~~~~~~~~~~~~~~~~~~~~ 02-13
16031466;160120441;16055804;17101100113;25111965;06061760;045;581 ~~~~~~~~~~~~~~~~~~~~~~~~~~~~~~~~~~~~~~ 02-14
17031466;170120441;17055804;18101100113;26111965;07061760;046;450;511;612 ~~~~~~~~~~~~~~~~~~~~~~~~~~~~~~ 02-15
18031466;180120441;18055804;19101100113;27111965;08061760;047 ~~~~~~~~~~~~~~~~~~~~~~~~~~~~~~~~~~~~~~~~~~ 02-16
19031466;190120441;19055804;00111100113;28111965;09061760;048;854;843;612 ~~~~~~~~~~~~~~~~~~~~~~~~~~~~~~ 02-17
20031466;200120441;20055804;01111100113;29111965;10061760;049;644;854 ~~~~~~~~~~~~~~~~~~~~~~~~~~~~~~~~~~ 02-18
21031466;210120441;21055804;02111100113;30111965;11061760;050;645;612 ~~~~~~~~~~~~~~~~~~~~~~~~~~~~~~~~~~ 02-19
22031466;220120441;22055804;03111100113;01121965;12061760;051;398;406 ~~~~~~~~~~~~~~~~~~~~~~~~~~~~~~~~~~ 02-20
23031466;230120441;23055804;04111100113;02121965;13061760;052;843 ~~~~~~~~~~~~~~~~~~~~~~~~~~~~~~~~~~~~~~ 02-21
24031466;240120441;24055804;05111100113;03121965;14061760;053;513 ~~~~~~~~~~~~~~~~~~~~~~~~~~~~~~~~~~~~~~ 02-22
25031466;250120441;25055804;06111100113;04121965;15061760;054;646;843 ~~~~~~~~~~~~~~~~~~~~~~~~~~~~~~~~~~ 02-23
26031466;260120441;26055804;07111100113;05121965;16061760;055;943 ~~~~~~~~~~~~~~~~~~~~~~~~~~~~~~~~~~~~~~ 02-24
27031466;270120441;27055804;08111100113;06121965;17061760;056;647;648;375;406;612 ~~~~~~~~~~~~~~~~~~~~~~ 02-25
28031466;280120441;28055804;09111100113;07121965;18061760;057;649;415 ~~~~~~~~~~~~~~~~~~~~~~~~~~~~~~~~~~ 02-26
29031466;290120441;29055804;10111100113;08121965;19061760;058;886 ~~~~~~~~~~~~~~~~~~~~~~~~~~~~~~~~~~~~~~ 02-27
30031466;300120441;30055804;11111100113;09121965;20061760;059;380;950 ~~~~~~~~~~~~~~~~~~~~~~~~~~~~~~~~~~ 02-28
01041466;010220441;01065804;12111100113;10121965;21061760;060;650;932 ~~~~~~~~~~~~~~~~~~~~~~~~~~~~~~~~~~ 02-29
02041466;020220441;02065804;15111100113;11121965;22061760;061;443 ~~~~~~~~~~~~~~~~~~~~~~~~~~~~~~~~~~~~~~ 03-01
03041466;030220441;03065804;16111100113;12121965;23061760;062;444 ~~~~~~~~~~~~~~~~~~~~~~~~~~~~~~~~~~~~~~ 03-02
04041466;040220441;04065804;17111100113;13121965;24061760;063;653;613 ~~~~~~~~~~~~~~~~~~~~~~~~~~~~~~~~~~ 03-03
05041466;050220441;05065804;18111100113;14121965;25061760;064;654 ~~~~~~~~~~~~~~~~~~~~~~~~~~~~~~~~~~~~~~ 03-04
06041466;060220441;06065804;19111100113;15121965;26061760;065;637 ~~~~~~~~~~~~~~~~~~~~~~~~~~~~~~~~~~~~~~ 03-05
07041466;070220441;07065804;00121100113;16121965;27061760;066;655;397;406 ~~~~~~~~~~~~~~~~~~~~~~~~~~~~~~ 03-06
08041466;080220441;08065804;01121100113;17121965;28061760;067;514;830 ~~~~~~~~~~~~~~~~~~~~~~~~~~~~~~~~~~ 03-07
09041466;090220441;09065804;02121100113;18121965;29061760;068;411 ~~~~~~~~~~~~~~~~~~~~~~~~~~~~~~~~~~~~~~ 03-08
10041466;100220441;10065804;03121100113;19121965;30061760;069;517 ~~~~~~~~~~~~~~~~~~~~~~~~~~~~~~~~~~~~~~ 03-09
11041466;110220441;11065804;04121100113;20121965;01071760;070;656;554 ~~~~~~~~~~~~~~~~~~~~~~~~~~~~~~~~~~ 03-10
12041466;120220441;12065804;05121100113;21121965;02071760;071;857 ~~~~~~~~~~~~~~~~~~~~~~~~~~~~~~~~~~~~~~ 03-11
13041466;130220441;13065804;06121100113;22121965;03071760;072 ~~~~~~~~~~~~~~~~~~~~~~~~~~~~~~~~~~~~~~~~~~ 03-12
14041466;140220441;14065804;07121100113;23121965;04071760;073;383;544;623;906;949;519;415;613 ~~~~~~~~~~ 03-13
15041466;150220441;15065804;08121100113;24121965;05071760;074;433;541;598;858 ~~~~~~~~~~~~~~~~~~~~~~~~~~ 03-14
16041466;160220441;16065804;09121100113;25121965;06071760;075;657;562;817;833;613 ~~~~~~~~~~~~~~~~~~~~~~ 03-15
17041466;170220441;17065804;10121100113;26121965;07071760;076;562 ~~~~~~~~~~~~~~~~~~~~~~~~~~~~~~~~~~~~~~ 03-16
18041466;180220441;18065804;11121100113;27121965;08071760;077;658;562;866;868;613 ~~~~~~~~~~~~~~~~~~~~~~ 03-17
19041466;190220441;19065804;12121100113;28121965;09071760;078 ~~~~~~~~~~~~~~~~~~~~~~~~~~~~~~~~~~~~~~~~~~ 03-18
20041466;200220441;20065804;13121100113;29121965;10071760;079;466 ~~~~~~~~~~~~~~~~~~~~~~~~~~~~~~~~~~~~~~ 03-19
21041466;210220441;21065804;14121100113;30121965;11071760;080;436;424 ~~~~~~~~~~~~~~~~~~~~~~~~~~~~~~~~~~ 03-20
22041466;220220441;22065804;15121100113;01011966;12071760;081;398;513;533;924;459;851;406;415 ~~~~~~~~~~ 03-21
23041466;230220441;23065804;16121100113;02011966;13071760;082;659 ~~~~~~~~~~~~~~~~~~~~~~~~~~~~~~~~~~~~~~ 03-22
24041466;240220441;24065804;17121100113;03011966;14071760;083 ~~~~~~~~~~~~~~~~~~~~~~~~~~~~~~~~~~~~~~~~~~ 03-23
25041466;250220441;25065804;18121100113;04011966;15071760;084 ~~~~~~~~~~~~~~~~~~~~~~~~~~~~~~~~~~~~~~~~~~ 03-24
26041466;260220441;26065804;19121100113;05011966;16071760;085;900 ~~~~~~~~~~~~~~~~~~~~~~~~~~~~~~~~~~~~~~ 03-25
27041466;270220441;27065804;00131100113;06011966;17071760;086;406 ~~~~~~~~~~~~~~~~~~~~~~~~~~~~~~~~~~~~~~ 03-26
28041466;280220441;28065804;01131100113;07011966;18071760;087;613 ~~~~~~~~~~~~~~~~~~~~~~~~~~~~~~~~~~~~~~ 03-27
29041466;290220441;29065804;02131100113;08011966;19071760;088;652;399 ~~~~~~~~~~~~~~~~~~~~~~~~~~~~~~~~~~ 03-28
01051466;010320441;01075804;03131100113;09011966;20071760;089;380;852;412 ~~~~~~~~~~~~~~~~~~~~~~~~~~~~~~ 03-29
02051466;020320441;02075804;04131100113;10011966;21071760;090;660;538;559;935 ~~~~~~~~~~~~~~~~~~~~~~~~~~ 03-30
03051466;030320441;03075804;05131100113;11011966;22071760;091;400 ~~~~~~~~~~~~~~~~~~~~~~~~~~~~~~~~~~~~~~ 03-31
04051466;040320441;04075804;06131100113;12011966;23071760;092;555;577 ~~~~~~~~~~~~~~~~~~~~~~~~~~~~~~~~~~ 04-01
05051466;050320441;05075804;07131100113;13011966;24071760;093;637;661;514 ~~~~~~~~~~~~~~~~~~~~~~~~~~~~~~ 04-02
06051466;060320441;06075804;08131100113;14011966;25071760;094;662;945;400 ~~~~~~~~~~~~~~~~~~~~~~~~~~~~~~ 04-03
07051466;070320441;07075804;09131100113;15011966;26071760;095;651;397;571 ~~~~~~~~~~~~~~~~~~~~~~~~~~~~~~ 04-04
08051466;080320441;08075804;10131100113;16011966;27071760;096;406;651;412 ~~~~~~~~~~~~~~~~~~~~~~~~~~~~~~ 04-05
09051466;090320441;09075804;11131100113;17011966;28071760;097;663;576;651;933;400;415 ~~~~~~~~~~~~~~~~~~ 04-06
10051466;100320441;10075804;12131100113;18011966;29071760;098;651 ~~~~~~~~~~~~~~~~~~~~~~~~~~~~~~~~~~~~~~ 04-07
11051466;110320441;11075804;13131100113;19011966;30071760;099;877;651;614 ~~~~~~~~~~~~~~~~~~~~~~~~~~~~~~ 04-08
12051466;120320441;12075804;14131100113;20011966;01081760;100;651 ~~~~~~~~~~~~~~~~~~~~~~~~~~~~~~~~~~~~~~ 04-09
13051466;130320441;13075804;15131100113;21011966;02081760;101;493;406 ~~~~~~~~~~~~~~~~~~~~~~~~~~~~~~~~~~ 04-10
14051466;140320441;14075804;16131100113;22011966;03081760;102 ~~~~~~~~~~~~~~~~~~~~~~~~~~~~~~~~~~~~~~~~~~ 04-11
15051466;150320441;15075804;17131100113;23011966;04081760;103;384;539;575;515;400;412;614 ~~~~~~~~~~~~~~ 04-12
16051466;160320441;16075804;18131100113;24011966;05081760;104 ~~~~~~~~~~~~~~~~~~~~~~~~~~~~~~~~~~~~~~~~~~ 04-13
17051466;170320441;17075804;19131100113;25011966;06081760;105;614 ~~~~~~~~~~~~~~~~~~~~~~~~~~~~~~~~~~~~~~ 04-14
18051466;180320441;18075804;00141100113;26011966;07081760;106;445;665;400 ~~~~~~~~~~~~~~~~~~~~~~~~~~~~~~ 04-15
19051466;190320441;19075804;01141100113;27011966;08081760;107;446;666;614 ~~~~~~~~~~~~~~~~~~~~~~~~~~~~~~ 04-16
20051466;200320441;20075804;02141100113;28011966;09081760;108;447;513 ~~~~~~~~~~~~~~~~~~~~~~~~~~~~~~~~~~ 04-17
21051466;210320441;21075804;03141100113;29011966;10081760;109;448;794;614 ~~~~~~~~~~~~~~~~~~~~~~~~~~~~~~ 04-18
22051466;220320441;22075804;04141100113;30011966;11081760;110;412 ~~~~~~~~~~~~~~~~~~~~~~~~~~~~~~~~~~~~~~ 04-19
23051466;230320441;23075804;05141100113;31011966;12081760;111;398;401;406;614 ~~~~~~~~~~~~~~~~~~~~~~~~~~ 04-20
24051466;240320441;24075804;06141100113;01021966;13081760;112;631;664;407;865 ~~~~~~~~~~~~~~~~~~~~~~~~~~ 04-21
25051466;250320441;25075804;07141100113;02021966;14081760;113 ~~~~~~~~~~~~~~~~~~~~~~~~~~~~~~~~~~~~~~~~~~ 04-22
26051466;260320441;26075804;08141100113;03021966;15081760;114 ~~~~~~~~~~~~~~~~~~~~~~~~~~~~~~~~~~~~~~~~~~ 04-23
27051466;270320441;27075804;09141100113;04021966;16081760;115;669;376;416;526;939 ~~~~~~~~~~~~~~~~~~~~~~ 04-24
28051466;280320441;28075804;10141100113;05021966;17081760;116 ~~~~~~~~~~~~~~~~~~~~~~~~~~~~~~~~~~~~~~~~~~ 04-25
29051466;290320441;29075804;11141100113;06021966;18081760;117;614 ~~~~~~~~~~~~~~~~~~~~~~~~~~~~~~~~~~~~~~ 04-26
30051466;300320441;30075804;12141100113;07021966;19081760;118;670;380;432 ~~~~~~~~~~~~~~~~~~~~~~~~~~~~~~ 04-27
01061466;010420441;01085804;13141100113;08021966;20081760;119;667 ~~~~~~~~~~~~~~~~~~~~~~~~~~~~~~~~~~~~~~ 04-28
02061466;020420441;02085804;14141100113;09021966;21081760;120;671;514;902 ~~~~~~~~~~~~~~~~~~~~~~~~~~~~~~ 04-29
03061466;030420441;03085804;15141100113;10021966;22081760;121;668;510 ~~~~~~~~~~~~~~~~~~~~~~~~~~~~~~~~~~ 04-30
04061466;040420441;04085804;16141100113;11021966;23081760;122;673;528 ~~~~~~~~~~~~~~~~~~~~~~~~~~~~~~~~~~ 05-01
05061466;050420441;05085804;17141100113;12021966;24081760;123;674;529 ~~~~~~~~~~~~~~~~~~~~~~~~~~~~~~~~~~ 05-02
06061466;060420441;06085804;18141100113;13021966;25081760;124;675;553 ~~~~~~~~~~~~~~~~~~~~~~~~~~~~~~~~~~ 05-03
07061466;070420441;07085804;19141100113;14021966;26081760;125;676;397;437 ~~~~~~~~~~~~~~~~~~~~~~~~~~~~~~ 05-04
08061466;080420441;08085804;00151100113;15021966;27081760;126;677;927 ~~~~~~~~~~~~~~~~~~~~~~~~~~~~~~~~~~ 05-05
09061466;090420441;09085804;01151100113;16021966;28081760;127;679;678;402 ~~~~~~~~~~~~~~~~~~~~~~~~~~~~~~ 05-06
10061466;100420441;10085804;02151100113;17021966;29081760;128;637;672;680;800;889 ~~~~~~~~~~~~~~~~~~~~~~ 05-07
11061466;110420441;11085804;03151100113;18021966;30081760;129;451 ~~~~~~~~~~~~~~~~~~~~~~~~~~~~~~~~~~~~~~ 05-08
12061466;120420441;12085804;04151100113;19021966;01091760;130;682;615 ~~~~~~~~~~~~~~~~~~~~~~~~~~~~~~~~~~ 05-09
13061466;130420441;13085804;05151100113;20021966;02091760;131;894;403;412 ~~~~~~~~~~~~~~~~~~~~~~~~~~~~~~ 05-10
14061466;140420441;14085804;06151100113;21021966;03091760;132;683;385;537;937 ~~~~~~~~~~~~~~~~~~~~~~~~~~ 05-11
15061466;150420441;15085804;07151100113;22021966;04091760;133;892 ~~~~~~~~~~~~~~~~~~~~~~~~~~~~~~~~~~~~~~ 05-12
16061466;160420441;16085804;08151100113;23021966;05091760;134 ~~~~~~~~~~~~~~~~~~~~~~~~~~~~~~~~~~~~~~~~~~ 05-13
17061466;170420441;17085804;09151100113;24021966;06091760;135;681 ~~~~~~~~~~~~~~~~~~~~~~~~~~~~~~~~~~~~~~ 05-14
18061466;180420441;18085804;10151100113;25021966;07091760;136;684;513;818;518 ~~~~~~~~~~~~~~~~~~~~~~~~~~ 05-15
19061466;190420441;19085804;11151100113;26021966;08091760;137 ~~~~~~~~~~~~~~~~~~~~~~~~~~~~~~~~~~~~~~~~~~ 05-16
20061466;200420441;20085804;12151100113;27021966;09091760;138;861 ~~~~~~~~~~~~~~~~~~~~~~~~~~~~~~~~~~~~~~ 05-17
21061466;210420441;21085804;13151100113;28021966;10091760;139;685;817;403 ~~~~~~~~~~~~~~~~~~~~~~~~~~~~~~ 05-18
22061466;220420441;22085804;14151100113;29021966;11091760;140;797;398 ~~~~~~~~~~~~~~~~~~~~~~~~~~~~~~~~~~ 05-19
23061466;230420441;23085804;15151100113;30021966;12091760;141;686;573 ~~~~~~~~~~~~~~~~~~~~~~~~~~~~~~~~~~ 05-20
24061466;240420441;24085804;16151100113;31021966;13091760;142;687;573;615 ~~~~~~~~~~~~~~~~~~~~~~~~~~~~~~ 05-21
25061466;250420441;25085804;17151100113;01031966;14091760;143;798;821;573;624 ~~~~~~~~~~~~~~~~~~~~~~~~~~ 05-22
26061466;260420441;26085804;18151100113;02031966;15091760;144;789;530;624;615 ~~~~~~~~~~~~~~~~~~~~~~~~~~ 05-23
27061466;270420441;27085804;19151100113;03031966;16091760;145;408;624;412 ~~~~~~~~~~~~~~~~~~~~~~~~~~~~~~ 05-24
28061466;280420441;28085804;00161100113;04031966;17091760;146;688;624;615 ~~~~~~~~~~~~~~~~~~~~~~~~~~~~~~ 05-25
29061466;290420441;29085804;01161100113;05031966;18091760;147;494;380;942;624;403 ~~~~~~~~~~~~~~~~~~~~~~ 05-26
01071466;010520441;01095804;02161100113;06031966;19091760;148;689;921;624 ~~~~~~~~~~~~~~~~~~~~~~~~~~~~~~ 05-27
02071466;020520441;02095804;03161100113;07031966;20091760;149;439;514;624 ~~~~~~~~~~~~~~~~~~~~~~~~~~~~~~ 05-28
03071466;030520441;03095804;04161100113;08031966;21091760;150;439 ~~~~~~~~~~~~~~~~~~~~~~~~~~~~~~~~~~~~~~ 05-29
04071466;040520441;04095804;05161100113;09031966;22091760;151;438;403 ~~~~~~~~~~~~~~~~~~~~~~~~~~~~~~~~~~ 05-30
05071466;050520441;05095804;06161100113;10031966;23091760;152;564;412 ~~~~~~~~~~~~~~~~~~~~~~~~~~~~~~~~~~ 05-31
06071466;060520441;06095804;07161100113;11031966;24091760;153;691;420;522 ~~~~~~~~~~~~~~~~~~~~~~~~~~~~~~ 06-01
07071466;070520441;07095804;08161100113;12031966;25091760;154;694;397 ~~~~~~~~~~~~~~~~~~~~~~~~~~~~~~~~~~ 06-02
08071466;080520441;08095804;09161100113;13031966;26091760;155;692;403;616 ~~~~~~~~~~~~~~~~~~~~~~~~~~~~~~ 06-03
09071466;090520441;09095804;10161100113;14031966;27091760;156;637;693 ~~~~~~~~~~~~~~~~~~~~~~~~~~~~~~~~~~ 06-04
10071466;100520441;10095804;11161100113;15031966;28091760;157;449;690;552;409 ~~~~~~~~~~~~~~~~~~~~~~~~~~ 06-05
11071466;110520441;11095804;12161100113;16031966;29091760;158;802;896 ~~~~~~~~~~~~~~~~~~~~~~~~~~~~~~~~~~ 06-06
12071466;120520441;12095804;13161100113;17031966;30091760;159;412;616 ~~~~~~~~~~~~~~~~~~~~~~~~~~~~~~~~~~ 06-07
13071466;130520441;13095804;14161100113;18031966;01101760;160 ~~~~~~~~~~~~~~~~~~~~~~~~~~~~~~~~~~~~~~~~~~ 06-08
14071466;140520441;14095804;15161100113;19031966;02101760;161 ~~~~~~~~~~~~~~~~~~~~~~~~~~~~~~~~~~~~~~~~~~ 06-09
15071466;150520441;15095804;16161100113;20031966;03101760;162;386;433;874;941;569 ~~~~~~~~~~~~~~~~~~~~~~ 06-10
16071466;160520441;16095804;17161100113;21031966;04101760;163;697;799;513;569;403;409 ~~~~~~~~~~~~~~~~~~ 06-11
17071466;170520441;17095804;18161100113;22031966;05101760;164;695 ~~~~~~~~~~~~~~~~~~~~~~~~~~~~~~~~~~~~~~ 06-12
18071466;180520441;18095804;19161100113;23031966;06101760;165;616 ~~~~~~~~~~~~~~~~~~~~~~~~~~~~~~~~~~~~~~ 06-13
19071466;190520441;19095804;00171100113;24031966;07101760;166;696 ~~~~~~~~~~~~~~~~~~~~~~~~~~~~~~~~~~~~~~ 06-14
20071466;200520441;20095804;01171100113;25031966;08101760;167;616 ~~~~~~~~~~~~~~~~~~~~~~~~~~~~~~~~~~~~~~ 06-15
21071466;210520441;21095804;02171100113;26031966;09101760;168;698 ~~~~~~~~~~~~~~~~~~~~~~~~~~~~~~~~~~~~~~ 06-16
22071466;220520441;22095804;03171100113;27031966;10101760;169;701;699;700;409 ~~~~~~~~~~~~~~~~~~~~~~~~~~ 06-17
23071466;230520441;23095804;04171100113;28031966;11101760;170;398;404 ~~~~~~~~~~~~~~~~~~~~~~~~~~~~~~~~~~ 06-18
24071466;240520441;24095804;05171100113;29031966;12101760;171;452;452;460 ~~~~~~~~~~~~~~~~~~~~~~~~~~~~~~ 06-19
25071466;250520441;25095804;06171100113;30031966;13101760;172;425 ~~~~~~~~~~~~~~~~~~~~~~~~~~~~~~~~~~~~~~ 06-20
26071466;260520441;26095804;07171100113;31031966;14101760;173;946;461;412;616 ~~~~~~~~~~~~~~~~~~~~~~~~~~ 06-21
27071466;270520441;27095804;08171100113;01041966;15101760;174;554;509 ~~~~~~~~~~~~~~~~~~~~~~~~~~~~~~~~~~ 06-22
28071466;280520441;28095804;09171100113;02041966;16101760;175 ~~~~~~~~~~~~~~~~~~~~~~~~~~~~~~~~~~~~~~~~~~ 06-23
29071466;290520441;29095804;10171100113;03041966;17101760;176;703;578 ~~~~~~~~~~~~~~~~~~~~~~~~~~~~~~~~~~ 06-24
30071466;010620441;30095804;11171100113;04041966;18101760;177;702;380;514 ~~~~~~~~~~~~~~~~~~~~~~~~~~~~~~ 06-25
01081466;020620441;01105804;12171100113;05041966;19101760;178 ~~~~~~~~~~~~~~~~~~~~~~~~~~~~~~~~~~~~~~~~~~ 06-26
02081466;030620441;02105804;13171100113;06041966;20101760;179;870 ~~~~~~~~~~~~~~~~~~~~~~~~~~~~~~~~~~~~~~ 06-27
03081466;040620441;03105804;14171100113;07041966;21101760;180 ~~~~~~~~~~~~~~~~~~~~~~~~~~~~~~~~~~~~~~~~~~ 06-28
04081466;050620441;04105804;15171100113;08041966;22101760;181;704;616 ~~~~~~~~~~~~~~~~~~~~~~~~~~~~~~~~~~ 06-29
05081466;060620441;05105804;16171100113;09041966;23101760;182 ~~~~~~~~~~~~~~~~~~~~~~~~~~~~~~~~~~~~~~~~~~ 06-30
06081466;070620441;06105804;17171100113;10041966;24101760;183;397;865;565 ~~~~~~~~~~~~~~~~~~~~~~~~~~~~~~ 07-01
07081466;080620441;07105804;18171100113;11041966;25101760;184;637;705;840;565 ~~~~~~~~~~~~~~~~~~~~~~~~~~ 07-02
08081466;090620441;08105804;19171100113;12041966;26101760;185;795;373;617 ~~~~~~~~~~~~~~~~~~~~~~~~~~~~~~ 07-03
09081466;100620441;09105804;00001200113;13041966;27101760;186 ~~~~~~~~~~~~~~~~~~~~~~~~~~~~~~~~~~~~~~~~~~ 07-04
10081466;110620441;10105804;01001200113;14041966;28101760;187;546;409;412 ~~~~~~~~~~~~~~~~~~~~~~~~~~~~~~ 07-05
11081466;120620441;11105804;02001200113;15041966;29101760;188 ~~~~~~~~~~~~~~~~~~~~~~~~~~~~~~~~~~~~~~~~~~ 07-06
12081466;130620441;12105804;03001200113;16041966;30101760;189;617 ~~~~~~~~~~~~~~~~~~~~~~~~~~~~~~~~~~~~~~ 07-07
13081466;140620441;13105804;04001200113;17041966;01111760;190;513;864 ~~~~~~~~~~~~~~~~~~~~~~~~~~~~~~~~~~ 07-08
14081466;150620441;14105804;05001200113;18041966;02111760;191;706;387;512 ~~~~~~~~~~~~~~~~~~~~~~~~~~~~~~ 07-09
15081466;160620441;15105804;06001200113;19041966;03111760;192;793;531;561 ~~~~~~~~~~~~~~~~~~~~~~~~~~~~~~ 07-10
16081466;170620441;16105804;07001200113;20041966;04111760;193;707;409;617 ~~~~~~~~~~~~~~~~~~~~~~~~~~~~~~ 07-11
17081466;180620441;17105804;08001200113;21041966;05111760;194 ~~~~~~~~~~~~~~~~~~~~~~~~~~~~~~~~~~~~~~~~~~ 07-12
18081466;190620441;18105804;09001200113;22041966;06111760;195 ~~~~~~~~~~~~~~~~~~~~~~~~~~~~~~~~~~~~~~~~~~ 07-13
19081466;200620441;19105804;10001200113;23041966;07111760;196 ~~~~~~~~~~~~~~~~~~~~~~~~~~~~~~~~~~~~~~~~~~ 07-14
20081466;210620441;20105804;11001200113;24041966;08111760;197;617 ~~~~~~~~~~~~~~~~~~~~~~~~~~~~~~~~~~~~~~ 07-15
21081466;220620441;21105804;12001200113;25041966;09111760;198;708;824 ~~~~~~~~~~~~~~~~~~~~~~~~~~~~~~~~~~ 07-16
22081466;230620441;22105804;13001200113;26041966;10111760;199;709;398;436;409 ~~~~~~~~~~~~~~~~~~~~~~~~~~ 07-17
23081466;240620441;23105804;14001200113;27041966;11111760;200;710 ~~~~~~~~~~~~~~~~~~~~~~~~~~~~~~~~~~~~~~ 07-18
24081466;250620441;24105804;15001200113;28041966;12111760;201 ~~~~~~~~~~~~~~~~~~~~~~~~~~~~~~~~~~~~~~~~~~ 07-19
25081466;260620441;25105804;16001200113;29041966;13111760;202;711 ~~~~~~~~~~~~~~~~~~~~~~~~~~~~~~~~~~~~~~ 07-20
26081466;270620441;26105804;17001200113;30041966;14111760;203;631;878;617 ~~~~~~~~~~~~~~~~~~~~~~~~~~~~~~ 07-21
27081466;280620441;27105804;18001200113;31041966;15111760;204 ~~~~~~~~~~~~~~~~~~~~~~~~~~~~~~~~~~~~~~~~~~ 07-22
28081466;290620441;28105804;19001200113;01051966;16111760;205;713;514;409;617 ~~~~~~~~~~~~~~~~~~~~~~~~~~ 07-23
29081466;300620441;29105804;00011200113;02051966;17111760;206;714;380;432;457 ~~~~~~~~~~~~~~~~~~~~~~~~~~ 07-24
01091466;010720441;01115804;01011200113;03051966;18111760;207;504;617 ~~~~~~~~~~~~~~~~~~~~~~~~~~~~~~~~~~ 07-25
02091466;020720441;02115804;02011200113;04051966;19111760;208;412 ~~~~~~~~~~~~~~~~~~~~~~~~~~~~~~~~~~~~~~ 07-26
03091466;030720441;03115804;03011200113;05051966;20111760;209;413;579;617 ~~~~~~~~~~~~~~~~~~~~~~~~~~~~~~ 07-27
04091466;040720441;04115804;04011200113;06051966;21111760;210;712;715 ~~~~~~~~~~~~~~~~~~~~~~~~~~~~~~~~~~ 07-28
05091466;050720441;05115804;05011200113;07051966;22111760;211;716;891;409 ~~~~~~~~~~~~~~~~~~~~~~~~~~~~~~ 07-29
06091466;060720441;06115804;06011200113;08051966;23111760;212 ~~~~~~~~~~~~~~~~~~~~~~~~~~~~~~~~~~~~~~~~~~ 07-30
07091466;070720441;07115804;07011200113;09051966;24111760;213;397;399;572;421 ~~~~~~~~~~~~~~~~~~~~~~~~~~ 07-31
08091466;080720441;08115804;08011200113;10051966;25111760;214 ~~~~~~~~~~~~~~~~~~~~~~~~~~~~~~~~~~~~~~~~~~ 08-01
09091466;090720441;09115804;09011200113;11051966;26111760;215;718;505 ~~~~~~~~~~~~~~~~~~~~~~~~~~~~~~~~~~ 08-02
10091466;100720441;10115804;10011200113;12051966;27111760;216;400;618 ~~~~~~~~~~~~~~~~~~~~~~~~~~~~~~~~~~ 08-03
11091466;110720441;11115804;11011200113;13051966;28111760;217;926 ~~~~~~~~~~~~~~~~~~~~~~~~~~~~~~~~~~~~~~ 08-04
12091466;120720441;12115804;12011200113;14051966;29111760;218;719;513;938;618 ~~~~~~~~~~~~~~~~~~~~~~~~~~ 08-05
13091466;130720441;13115804;13011200113;15051966;30111760;219;637;720;867 ~~~~~~~~~~~~~~~~~~~~~~~~~~~~~~ 08-06
14091466;140720441;14115804;14011200113;16051966;01121760;220;717;567 ~~~~~~~~~~~~~~~~~~~~~~~~~~~~~~~~~~ 08-07
15091466;150720441;15115804;15011200113;17051966;02121760;221;388;556;909;910;925;567 ~~~~~~~~~~~~~~~~~~ 08-08
16091466;160720441;16115804;16011200113;18051966;03121760;222;400;618 ~~~~~~~~~~~~~~~~~~~~~~~~~~~~~~~~~~ 08-09
17091466;170720441;17115804;17011200113;19051966;04121760;223;722;505 ~~~~~~~~~~~~~~~~~~~~~~~~~~~~~~~~~~ 08-10
18091466;180720441;18115804;18011200113;20051966;05121760;224;875 ~~~~~~~~~~~~~~~~~~~~~~~~~~~~~~~~~~~~~~ 08-11
19091466;190720441;19115804;19011200113;21051966;06121760;225;400 ~~~~~~~~~~~~~~~~~~~~~~~~~~~~~~~~~~~~~~ 08-12
20091466;200720441;20115804;00021200113;22051966;07121760;226;723 ~~~~~~~~~~~~~~~~~~~~~~~~~~~~~~~~~~~~~~ 08-13
21091466;210720441;21115804;01021200113;23051966;08121760;227;721 ~~~~~~~~~~~~~~~~~~~~~~~~~~~~~~~~~~~~~~ 08-14
22091466;220720441;22115804;02021200113;24051966;09121760;228 ~~~~~~~~~~~~~~~~~~~~~~~~~~~~~~~~~~~~~~~~~~ 08-15
23091466;230720441;23115804;03021200113;25051966;10121760;229;398;883;505 ~~~~~~~~~~~~~~~~~~~~~~~~~~~~~~ 08-16
24091466;240720441;24115804;04021200113;26051966;11121760;230;417;618 ~~~~~~~~~~~~~~~~~~~~~~~~~~~~~~~~~~ 08-17
25091466;250720441;25115804;05021200113;27051966;12121760;231;400;505 ~~~~~~~~~~~~~~~~~~~~~~~~~~~~~~~~~~ 08-18
26091466;260720441;26115804;06021200113;28051966;13121760;232;503;507;618 ~~~~~~~~~~~~~~~~~~~~~~~~~~~~~~ 08-19
27091466;270720441;27115804;07021200113;29051966;14121760;233;724;514;508 ~~~~~~~~~~~~~~~~~~~~~~~~~~~~~~ 08-20
28091466;280720441;28115804;08021200113;30051966;15121760;234 ~~~~~~~~~~~~~~~~~~~~~~~~~~~~~~~~~~~~~~~~~~ 08-21
29091466;290720441;29115804;09021200113;31051966;16121760;235;380;409 ~~~~~~~~~~~~~~~~~~~~~~~~~~~~~~~~~~ 08-22
30091466;012720441;30115804;10021200113;01061966;17121760;236;930;953;506;618 ~~~~~~~~~~~~~~~~~~~~~~~~~~ 08-23
01101466;022720441;01125804;11021200113;02061966;18121760;237;401;467;502 ~~~~~~~~~~~~~~~~~~~~~~~~~~~~~~ 08-24
02101466;032720441;02125804;12021200113;03061966;19121760;238;597 ~~~~~~~~~~~~~~~~~~~~~~~~~~~~~~~~~~~~~~ 08-25
03101466;042720441;03125804;13021200113;04061966;20121760;239;427;550 ~~~~~~~~~~~~~~~~~~~~~~~~~~~~~~~~~~ 08-26
04101466;052720441;04125804;14021200113;05061966;21121760;240;725;915 ~~~~~~~~~~~~~~~~~~~~~~~~~~~~~~~~~~ 08-27
05101466;062720441;05125804;15021200113;06061966;22121760;241;428;725 ~~~~~~~~~~~~~~~~~~~~~~~~~~~~~~~~~~ 08-28
06101466;072720441;06125804;16021200113;07061966;23121760;242;796 ~~~~~~~~~~~~~~~~~~~~~~~~~~~~~~~~~~~~~~ 08-29
07101466;082720441;07125804;17021200113;08061966;24121760;243;594;397;908 ~~~~~~~~~~~~~~~~~~~~~~~~~~~~~~ 08-30
08101466;092720441;08125804;18021200113;09061966;25121760;244;595;437 ~~~~~~~~~~~~~~~~~~~~~~~~~~~~~~~~~~ 08-31
09101466;102720441;09125804;19021200113;10061966;26121760;245;513 ~~~~~~~~~~~~~~~~~~~~~~~~~~~~~~~~~~~~~~ 09-01
10101466;112720441;10125804;00031200113;11061966;27121760;246;596;727 ~~~~~~~~~~~~~~~~~~~~~~~~~~~~~~~~~~ 09-02
11101466;122720441;11125804;01031200113;12061966;28121760;247;429;637;728;824;903;409;619 ~~~~~~~~~~~~~~ 09-03
12101466;132720441;12125804;02031200113;13061966;29121760;248;430 ~~~~~~~~~~~~~~~~~~~~~~~~~~~~~~~~~~~~~~ 09-04
13101466;142720441;13125804;03031200113;14061966;30121760;249;434;897;619 ~~~~~~~~~~~~~~~~~~~~~~~~~~~~~~ 09-05
14101466;152720441;14125804;04031200113;15061966;01131760;250;435;433;520;551 ~~~~~~~~~~~~~~~~~~~~~~~~~~ 09-06
15101466;162720441;15125804;05031200113;16061966;02131760;251;389;534;541;949;619 ~~~~~~~~~~~~~~~~~~~~~~ 09-07
16101466;172720441;16125804;06031200113;17061966;03131760;252;730;907 ~~~~~~~~~~~~~~~~~~~~~~~~~~~~~~~~~~ 09-08
17101466;182720441;17125804;07031200113;18061966;04131760;253 ~~~~~~~~~~~~~~~~~~~~~~~~~~~~~~~~~~~~~~~~~~ 09-09
18101466;192720441;18125804;08031200113;19061966;05131760;254 ~~~~~~~~~~~~~~~~~~~~~~~~~~~~~~~~~~~~~~~~~~ 09-10
19101466;202720441;19125804;09031200113;20061966;01011761;255;455;845;619 ~~~~~~~~~~~~~~~~~~~~~~~~~~~~~~ 09-11
20101466;212720441;20125804;10031200113;21061966;02011761;256;729;726;847;846 ~~~~~~~~~~~~~~~~~~~~~~~~~~ 09-12
21101466;222720441;21125804;11031200113;22061966;03011761;257;418;619 ~~~~~~~~~~~~~~~~~~~~~~~~~~~~~~~~~~ 09-13
22101466;232720441;22125804;12031200113;23061966;04011761;258;398 ~~~~~~~~~~~~~~~~~~~~~~~~~~~~~~~~~~~~~~ 09-14
23101466;242720441;23125804;13031200113;24061966;05011761;259;733;409;619 ~~~~~~~~~~~~~~~~~~~~~~~~~~~~~~ 09-15
24101466;252720441;24125804;14031200113;25061966;06011761;260;734 ~~~~~~~~~~~~~~~~~~~~~~~~~~~~~~~~~~~~~~ 09-16
25101466;262720441;25125804;15031200113;26061966;07011761;261;735;514;869;848 ~~~~~~~~~~~~~~~~~~~~~~~~~~ 09-17
26101466;272720441;26125804;16031200113;27061966;08011761;262;731 ~~~~~~~~~~~~~~~~~~~~~~~~~~~~~~~~~~~~~~ 09-18
27101466;282720441;27125804;17031200113;28061966;09011761;263 ~~~~~~~~~~~~~~~~~~~~~~~~~~~~~~~~~~~~~~~~~~ 09-19
28101466;292720441;28125804;18031200113;29061966;10011761;264;732 ~~~~~~~~~~~~~~~~~~~~~~~~~~~~~~~~~~~~~~ 09-20
29101466;010820441;29125804;19031200113;30061966;11011761;265;380;920;462;521;619 ~~~~~~~~~~~~~~~~~~~~~~ 09-21
01111466;020820441;01015805;00041200113;31061966;12011761;266;410;895;423;521 ~~~~~~~~~~~~~~~~~~~~~~~~~~ 09-22
02111466;030820441;02015805;01041200113;01071966;13011761;267;738;463;521;619 ~~~~~~~~~~~~~~~~~~~~~~~~~~ 09-23
03111466;040820441;03015805;02041200113;02071966;14011761;268;739;743 ~~~~~~~~~~~~~~~~~~~~~~~~~~~~~~~~~~ 09-24
04111466;050820441;04015805;03041200113;03071966;15011761;269;740 ~~~~~~~~~~~~~~~~~~~~~~~~~~~~~~~~~~~~~~ 09-25
05111466;060820441;05015805;04041200113;04071966;16011761;270;736 ~~~~~~~~~~~~~~~~~~~~~~~~~~~~~~~~~~~~~~ 09-26
06111466;070820441;06015805;05041200113;05071966;17011761;271;737;815;836;619;848 ~~~~~~~~~~~~~~~~~~~~~~ 09-27
07111466;080820441;07015805;06041200113;06071966;18011761;272;742;790;397;918 ~~~~~~~~~~~~~~~~~~~~~~~~~~ 09-28
08111466;090820441;08015805;07041200113;07071966;19011761;273;741;790;513;548;919;848 ~~~~~~~~~~~~~~~~~~ 09-29
09111466;100820441;09015805;08041200113;08071966;20011761;274;596;790;885;853 ~~~~~~~~~~~~~~~~~~~~~~~~~~ 09-30
10111466;110820441;10015805;09041200113;09071966;21011761;275;637;790;549;560;527;853;418;848 ~~~~~~~~~~ 10-01
11111466;120820441;11015805;10041200113;10071966;22011761;276;749;790;899;853 ~~~~~~~~~~~~~~~~~~~~~~~~~~ 10-02
12111466;130820441;12015805;11041200113;11071966;23011761;277;744;790;620;848 ~~~~~~~~~~~~~~~~~~~~~~~~~~ 10-03
13111466;140820441;13015805;12041200113;12071966;24011761;278;745;790 ~~~~~~~~~~~~~~~~~~~~~~~~~~~~~~~~~~ 10-04
14111466;150820441;14015805;13041200113;13071966;25011761;279;746;570 ~~~~~~~~~~~~~~~~~~~~~~~~~~~~~~~~~~ 10-05
15111466;160820441;15015805;14041200113;14071966;26011761;280;747;393;390;532;882;922;523 ~~~~~~~~~~~~~~ 10-06
16111466;170820441;16015805;15041200113;15071966;27011761;281;748;523;620;848 ~~~~~~~~~~~~~~~~~~~~~~~~~~ 10-07
17111466;180820441;17015805;16041200113;16071966;28011761;282;754;523 ~~~~~~~~~~~~~~~~~~~~~~~~~~~~~~~~~~ 10-08
18111466;190820441;18015805;17041200113;17071966;29011761;283;750;523;848 ~~~~~~~~~~~~~~~~~~~~~~~~~~~~~~ 10-09
19111466;200820441;19015805;18041200113;18071966;30011761;284;751;367;881;523;418 ~~~~~~~~~~~~~~~~~~~~~~ 10-10
20111466;210820441;20015805;19041200113;19071966;01021761;285;791;368;523;848 ~~~~~~~~~~~~~~~~~~~~~~~~~~ 10-11
21111466;220820441;21015805;00051200113;20071966;02021761;286;752;514;523 ~~~~~~~~~~~~~~~~~~~~~~~~~~~~~~ 10-12
22111466;230820441;22015805;01051200113;21071966;03021761;287;753;398;499;524;620;848 ~~~~~~~~~~~~~~~~~~ 10-13
23111466;240820441;23015805;02051200113;22071966;04021761;288;525 ~~~~~~~~~~~~~~~~~~~~~~~~~~~~~~~~~~~~~~ 10-14
24111466;250820441;24015805;03051200113;23071966;05021761;289;758;620 ~~~~~~~~~~~~~~~~~~~~~~~~~~~~~~~~~~ 10-15
25111466;260820441;25015805;04051200113;24071966;06021761;290 ~~~~~~~~~~~~~~~~~~~~~~~~~~~~~~~~~~~~~~~~~~ 10-16
26111466;270820441;26015805;05051200113;25071966;07021761;291;755;558;911 ~~~~~~~~~~~~~~~~~~~~~~~~~~~~~~ 10-17
27111466;280820441;27015805;06051200113;26071966;08021761;292;756;779;784 ~~~~~~~~~~~~~~~~~~~~~~~~~~~~~~ 10-18
28111466;290820441;28015805;07051200113;27071966;09021761;293;757;780;785;893;421;620 ~~~~~~~~~~~~~~~~~~ 10-19
29111466;300820441;29015805;08051200113;28071966;10021761;294;631;380;432;781;786;784 ~~~~~~~~~~~~~~~~~~ 10-20
30111466;010920441;30015805;09051200113;29071966;11021761;295;369;782;787;785;620 ~~~~~~~~~~~~~~~~~~~~~~ 10-21
01121466;020920441;01025805;10051200113;30071966;12021761;296;759;535;783;788;786 ~~~~~~~~~~~~~~~~~~~~~~ 10-22
02121466;030920441;02025805;11051200113;01081966;13021761;297;431;787;620 ~~~~~~~~~~~~~~~~~~~~~~~~~~~~~~ 10-23
03121466;040920441;03025805;12051200113;02081966;14021761;298;371 ~~~~~~~~~~~~~~~~~~~~~~~~~~~~~~~~~~~~~~ 10-24
04121466;050920441;04025805;13051200113;03081966;15021761;299;620 ~~~~~~~~~~~~~~~~~~~~~~~~~~~~~~~~~~~~~~ 10-25
05121466;060920441;05025805;14051200113;04081966;16021761;300 ~~~~~~~~~~~~~~~~~~~~~~~~~~~~~~~~~~~~~~~~~~ 10-26
06121466;070920441;06025805;15051200113;05081966;17021761;301;513;543;620 ~~~~~~~~~~~~~~~~~~~~~~~~~~~~~~ 10-27
07121466;080920441;07025805;16051200113;06081966;18021761;302;849;397;868;418 ~~~~~~~~~~~~~~~~~~~~~~~~~~ 10-28
08121466;090920441;08025805;17051200113;07081966;19021761;303;563;421;620 ~~~~~~~~~~~~~~~~~~~~~~~~~~~~~~ 10-29
09121466;100920441;09025805;18051200113;08081966;20021761;304;501 ~~~~~~~~~~~~~~~~~~~~~~~~~~~~~~~~~~~~~~ 10-30
10121466;110920441;10025805;19051200113;09081966;21021761;305;879;500 ~~~~~~~~~~~~~~~~~~~~~~~~~~~~~~~~~~ 10-31
11121466;120920441;11025805;00061200113;10081966;22021761;306;547;823;500 ~~~~~~~~~~~~~~~~~~~~~~~~~~~~~~ 11-01
12121466;130920441;12025805;01061200113;11081966;23021761;307;761;934 ~~~~~~~~~~~~~~~~~~~~~~~~~~~~~~~~~~ 11-02
13121466;140920441;13025805;02061200113;12081966;24021761;308;762;500;621 ~~~~~~~~~~~~~~~~~~~~~~~~~~~~~~ 11-03
14121466;150920441;14025805;03061200113;13081966;25021761;309;500 ~~~~~~~~~~~~~~~~~~~~~~~~~~~~~~~~~~~~~~ 11-04
15121466;160920441;15025805;04061200113;14081966;26021761;310;637;763;392;453;880 ~~~~~~~~~~~~~~~~~~~~~~ 11-05
16121466;170920441;16025805;05061200113;15081966;27021761;311;418 ~~~~~~~~~~~~~~~~~~~~~~~~~~~~~~~~~~~~~~ 11-06
17121466;180920441;17025805;06061200113;16081966;28021761;312;760;621 ~~~~~~~~~~~~~~~~~~~~~~~~~~~~~~~~~~ 11-07
18121466;190920441;18025805;07061200113;17081966;29021761;313;850;514;841 ~~~~~~~~~~~~~~~~~~~~~~~~~~~~~~ 11-08
19121466;200920441;19025805;08061200113;18081966;30021761;314 ~~~~~~~~~~~~~~~~~~~~~~~~~~~~~~~~~~~~~~~~~~ 11-09
20121466;210920441;20025805;09061200113;19081966;01031761;315;764 ~~~~~~~~~~~~~~~~~~~~~~~~~~~~~~~~~~~~~~ 11-10
21121466;220920441;21025805;10061200113;20081966;02031761;316;398;436;621 ~~~~~~~~~~~~~~~~~~~~~~~~~~~~~~ 11-11
22121466;230920441;22025805;11061200113;21081966;03031761;317;876 ~~~~~~~~~~~~~~~~~~~~~~~~~~~~~~~~~~~~~~ 11-12
23121466;240920441;23025805;12061200113;22081966;04031761;318;422 ~~~~~~~~~~~~~~~~~~~~~~~~~~~~~~~~~~~~~~ 11-13
24121466;250920441;24025805;13061200113;23081966;05031761;319;842 ~~~~~~~~~~~~~~~~~~~~~~~~~~~~~~~~~~~~~~ 11-14
25121466;260920441;25025805;14061200113;24081966;06031761;320;936;418;621 ~~~~~~~~~~~~~~~~~~~~~~~~~~~~~~ 11-15
26121466;270920441;26025805;15061200113;25081966;07031761;321 ~~~~~~~~~~~~~~~~~~~~~~~~~~~~~~~~~~~~~~~~~~ 11-16
27121466;280920441;27025805;16061200113;26081966;08031761;322;766 ~~~~~~~~~~~~~~~~~~~~~~~~~~~~~~~~~~~~~~ 11-17
28121466;290920441;28025805;17061200113;27081966;09031761;323 ~~~~~~~~~~~~~~~~~~~~~~~~~~~~~~~~~~~~~~~~~~ 11-18
29121466;011020441;29025805;18061200113;28081966;10031761;324;767;380;621 ~~~~~~~~~~~~~~~~~~~~~~~~~~~~~~ 11-19
30121466;021020441;30025805;19061200113;29081966;11031761;325;765 ~~~~~~~~~~~~~~~~~~~~~~~~~~~~~~~~~~~~~~ 11-20
01011467;031020441;01035805;00071200113;30081966;12031761;326;399;495 ~~~~~~~~~~~~~~~~~~~~~~~~~~~~~~~~~~ 11-21
02011467;041020441;02035805;01071200113;01091966;13031761;327;788 ~~~~~~~~~~~~~~~~~~~~~~~~~~~~~~~~~~~~~~ 11-22
03011467;051020441;03035805;02071200113;02091966;14031761;328;769 ~~~~~~~~~~~~~~~~~~~~~~~~~~~~~~~~~~~~~~ 11-23
04011467;061020441;04035805;03071200113;03091966;15031761;329;440;513;944;400;418 ~~~~~~~~~~~~~~~~~~~~~~ 11-24
05011467;071020441;05035805;04071200113;04091966;16031761;330;441;496;621 ~~~~~~~~~~~~~~~~~~~~~~~~~~~~~~ 11-25
06011467;081020441;06035805;05071200113;05091966;17031761;331;770;768 ~~~~~~~~~~~~~~~~~~~~~~~~~~~~~~~~~~ 11-26
07011467;091020441;07035805;06071200113;06091966;18031761;332;397;378;589 ~~~~~~~~~~~~~~~~~~~~~~~~~~~~~~ 11-27
08011467;101020441;08035805;07071200113;07091966;19031761;333;442;369 ~~~~~~~~~~~~~~~~~~~~~~~~~~~~~~~~~~ 11-28
09011467;111020441;09035805;08071200113;08091966;20031761;334;771;621 ~~~~~~~~~~~~~~~~~~~~~~~~~~~~~~~~~~ 11-29
10011467;121020441;10035805;09071200113;09091966;21031761;335;772;498;400 ~~~~~~~~~~~~~~~~~~~~~~~~~~~~~~ 11-30
11011467;131020441;11035805;10071200113;10091966;22031761;336;414;557;890 ~~~~~~~~~~~~~~~~~~~~~~~~~~~~~~ 12-01
12011467;141020441;12035805;11071200113;11091966;23031761;337;774;370 ~~~~~~~~~~~~~~~~~~~~~~~~~~~~~~~~~~ 12-02
13011467;151020441;13035805;12071200113;12091966;24031761;338;637;775;433;400;622 ~~~~~~~~~~~~~~~~~~~~~~ 12-03
14011467;161020441;14035805;13071200113;13091966;25031761;339;395;545;887;590 ~~~~~~~~~~~~~~~~~~~~~~~~~~ 12-04
15011467;171020441;15035805;14071200113;14091966;26031761;340 ~~~~~~~~~~~~~~~~~~~~~~~~~~~~~~~~~~~~~~~~~~ 12-05
16011467;181020441;16035805;15071200113;15091966;27031761;341;773;514 ~~~~~~~~~~~~~~~~~~~~~~~~~~~~~~~~~~ 12-06
17011467;191020441;17035805;16071200113;16091966;28031761;342;622 ~~~~~~~~~~~~~~~~~~~~~~~~~~~~~~~~~~~~~~ 12-07
18011467;201020441;18035805;17071200113;17091966;29031761;343 ~~~~~~~~~~~~~~~~~~~~~~~~~~~~~~~~~~~~~~~~~~ 12-08
19011467;211020441;19035805;18071200113;18091966;30031761;344 ~~~~~~~~~~~~~~~~~~~~~~~~~~~~~~~~~~~~~~~~~~ 12-09
20011467;221020441;20035805;19071200113;19091966;01041761;345;776 ~~~~~~~~~~~~~~~~~~~~~~~~~~~~~~~~~~~~~~ 12-10
21011467;231020441;21035805;00081200113;20091966;02041761;346;777;398;401;591 ~~~~~~~~~~~~~~~~~~~~~~~~~~ 12-11
22011467;241020441;22035805;01081200113;21091966;03041761;347 ~~~~~~~~~~~~~~~~~~~~~~~~~~~~~~~~~~~~~~~~~~ 12-12
23011467;251020441;23035805;02081200113;22091966;04041761;348 ~~~~~~~~~~~~~~~~~~~~~~~~~~~~~~~~~~~~~~~~~~ 12-13
24011467;261020441;24035805;03081200113;23091966;05041761;349 ~~~~~~~~~~~~~~~~~~~~~~~~~~~~~~~~~~~~~~~~~~ 12-14
25011467;271020441;25035805;04081200113;24091966;06041761;350;917;516;496;622 ~~~~~~~~~~~~~~~~~~~~~~~~~~ 12-15
26011467;281020441;26035805;05081200113;25091966;07041761;351;596;778;516 ~~~~~~~~~~~~~~~~~~~~~~~~~~~~~~ 12-16
27011467;291020441;27035805;06081200113;26091966;08041761;352;516 ~~~~~~~~~~~~~~~~~~~~~~~~~~~~~~~~~~~~~~ 12-17
28011467;301020441;28035805;07081200113;27091966;09041761;353;823;835;592;516 ~~~~~~~~~~~~~~~~~~~~~~~~~~ 12-18
29011467;011120441;29035805;08081200113;28091966;10041761;354;380;371;928;516;622 ~~~~~~~~~~~~~~~~~~~~~~ 12-19
30011467;021120441;30035805;09081200113;29091966;11041761;355;437;825;466;497 ~~~~~~~~~~~~~~~~~~~~~~~~~~ 12-20
01021467;031120441;01045805;10081200113;30091966;12041761;356;513;426;516;418 ~~~~~~~~~~~~~~~~~~~~~~~~~~ 12-21
02021467;041120441;02045805;11081200113;01101966;13041761;357;465;516 ~~~~~~~~~~~~~~~~~~~~~~~~~~~~~~~~~~ 12-22
03021467;051120441;03045805;12081200113;02101966;14041761;358;516 ~~~~~~~~~~~~~~~~~~~~~~~~~~~~~~~~~~~~~~ 12-23
04021467;061120441;04045805;13081200113;03101966;15041761;359 ~~~~~~~~~~~~~~~~~~~~~~~~~~~~~~~~~~~~~~~~~~ 12-24
05021467;071120441;05045805;14081200113;04101966;16041761;360;415 ~~~~~~~~~~~~~~~~~~~~~~~~~~~~~~~~~~~~~~ 12-25
06021467;081120441;06045805;15081200113;05101966;17041761;361 ~~~~~~~~~~~~~~~~~~~~~~~~~~~~~~~~~~~~~~~~~~ 12-31
07021467;091120441;07045805;16081200113;06101966;18041761;362;397;622 ~~~~~~~~~~~~~~~~~~~~~~~~~~~~~~~~~~ 12-27
08021467;101120441;08045805;17081200113;07101966;19041761;363 ~~~~~~~~~~~~~~~~~~~~~~~~~~~~~~~~~~~~~~~~~~ 12-28
09021467;111120441;09045805;18081200113;08101966;20041761;364 ~~~~~~~~~~~~~~~~~~~~~~~~~~~~~~~~~~~~~~~~~~ 12-29
10021467;121120441;10045805;19081200113;09101966;21041761;365;905 ~~~~~~~~~~~~~~~~~~~~~~~~~~~~~~~~~~~~~~ 12-30
11021467;131120441;11045805;00091200113;10101966;22041761;366 ~~~~~~~~~~~~~~~~~~~~~~~~~~~~~~~~~~~~~~~~~~ 12-31
