09011464;10122041w;09045802;03080900113;11101963;23041758;001 ~~~~~~~~~~~~~~~~~~~~~~~~~~~~~~~~~~~~~~~~~~ 01-01
10011464;11122041w;10045802;04080900113;12101963;24041758;002;905;498 ~~~~~~~~~~~~~~~~~~~~~~~~~~~~~~~~~~ 01-02
11011464;12122041w;11045802;05080900113;13101963;25041758;003;596;436 ~~~~~~~~~~~~~~~~~~~~~~~~~~~~~~~~~~ 01-03
12011464;13122041w;12045802;06080900113;14101963;26041758;004;637;372 ~~~~~~~~~~~~~~~~~~~~~~~~~~~~~~~~~~ 01-04
13011464;14122041w;13045802;07080900113;15101963;27041758;005;496 ~~~~~~~~~~~~~~~~~~~~~~~~~~~~~~~~~~~~~~ 01-05
14011464;15122041w;14045802;08080900113;16101963;28041758;006;381;801;904;406 ~~~~~~~~~~~~~~~~~~~~~~~~~~ 01-06
15011464;16122041w;15045802;09080900113;17101963;29041758;007 ~~~~~~~~~~~~~~~~~~~~~~~~~~~~~~~~~~~~~~~~~~ 01-07
16011464;17122041w;16045802;10080900113;18101963;30041758;008 ~~~~~~~~~~~~~~~~~~~~~~~~~~~~~~~~~~~~~~~~~~ 01-08
17011464;18122041w;17045802;11080900113;19101963;01051758;009;916;415 ~~~~~~~~~~~~~~~~~~~~~~~~~~~~~~~~~~ 01-09
18011464;19122041w;18045802;12080900113;20101963;02051758;010;399;418 ~~~~~~~~~~~~~~~~~~~~~~~~~~~~~~~~~~ 01-10
19011464;20122041w;19045802;13080900113;21101963;03051758;011;626 ~~~~~~~~~~~~~~~~~~~~~~~~~~~~~~~~~~~~~~ 01-11
20011464;21122041w;20045802;14080900113;22101963;04051758;012;627;433;513 ~~~~~~~~~~~~~~~~~~~~~~~~~~~~~~ 01-12
21011464;22122041w;21045802;15080900113;23101963;05051758;013;628 ~~~~~~~~~~~~~~~~~~~~~~~~~~~~~~~~~~~~~~ 01-13
22011464;23122041w;22045802;16080900113;24101963;06051758;014;629;398 ~~~~~~~~~~~~~~~~~~~~~~~~~~~~~~~~~~ 01-14
23011464;24122041w;23045802;17080900113;25101963;07051758;015;419;496 ~~~~~~~~~~~~~~~~~~~~~~~~~~~~~~~~~~ 01-15
24011464;25122041w;24045802;18080900113;26101963;08051758;016;631;400;406 ~~~~~~~~~~~~~~~~~~~~~~~~~~~~~~ 01-16
25011464;26122041w;25045802;19080900113;27101963;09051758;017 ~~~~~~~~~~~~~~~~~~~~~~~~~~~~~~~~~~~~~~~~~~ 01-17
26011464;27122041w;26045802;00090900113;28101963;10051758;018;630;923 ~~~~~~~~~~~~~~~~~~~~~~~~~~~~~~~~~~ 01-18
27011464;28122041w;27045802;01090900113;29101963;11051758;019;625;400 ~~~~~~~~~~~~~~~~~~~~~~~~~~~~~~~~~~ 01-19
28011464;29122041w;28045802;02090900113;30101963;12051758;020;492;864 ~~~~~~~~~~~~~~~~~~~~~~~~~~~~~~~~~~ 01-20
29011464;30122041w;29045802;03090900113;01111963;13051758;021;380;888;406 ~~~~~~~~~~~~~~~~~~~~~~~~~~~~~~ 01-21
30011464;01012042x;01055802;04090900113;02111963;14051758;022;632;497;479;490 ~~~~~~~~~~~~~~~~~~~~~~~~~~ 01-22
01021464;02012042x;02055802;05090900113;03111963;15051758;023;514;566;479;490 ~~~~~~~~~~~~~~~~~~~~~~~~~~ 01-23
02021464;03012042x;03055802;06090900113;04111963;16051758;024;566 ~~~~~~~~~~~~~~~~~~~~~~~~~~~~~~~~~~~~~~ 01-24
03021464;04012042x;04055802;07090900113;05111963;17051758;025;634;566;400 ~~~~~~~~~~~~~~~~~~~~~~~~~~~~~~ 01-25
04021464;05012042x;05055802;08090900113;06111963;18051758;026;635;940;566 ~~~~~~~~~~~~~~~~~~~~~~~~~~~~~~ 01-26
05021464;06012042x;06055802;09090900113;07111963;19051758;027;636;914 ~~~~~~~~~~~~~~~~~~~~~~~~~~~~~~~~~~ 01-27
06021464;07012042x;07055802;10090900113;08111963;20051758;028;397;536;400;580 ~~~~~~~~~~~~~~~~~~~~~~~~~~ 01-28
07021464;08012042x;08055802;11090900113;09111963;21051758;029 ~~~~~~~~~~~~~~~~~~~~~~~~~~~~~~~~~~~~~~~~~~ 01-29
08021464;09012042x;09055802;12090900113;10111963;22051758;030;401;838 ~~~~~~~~~~~~~~~~~~~~~~~~~~~~~~~~~~ 01-30
09021464;10012042x;10055802;13090900113;11111963;23051758;031;633;873 ~~~~~~~~~~~~~~~~~~~~~~~~~~~~~~~~~~ 01-31
10021464;11012042x;11055802;13090900113;12111963;24051758;032;637;640 ~~~~~~~~~~~~~~~~~~~~~~~~~~~~~~~~~~ 02-01
11021464;12012042x;12055802;14090900113;13111963;25051758;033 ~~~~~~~~~~~~~~~~~~~~~~~~~~~~~~~~~~~~~~~~~~ 02-02
12021464;13012042x;13055802;15090900113;14111963;26051758;034;612 ~~~~~~~~~~~~~~~~~~~~~~~~~~~~~~~~~~~~~~ 02-03
13021464;14012042x;14055802;16090900113;15111963;27051758;035;382;884 ~~~~~~~~~~~~~~~~~~~~~~~~~~~~~~~~~~ 02-04
14021464;15012042x;15055802;17090900113;16111963;28051758;036;858;406;612 ~~~~~~~~~~~~~~~~~~~~~~~~~~~~~~ 02-05
15021464;16012042x;16055802;18090900113;17111963;29051758;037;638;857 ~~~~~~~~~~~~~~~~~~~~~~~~~~~~~~~~~~ 02-06
16021464;17012042x;17055802;19090900113;18111963;30051758;038;639 ~~~~~~~~~~~~~~~~~~~~~~~~~~~~~~~~~~~~~~ 02-07
17021464;18012042x;18055802;00100900113;19111963;01061758;039;643;513 ~~~~~~~~~~~~~~~~~~~~~~~~~~~~~~~~~~ 02-08
18021464;19012042x;19055802;01100900113;20111963;02061758;040;612;581 ~~~~~~~~~~~~~~~~~~~~~~~~~~~~~~~~~~ 02-09
19021464;20012042x;20055802;02100900113;21111963;03061758;041;641;406 ~~~~~~~~~~~~~~~~~~~~~~~~~~~~~~~~~~ 02-10
20021464;21012042x;21055802;03100900113;22111963;04061758;042;844 ~~~~~~~~~~~~~~~~~~~~~~~~~~~~~~~~~~~~~~ 02-11
21021464;22012042x;22055802;04100900113;23111963;05061758;043;398;437 ~~~~~~~~~~~~~~~~~~~~~~~~~~~~~~~~~~ 02-12
22021464;23012042x;23055802;05100900113;24111963;06061758;044;642;411 ~~~~~~~~~~~~~~~~~~~~~~~~~~~~~~~~~~ 02-13
23021464;24012042x;24055802;06100900113;25111963;07061758;045 ~~~~~~~~~~~~~~~~~~~~~~~~~~~~~~~~~~~~~~~~~~ 02-14
24021464;25012042x;25055802;07100900113;26111963;08061758;046;406;612 ~~~~~~~~~~~~~~~~~~~~~~~~~~~~~~~~~~ 02-15
25021464;26012042x;26055802;08100900113;27111963;09061758;047;943 ~~~~~~~~~~~~~~~~~~~~~~~~~~~~~~~~~~~~~~ 02-16
26021464;27012042x;27055802;09100900113;28111963;10061758;048;450;854 ~~~~~~~~~~~~~~~~~~~~~~~~~~~~~~~~~~ 02-17
27021464;28012042x;28055802;10100900113;29111963;11061758;049;443;886;854 ~~~~~~~~~~~~~~~~~~~~~~~~~~~~~~ 02-18
28021464;29012042x;29055802;11100900113;30111963;12061758;050;444;380;612 ~~~~~~~~~~~~~~~~~~~~~~~~~~~~~~ 02-19
29021464;01022042x;30055802;12100900113;01121963;13061758;051;644;412 ~~~~~~~~~~~~~~~~~~~~~~~~~~~~~~~~~~ 02-20
01031464;02022042x;01065802;13100900113;02121963;14061758;052;596;645;514;612 ~~~~~~~~~~~~~~~~~~~~~~~~~~ 02-21
02031464;03022042x;02065802;14100900113;03121963;15061758;053 ~~~~~~~~~~~~~~~~~~~~~~~~~~~~~~~~~~~~~~~~~~ 02-22
03031464;04022042x;03065802;15100900113;04121963;16061758;054;612 ~~~~~~~~~~~~~~~~~~~~~~~~~~~~~~~~~~~~~~ 02-23
04031464;05022042x;04065802;16100900113;05121963;17061758;055 ~~~~~~~~~~~~~~~~~~~~~~~~~~~~~~~~~~~~~~~~~~ 02-24
05031464;06022042x;05065802;17100900113;06121963;18061758;056;646;432 ~~~~~~~~~~~~~~~~~~~~~~~~~~~~~~~~~~ 02-25
06031464;07022042x;06065802;18100900113;07121963;19061758;057;397;415 ~~~~~~~~~~~~~~~~~~~~~~~~~~~~~~~~~~ 02-26
07031464;08022042x;07065802;19100900113;08121963;20061758;058;647;648;412;612 ~~~~~~~~~~~~~~~~~~~~~~~~~~ 02-27
08031464;09022042x;08065802;00110900113;09121963;21061758;059;649;650 ~~~~~~~~~~~~~~~~~~~~~~~~~~~~~~~~~~ 02-28
09031464;10022042x;09065802;04110900113;10121963;22061758;061;637;612 ~~~~~~~~~~~~~~~~~~~~~~~~~~~~~~~~~~ 03-01
10031464;11022042x;10065802;05110900113;11121963;23061758;062;655;517;406 ~~~~~~~~~~~~~~~~~~~~~~~~~~~~~~ 03-02
11031464;12022042x;11065802;06110900113;12121963;24061758;063;843;612;613 ~~~~~~~~~~~~~~~~~~~~~~~~~~~~~~ 03-03
12031464;13022042x;12065802;07110900113;13121963;25061758;064;511 ~~~~~~~~~~~~~~~~~~~~~~~~~~~~~~~~~~~~~~ 03-04
13031464;14022042x;13065802;08110900113;14121963;26061758;065;613 ~~~~~~~~~~~~~~~~~~~~~~~~~~~~~~~~~~~~~~ 03-05
14031464;15022042x;14065802;09110900113;15121963;27061758;066;653;383;544;623;906;519;412 ~~~~~~~~~~~~~~ 03-06
15031464;16022042x;15065802;10110900113;16121963;28061758;067;654;598 ~~~~~~~~~~~~~~~~~~~~~~~~~~~~~~~~~~ 03-07
16031464;17022042x;16065802;11110900113;17121963;29061758;068;513;562 ~~~~~~~~~~~~~~~~~~~~~~~~~~~~~~~~~~ 03-08
17031464;18022042x;17065802;12110900113;18121963;30061758;069;562;822;511;843;612;613 ~~~~~~~~~~~~~~~~~~ 03-09
18031464;19022042x;18065802;13110900113;19121963;01071758;070;562 ~~~~~~~~~~~~~~~~~~~~~~~~~~~~~~~~~~~~~~ 03-10
19031464;20022042x;19065802;14110900113;20121963;02071758;071;612;613 ~~~~~~~~~~~~~~~~~~~~~~~~~~~~~~~~~~ 03-11
20031464;21022042x;20065802;15110900113;21121963;03071758;072 ~~~~~~~~~~~~~~~~~~~~~~~~~~~~~~~~~~~~~~~~~~ 03-12
21031464;22022042x;21065802;16110900113;22121963;04071758;073;656;412;843;612;613 ~~~~~~~~~~~~~~~~~~~~~~ 03-13
22031464;23022042x;22065802;17110900113;23121963;05071758;074;398;533;924;415 ~~~~~~~~~~~~~~~~~~~~~~~~~~ 03-14
23031464;24022042x;23065802;18110900113;24121963;06071758;075;843;613 ~~~~~~~~~~~~~~~~~~~~~~~~~~~~~~~~~~ 03-15
24031464;25022042x;24065802;19110900113;25121963;07071758;076;816 ~~~~~~~~~~~~~~~~~~~~~~~~~~~~~~~~~~~~~~ 03-16
25031464;26022042x;25065802;00120900113;26121963;08071758;077;406;613 ~~~~~~~~~~~~~~~~~~~~~~~~~~~~~~~~~~ 03-17
26031464;27022042x;26065802;01120900113;27121963;09071758;078;657;407;408;900 ~~~~~~~~~~~~~~~~~~~~~~~~~~ 03-18
27031464;28022042x;27065802;02120900113;28121963;10071758;079;466;613 ~~~~~~~~~~~~~~~~~~~~~~~~~~~~~~~~~~ 03-19
28031464;29022042x;28065802;03120900113;29121963;11071758;080;658;424;412 ~~~~~~~~~~~~~~~~~~~~~~~~~~~~~~ 03-20
29031464;30022042x;29065802;04120900113;30121963;12071758;081;380;514;855;459;613 ~~~~~~~~~~~~~~~~~~~~~~ 03-21
30031464;01222042x;01075802;05120900113;01011964;13071758;082;538;559;935;851 ~~~~~~~~~~~~~~~~~~~~~~~~~~ 03-22
01041464;02222042x;02075802;06120900113;02011964;14071758;083 ~~~~~~~~~~~~~~~~~~~~~~~~~~~~~~~~~~~~~~~~~~ 03-23
02041464;03222042x;03075802;07120900113;03011964;15071758;084;555;577;409 ~~~~~~~~~~~~~~~~~~~~~~~~~~~~~~ 03-24
03041464;04222042x;04075802;08120900113;04011964;16071758;085;659;612;613 ~~~~~~~~~~~~~~~~~~~~~~~~~~~~~~ 03-25
04041464;05222042x;05075802;09120900113;05011964;17071758;086;660;945 ~~~~~~~~~~~~~~~~~~~~~~~~~~~~~~~~~~ 03-26
05041464;06222042x;06075802;10120900113;06011964;18071758;087;412;613 ~~~~~~~~~~~~~~~~~~~~~~~~~~~~~~~~~~ 03-27
06041464;07222042x;07075802;11120900113;07011964;19071758;088;397 ~~~~~~~~~~~~~~~~~~~~~~~~~~~~~~~~~~~~~~ 03-28
07041464;08222042x;08075802;12120900113;08011964;20071758;089;652;576;933 ~~~~~~~~~~~~~~~~~~~~~~~~~~~~~~ 03-29
08041464;09222042x;09075802;13120900113;09011964;21071758;090;493;376;852;409 ~~~~~~~~~~~~~~~~~~~~~~~~~~ 03-30
09041464;10222042x;10075802;14120900113;10011964;22071758;091;830;612 ~~~~~~~~~~~~~~~~~~~~~~~~~~~~~~~~~~ 03-31
10041464;11222042x;11075802;15120900113;11011964;23071758;092;877 ~~~~~~~~~~~~~~~~~~~~~~~~~~~~~~~~~~~~~~ 04-01
11041464;12222042x;12075802;16120900113;12011964;24071758;093;663;612 ~~~~~~~~~~~~~~~~~~~~~~~~~~~~~~~~~~ 04-02
12041464;13222042x;13075802;17120900113;13011964;25071758;094 ~~~~~~~~~~~~~~~~~~~~~~~~~~~~~~~~~~~~~~~~~~ 04-03
13041464;14222042x;14075802;18120900113;14011964;26071758;095;445;513;833;571;612 ~~~~~~~~~~~~~~~~~~~~~~ 04-04
14041464;15222042x;15075802;19120900113;15011964;27071758;096;446;637;661;384;539;542;575;948;515 ~~~~~~ 04-05
15041464;16222042x;16075802;00130900113;16011964;28071758;097;447;662 ~~~~~~~~~~~~~~~~~~~~~~~~~~~~~~~~~~ 04-06
16041464;17222042x;17075802;01130900113;17011964;29071758;098;448;651 ~~~~~~~~~~~~~~~~~~~~~~~~~~~~~~~~~~ 04-07
17041464;18222042x;18075802;02130900113;18011964;30071758;099;651 ~~~~~~~~~~~~~~~~~~~~~~~~~~~~~~~~~~~~~~ 04-08
18041464;19222042x;19075802;03130900113;19011964;01081758;100;651 ~~~~~~~~~~~~~~~~~~~~~~~~~~~~~~~~~~~~~~ 04-09
19041464;20222042x;20075802;04130900113;20011964;02081758;101;433;651;412;614 ~~~~~~~~~~~~~~~~~~~~~~~~~~ 04-10
20041464;21222042x;21075802;05130900113;21011964;03081758;102;596;409;651 ~~~~~~~~~~~~~~~~~~~~~~~~~~~~~~ 04-11
21041464;22222042x;22075802;06130900113;22011964;04081758;103;651 ~~~~~~~~~~~~~~~~~~~~~~~~~~~~~~~~~~~~~~ 04-12
22041464;23222042x;23075802;07130900113;23011964;05081758;104;398;821 ~~~~~~~~~~~~~~~~~~~~~~~~~~~~~~~~~~ 04-13
23041464;24222042x;24075802;08130900113;24011964;06081758;105;612 ~~~~~~~~~~~~~~~~~~~~~~~~~~~~~~~~~~~~~~ 04-14
24041464;25222042x;25075802;09130900113;25011964;07081758;106;416 ~~~~~~~~~~~~~~~~~~~~~~~~~~~~~~~~~~~~~~ 04-15
25041464;26222042x;26075802;10130900113;26011964;08081758;107;526;939;614 ~~~~~~~~~~~~~~~~~~~~~~~~~~~~~~ 04-16
26041464;27222042x;27075802;11130900113;27011964;09081758;108;631;664;409 ~~~~~~~~~~~~~~~~~~~~~~~~~~~~~~ 04-17
27041464;28222042x;28075802;12130900113;28011964;10081758;109;665 ~~~~~~~~~~~~~~~~~~~~~~~~~~~~~~~~~~~~~~ 04-18
28041464;29222042x;29075802;13130900113;29011964;11081758;110;666;380;514 ~~~~~~~~~~~~~~~~~~~~~~~~~~~~~~ 04-19
29041464;01032042x;30075802;14130900113;30011964;12081758;111;930;953 ~~~~~~~~~~~~~~~~~~~~~~~~~~~~~~~~~~ 04-20
01051464;02032042x;01085802;15130900113;01021964;13081758;112;794 ~~~~~~~~~~~~~~~~~~~~~~~~~~~~~~~~~~~~~~ 04-21
02051464;03032042x;02085802;16130900113;02021964;14081758;113;510;902;612 ~~~~~~~~~~~~~~~~~~~~~~~~~~~~~~ 04-22
03051464;04032042x;03085802;17130900113;03021964;15081758;114;861 ~~~~~~~~~~~~~~~~~~~~~~~~~~~~~~~~~~~~~~ 04-23
04051464;05032042x;04085802;18130900113;04021964;16081758;115;667;436;528;412;614 ~~~~~~~~~~~~~~~~~~~~~~ 04-24
05051464;06032042x;05085802;19130900113;05021964;17081758;116;596;671;529 ~~~~~~~~~~~~~~~~~~~~~~~~~~~~~~ 04-25
06051464;07032042x;06085802;00140900113;06021964;18081758;117;668;397;553;612 ~~~~~~~~~~~~~~~~~~~~~~~~~~ 04-26
07051464;08032042x;07085802;01140900113;07021964;19081758;118;669 ~~~~~~~~~~~~~~~~~~~~~~~~~~~~~~~~~~~~~~ 04-27
08051464;09032042x;08085802;02140900113;08021964;20081758;119;927;614 ~~~~~~~~~~~~~~~~~~~~~~~~~~~~~~~~~~ 04-28
09051464;10032042x;09085802;03140900113;09021964;21081758;120;409 ~~~~~~~~~~~~~~~~~~~~~~~~~~~~~~~~~~~~~~ 04-29
10051464;11032042x;10085802;04140900113;10021964;22081758;121;670;889 ~~~~~~~~~~~~~~~~~~~~~~~~~~~~~~~~~~ 04-30
11051464;12032042x;11085802;05140900113;11021964;23081758;122;677;513 ~~~~~~~~~~~~~~~~~~~~~~~~~~~~~~~~~~ 05-01
12051464;13032042x;12085802;06140900113;12021964;24081758;123;679 ~~~~~~~~~~~~~~~~~~~~~~~~~~~~~~~~~~~~~~ 05-02
13051464;14032042x;13085802;07140900113;13021964;25081758;124;637;672;894 ~~~~~~~~~~~~~~~~~~~~~~~~~~~~~~ 05-03
14051464;15032042x;14085802;08140900113;14021964;26081758;125;673;385 ~~~~~~~~~~~~~~~~~~~~~~~~~~~~~~~~~~ 05-04
15051464;16032042x;15085802;09140900113;15021964;27081758;126;674;399;537;937;409 ~~~~~~~~~~~~~~~~~~~~~~ 05-05
16051464;17032042x;16085802;10140900113;16021964;28081758;127;675;892 ~~~~~~~~~~~~~~~~~~~~~~~~~~~~~~~~~~ 05-06
17051464;18032042x;17085802;11140900113;17021964;29081758;128;676 ~~~~~~~~~~~~~~~~~~~~~~~~~~~~~~~~~~~~~~ 05-07
18051464;19032042x;18085802;12140900113;18021964;30081758;129;518;400;612 ~~~~~~~~~~~~~~~~~~~~~~~~~~~~~~ 05-08
19051464;20032042x;19085802;13140900113;19021964;01091758;130;678;615 ~~~~~~~~~~~~~~~~~~~~~~~~~~~~~~~~~~ 05-09
20051464;21032042x;20085802;14140900113;20021964;02091758;131;681;680;612 ~~~~~~~~~~~~~~~~~~~~~~~~~~~~~~ 05-10
21051464;22032042x;21085802;15140900113;21021964;03091758;132;451;615 ~~~~~~~~~~~~~~~~~~~~~~~~~~~~~~~~~~ 05-11
22051464;23032042x;22085802;16140900113;22021964;04091758;133;682;398 ~~~~~~~~~~~~~~~~~~~~~~~~~~~~~~~~~~ 05-12
23051464;24032042x;23085802;17140900113;23021964;05091758;134;868 ~~~~~~~~~~~~~~~~~~~~~~~~~~~~~~~~~~~~~~ 05-13
24051464;25032042x;24085802;18140900113;24021964;06091758;135;683 ~~~~~~~~~~~~~~~~~~~~~~~~~~~~~~~~~~~~~~ 05-14
25051464;26032042x;25085802;19140900113;25021964;07091758;136;494;797;530;615 ~~~~~~~~~~~~~~~~~~~~~~~~~~ 05-15
26051464;27032042x;26085802;00150900113;26021964;08091758;137;686;554;573;612 ~~~~~~~~~~~~~~~~~~~~~~~~~~ 05-16
27051464;28032042x;27085802;01150900113;27021964;09091758;138;687;457;514;573;400;615 ~~~~~~~~~~~~~~~~~~ 05-17
28051464;29032042x;28085802;02150900113;28021964;10091758;139;684;573;624;612 ~~~~~~~~~~~~~~~~~~~~~~~~~~ 05-18
29051464;01042042x;29085802;03150900113;29021964;11091758;140;789;380;921;942;624;615 ~~~~~~~~~~~~~~~~~~ 05-19
30051464;02042042x;01095802;04150900113;30021964;12091758;141;624;400;612 ~~~~~~~~~~~~~~~~~~~~~~~~~~~~~~ 05-20
01061464;03042042x;02095802;05150900113;31021964;13091758;142;685;624 ~~~~~~~~~~~~~~~~~~~~~~~~~~~~~~~~~~ 05-21
02061464;04042042x;03095802;06150900113;01031964;14091758;143;624;412;612 ~~~~~~~~~~~~~~~~~~~~~~~~~~~~~~ 05-22
03061464;05042042x;04095802;07150900113;02031964;15091758;144;689;798;624;400 ~~~~~~~~~~~~~~~~~~~~~~~~~~ 05-23
04061464;06042042x;05095802;08150900113;03031964;16091758;145;439;432;624 ~~~~~~~~~~~~~~~~~~~~~~~~~~~~~~ 05-24
05061464;07042042x;06095802;09150900113;04031964;17091758;146;449;439;522;615 ~~~~~~~~~~~~~~~~~~~~~~~~~~ 05-25
06061464;08042042x;07095802;10150900113;05031964;18091758;147;438;397;400 ~~~~~~~~~~~~~~~~~~~~~~~~~~~~~~ 05-26
07061464;09042042x;08095802;11150900113;06031964;19091758;148;615 ~~~~~~~~~~~~~~~~~~~~~~~~~~~~~~~~~~~~~~ 05-27
08061464;10042042x;09095802;12150900113;07031964;20091758;149;688;612 ~~~~~~~~~~~~~~~~~~~~~~~~~~~~~~~~~~ 05-28
09061464;11042042x;10095802;13150900113;08031964;21091758;150;378;401;513;552;412;615 ~~~~~~~~~~~~~~~~~~ 05-29
10061464;12042042x;11095802;14150900113;09031964;22091758;151;420;896;612 ~~~~~~~~~~~~~~~~~~~~~~~~~~~~~~ 05-30
11061464;13042042x;12095802;15150900113;10031964;23091758;152 ~~~~~~~~~~~~~~~~~~~~~~~~~~~~~~~~~~~~~~~~~~ 05-31
12061464;14042042x;13095802;16150900113;11031964;24091758;153;690 ~~~~~~~~~~~~~~~~~~~~~~~~~~~~~~~~~~~~~~ 06-01
13061464;15042042x;14095802;17150900113;12031964;25091758;154;694 ~~~~~~~~~~~~~~~~~~~~~~~~~~~~~~~~~~~~~~ 06-02
14061464;16042042x;15095802;18150900113;13031964;26091758;155;386;874;941;612 ~~~~~~~~~~~~~~~~~~~~~~~~~~ 06-03
15061464;17042042x;16095802;19150900113;14031964;27091758;156;691 ~~~~~~~~~~~~~~~~~~~~~~~~~~~~~~~~~~~~~~ 06-04
16061464;18042042x;17095802;00160900113;15031964;28091758;157;412;612;616 ~~~~~~~~~~~~~~~~~~~~~~~~~~~~~~ 06-05
17061464;19042042x;18095802;01160900113;16031964;29091758;158;692 ~~~~~~~~~~~~~~~~~~~~~~~~~~~~~~~~~~~~~~ 06-06
18061464;20042042x;19095802;02160900113;17031964;30091758;159;637;693;612;616 ~~~~~~~~~~~~~~~~~~~~~~~~~~ 06-07
19061464;21042042x;20095802;03160900113;18031964;01101758;160;695 ~~~~~~~~~~~~~~~~~~~~~~~~~~~~~~~~~~~~~~ 06-08
20061464;22042042x;21095802;04160900113;19031964;02101758;161;421 ~~~~~~~~~~~~~~~~~~~~~~~~~~~~~~~~~~~~~~ 06-09
21061464;23042042x;22095802;05160900113;20031964;03101758;162;696;398 ~~~~~~~~~~~~~~~~~~~~~~~~~~~~~~~~~~ 06-10
22061464;24042042x;23095802;06160900113;21031964;04101758;163;437;569;612 ~~~~~~~~~~~~~~~~~~~~~~~~~~~~~~ 06-11
23061464;25042042x;24095802;07160900113;22031964;05101758;164;569;412 ~~~~~~~~~~~~~~~~~~~~~~~~~~~~~~~~~~ 06-12
24061464;26042042x;25095802;08160900113;23031964;06101758;165;699;514;612 ~~~~~~~~~~~~~~~~~~~~~~~~~~~~~~ 06-13
25061464;27042042x;26095802;09160900113;24031964;07101758;166;697;799;946 ~~~~~~~~~~~~~~~~~~~~~~~~~~~~~~ 06-14
26061464;28042042x;27095802;10160900113;25031964;08101758;167;452;452 ~~~~~~~~~~~~~~~~~~~~~~~~~~~~~~~~~~ 06-15
27061464;29042042x;28095802;11160900113;26031964;09101758;168;409 ~~~~~~~~~~~~~~~~~~~~~~~~~~~~~~~~~~~~~~ 06-16
28061464;30042042x;29095802;12160900113;27031964;10101758;169;380;612 ~~~~~~~~~~~~~~~~~~~~~~~~~~~~~~~~~~ 06-17
29061464;01052042x;30095802;13160900113;28031964;11101758;170 ~~~~~~~~~~~~~~~~~~~~~~~~~~~~~~~~~~~~~~~~~~ 06-18
01071464;02052042x;01105802;14160900113;29031964;12101758;171;698;870;421 ~~~~~~~~~~~~~~~~~~~~~~~~~~~~~~ 06-19
02071464;03052042x;02105802;15160900113;30031964;13101758;172;701;460;700 ~~~~~~~~~~~~~~~~~~~~~~~~~~~~~~ 06-20
03071464;04052042x;03105802;16160900113;31031964;14101758;173;836;425;616 ~~~~~~~~~~~~~~~~~~~~~~~~~~~~~~ 06-21
04071464;05052042x;04105802;17160900113;01041964;15101758;174;461;564;409 ~~~~~~~~~~~~~~~~~~~~~~~~~~~~~~ 06-22
05071464;06052042x;05105802;18160900113;02041964;16101758;175;616 ~~~~~~~~~~~~~~~~~~~~~~~~~~~~~~~~~~~~~~ 06-23
06071464;07052042x;06105802;19160900113;03041964;17101758;176 ~~~~~~~~~~~~~~~~~~~~~~~~~~~~~~~~~~~~~~~~~~ 06-24
07071464;08052042x;07105802;00170900113;04041964;18101758;177;704;397;612 ~~~~~~~~~~~~~~~~~~~~~~~~~~~~~~ 06-25
08071464;09052042x;08105802;01170900113;05041964;19101758;178;513;412 ~~~~~~~~~~~~~~~~~~~~~~~~~~~~~~~~~~ 06-26
09071464;10052042x;09105802;02170900113;06041964;20101758;179;703 ~~~~~~~~~~~~~~~~~~~~~~~~~~~~~~~~~~~~~~ 06-27
10071464;11052042x;10105802;03170900113;07041964;21101758;180;702 ~~~~~~~~~~~~~~~~~~~~~~~~~~~~~~~~~~~~~~ 06-28
11071464;12052042x;11105802;04170900113;08041964;22101758;181;795;546 ~~~~~~~~~~~~~~~~~~~~~~~~~~~~~~~~~~ 06-29
12071464;13052042x;12105802;05170900113;09041964;23101758;182 ~~~~~~~~~~~~~~~~~~~~~~~~~~~~~~~~~~~~~~~~~~ 06-30
13071464;14052042x;13105802;06170900113;10041964;24101758;183;612 ~~~~~~~~~~~~~~~~~~~~~~~~~~~~~~~~~~~~~~ 07-01
14071464;15052042x;14105802;07170900113;11041964;25101758;184 ~~~~~~~~~~~~~~~~~~~~~~~~~~~~~~~~~~~~~~~~~~ 07-02
15071464;16052042x;15105802;08170900113;12041964;26101758;185;387;413;531;561;612;617 ~~~~~~~~~~~~~~~~~~ 07-03
16071464;17052042x;16105802;09170900113;13041964;27101758;186;565;409 ~~~~~~~~~~~~~~~~~~~~~~~~~~~~~~~~~~ 07-04
17071464;18052042x;17105802;10170900113;14041964;28101758;187;637;705;840;565;612 ~~~~~~~~~~~~~~~~~~~~~~ 07-05
18071464;19052042x;18105802;11170900113;15041964;29101758;188;373 ~~~~~~~~~~~~~~~~~~~~~~~~~~~~~~~~~~~~~~ 07-06
19071464;20052042x;19105802;12170900113;16041964;30101758;189;433 ~~~~~~~~~~~~~~~~~~~~~~~~~~~~~~~~~~~~~~ 07-07
20071464;21052042x;20105802;13170900113;17041964;01111758;190 ~~~~~~~~~~~~~~~~~~~~~~~~~~~~~~~~~~~~~~~~~~ 07-08
21071464;22052042x;21105802;14170900113;18041964;02111758;191;398;514;421;617 ~~~~~~~~~~~~~~~~~~~~~~~~~~ 07-09
22071464;23052042x;22105802;15170900113;19041964;03111758;192 ~~~~~~~~~~~~~~~~~~~~~~~~~~~~~~~~~~~~~~~~~~ 07-10
23071464;24052042x;23105802;16170900113;20041964;04111758;193;578;612 ~~~~~~~~~~~~~~~~~~~~~~~~~~~~~~~~~~ 07-11
24071464;25052042x;24105802;17170900113;21041964;05111758;194;706 ~~~~~~~~~~~~~~~~~~~~~~~~~~~~~~~~~~~~~~ 07-12
25071464;26052042x;25105802;18170900113;22041964;06111758;195;878;612;617 ~~~~~~~~~~~~~~~~~~~~~~~~~~~~~~ 07-13
26071464;27052042x;26105802;19170900113;23041964;07111758;196;707 ~~~~~~~~~~~~~~~~~~~~~~~~~~~~~~~~~~~~~~ 07-14
27071464;28052042x;27105802;00001000113;24041964;08111758;197;509 ~~~~~~~~~~~~~~~~~~~~~~~~~~~~~~~~~~~~~~ 07-15
28071464;29052042x;28105802;01001000113;25041964;09111758;198;711;380;409 ~~~~~~~~~~~~~~~~~~~~~~~~~~~~~~ 07-16
29071464;01062042x;29105802;02001000113;26041964;10111758;199;631;612;617 ~~~~~~~~~~~~~~~~~~~~~~~~~~~~~~ 07-17
30071464;02062042x;01115802;03001000113;27041964;11111758;200 ~~~~~~~~~~~~~~~~~~~~~~~~~~~~~~~~~~~~~~~~~~ 07-18
01081464;03062042x;02115802;04001000113;28041964;12111758;201;708;410 ~~~~~~~~~~~~~~~~~~~~~~~~~~~~~~~~~~ 07-19
02081464;04062042x;03115802;05001000113;29041964;13111758;202;709 ~~~~~~~~~~~~~~~~~~~~~~~~~~~~~~~~~~~~~~ 07-20
03081464;05062042x;04115802;06001000113;30041964;14111758;203;710 ~~~~~~~~~~~~~~~~~~~~~~~~~~~~~~~~~~~~~~ 07-21
04081464;06062042x;05115802;07001000113;31041964;15111758;204 ~~~~~~~~~~~~~~~~~~~~~~~~~~~~~~~~~~~~~~~~~~ 07-22
05081464;07062042x;06115802;08001000113;01051964;16111758;205;513 ~~~~~~~~~~~~~~~~~~~~~~~~~~~~~~~~~~~~~~ 07-23
06081464;08062042x;07115802;09001000113;02051964;17111758;206;712;397 ~~~~~~~~~~~~~~~~~~~~~~~~~~~~~~~~~~ 07-24
07081464;09062042x;08115802;10001000113;03051964;18111758;207;716 ~~~~~~~~~~~~~~~~~~~~~~~~~~~~~~~~~~~~~~ 07-25
08081464;10062042x;09115802;11001000113;04051964;19111758;208;713 ~~~~~~~~~~~~~~~~~~~~~~~~~~~~~~~~~~~~~~ 07-26
09081464;11062042x;10115802;12001000113;05051964;20111758;209;714 ~~~~~~~~~~~~~~~~~~~~~~~~~~~~~~~~~~~~~~ 07-27
10081464;12062042x;11115802;13001000113;06051964;21111758;210;898 ~~~~~~~~~~~~~~~~~~~~~~~~~~~~~~~~~~~~~~ 07-28
11081464;13062042x;12115802;14001000113;07051964;22111758;211;612;617 ~~~~~~~~~~~~~~~~~~~~~~~~~~~~~~~~~~ 07-29
12081464;14062042x;13115802;15001000113;08051964;23111758;212 ~~~~~~~~~~~~~~~~~~~~~~~~~~~~~~~~~~~~~~~~~~ 07-30
13081464;15062042x;14115802;16001000113;09051964;24111758;213;715;612 ~~~~~~~~~~~~~~~~~~~~~~~~~~~~~~~~~~ 07-31
14081464;16062042x;15115802;17001000113;10051964;25111758;214;719;388;925;512 ~~~~~~~~~~~~~~~~~~~~~~~~~~ 08-01
15081464;17062042x;16115802;18001000113;11051964;26111758;215;637;720;612 ~~~~~~~~~~~~~~~~~~~~~~~~~~~~~~ 08-02
16081464;18062042x;17115802;19001000113;12051964;27111758;216;717;618 ~~~~~~~~~~~~~~~~~~~~~~~~~~~~~~~~~~ 08-03
17081464;19062042x;18115802;00011000113;13051964;28111758;217;514 ~~~~~~~~~~~~~~~~~~~~~~~~~~~~~~~~~~~~~~ 08-04
18081464;20062042x;19115802;01011000113;14051964;29111758;218;718;618 ~~~~~~~~~~~~~~~~~~~~~~~~~~~~~~~~~~ 08-05
19081464;21062042x;20115802;02011000113;15051964;30111758;219 ~~~~~~~~~~~~~~~~~~~~~~~~~~~~~~~~~~~~~~~~~~ 08-06
20081464;22062042x;21115802;03011000113;16051964;01121758;220 ~~~~~~~~~~~~~~~~~~~~~~~~~~~~~~~~~~~~~~~~~~ 08-07
21081464;23062042x;22115802;04011000113;17051964;02121758;221;398;612 ~~~~~~~~~~~~~~~~~~~~~~~~~~~~~~~~~~ 08-08
22081464;24062042x;23115802;05011000113;18051964;03121758;222;723;618 ~~~~~~~~~~~~~~~~~~~~~~~~~~~~~~~~~~ 08-09
23081464;25062042x;24115802;06011000113;19051964;04121758;223;721;866;612 ~~~~~~~~~~~~~~~~~~~~~~~~~~~~~~ 08-10
24081464;26062042x;25115802;07011000113;20051964;05121758;224;901 ~~~~~~~~~~~~~~~~~~~~~~~~~~~~~~~~~~~~~~ 08-11
25081464;27062042x;26115802;08011000113;21051964;06121758;225 ~~~~~~~~~~~~~~~~~~~~~~~~~~~~~~~~~~~~~~~~~~ 08-12
26081464;28062042x;27115802;09011000113;22051964;07121758;226;722;417;618 ~~~~~~~~~~~~~~~~~~~~~~~~~~~~~~ 08-13
27081464;29062042x;28115802;10011000113;23051964;08121758;227 ~~~~~~~~~~~~~~~~~~~~~~~~~~~~~~~~~~~~~~~~~~ 08-14
28081464;30062042x;29115802;11011000113;24051964;09121758;228;380;618 ~~~~~~~~~~~~~~~~~~~~~~~~~~~~~~~~~~ 08-15
29081464;01072042x;30115802;12011000113;25051964;10121758;229;724;612 ~~~~~~~~~~~~~~~~~~~~~~~~~~~~~~~~~~ 08-16
01091464;02072042x;01125802;13011000113;26051964;11121758;230;504 ~~~~~~~~~~~~~~~~~~~~~~~~~~~~~~~~~~~~~~ 08-17
02091464;03072042x;02125802;14011000113;27051964;12121758;231;579;421 ~~~~~~~~~~~~~~~~~~~~~~~~~~~~~~~~~~ 08-18
03091464;04072042x;03125802;15011000113;28051964;13121758;232 ~~~~~~~~~~~~~~~~~~~~~~~~~~~~~~~~~~~~~~~~~~ 08-19
04091464;05072042x;04125802;16011000113;29051964;14121758;233;432;513;612 ~~~~~~~~~~~~~~~~~~~~~~~~~~~~~~ 08-20
05091464;06072042x;05125802;17011000113;30051964;15121758;234;891;618 ~~~~~~~~~~~~~~~~~~~~~~~~~~~~~~~~~~ 08-21
06091464;07072042x;06125802;18011000113;31051964;16121758;235;427;436;467;572;418;612 ~~~~~~~~~~~~~~~~~~ 08-22
07091464;08072042x;07125802;19011000113;01061964;17121758;236;397;505 ~~~~~~~~~~~~~~~~~~~~~~~~~~~~~~~~~~ 08-23
08091464;09072042x;08125802;00021000113;02061964;18121758;237;428;612 ~~~~~~~~~~~~~~~~~~~~~~~~~~~~~~~~~~ 08-24
09091464;10072042x;09125802;01021000113;03061964;19121758;238;796;618 ~~~~~~~~~~~~~~~~~~~~~~~~~~~~~~~~~~ 08-25
10091464;11072042x;10125802;02021000113;04061964;20121758;239;594 ~~~~~~~~~~~~~~~~~~~~~~~~~~~~~~~~~~~~~~ 08-26
11091464;12072042x;11125802;03021000113;05061964;21121758;240;595;926 ~~~~~~~~~~~~~~~~~~~~~~~~~~~~~~~~~~ 08-27
12091464;13072042x;12125802;04021000113;06061964;22121758;241 ~~~~~~~~~~~~~~~~~~~~~~~~~~~~~~~~~~~~~~~~~~ 08-28
13091464;14072042x;13125802;05021000113;07061964;23121758;242;596;897;938;567;618 ~~~~~~~~~~~~~~~~~~~~~~ 08-29
14091464;15072042x;14125802;06021000113;08061964;24121758;243;429;725;396;909;910;567;612 ~~~~~~~~~~~~~~ 08-30
15091464;16072042x;15125802;07021000113;09061964;25121758;244;430;725;396;556;925;418;505 ~~~~~~~~~~~~~~ 08-31
16091464;17072042x;16125802;08021000113;10061964;26121758;245;434;514 ~~~~~~~~~~~~~~~~~~~~~~~~~~~~~~~~~~ 09-01
17091464;18072042x;17125802;09021000113;11061964;27121758;246;435;864;875 ~~~~~~~~~~~~~~~~~~~~~~~~~~~~~~ 09-02
18091464;19072042x;18125802;10021000113;12061964;28121758;247;612 ~~~~~~~~~~~~~~~~~~~~~~~~~~~~~~~~~~~~~~ 09-03
19091464;20072042x;19125802;11021000113;13061964;29121758;248 ~~~~~~~~~~~~~~~~~~~~~~~~~~~~~~~~~~~~~~~~~~ 09-04
20091464;21072042x;20125802;12021000113;14061964;30121758;249;727;399;612 ~~~~~~~~~~~~~~~~~~~~~~~~~~~~~~ 09-05
21091464;22072042x;21125802;13021000113;15061964;01131758;250;637;728;398;872 ~~~~~~~~~~~~~~~~~~~~~~~~~~ 09-06
22091464;23072042x;22125802;14021000113;16061964;02131758;251;455;845;871;421 ~~~~~~~~~~~~~~~~~~~~~~~~~~ 09-07
23091464;24072042x;23125802;15021000113;17061964;03131758;252;729;846;400 ~~~~~~~~~~~~~~~~~~~~~~~~~~~~~~ 09-08
24091464;25072042x;24125802;16021000113;18061964;04131758;253;612;619 ~~~~~~~~~~~~~~~~~~~~~~~~~~~~~~~~~~ 09-09
25091464;26072042x;25125802;17021000113;19061964;05131758;254;503;505 ~~~~~~~~~~~~~~~~~~~~~~~~~~~~~~~~~~ 09-10
26091464;27072042x;26125802;18021000113;20061964;01011759;255;730;400;619 ~~~~~~~~~~~~~~~~~~~~~~~~~~~~~~ 09-11
27091464;28072042x;27125802;19021000113;21061964;02011759;256;847;507;508;505 ~~~~~~~~~~~~~~~~~~~~~~~~~~ 09-12
28091464;29072042x;28125802;00031000113;22061964;03011759;257;726;612 ~~~~~~~~~~~~~~~~~~~~~~~~~~~~~~~~~~ 09-13
29091464;01082042x;29125802;01031000113;23061964;04011759;258;380;521 ~~~~~~~~~~~~~~~~~~~~~~~~~~~~~~~~~~ 09-14
30091464;02082042x;01215803;02031000113;24061964;05011759;259;454;506;521 ~~~~~~~~~~~~~~~~~~~~~~~~~~~~~~ 09-15
01101464;03082042x;02215803;03031000113;25061964;06011759;260;732;502;521 ~~~~~~~~~~~~~~~~~~~~~~~~~~~~~~ 09-16
02101464;04082042x;03215803;04031000113;26061964;07011759;261;513;597;815;865;400;619;848 ~~~~~~~~~~~~~~ 09-17
03101464;05082042x;04215803;05031000113;27061964;08011759;262;733;550;418 ~~~~~~~~~~~~~~~~~~~~~~~~~~~~~~ 09-18
04101464;06082042x;05215803;06031000113;28061964;09011759;263;734;915;612;848 ~~~~~~~~~~~~~~~~~~~~~~~~~~ 09-19
05101464;07082042x;06215803;07031000113;29061964;10011759;264;735;400 ~~~~~~~~~~~~~~~~~~~~~~~~~~~~~~~~~~ 09-20
06101464;08082042x;07215803;08031000113;30061964;11011759;265;731;619;848 ~~~~~~~~~~~~~~~~~~~~~~~~~~~~~~ 09-21
07101464;09082042x;08215803;09031000113;31061964;12011759;266;736;397;908;462 ~~~~~~~~~~~~~~~~~~~~~~~~~~ 09-22
08101464;10082042x;09215803;10031000113;01071964;13011759;267;737;423;400;619 ~~~~~~~~~~~~~~~~~~~~~~~~~~ 09-23
09101464;11082042x;10215803;11031000113;02071964;14011759;268;742;463;527 ~~~~~~~~~~~~~~~~~~~~~~~~~~~~~~ 09-24
10101464;12082042x;11215803;12031000113;03071964;15011759;269;741;903;612;619;848 ~~~~~~~~~~~~~~~~~~~~~~ 09-25
11101464;13082042x;12215803;13031000113;04071964;16011759;270;738;400 ~~~~~~~~~~~~~~~~~~~~~~~~~~~~~~~~~~ 09-26
12101464;14082042x;13215803;14031000113;05071964;17011759;271;739;743;401;612;619;848 ~~~~~~~~~~~~~~~~~~ 09-27
13101464;15082042x;14215803;15031000113;06071964;18011759;272;740;402;520;551;570 ~~~~~~~~~~~~~~~~~~~~~~ 09-28
14101464;16082042x;15215803;16031000113;07071964;19011759;273;389;390;514;534;542;907;948;523;612;619 ~~ 09-29
15101464;17082042x;16215803;17031000113;08071964;20011759;274;523;853 ~~~~~~~~~~~~~~~~~~~~~~~~~~~~~~~~~~ 09-30
16101464;18082042x;17215803;18031000113;09071964;21011759;275;746;790;523;853;848 ~~~~~~~~~~~~~~~~~~~~~~ 10-01
17101464;19082042x;18215803;19031000113;10071964;22011759;276;747;790;523;853;403 ~~~~~~~~~~~~~~~~~~~~~~ 10-02
18101464;20082042x;19215803;00041000113;11071964;23011759;277;748;790;433;523 ~~~~~~~~~~~~~~~~~~~~~~~~~~ 10-03
19101464;21082042x;20215803;01041000113;12071964;24011759;278;637;790;437;523 ~~~~~~~~~~~~~~~~~~~~~~~~~~ 10-04
20101464;22082042x;21215803;02041000113;13071964;25011759;279;749;790;398;523;612 ~~~~~~~~~~~~~~~~~~~~~~ 10-05
21101464;23082042x;22215803;03041000113;14071964;26011759;280;744;790;524;403;418 ~~~~~~~~~~~~~~~~~~~~~~ 10-06
22101464;24082042x;23215803;04041000113;15071964;27011759;281;745;790;525;612;848 ~~~~~~~~~~~~~~~~~~~~~~ 10-07
23101464;25082042x;24215803;05041000113;16071964;28011759;282;752 ~~~~~~~~~~~~~~~~~~~~~~~~~~~~~~~~~~~~~~ 10-08
24101464;26082042x;25215803;06041000113;17071964;29011759;283;753;869;612;620;848 ~~~~~~~~~~~~~~~~~~~~~~ 10-09
25101464;27082042x;26215803;07041000113;18071964;30011759;284;367;403 ~~~~~~~~~~~~~~~~~~~~~~~~~~~~~~~~~~ 10-10
26101464;28082042x;27215803;08041000113;19071964;01021759;285;754;368;848 ~~~~~~~~~~~~~~~~~~~~~~~~~~~~~~ 10-11
27101464;29082042x;28215803;09041000113;20071964;02021759;286;750 ~~~~~~~~~~~~~~~~~~~~~~~~~~~~~~~~~~~~~~ 10-12
28101464;30082042x;29215803;10041000113;21071964;03021759;287;751;380;920;612;848 ~~~~~~~~~~~~~~~~~~~~~~ 10-13
29101464;01092042x;30215803;11041000113;22071964;04021759;288;791;513;932;950;403 ~~~~~~~~~~~~~~~~~~~~~~ 10-14
01111464;02092042x;01225803;12041000113;23071964;05021759;289;757;793;895;612;620 ~~~~~~~~~~~~~~~~~~~~~~ 10-15
02111464;03092042x;02225803;13041000113;24071964;06021759;290;631 ~~~~~~~~~~~~~~~~~~~~~~~~~~~~~~~~~~~~~~ 10-16
03111464;04092042x;03225803;14041000113;25071964;07021759;291;612 ~~~~~~~~~~~~~~~~~~~~~~~~~~~~~~~~~~~~~~ 10-17
04111464;05092042x;04225803;15041000113;26071964;08021759;292;758 ~~~~~~~~~~~~~~~~~~~~~~~~~~~~~~~~~~~~~~ 10-18
05111464;06092042x;05225803;16041000113;27071964;09021759;293;918;612 ~~~~~~~~~~~~~~~~~~~~~~~~~~~~~~~~~~ 10-19
06111464;07092042x;06225803;17041000113;28071964;10021759;294;755;784 ~~~~~~~~~~~~~~~~~~~~~~~~~~~~~~~~~~ 10-20
07111464;08092042x;07225803;18041000113;29071964;11021759;295;756;397;369;919;785;620 ~~~~~~~~~~~~~~~~~~ 10-21
08111464;09092042x;08225803;19041000113;30071964;12021759;296;548;563;786;403 ~~~~~~~~~~~~~~~~~~~~~~~~~~ 10-22
09111464;10092042x;09225803;00051000113;01081964;13021759;297;431;885;787;612 ~~~~~~~~~~~~~~~~~~~~~~~~~~ 10-23
10111464;11092042x;10225803;01051000113;02081964;14021759;298;371;549;560;418 ~~~~~~~~~~~~~~~~~~~~~~~~~~ 10-24
11111464;12092042x;11225803;02051000113;03081964;15021759;299;759;899;612 ~~~~~~~~~~~~~~~~~~~~~~~~~~~~~~ 10-25
12111464;13092042x;12225803;03051000113;04081964;16021759;300;403 ~~~~~~~~~~~~~~~~~~~~~~~~~~~~~~~~~~~~~~ 10-26
13111464;14092042x;13225803;04051000113;05081964;17021759;301;612 ~~~~~~~~~~~~~~~~~~~~~~~~~~~~~~~~~~~~~~ 10-27
14111464;15092042x;14225803;05051000113;06081964;18021759;302;393;514;532;882;922 ~~~~~~~~~~~~~~~~~~~~~~ 10-28
15111464;16092042x;15225803;06051000113;07081964;19021759;303;612;620 ~~~~~~~~~~~~~~~~~~~~~~~~~~~~~~~~~~ 10-29
16111464;17092042x;16225803;07051000113;08081964;20021759;304;403 ~~~~~~~~~~~~~~~~~~~~~~~~~~~~~~~~~~~~~~ 10-30
17111464;18092042x;17225803;08051000113;09081964;21021759;305;849;812;881;612 ~~~~~~~~~~~~~~~~~~~~~~~~~~ 10-31
18111464;19092042x;18225803;09051000113;10081964;22021759;306;637;763;453 ~~~~~~~~~~~~~~~~~~~~~~~~~~~~~~ 11-01
19111464;20092042x;19225803;10051000113;11081964;23021759;307;418;612 ~~~~~~~~~~~~~~~~~~~~~~~~~~~~~~~~~~ 11-02
20111464;21092042x;20225803;11051000113;12081964;24021759;308;760;403;621 ~~~~~~~~~~~~~~~~~~~~~~~~~~~~~~ 11-03
21111464;22092042x;21225803;12051000113;13081964;25021759;309;850;398;499 ~~~~~~~~~~~~~~~~~~~~~~~~~~~~~~ 11-04
22111464;23092042x;22225803;13051000113;14081964;26021759;310;761 ~~~~~~~~~~~~~~~~~~~~~~~~~~~~~~~~~~~~~~ 11-05
23111464;24092042x;23225803;14051000113;15081964;27021759;311;762;421;612 ~~~~~~~~~~~~~~~~~~~~~~~~~~~~~~ 11-06
24111464;25092042x;24225803;15051000113;16081964;28021759;312;403;621 ~~~~~~~~~~~~~~~~~~~~~~~~~~~~~~~~~~ 11-07
25111464;26092042x;25225803;16051000113;17081964;29021759;313;558;911 ~~~~~~~~~~~~~~~~~~~~~~~~~~~~~~~~~~ 11-08
26111464;27092042x;26225803;17051000113;18081964;30021759;314;404 ~~~~~~~~~~~~~~~~~~~~~~~~~~~~~~~~~~~~~~ 11-09
27111464;28092042x;27225803;18051000113;19081964;01031759;315;422;513;779;784;785;612 ~~~~~~~~~~~~~~~~~~ 11-10
28111464;29092042x;28225803;19051000113;20081964;02031759;316;780;893;418;621 ~~~~~~~~~~~~~~~~~~~~~~~~~~ 11-11
29111464;30092042x;29225803;00061000113;21081964;03031759;317;380;781;786 ~~~~~~~~~~~~~~~~~~~~~~~~~~~~~~ 11-12
30111464;01102042x;30225803;01061000113;22081964;04031759;318;764;782;787 ~~~~~~~~~~~~~~~~~~~~~~~~~~~~~~ 11-13
01121464;02102042x;01235803;02061000113;23081964;05031759;319;535;783;788 ~~~~~~~~~~~~~~~~~~~~~~~~~~~~~~ 11-14
02121464;03102042x;02235803;03061000113;24081964;06031759;320;767 ~~~~~~~~~~~~~~~~~~~~~~~~~~~~~~~~~~~~~~ 11-15
03121464;04102042x;03235803;04061000113;25081964;07031759;321;765;432;612 ~~~~~~~~~~~~~~~~~~~~~~~~~~~~~~ 11-16
04121464;05102042x;04235803;05061000113;26081964;08031759;322 ~~~~~~~~~~~~~~~~~~~~~~~~~~~~~~~~~~~~~~~~~~ 11-17
05121464;06102042x;05235803;06061000113;27081964;09031759;323;612 ~~~~~~~~~~~~~~~~~~~~~~~~~~~~~~~~~~~~~~ 11-18
06121464;07102042x;06235803;07061000113;28081964;10031759;324;543;621 ~~~~~~~~~~~~~~~~~~~~~~~~~~~~~~~~~~ 11-19
07121464;08102042x;07235803;08061000113;29081964;11031759;325;766;397 ~~~~~~~~~~~~~~~~~~~~~~~~~~~~~~~~~~ 11-20
08121464;09102042x;08235803;09061000113;30081964;12031759;326 ~~~~~~~~~~~~~~~~~~~~~~~~~~~~~~~~~~~~~~~~~~ 11-21
09121464;10102042x;09235803;10061000113;01091964;13031759;327;768;414;879;501;788 ~~~~~~~~~~~~~~~~~~~~~~ 11-22
10121464;11102042x;10235803;11061000113;02091964;14031759;328;547;865;500 ~~~~~~~~~~~~~~~~~~~~~~~~~~~~~~ 11-23
11121464;12102042x;11235803;12061000113;03091964;15031759;329;934;500;612 ~~~~~~~~~~~~~~~~~~~~~~~~~~~~~~ 11-24
12121464;13102042x;12235803;13061000113;04091964;16031759;330;514 ~~~~~~~~~~~~~~~~~~~~~~~~~~~~~~~~~~~~~~ 11-25
13121464;14102042x;13235803;14061000113;05091964;17031759;331;769;394;500;612 ~~~~~~~~~~~~~~~~~~~~~~~~~~ 11-26
14121464;15102042x;14235803;15061000113;06091964;18031759;332;440;880;500;621 ~~~~~~~~~~~~~~~~~~~~~~~~~~ 11-27
15121464;16102042x;15235803;16061000113;07091964;19031759;333;441;369;612 ~~~~~~~~~~~~~~~~~~~~~~~~~~~~~~ 11-28
16121464;17102042x;16235803;17061000113;08091964;20031759;334;770 ~~~~~~~~~~~~~~~~~~~~~~~~~~~~~~~~~~~~~~ 11-29
17121464;18102042x;17235803;18061000113;09091964;21031759;335;374;589;415 ~~~~~~~~~~~~~~~~~~~~~~~~~~~~~~ 11-30
18121464;19102042x;18235803;19061000113;10091964;22031759;336;442;841 ~~~~~~~~~~~~~~~~~~~~~~~~~~~~~~~~~~ 12-01
19121464;20102042x;19235803;00071000113;11091964;23031759;337;771;773;370 ~~~~~~~~~~~~~~~~~~~~~~~~~~~~~~ 12-02
20121464;21102042x;20235803;01071000113;12091964;24031759;338;772;622 ~~~~~~~~~~~~~~~~~~~~~~~~~~~~~~~~~~ 12-03
21121464;22102042x;21235803;02071000113;13091964;25031759;339;398;876;612 ~~~~~~~~~~~~~~~~~~~~~~~~~~~~~~ 12-04
22121464;23102042x;22235803;03071000113;14091964;26031759;340;774 ~~~~~~~~~~~~~~~~~~~~~~~~~~~~~~~~~~~~~~ 12-05
23121464;24102042x;23235803;04071000113;15091964;27031759;341;637;775;612 ~~~~~~~~~~~~~~~~~~~~~~~~~~~~~~ 12-06
24121464;25102042x;24235803;05071000113;16091964;28031759;342;820;590;842 ~~~~~~~~~~~~~~~~~~~~~~~~~~~~~~ 12-07
25121464;26102042x;25235803;06071000113;17091964;29031759;343;513;936;516;415;418 ~~~~~~~~~~~~~~~~~~~~~~ 12-08
26121464;27102042x;26235803;07071000113;18091964;30031759;344;516 ~~~~~~~~~~~~~~~~~~~~~~~~~~~~~~~~~~~~~~ 12-09
27121464;28102042x;27235803;08071000113;19091964;01041759;345;516;612 ~~~~~~~~~~~~~~~~~~~~~~~~~~~~~~~~~~ 12-10
28121464;29102042x;28235803;09071000113;20091964;02041759;346;516;622 ~~~~~~~~~~~~~~~~~~~~~~~~~~~~~~~~~~ 12-11
29121464;01112042x;29235803;10071000113;21091964;03041759;347;380;516;612 ~~~~~~~~~~~~~~~~~~~~~~~~~~~~~~ 12-12
30121464;02112042x;30235803;11071000113;22091964;04041759;348;776;817 ~~~~~~~~~~~~~~~~~~~~~~~~~~~~~~~~~~ 12-13
01011465;03112042x;01245803;12071000113;23091964;05041759;349;777;591;495;516 ~~~~~~~~~~~~~~~~~~~~~~~~~~ 12-14
02011465;04112042x;02245803;13071000113;24091964;06041759;350;516;622 ~~~~~~~~~~~~~~~~~~~~~~~~~~~~~~~~~~ 12-15
03011465;05112042x;03245803;14071000113;25091964;07041759;351;516 ~~~~~~~~~~~~~~~~~~~~~~~~~~~~~~~~~~~~~~ 12-16
04011465;06112042x;04245803;15071000113;26091964;08041759;352;436;944 ~~~~~~~~~~~~~~~~~~~~~~~~~~~~~~~~~~ 12-17
05011465;07112042x;05245803;16071000113;27091964;09041759;353 ~~~~~~~~~~~~~~~~~~~~~~~~~~~~~~~~~~~~~~~~~~ 12-18
06011465;08112042x;06245803;17071000113;28091964;10041759;354;778;397;622 ~~~~~~~~~~~~~~~~~~~~~~~~~~~~~~ 12-19
07011465;09112042x;07245803;18071000113;29091964;11041759;355;371;612 ~~~~~~~~~~~~~~~~~~~~~~~~~~~~~~~~~~ 12-20
08011465;10112042x;08245803;19071000113;30091964;12041759;356;592;466;622 ~~~~~~~~~~~~~~~~~~~~~~~~~~~~~~ 12-21
09011465;11112042x;09245803;00081000113;01101964;13041759;357;426;375;612 ~~~~~~~~~~~~~~~~~~~~~~~~~~~~~~ 12-22
10011465;12112042x;10245803;01081000113;02101964;14041759;358;557;810;835;868;890;465;498;622 ~~~~~~~~~~ 12-23
11011465;13112042x;11245803;02081000113;03101964;15041759;359;514;415;612 ~~~~~~~~~~~~~~~~~~~~~~~~~~~~~~ 12-24
12011465;14112042x;12245803;03081000113;04101964;16041759;360;399;622 ~~~~~~~~~~~~~~~~~~~~~~~~~~~~~~~~~~ 12-25
13011465;15112042x;13245803;04081000113;05101964;17041759;361;395;545;887 ~~~~~~~~~~~~~~~~~~~~~~~~~~~~~~ 12-26
14011465;16112042x;14245803;05081000113;06101964;18041759;362 ~~~~~~~~~~~~~~~~~~~~~~~~~~~~~~~~~~~~~~~~~~ 12-27
15011465;17112042x;15245803;06081000113;07101964;19041759;363;820;400;496;612 ~~~~~~~~~~~~~~~~~~~~~~~~~~ 12-28
16011465;18112042x;16245803;07081000113;08101964;20041759;364;867;622 ~~~~~~~~~~~~~~~~~~~~~~~~~~~~~~~~~~ 12-29
17011465;19112042x;17245803;08081000113;09101964;21041759;365;433 ~~~~~~~~~~~~~~~~~~~~~~~~~~~~~~~~~~~~~~ 12-30
18011465;20112042x;18245803;09081000113;10101964;22041759;366 ~~~~~~~~~~~~~~~~~~~~~~~~~~~~~~~~~~~~~~~~~~ 12-31
