14031470;161120474;15045808;15091500113;11101969;22041764;001;541;904;949;611 ~~~~~~~~~~~~~~~~~~~~~~~~~~ 01-01
15031470;171120474;16045808;16091500113;12101969;23041764;002 ~~~~~~~~~~~~~~~~~~~~~~~~~~~~~~~~~~~~~~~~~~ 01-02
16031470;181120474;17045808;17091500113;13101969;24041764;003;372;611 ~~~~~~~~~~~~~~~~~~~~~~~~~~~~~~~~~~ 01-03
17031470;191120474;18045808;18091500113;14101969;25041764;004;637;916;511 ~~~~~~~~~~~~~~~~~~~~~~~~~~~~~~ 01-04
18031470;201120474;19045808;19091500113;15101969;26041764;005;403;843;611 ~~~~~~~~~~~~~~~~~~~~~~~~~~~~~~ 01-05
19031470;211120474;20045808;00101500113;16101969;27041764;006 ~~~~~~~~~~~~~~~~~~~~~~~~~~~~~~~~~~~~~~~~~~ 01-06
20031470;221120474;21045808;01101500113;17101969;28041764;007;611 ~~~~~~~~~~~~~~~~~~~~~~~~~~~~~~~~~~~~~~ 01-07
21031470;231120474;22045808;02101500113;18101969;29041764;008;398 ~~~~~~~~~~~~~~~~~~~~~~~~~~~~~~~~~~~~~~ 01-08
22031470;241120474;23045808;03101500113;19101969;30041764;009;403;415;611 ~~~~~~~~~~~~~~~~~~~~~~~~~~~~~~ 01-09
23031470;251120474;24045808;04101500113;20101969;01051764;010;410 ~~~~~~~~~~~~~~~~~~~~~~~~~~~~~~~~~~~~~~ 01-10
24031470;261120474;25045808;05101500113;21101969;02051764;011;626;923;611 ~~~~~~~~~~~~~~~~~~~~~~~~~~~~~~ 01-11
25031470;271120474;26045808;06101500113;22101969;03051764;012;627 ~~~~~~~~~~~~~~~~~~~~~~~~~~~~~~~~~~~~~~ 01-12
26031470;281120474;27045808;07101500113;23101969;04051764;013;628;436;514;403;611 ~~~~~~~~~~~~~~~~~~~~~~ 01-13
27031470;291120474;28045808;08101500113;24101969;05051764;014;629 ~~~~~~~~~~~~~~~~~~~~~~~~~~~~~~~~~~~~~~ 01-14
28031470;011220474;29045808;09101500113;25101969;06051764;015;380;888;611 ~~~~~~~~~~~~~~~~~~~~~~~~~~~~~~ 01-15
29031470;021220474;01055808;10101500113;26101969;07051764;016;631 ~~~~~~~~~~~~~~~~~~~~~~~~~~~~~~~~~~~~~~ 01-16
30031470;031220474;02055808;11101500113;27101969;08051764;017;403;415;611 ~~~~~~~~~~~~~~~~~~~~~~~~~~~~~~ 01-17
01041470;041220474;03055808;12101500113;28101969;09051764;018;630 ~~~~~~~~~~~~~~~~~~~~~~~~~~~~~~~~~~~~~~ 01-18
02041470;051220474;04055808;13101500113;29101969;10051764;019;625;940;611 ~~~~~~~~~~~~~~~~~~~~~~~~~~~~~~ 01-19
03041470;061220474;05055808;14101500113;30101969;11051764;020;492;399;433 ~~~~~~~~~~~~~~~~~~~~~~~~~~~~~~ 01-20
04041470;071220474;06055808;15101500113;01111969;12051764;021;403;611 ~~~~~~~~~~~~~~~~~~~~~~~~~~~~~~~~~~ 01-21
05041470;081220474;07055808;16101500113;02111969;13051764;022;632;397;914 ~~~~~~~~~~~~~~~~~~~~~~~~~~~~~~ 01-22
06041470;091220474;08055808;17101500113;03111969;14051764;023;536;611 ~~~~~~~~~~~~~~~~~~~~~~~~~~~~~~~~~~ 01-23
07041470;101220474;09055808;18101500113;04111969;15051764;024;513 ~~~~~~~~~~~~~~~~~~~~~~~~~~~~~~~~~~~~~~ 01-24
08041470;111220474;10055808;19101500113;05111969;16051764;025;634;415;611 ~~~~~~~~~~~~~~~~~~~~~~~~~~~~~~ 01-25
09041470;121220474;11055808;00111500113;06111969;17051764;026;635;873;400 ~~~~~~~~~~~~~~~~~~~~~~~~~~~~~~ 01-26
10041470;131220474;12055808;01111500113;07111969;18051764;027;636;611 ~~~~~~~~~~~~~~~~~~~~~~~~~~~~~~~~~~ 01-27
11041470;141220474;13055808;02111500113;08111969;19051764;028;418;580 ~~~~~~~~~~~~~~~~~~~~~~~~~~~~~~~~~~ 01-28
12041470;151220474;14055808;03111500113;09111969;20051764;029;419;403;611 ~~~~~~~~~~~~~~~~~~~~~~~~~~~~~~ 01-29
13041470;161220474;15055808;04111500113;10111969;21051764;030;396;835;884 ~~~~~~~~~~~~~~~~~~~~~~~~~~~~~~ 01-30
14041470;171220474;16055808;05111500113;11111969;22051764;031;633;396;611 ~~~~~~~~~~~~~~~~~~~~~~~~~~~~~~ 01-31
15041470;181220474;17055808;05111500113;12111969;23051764;032;637;640;400 ~~~~~~~~~~~~~~~~~~~~~~~~~~~~~~ 02-01
16041470;191220474;18055808;06111500113;13111969;24051764;033;612 ~~~~~~~~~~~~~~~~~~~~~~~~~~~~~~~~~~~~~~ 02-02
17041470;201220474;19055808;07111500113;14111969;25051764;034 ~~~~~~~~~~~~~~~~~~~~~~~~~~~~~~~~~~~~~~~~~~ 02-03
18041470;211220474;20055808;08111500113;15111969;26051764;035;400;612 ~~~~~~~~~~~~~~~~~~~~~~~~~~~~~~~~~~ 02-04
19041470;221220474;21055808;09111500113;16111969;27051764;036 ~~~~~~~~~~~~~~~~~~~~~~~~~~~~~~~~~~~~~~~~~~ 02-05
20041470;231220474;22055808;10111500113;17111969;28051764;037;638;398;403;612 ~~~~~~~~~~~~~~~~~~~~~~~~~~ 02-06
21041470;241220474;23055808;11111500113;18111969;29051764;038;596;639;400 ~~~~~~~~~~~~~~~~~~~~~~~~~~~~~~ 02-07
22041470;251220474;24055808;12111500113;19111969;30051764;039;643;612 ~~~~~~~~~~~~~~~~~~~~~~~~~~~~~~~~~~ 02-08
23041470;261220474;25055808;13111500113;20111969;01061764;040;401;514;581 ~~~~~~~~~~~~~~~~~~~~~~~~~~~~~~ 02-09
24041470;271220474;26055808;14111500113;21111969;02061764;041;641;943;403;612 ~~~~~~~~~~~~~~~~~~~~~~~~~~ 02-10
25041470;281220474;27055808;15111500113;22111969;03061764;042 ~~~~~~~~~~~~~~~~~~~~~~~~~~~~~~~~~~~~~~~~~~ 02-11
26041470;291220474;28055808;16111500113;23111969;04061764;043;886;612 ~~~~~~~~~~~~~~~~~~~~~~~~~~~~~~~~~~ 02-12
27041470;301220474;29055808;17111500113;24111969;05061764;044;642;380 ~~~~~~~~~~~~~~~~~~~~~~~~~~~~~~~~~~ 02-13
28041470;010120485;30055808;18111500113;25111969;06061764;045;479;490;403;612 ~~~~~~~~~~~~~~~~~~~~~~~~~~ 02-14
29041470;020120485;01065808;19111500113;26111969;07061764;046;566;479;490 ~~~~~~~~~~~~~~~~~~~~~~~~~~~~~~ 02-15
01051470;030120485;02065808;00121500113;27111969;08061764;047;825;566;612 ~~~~~~~~~~~~~~~~~~~~~~~~~~~~~~ 02-16
02051470;040120485;03065808;01121500113;28111969;09061764;048;450;566;854 ~~~~~~~~~~~~~~~~~~~~~~~~~~~~~~ 02-17
03051470;050120485;04065808;02121500113;29111969;10061764;049;443;566;854;403;612 ~~~~~~~~~~~~~~~~~~~~~~ 02-18
04051470;060120485;05065808;03121500113;30111969;11061764;050;444 ~~~~~~~~~~~~~~~~~~~~~~~~~~~~~~~~~~~~~~ 02-19
05051470;070120485;06065808;04121500113;01121969;12061764;051;644;612 ~~~~~~~~~~~~~~~~~~~~~~~~~~~~~~~~~~ 02-20
06051470;080120485;07065808;05121500113;02121969;13061764;052;645;397;513 ~~~~~~~~~~~~~~~~~~~~~~~~~~~~~~ 02-21
07051470;090120485;08065808;06121500113;03121969;14061764;053;437;403;612 ~~~~~~~~~~~~~~~~~~~~~~~~~~~~~~ 02-22
08051470;100120485;09065808;07121500113;04121969;15061764;054;374 ~~~~~~~~~~~~~~~~~~~~~~~~~~~~~~~~~~~~~~ 02-23
09051470;110120485;10065808;08121500113;05121969;16061764;055;612 ~~~~~~~~~~~~~~~~~~~~~~~~~~~~~~~~~~~~~~ 02-24
10051470;120120485;11065808;09121500113;06121969;17061764;056;646;517 ~~~~~~~~~~~~~~~~~~~~~~~~~~~~~~~~~~ 02-25
11051470;130120485;12065808;10121500113;07121969;18061764;057;807;415;612 ~~~~~~~~~~~~~~~~~~~~~~~~~~~~~~ 02-26
12051470;140120485;13065808;11121500113;08121969;19061764;058;647;648 ~~~~~~~~~~~~~~~~~~~~~~~~~~~~~~~~~~ 02-27
13051470;150120485;14065808;12121500113;09121969;20061764;059;596;649;838;519;612 ~~~~~~~~~~~~~~~~~~~~~~ 02-28
14051470;160120485;15065808;13121500113;10121969;21061764;060;650;382;544;623;906 ~~~~~~~~~~~~~~~~~~~~~~ 02-29
15051470;170120485;16065808;16121500113;11121969;22061764;061;655;598;403;613 ~~~~~~~~~~~~~~~~~~~~~~~~~~ 03-01
16051470;180120485;17065808;17121500113;12121969;23061764;062;562 ~~~~~~~~~~~~~~~~~~~~~~~~~~~~~~~~~~~~~~ 03-02
17051470;190120485;18065808;18121500113;13121969;24061764;063;562;613 ~~~~~~~~~~~~~~~~~~~~~~~~~~~~~~~~~~ 03-03
18051470;200120485;19065808;19121500113;14121969;25061764;064;432;562 ~~~~~~~~~~~~~~~~~~~~~~~~~~~~~~~~~~ 03-04
19051470;210120485;20065808;00131500113;15121969;26061764;065;653;514;403;613 ~~~~~~~~~~~~~~~~~~~~~~~~~~ 03-05
20051470;220120485;21065808;01131500113;16121969;27061764;066;654 ~~~~~~~~~~~~~~~~~~~~~~~~~~~~~~~~~~~~~~ 03-06
21051470;230120485;22065808;02131500113;17121969;28061764;067;637;398;533;924;613 ~~~~~~~~~~~~~~~~~~~~~~ 03-07
22051470;240120485;23065808;03131500113;18121969;29061764;068 ~~~~~~~~~~~~~~~~~~~~~~~~~~~~~~~~~~~~~~~~~~ 03-08
23051470;250120485;24065808;04131500113;19121969;30061764;069;403;613 ~~~~~~~~~~~~~~~~~~~~~~~~~~~~~~~~~~ 03-09
24051470;260120485;25065808;05131500113;20121969;01071764;070;900 ~~~~~~~~~~~~~~~~~~~~~~~~~~~~~~~~~~~~~~ 03-10
25051470;270120485;26065808;06131500113;21121969;02071764;071;613 ~~~~~~~~~~~~~~~~~~~~~~~~~~~~~~~~~~~~~~ 03-11
26051470;280120485;27065808;07131500113;22121969;03071764;072;656 ~~~~~~~~~~~~~~~~~~~~~~~~~~~~~~~~~~~~~~ 03-12
27051470;290120485;28065808;08131500113;23121969;04071764;073;403;613 ~~~~~~~~~~~~~~~~~~~~~~~~~~~~~~~~~~ 03-13
28051470;010220485;29065808;09131500113;24121969;05071764;074;380 ~~~~~~~~~~~~~~~~~~~~~~~~~~~~~~~~~~~~~~ 03-14
29051470;020220485;01075808;10131500113;25121969;06071764;075;825;613 ~~~~~~~~~~~~~~~~~~~~~~~~~~~~~~~~~~ 03-15
30051470;030220485;02075808;11131500113;26121969;07071764;076;375 ~~~~~~~~~~~~~~~~~~~~~~~~~~~~~~~~~~~~~~ 03-16
01061470;040220485;03075808;12131500113;27121969;08071764;077;657;803;864;403;613 ~~~~~~~~~~~~~~~~~~~~~~ 03-17
02061470;050220485;04075808;13131500113;28121969;09071764;078 ~~~~~~~~~~~~~~~~~~~~~~~~~~~~~~~~~~~~~~~~~~ 03-18
03061470;060220485;05075808;14131500113;29121969;10071764;079;658;817;466;613 ~~~~~~~~~~~~~~~~~~~~~~~~~~ 03-19
04061470;070220485;06075808;15131500113;30121969;11071764;080;513;424 ~~~~~~~~~~~~~~~~~~~~~~~~~~~~~~~~~~ 03-20
05061470;080220485;07075808;16131500113;01011970;12071764;081;829;459;851;613 ~~~~~~~~~~~~~~~~~~~~~~~~~~ 03-21
06061470;090220485;08075808;17131500113;02011970;13071764;082;397 ~~~~~~~~~~~~~~~~~~~~~~~~~~~~~~~~~~~~~~ 03-22
07061470;100220485;09075808;18131500113;03011970;14071764;083;613 ~~~~~~~~~~~~~~~~~~~~~~~~~~~~~~~~~~~~~~ 03-23
08061470;110220485;10075808;19131500113;04011970;15071764;084;659 ~~~~~~~~~~~~~~~~~~~~~~~~~~~~~~~~~~~~~~ 03-24
09061470;120220485;11075808;00141500113;05011970;16071764;085;660;403;613 ~~~~~~~~~~~~~~~~~~~~~~~~~~~~~~ 03-25
10061470;130220485;12075808;01141500113;06011970;17071764;086;898 ~~~~~~~~~~~~~~~~~~~~~~~~~~~~~~~~~~~~~~ 03-26
11061470;140220485;13075808;02141500113;07011970;18071764;087;613 ~~~~~~~~~~~~~~~~~~~~~~~~~~~~~~~~~~~~~~ 03-27
12061470;150220485;14075808;03141500113;08011970;19071764;088;652 ~~~~~~~~~~~~~~~~~~~~~~~~~~~~~~~~~~~~~~ 03-28
13061470;160220485;15075808;04141500113;09011970;20071764;089;493;383;377;515;852;403;613 ~~~~~~~~~~~~~~ 03-29
14061470;170220485;16075808;05141500113;10011970;21071764;090 ~~~~~~~~~~~~~~~~~~~~~~~~~~~~~~~~~~~~~~~~~~ 03-30
15061470;180220485;17075808;06141500113;11011970;22071764;091;613 ~~~~~~~~~~~~~~~~~~~~~~~~~~~~~~~~~~~~~~ 03-31
16061470;190220485;18075808;07141500113;12011970;23071764;092;663;514 ~~~~~~~~~~~~~~~~~~~~~~~~~~~~~~~~~~ 04-01
17061470;200220485;19075808;08141500113;13011970;24071764;093;403;614 ~~~~~~~~~~~~~~~~~~~~~~~~~~~~~~~~~~ 04-02
18061470;210220485;20075808;09141500113;14011970;25071764;094;445 ~~~~~~~~~~~~~~~~~~~~~~~~~~~~~~~~~~~~~~ 04-03
19061470;220220485;21075808;10141500113;15011970;26071764;095;446;637;661;571;614 ~~~~~~~~~~~~~~~~~~~~~~ 04-04
20061470;230220485;22075808;11141500113;16011970;27071764;096;447;662;398 ~~~~~~~~~~~~~~~~~~~~~~~~~~~~~~ 04-05
21061470;240220485;23075808;12141500113;17011970;28071764;097;651;448;403;415;614 ~~~~~~~~~~~~~~~~~~~~~~ 04-06
22061470;250220485;24075808;13141500113;18011970;29071764;098;651 ~~~~~~~~~~~~~~~~~~~~~~~~~~~~~~~~~~~~~~ 04-07
23061470;260220485;25075808;14141500113;19011970;30071764;099;526;651;614 ~~~~~~~~~~~~~~~~~~~~~~~~~~~~~~ 04-08
24061470;270220485;26075808;15141500113;20011970;01081764;100;901;651 ~~~~~~~~~~~~~~~~~~~~~~~~~~~~~~~~~~ 04-09
25061470;280220485;27075808;16141500113;21011970;02081764;101;403;651;614 ~~~~~~~~~~~~~~~~~~~~~~~~~~~~~~ 04-10
26061470;290220485;28075808;17141500113;22011970;03081764;102;651 ~~~~~~~~~~~~~~~~~~~~~~~~~~~~~~~~~~~~~~ 04-11
27061470;300220485;29075808;18141500113;23011970;04081764;103;380;614 ~~~~~~~~~~~~~~~~~~~~~~~~~~~~~~~~~~ 04-12
28061470;010320485;30075808;19141500113;24011970;05081764;104 ~~~~~~~~~~~~~~~~~~~~~~~~~~~~~~~~~~~~~~~~~~ 04-13
29061470;020320485;01085808;00151500113;25011970;06081764;105;538;559;935;403;614 ~~~~~~~~~~~~~~~~~~~~~~ 04-14
01071470;030320485;02085808;01151500113;26011970;07081764;106 ~~~~~~~~~~~~~~~~~~~~~~~~~~~~~~~~~~~~~~~~~~ 04-15
02071470;040320485;03085808;02151500113;27011970;08081764;107;631;664;555;577;614 ~~~~~~~~~~~~~~~~~~~~~~ 04-16
03071470;050320485;04085808;03151500113;28011970;09081764;108;665;433;513;528 ~~~~~~~~~~~~~~~~~~~~~~~~~~ 04-17
04071470;060320485;05085808;04151500113;29011970;10081764;109;666;529;614 ~~~~~~~~~~~~~~~~~~~~~~~~~~~~~~ 04-18
05071470;070320485;06085808;05151500113;30011970;11081764;110;945 ~~~~~~~~~~~~~~~~~~~~~~~~~~~~~~~~~~~~~~ 04-19
06071470;080320485;07085808;06151500113;31011970;12081764;111;794;614 ~~~~~~~~~~~~~~~~~~~~~~~~~~~~~~~~~~ 04-20
07071470;090320485;08085808;07151500113;01021970;13081764;112;397 ~~~~~~~~~~~~~~~~~~~~~~~~~~~~~~~~~~~~~~ 04-21
08071470;100320485;09085808;08151500113;02021970;14081764;113;576;933;614 ~~~~~~~~~~~~~~~~~~~~~~~~~~~~~~ 04-22
09071470;110320485;10085808;09151500113;03021970;15081764;114;667 ~~~~~~~~~~~~~~~~~~~~~~~~~~~~~~~~~~~~~~ 04-23
10071470;120320485;11085808;10151500113;04021970;16081764;115;671;411;821;877;614 ~~~~~~~~~~~~~~~~~~~~~~ 04-24
11071470;130320485;12085808;11151500113;05021970;17081764;116;668 ~~~~~~~~~~~~~~~~~~~~~~~~~~~~~~~~~~~~~~ 04-25
12071470;140320485;13085808;12151500113;06021970;18081764;117;669;614 ~~~~~~~~~~~~~~~~~~~~~~~~~~~~~~~~~~ 04-26
13071470;150320485;14085808;13151500113;07021970;19081764;118 ~~~~~~~~~~~~~~~~~~~~~~~~~~~~~~~~~~~~~~~~~~ 04-27
14071470;160320485;15085808;14151500113;08021970;20081764;119;384;539;575;614 ~~~~~~~~~~~~~~~~~~~~~~~~~~ 04-28
15071470;170320485;16085808;15151500113;09021970;21081764;120;670;514 ~~~~~~~~~~~~~~~~~~~~~~~~~~~~~~~~~~ 04-29
16071470;180320485;17085808;16151500113;10021970;22081764;121;405;614 ~~~~~~~~~~~~~~~~~~~~~~~~~~~~~~~~~~ 04-30
17071470;190320485;18085808;17151500113;11021970;23081764;122;679;819;518 ~~~~~~~~~~~~~~~~~~~~~~~~~~~~~~ 05-01
18071470;200320485;19085808;18151500113;12021970;24081764;123;637;672;615 ~~~~~~~~~~~~~~~~~~~~~~~~~~~~~~ 05-02
19071470;210320485;20085808;19151500113;13021970;25081764;124;673;615 ~~~~~~~~~~~~~~~~~~~~~~~~~~~~~~~~~~ 05-03
20071470;220320485;21085808;00161500113;14021970;26081764;125;674;398;436;403;615 ~~~~~~~~~~~~~~~~~~~~~~ 05-04
21071470;230320485;22085808;01161500113;15021970;27081764;126;675;406;615 ~~~~~~~~~~~~~~~~~~~~~~~~~~~~~~ 05-05
22071470;240320485;23085808;02161500113;16021970;28081764;127;676;615 ~~~~~~~~~~~~~~~~~~~~~~~~~~~~~~~~~~ 05-06
23071470;250320485;24085808;03161500113;17021970;29081764;128;677;615 ~~~~~~~~~~~~~~~~~~~~~~~~~~~~~~~~~~ 05-07
24071470;260320485;25085808;04161500113;18021970;30081764;129;678;939;403;412;415;615 ~~~~~~~~~~~~~~~~~~ 05-08
25071470;270320485;26085808;05161500113;19021970;01091764;130;681;680;615 ~~~~~~~~~~~~~~~~~~~~~~~~~~~~~~ 05-09
26071470;280320485;27085808;06161500113;20021970;02091764;131;451;624;375;615 ~~~~~~~~~~~~~~~~~~~~~~~~~~ 05-10
27071470;290320485;28085808;07161500113;21021970;03091764;132;682;509;624;615 ~~~~~~~~~~~~~~~~~~~~~~~~~~ 05-11
28071470;300320485;29085808;08161500113;22021970;04091764;133;380;624;403;615 ~~~~~~~~~~~~~~~~~~~~~~~~~~ 05-12
29071470;010420485;01095808;09161500113;23021970;05091764;134;683;416;624;615 ~~~~~~~~~~~~~~~~~~~~~~~~~~ 05-13
30071470;020420485;02095808;10161500113;24021970;06091764;135;494;513;624;615 ~~~~~~~~~~~~~~~~~~~~~~~~~~ 05-14
01081470;030420485;03095808;11161500113;25021970;07091764;136;686;902;573;624;406 ~~~~~~~~~~~~~~~~~~~~~~ 05-15
02081470;040420485;04095808;12161500113;26021970;08091764;137;687;399;510;573;624;403;615 ~~~~~~~~~~~~~~ 05-16
03081470;050420485;05095808;13161500113;27021970;09091764;138;684;573 ~~~~~~~~~~~~~~~~~~~~~~~~~~~~~~~~~~ 05-17
04081470;060420485;06095808;14161500113;28021970;10091764;139;789;522;615 ~~~~~~~~~~~~~~~~~~~~~~~~~~~~~~ 05-18
05081470;070420485;07095808;15161500113;29021970;11091764;140;400;615 ~~~~~~~~~~~~~~~~~~~~~~~~~~~~~~~~~~ 05-19
06081470;080420485;08095808;16161500113;30021970;12091764;141;685;397;553;403;615 ~~~~~~~~~~~~~~~~~~~~~~ 05-20
07081470;090420485;09095808;17161500113;31021970;13091764;142;797;615 ~~~~~~~~~~~~~~~~~~~~~~~~~~~~~~~~~~ 05-21
08081470;100420485;10095808;18161500113;01031970;14091764;143;689;798;927;400;412;615 ~~~~~~~~~~~~~~~~~~ 05-22
09081470;110420485;11095808;19161500113;02031970;15091764;144;439 ~~~~~~~~~~~~~~~~~~~~~~~~~~~~~~~~~~~~~~ 05-23
10081470;120420485;12095808;00171500113;03031970;16091764;145;449;439;889;615 ~~~~~~~~~~~~~~~~~~~~~~~~~~ 05-24
11081470;130420485;13095808;01171500113;04031970;17091764;146;438;406;615 ~~~~~~~~~~~~~~~~~~~~~~~~~~~~~~ 05-25
12081470;140420485;14095808;02171500113;05031970;18091764;147;894;615 ~~~~~~~~~~~~~~~~~~~~~~~~~~~~~~~~~~ 05-26
13081470;150420485;15095808;03171500113;06031970;19091764;148;688;385;514;537;937 ~~~~~~~~~~~~~~~~~~~~~~ 05-27
14081470;160420485;16095808;04171500113;07031970;20091764;149;892;512;403;615 ~~~~~~~~~~~~~~~~~~~~~~~~~~ 05-28
15081470;170420485;17095808;05171500113;08031970;21091764;150 ~~~~~~~~~~~~~~~~~~~~~~~~~~~~~~~~~~~~~~~~~~ 05-29
16081470;180420485;18095808;06171500113;09031970;22091764;151;406;615 ~~~~~~~~~~~~~~~~~~~~~~~~~~~~~~~~~~ 05-30
17081470;190420485;19095808;07171500113;10031970;23091764;152;432 ~~~~~~~~~~~~~~~~~~~~~~~~~~~~~~~~~~~~~~ 05-31
18081470;200420485;20095808;08171500113;11031970;24091764;153;375;403;616 ~~~~~~~~~~~~~~~~~~~~~~~~~~~~~~ 06-01
19081470;210420485;21095808;09171500113;12031970;25091764;154;694 ~~~~~~~~~~~~~~~~~~~~~~~~~~~~~~~~~~~~~~ 06-02
20081470;220420485;22095808;10171500113;13031970;26091764;155;691;398;857;400;616 ~~~~~~~~~~~~~~~~~~~~~~ 06-03
21081470;230420485;23095808;11171500113;14031970;27091764;156 ~~~~~~~~~~~~~~~~~~~~~~~~~~~~~~~~~~~~~~~~~~ 06-04
22081470;240420485;24095808;12171500113;15031970;28091764;157;692;403;412;616 ~~~~~~~~~~~~~~~~~~~~~~~~~~ 06-05
23081470;250420485;25095808;13171500113;16031970;29091764;158;637;693;400 ~~~~~~~~~~~~~~~~~~~~~~~~~~~~~~ 06-06
24081470;260420485;26095808;14171500113;17031970;30091764;159;690;420;530;616 ~~~~~~~~~~~~~~~~~~~~~~~~~~ 06-07
25081470;270420485;27095808;15171500113;18031970;01101764;160;401 ~~~~~~~~~~~~~~~~~~~~~~~~~~~~~~~~~~~~~~ 06-08
26081470;280420485;28095808;16171500113;19031970;02101764;161;696;403;616 ~~~~~~~~~~~~~~~~~~~~~~~~~~~~~~ 06-09
27081470;290420485;29095808;17171500113;20031970;03101764;162;513;569 ~~~~~~~~~~~~~~~~~~~~~~~~~~~~~~~~~~ 06-10
28081470;010520485;30095808;18171500113;21031970;04101764;163;380;921;932;942;950;569;616 ~~~~~~~~~~~~~~ 06-11
29081470;020520485;01105808;19171500113;22031970;05101764;164;858;412 ~~~~~~~~~~~~~~~~~~~~~~~~~~~~~~~~~~ 06-12
01091470;030520485;02105808;00001600113;23031970;06101764;165;697;799;504;403;616 ~~~~~~~~~~~~~~~~~~~~~~ 06-13
02091470;040520485;03105808;01001600113;24031970;07101764;166;695;406 ~~~~~~~~~~~~~~~~~~~~~~~~~~~~~~~~~~ 06-14
03091470;050520485;04105808;02001600113;25031970;08101764;167;564;616 ~~~~~~~~~~~~~~~~~~~~~~~~~~~~~~~~~~ 06-15
04091470;060520485;05105808;03001600113;26031970;09101764;168 ~~~~~~~~~~~~~~~~~~~~~~~~~~~~~~~~~~~~~~~~~~ 06-16
05091470;070520485;06105808;04001600113;27031970;10101764;169;403;505;616 ~~~~~~~~~~~~~~~~~~~~~~~~~~~~~~ 06-17
06091470;080520485;07105808;05001600113;28031970;11101764;170;698 ~~~~~~~~~~~~~~~~~~~~~~~~~~~~~~~~~~~~~~ 06-18
07091470;090520485;08105808;06001600113;29031970;12101764;171;701;699;397;460;700;412;616 ~~~~~~~~~~~~~~ 06-19
08091470;100520485;09105808;07001600113;30031970;13101764;172;425 ~~~~~~~~~~~~~~~~~~~~~~~~~~~~~~~~~~~~~~ 06-20
09091470;110520485;10105808;08001600113;31031970;14101764;173;452;452;552;461;505;616 ~~~~~~~~~~~~~~~~~~ 06-21
10091470;120520485;11105808;09001600113;01041970;15101764;174;437;896 ~~~~~~~~~~~~~~~~~~~~~~~~~~~~~~~~~~ 06-22
11091470;130520485;12105808;10001600113;02041970;16101764;175;375;616 ~~~~~~~~~~~~~~~~~~~~~~~~~~~~~~~~~~ 06-23
12091470;140520485;13105808;11001600113;03041970;17101764;176;704 ~~~~~~~~~~~~~~~~~~~~~~~~~~~~~~~~~~~~~~ 06-24
13091470;150520485;14105808;12001600113;04041970;18101764;177;386;514;941;403;616 ~~~~~~~~~~~~~~~~~~~~~~ 06-25
14091470;160520485;15105808;13001600113;05041970;19101764;178;703;540;874;947 ~~~~~~~~~~~~~~~~~~~~~~~~~~ 06-26
15091470;170520485;16105808;14001600113;06041970;20101764;179;702;819;421;505;616 ~~~~~~~~~~~~~~~~~~~~~~ 06-27
16091470;180520485;17105808;15001600113;07041970;21101764;180 ~~~~~~~~~~~~~~~~~~~~~~~~~~~~~~~~~~~~~~~~~~ 06-28
17091470;190520485;18105808;16001600113;08041970;22101764;181;403;406;505;616 ~~~~~~~~~~~~~~~~~~~~~~~~~~ 06-29
18091470;200520485;19105808;17001600113;09041970;23101764;182 ~~~~~~~~~~~~~~~~~~~~~~~~~~~~~~~~~~~~~~~~~~ 06-30
19091470;210520485;20105808;18001600113;10041970;24101764;183;505;617 ~~~~~~~~~~~~~~~~~~~~~~~~~~~~~~~~~~ 07-01
20091470;220520485;21105808;19001600113;11041970;25101764;184;398 ~~~~~~~~~~~~~~~~~~~~~~~~~~~~~~~~~~~~~~ 07-02
21091470;230520485;22105808;00011600113;12041970;26101764;185;376;578;861;565;617 ~~~~~~~~~~~~~~~~~~~~~~ 07-03
22091470;240520485;23105808;01011600113;13041970;27101764;186;637;705;840;565;406 ~~~~~~~~~~~~~~~~~~~~~~ 07-04
23091470;250520485;24105808;02011600113;14041970;28101764;187;795;505;617 ~~~~~~~~~~~~~~~~~~~~~~~~~~~~~~ 07-05
24091470;260520485;25105808;03011600113;15041970;29101764;188;373;946 ~~~~~~~~~~~~~~~~~~~~~~~~~~~~~~~~~~ 07-06
25091470;270520485;26105808;04011600113;16041970;30101764;189;868;403;421;505;617 ~~~~~~~~~~~~~~~~~~~~~~ 07-07
26091470;280520485;27105808;05011600113;17041970;01111764;190;513 ~~~~~~~~~~~~~~~~~~~~~~~~~~~~~~~~~~~~~~ 07-08
27091470;290520485;28105808;06011600113;18041970;02111764;191;508;617 ~~~~~~~~~~~~~~~~~~~~~~~~~~~~~~~~~~ 07-09
28091470;300520485;29105808;07011600113;19041970;03111764;192;380;407;507;412 ~~~~~~~~~~~~~~~~~~~~~~~~~~ 07-10
29091470;010620485;01115808;08011600113;20041970;04111764;193;706;403;617 ~~~~~~~~~~~~~~~~~~~~~~~~~~~~~~ 07-11
30091470;020620485;02115808;09011600113;21041970;05111764;194;506 ~~~~~~~~~~~~~~~~~~~~~~~~~~~~~~~~~~~~~~ 07-12
01101470;030620485;03115808;10011600113;22041970;06111764;195;707;870;502;617 ~~~~~~~~~~~~~~~~~~~~~~~~~~ 07-13
02101470;040620485;04115808;11011600113;23041970;07111764;196;433 ~~~~~~~~~~~~~~~~~~~~~~~~~~~~~~~~~~~~~~ 07-14
03101470;050620485;05115808;12011600113;24041970;08111764;197;711;403;617 ~~~~~~~~~~~~~~~~~~~~~~~~~~~~~~ 07-15
04101470;060620485;06115808;13011600113;25041970;09111764;198;631 ~~~~~~~~~~~~~~~~~~~~~~~~~~~~~~~~~~~~~~ 07-16
05101470;070620485;07115808;14011600113;26041970;10111764;199;421;617 ~~~~~~~~~~~~~~~~~~~~~~~~~~~~~~~~~~ 07-17
06101470;080620485;08115808;15011600113;27041970;11111764;200;708;397 ~~~~~~~~~~~~~~~~~~~~~~~~~~~~~~~~~~ 07-18
07101470;090620485;09115808;16011600113;28041970;12111764;201;709;617 ~~~~~~~~~~~~~~~~~~~~~~~~~~~~~~~~~~ 07-19
08101470;100620485;10115808;17011600113;29041970;13111764;202;710 ~~~~~~~~~~~~~~~~~~~~~~~~~~~~~~~~~~~~~~ 07-20
09101470;110620485;11115808;18011600113;30041970;14111764;203;546;617 ~~~~~~~~~~~~~~~~~~~~~~~~~~~~~~~~~~ 07-21
10101470;120620485;12115808;19011600113;31041970;15111764;204;554 ~~~~~~~~~~~~~~~~~~~~~~~~~~~~~~~~~~~~~~ 07-22
11101470;130620485;13115808;00021600113;01051970;16111764;205;712;514;403;617 ~~~~~~~~~~~~~~~~~~~~~~~~~~ 07-23
12101470;140620485;14115808;01021600113;02051970;17111764;206;412 ~~~~~~~~~~~~~~~~~~~~~~~~~~~~~~~~~~~~~~ 07-24
13101470;150620485;15115808;02021600113;03051970;18111764;207;713;387;531;561;617 ~~~~~~~~~~~~~~~~~~~~~~ 07-25
14101470;160620485;16115808;03021600113;04051970;19111764;208;714 ~~~~~~~~~~~~~~~~~~~~~~~~~~~~~~~~~~~~~~ 07-26
15101470;170620485;17115808;04021600113;05051970;20111764;209;421;617 ~~~~~~~~~~~~~~~~~~~~~~~~~~~~~~~~~~ 07-27
16101470;180620485;18115808;05021600113;06051970;21111764;210 ~~~~~~~~~~~~~~~~~~~~~~~~~~~~~~~~~~~~~~~~~~ 07-28
17101470;190620485;19115808;06021600113;07051970;22111764;211;617 ~~~~~~~~~~~~~~~~~~~~~~~~~~~~~~~~~~~~~~ 07-29
18101470;200620485;20115808;07021600113;08051970;23111764;212;715 ~~~~~~~~~~~~~~~~~~~~~~~~~~~~~~~~~~~~~~ 07-30
19101470;210620485;21115808;08021600113;09051970;24111764;213;716;412;617 ~~~~~~~~~~~~~~~~~~~~~~~~~~~~~~ 07-31
20101470;220620485;22115808;09021600113;10051970;25111764;214;637;720;398 ~~~~~~~~~~~~~~~~~~~~~~~~~~~~~~ 08-01
21101470;230620485;23115808;10021600113;11051970;26111764;215;717;618 ~~~~~~~~~~~~~~~~~~~~~~~~~~~~~~~~~~ 08-02
22101470;240620485;24115808;11021600113;12051970;27111764;216 ~~~~~~~~~~~~~~~~~~~~~~~~~~~~~~~~~~~~~~~~~~ 08-03
23101470;250620485;25115808;12021600113;13051970;28111764;217;718;513;618 ~~~~~~~~~~~~~~~~~~~~~~~~~~~~~~ 08-04
24101470;260620485;26115808;13021600113;14051970;29111764;218;878;618 ~~~~~~~~~~~~~~~~~~~~~~~~~~~~~~~~~~ 08-05
25101470;270620485;27115808;14021600113;15051970;30111764;219;618 ~~~~~~~~~~~~~~~~~~~~~~~~~~~~~~~~~~~~~~ 08-06
26101470;280620485;28115808;15021600113;16051970;01121764;220;719;618 ~~~~~~~~~~~~~~~~~~~~~~~~~~~~~~~~~~ 08-07
27101470;290620485;29115808;16021600113;17051970;02121764;221;723;618 ~~~~~~~~~~~~~~~~~~~~~~~~~~~~~~~~~~ 08-08
28101470;300620485;30115808;17021600113;18051970;03121764;222;721;380 ~~~~~~~~~~~~~~~~~~~~~~~~~~~~~~~~~~ 08-09
29101470;010720485;01125808;18021600113;19051970;04121764;223;618 ~~~~~~~~~~~~~~~~~~~~~~~~~~~~~~~~~~~~~~ 08-10
01111470;020720485;02125808;19021600113;20051970;05121764;224;836 ~~~~~~~~~~~~~~~~~~~~~~~~~~~~~~~~~~~~~~ 08-11
02111470;030720485;03125808;00031600113;21051970;06121764;225;722;579;824;403;618 ~~~~~~~~~~~~~~~~~~~~~~ 08-12
03111470;040720485;04125808;01031600113;22051970;07121764;226;618 ~~~~~~~~~~~~~~~~~~~~~~~~~~~~~~~~~~~~~~ 08-13
04111470;050720485;05125808;02031600113;23051970;08121764;227;825;891;618 ~~~~~~~~~~~~~~~~~~~~~~~~~~~~~~ 08-14
05111470;060720485;06125808;03031600113;24051970;09121764;228;724 ~~~~~~~~~~~~~~~~~~~~~~~~~~~~~~~~~~~~~~ 08-15
06111470;070720485;07125808;04031600113;25051970;10121764;229;397;572;403;421;618 ~~~~~~~~~~~~~~~~~~~~~~ 08-16
07111470;080720485;08125808;05031600113;26051970;11121764;230;618 ~~~~~~~~~~~~~~~~~~~~~~~~~~~~~~~~~~~~~~ 08-17
08111470;090720485;09125808;06031600113;27051970;12121764;231;618 ~~~~~~~~~~~~~~~~~~~~~~~~~~~~~~~~~~~~~~ 08-18
09111470;100720485;10125808;07031600113;28051970;13121764;232 ~~~~~~~~~~~~~~~~~~~~~~~~~~~~~~~~~~~~~~~~~~ 08-19
10111470;110720485;11125808;08031600113;29051970;14121764;233;514;926;618 ~~~~~~~~~~~~~~~~~~~~~~~~~~~~~~ 08-20
11111470;120720485;12125808;09031600113;30051970;15121764;234;596;938;412 ~~~~~~~~~~~~~~~~~~~~~~~~~~~~~~ 08-21
12111470;130720485;13125808;10031600113;31051970;16121764;235;897;618 ~~~~~~~~~~~~~~~~~~~~~~~~~~~~~~~~~~ 08-22
13111470;140720485;14125808;11031600113;01061970;17121764;236;388;556;909;910;925;567;618 ~~~~~~~~~~~~~~ 08-23
14111470;150720485;15125808;12031600113;02061970;18121764;237;567;403;618 ~~~~~~~~~~~~~~~~~~~~~~~~~~~~~~ 08-24
15111470;160720485;16125808;13031600113;03061970;19121764;238 ~~~~~~~~~~~~~~~~~~~~~~~~~~~~~~~~~~~~~~~~~~ 08-25
16111470;170720485;17125808;14031600113;04061970;20121764;239;417;875;421;618 ~~~~~~~~~~~~~~~~~~~~~~~~~~ 08-26
17111470;180720485;18125808;15031600113;05061970;21121764;240;432;618 ~~~~~~~~~~~~~~~~~~~~~~~~~~~~~~~~~~ 08-27
18111470;190720485;19125808;16031600113;06061970;22121764;241;427;403;618 ~~~~~~~~~~~~~~~~~~~~~~~~~~~~~~ 08-28
19111470;200720485;20125808;17031600113;07061970;23121764;242;725;618 ~~~~~~~~~~~~~~~~~~~~~~~~~~~~~~~~~~ 08-29
20111470;210720485;21125808;18031600113;08061970;24121764;243;428;725;467;618 ~~~~~~~~~~~~~~~~~~~~~~~~~~ 08-30
21111470;220720485;22125808;19031600113;09061970;25121764;244;796;398;883 ~~~~~~~~~~~~~~~~~~~~~~~~~~~~~~ 08-31
22111470;230720485;23125808;00041600113;10061970;26121764;245;594;436;513;825;619 ~~~~~~~~~~~~~~~~~~~~~~ 09-01
23111470;240720485;24125808;01041600113;11061970;27121764;246;595 ~~~~~~~~~~~~~~~~~~~~~~~~~~~~~~~~~~~~~~ 09-02
24111470;250720485;25125808;02041600113;12061970;28121764;247;619 ~~~~~~~~~~~~~~~~~~~~~~~~~~~~~~~~~~~~~~ 09-03
25111470;260720485;26125808;03041600113;13061970;29121764;248;596;727;503;418 ~~~~~~~~~~~~~~~~~~~~~~~~~~ 09-04
26111470;270720485;27125808;04041600113;14061970;30121764;249;429;637;728;403;619 ~~~~~~~~~~~~~~~~~~~~~~ 09-05
27111470;280720485;28125808;05041600113;15061970;01131764;250;430;845 ~~~~~~~~~~~~~~~~~~~~~~~~~~~~~~~~~~ 09-06
28111470;290720485;29125808;06041600113;16061970;02131764;251;434;846;380;521;619 ~~~~~~~~~~~~~~~~~~~~~~ 09-07
29111470;010820485;01215809;07041600113;17061970;03131764;252;435;521 ~~~~~~~~~~~~~~~~~~~~~~~~~~~~~~~~~~ 09-08
30111470;020820485;02215809;08041600113;18061970;04131764;253;521;403;619 ~~~~~~~~~~~~~~~~~~~~~~~~~~~~~~ 09-09
01121470;030820485;03215809;09041600113;19061970;05131764;254;730 ~~~~~~~~~~~~~~~~~~~~~~~~~~~~~~~~~~~~~~ 09-10
02121470;040820485;04215809;10041600113;20061970;01011765;255;550;597;412;619 ~~~~~~~~~~~~~~~~~~~~~~~~~~ 09-11
03121470;050820485;05215809;11041600113;21061970;02011765;256;726;847;413;915 ~~~~~~~~~~~~~~~~~~~~~~~~~~ 09-12
04121470;060820485;06215809;12041600113;22061970;03011765;257;455;418;619 ~~~~~~~~~~~~~~~~~~~~~~~~~~~~~~ 09-13
05121470;070820485;07215809;13041600113;23061970;04011765;258;729;397 ~~~~~~~~~~~~~~~~~~~~~~~~~~~~~~~~~~ 09-14
06121470;080820485;08215809;14041600113;24061970;05011765;259;732;399;514;908;619 ~~~~~~~~~~~~~~~~~~~~~~ 09-15
07121470;090820485;09215809;15041600113;25061970;06011765;260 ~~~~~~~~~~~~~~~~~~~~~~~~~~~~~~~~~~~~~~~~~~ 09-16
08121470;100820485;10215809;16041600113;26061970;07011765;261;733;527;403;619;848 ~~~~~~~~~~~~~~~~~~~~~~ 09-17
09121470;110820485;11215809;17041600113;27061970;08011765;262;734;903;501 ~~~~~~~~~~~~~~~~~~~~~~~~~~~~~~ 09-18
10121470;120820485;12215809;18041600113;28061970;09011765;263;735;500;619 ~~~~~~~~~~~~~~~~~~~~~~~~~~~~~~ 09-19
11121470;130820485;13215809;19041600113;29061970;10011765;264;731;500 ~~~~~~~~~~~~~~~~~~~~~~~~~~~~~~~~~~ 09-20
12121470;140820485;14215809;00051600113;30061970;11011765;265;389;390;520;551;462;619;848 ~~~~~~~~~~~~~~ 09-21
13121470;150820485;15215809;01051600113;31061970;12011765;266;737;534;907;423;500;570;523;418 ~~~~~~~~~~ 09-22
14121470;160820485;16215809;02051600113;01071970;13011765;267;463;500;523;619;848 ~~~~~~~~~~~~~~~~~~~~~~ 09-23
15121470;170820485;17215809;03051600113;02071970;14011765;268;741;523;400 ~~~~~~~~~~~~~~~~~~~~~~~~~~~~~~ 09-24
16121470;180820485;18215809;04051600113;03071970;15011765;269;738;523;421;619 ~~~~~~~~~~~~~~~~~~~~~~~~~~ 09-25
17121470;190820485;19215809;05051600113;04071970;16011765;270;739;743;523 ~~~~~~~~~~~~~~~~~~~~~~~~~~~~~~ 09-26
18121470;200820485;20215809;06051600113;05071970;17011765;271;740;841;523;400;848;619 ~~~~~~~~~~~~~~~~~~ 09-27
19121470;210820485;21215809;07051600113;06071970;18011765;272;736;523 ~~~~~~~~~~~~~~~~~~~~~~~~~~~~~~~~~~ 09-28
20121470;220820485;22215809;08051600113;07071970;19011765;273;398;513;524;403;848;619 ~~~~~~~~~~~~~~~~~~ 09-29
21121470;230820485;23215809;09051600113;08071970;20011765;274;742;790;525;853 ~~~~~~~~~~~~~~~~~~~~~~~~~~ 09-30
22121470;240820485;24215809;10051600113;09071970;21011765;275;747;790;853;418;620 ~~~~~~~~~~~~~~~~~~~~~~ 10-01
23121470;250820485;25215809;11051600113;10071970;22011765;276;748;790;815;853 ~~~~~~~~~~~~~~~~~~~~~~~~~~ 10-02
24121470;260820485;26215809;12051600113;11071970;23011765;277;637;790;378;869;842;400;620 ~~~~~~~~~~~~~~ 10-03
25121470;270820485;27215809;13051600113;12071970;24011765;278;749;790 ~~~~~~~~~~~~~~~~~~~~~~~~~~~~~~~~~~ 10-04
26121470;280820485;28215809;14051600113;13071970;25011765;279;744;790;620 ~~~~~~~~~~~~~~~~~~~~~~~~~~~~~~ 10-05
27121470;290820485;29215809;15051600113;14071970;26011765;280;745;790;400;574 ~~~~~~~~~~~~~~~~~~~~~~~~~~ 10-06
28121470;300820485;30215809;16051600113;15071970;27011765;281;746;380;401;920;403;848;620 ~~~~~~~~~~~~~~ 10-07
29121470;010920485;01225809;17051600113;16071970;28011765;282;753;895 ~~~~~~~~~~~~~~~~~~~~~~~~~~~~~~~~~~ 10-08
01011471;020920485;02225809;18051600113;17071970;29011765;283;495;620 ~~~~~~~~~~~~~~~~~~~~~~~~~~~~~~~~~~ 10-09
02011471;030920485;03225809;19051600113;18071970;30011765;284;754;367;433;418 ~~~~~~~~~~~~~~~~~~~~~~~~~~ 10-10
03011471;040920485;04225809;00061600113;19071970;01021765;285;750;368;514;848;620 ~~~~~~~~~~~~~~~~~~~~~~ 10-11
04011471;050920485;05225809;01061600113;20071970;02021765;286;751 ~~~~~~~~~~~~~~~~~~~~~~~~~~~~~~~~~~~~~~ 10-12
05011471;060920485;06225809;02061600113;21071970;03021765;287;791;437;918;496;620 ~~~~~~~~~~~~~~~~~~~~~~ 10-13
06011471;070920485;07225809;03061600113;22071970;04021765;288;752;397;548;919 ~~~~~~~~~~~~~~~~~~~~~~~~~~ 10-14
07011471;080920485;08225809;04061600113;23071970;05021765;289;631;885;403;620 ~~~~~~~~~~~~~~~~~~~~~~~~~~ 10-15
08011471;090920485;09225809;05061600113;24071970;06021765;290;549;560;563 ~~~~~~~~~~~~~~~~~~~~~~~~~~~~~~ 10-16
09011471;100920485;10225809;06061600113;25071970;07021765;291;758;899;620 ~~~~~~~~~~~~~~~~~~~~~~~~~~~~~~ 10-17
10011471;110920485;11225809;07061600113;26071970;08021765;292;408;498 ~~~~~~~~~~~~~~~~~~~~~~~~~~~~~~~~~~ 10-18
11011471;120920485;12225809;08061600113;27071970;09021765;293;755;403;418;620 ~~~~~~~~~~~~~~~~~~~~~~~~~~ 10-19
12011471;130920485;13225809;09061600113;28071970;10021765;294;756;859;882;922;784 ~~~~~~~~~~~~~~~~~~~~~~ 10-20
13011471;140920485;14225809;10061600113;29071970;11021765;295;757;391;369;532;785;620 ~~~~~~~~~~~~~~~~~~ 10-21
14011471;150920485;15225809;11061600113;30071970;12021765;296;786 ~~~~~~~~~~~~~~~~~~~~~~~~~~~~~~~~~~~~~~ 10-22
15011471;160920485;16225809;12061600113;01081970;13021765;297;596;787;620 ~~~~~~~~~~~~~~~~~~~~~~~~~~~~~~ 10-23
16011471;170920485;17225809;13061600113;02081970;14021765;298;759;371;431 ~~~~~~~~~~~~~~~~~~~~~~~~~~~~~~ 10-24
17011471;180920485;18225809;14061600113;03081970;15021765;299;881;620 ~~~~~~~~~~~~~~~~~~~~~~~~~~~~~~~~~~ 10-25
18011471;190920485;19225809;15061600113;04081970;16021765;300 ~~~~~~~~~~~~~~~~~~~~~~~~~~~~~~~~~~~~~~~~~~ 10-26
19011471;200920485;20225809;16061600113;05081970;17021765;301;513;403;620 ~~~~~~~~~~~~~~~~~~~~~~~~~~~~~~ 10-27
20011471;210920485;21225809;17061600113;06081970;18021765;302;864 ~~~~~~~~~~~~~~~~~~~~~~~~~~~~~~~~~~~~~~ 10-28
21011471;220920485;22225809;18061600113;07081970;19021765;303;398;499;620 ~~~~~~~~~~~~~~~~~~~~~~~~~~~~~~ 10-29
22011471;230920485;23225809;19061600113;08081970;20021765;304;849 ~~~~~~~~~~~~~~~~~~~~~~~~~~~~~~~~~~~~~~ 10-30
23011471;240920485;24225809;00071600113;09081970;21021765;305;403;620 ~~~~~~~~~~~~~~~~~~~~~~~~~~~~~~~~~~ 10-31
24011471;250920485;25225809;01071600113;10081970;22021765;306 ~~~~~~~~~~~~~~~~~~~~~~~~~~~~~~~~~~~~~~~~~~ 11-01
25011471;260920485;26225809;02071600113;11081970;23021765;307;760;558;911;621 ~~~~~~~~~~~~~~~~~~~~~~~~~~ 11-02
26011471;270920485;27225809;03071600113;12081970;24021765;308;850;779;784;621 ~~~~~~~~~~~~~~~~~~~~~~~~~~ 11-03
27011471;280920485;28225809;04071600113;13081970;25021765;309;761;780;785;621 ~~~~~~~~~~~~~~~~~~~~~~~~~~ 11-04
28011471;290920485;29225809;05071600113;14081970;26021765;310;762;380;781;786;893 ~~~~~~~~~~~~~~~~~~~~~~ 11-05
29011471;011020485;01235809;06071600113;15081970;27021765;311;782;787;621 ~~~~~~~~~~~~~~~~~~~~~~~~~~~~~~ 11-06
30011471;021020485;02235809;07071600113;16081970;28021765;312;637;763;514;535;783;788;497 ~~~~~~~~~~~~~~ 11-07
01021471;031020485;03235809;08071600113;17081970;29021765;313;621 ~~~~~~~~~~~~~~~~~~~~~~~~~~~~~~~~~~~~~~ 11-08
02021471;041020485;04235809;09071600113;18081970;30021765;314 ~~~~~~~~~~~~~~~~~~~~~~~~~~~~~~~~~~~~~~~~~~ 11-09
03021471;051020485;05235809;10071600113;19081970;01031765;315;621 ~~~~~~~~~~~~~~~~~~~~~~~~~~~~~~~~~~~~~~ 11-10
04021471;061020485;06235809;11071600113;20081970;02031765;316;543;621 ~~~~~~~~~~~~~~~~~~~~~~~~~~~~~~~~~~ 11-11
05021471;071020485;07235809;12071600113;21081970;03031765;317;764;397;403;621 ~~~~~~~~~~~~~~~~~~~~~~~~~~ 11-12
06021471;081020485;08235809;13071600113;22081970;04031765;318;621 ~~~~~~~~~~~~~~~~~~~~~~~~~~~~~~~~~~~~~~ 11-13
07021471;091020485;09235809;14071600113;23081970;05031765;319;453;621 ~~~~~~~~~~~~~~~~~~~~~~~~~~~~~~~~~~ 11-14
08021471;101020485;10235809;15071600113;24081970;06031765;320;765;879 ~~~~~~~~~~~~~~~~~~~~~~~~~~~~~~~~~~ 11-15
09021471;111020485;11235809;16071600113;25081970;07031765;321;547;621 ~~~~~~~~~~~~~~~~~~~~~~~~~~~~~~~~~~ 11-16
10021471;121020485;12235809;17071600113;26081970;08031765;322;934;409;621 ~~~~~~~~~~~~~~~~~~~~~~~~~~~~~~ 11-17
11021471;131020485;13235809;18071600113;27081970;09031765;323;422;621 ~~~~~~~~~~~~~~~~~~~~~~~~~~~~~~~~~~ 11-18
12021471;141020485;14235809;19071600113;28081970;10031765;324;766;621 ~~~~~~~~~~~~~~~~~~~~~~~~~~~~~~~~~~ 11-19
13021471;151020485;15235809;00081600113;29081970;11031765;325;394;880;403;621 ~~~~~~~~~~~~~~~~~~~~~~~~~~ 11-20
14021471;161020485;16235809;01081600113;30081970;12031765;326;767;835;621 ~~~~~~~~~~~~~~~~~~~~~~~~~~~~~~ 11-21
15021471;171020485;17235809;02081600113;01091970;13031765;327;788;621 ~~~~~~~~~~~~~~~~~~~~~~~~~~~~~~~~~~ 11-22
16021471;181020485;18235809;03081600113;02091970;14031765;328;432;513;409;621 ~~~~~~~~~~~~~~~~~~~~~~~~~~ 11-23
17021471;191020485;19235809;04081600113;03091970;15031765;329;621 ~~~~~~~~~~~~~~~~~~~~~~~~~~~~~~~~~~~~~~ 11-24
18021471;201020485;20235809;05081600113;04091970;16031765;330;769 ~~~~~~~~~~~~~~~~~~~~~~~~~~~~~~~~~~~~~~ 11-25
19021471;211020485;21235809;06081600113;05091970;17031765;331;440;621 ~~~~~~~~~~~~~~~~~~~~~~~~~~~~~~~~~~ 11-26
20021471;221020485;22235809;07081600113;06091970;18031765;332;441;844 ~~~~~~~~~~~~~~~~~~~~~~~~~~~~~~~~~~ 11-27
21021471;231020485;23235809;08081600113;07091970;19031765;333;770;768;398;369;876;403;621 ~~~~~~~~~~~~~~ 11-28
22021471;241020485;24235809;09081600113;08091970;20031765;334;589;409 ~~~~~~~~~~~~~~~~~~~~~~~~~~~~~~~~~~ 11-29
23021471;251020485;25235809;10081600113;09091970;21031765;335;442;516;621 ~~~~~~~~~~~~~~~~~~~~~~~~~~~~~~ 11-30
24021471;261020485;26235809;11081600113;10091970;22031765;336;771;773;936;516 ~~~~~~~~~~~~~~~~~~~~~~~~~~ 12-01
25021471;271020485;27235809;12081600113;11091970;23031765;337;772;370;554;516;622 ~~~~~~~~~~~~~~~~~~~~~~ 12-02
26021471;281020485;28235809;13081600113;12091970;24031765;338;516 ~~~~~~~~~~~~~~~~~~~~~~~~~~~~~~~~~~~~~~ 12-03
27021471;291020485;29235809;14081600113;13091970;25031765;339;774;516;622 ~~~~~~~~~~~~~~~~~~~~~~~~~~~~~~ 12-04
28021471;011120485;30235809;15081600113;14091970;26031765;340;637;775;380;930;953;409;622 ~~~~~~~~~~~~~~ 12-05
29021471;021120485;01245809;16081600113;15091970;27031765;341;514;590;516;403;622 ~~~~~~~~~~~~~~~~~~~~~~ 12-06
01031471;031120485;02245809;17081600113;16091970;28031765;342;516 ~~~~~~~~~~~~~~~~~~~~~~~~~~~~~~~~~~~~~~ 12-07
02031471;041120485;03245809;18081600113;17091970;29031765;343;516;622 ~~~~~~~~~~~~~~~~~~~~~~~~~~~~~~~~~~ 12-08
03031471;051120485;04245809;19081600113;18091970;30031765;344;944;622 ~~~~~~~~~~~~~~~~~~~~~~~~~~~~~~~~~~ 12-09
04031471;061120485;05245809;00091600113;19091970;01041765;345;622 ~~~~~~~~~~~~~~~~~~~~~~~~~~~~~~~~~~~~~~ 12-10
05031471;071120485;06245809;01091600113;20091970;02041765;346;397 ~~~~~~~~~~~~~~~~~~~~~~~~~~~~~~~~~~~~~~ 12-11
06031471;081120485;07245809;02091600113;21091970;03041765;347;776;622 ~~~~~~~~~~~~~~~~~~~~~~~~~~~~~~~~~~ 12-12
07031471;091120485;08245809;03091600113;22091970;04041765;348;777;591;622 ~~~~~~~~~~~~~~~~~~~~~~~~~~~~~~ 12-13
08031471;101120485;09245809;04091600113;23091970;05041765;349;403;622 ~~~~~~~~~~~~~~~~~~~~~~~~~~~~~~~~~~ 12-14
09031471;111120485;10245809;05091600113;24091970;06041765;350;557;890 ~~~~~~~~~~~~~~~~~~~~~~~~~~~~~~~~~~ 12-15
10031471;121120485;11245809;06091600113;25091970;07041765;351;622 ~~~~~~~~~~~~~~~~~~~~~~~~~~~~~~~~~~~~~~ 12-16
11031471;131120485;12245809;07091600113;26091970;08041765;352;457 ~~~~~~~~~~~~~~~~~~~~~~~~~~~~~~~~~~~~~~ 12-17
12031471;141120485;13245809;08091600113;27091970;09041765;353;778;823;511;622 ~~~~~~~~~~~~~~~~~~~~~~~~~~ 12-18
13031471;151120485;14245809;09091600113;28091970;10041765;354;395;371;545 ~~~~~~~~~~~~~~~~~~~~~~~~~~~~~~ 12-19
14031471;161120485;15245809;10091600113;29091970;11041765;355;414;542;887;948;592;466;622 ~~~~~~~~~~~~~~ 12-20
15031471;171120485;16245809;11091600113;30091970;12041765;356;513;426 ~~~~~~~~~~~~~~~~~~~~~~~~~~~~~~~~~~ 12-21
16031471;181120485;17245809;12091600113;01101970;13041765;357;465;403;622 ~~~~~~~~~~~~~~~~~~~~~~~~~~~~~~ 12-22
17031471;191120485;18245809;13091600113;02101970;14041765;358;511;409;622 ~~~~~~~~~~~~~~~~~~~~~~~~~~~~~~ 12-23
18031471;201120485;19245809;14091600113;03101970;15041765;359;622 ~~~~~~~~~~~~~~~~~~~~~~~~~~~~~~~~~~~~~~ 12-24
19031471;211120485;20245809;15091600113;04101970;16041765;360;436 ~~~~~~~~~~~~~~~~~~~~~~~~~~~~~~~~~~~~~~ 12-25
20031471;221120485;21245809;16091600113;05101970;17041765;361;403;622 ~~~~~~~~~~~~~~~~~~~~~~~~~~~~~~~~~~ 12-31
21031471;231120485;22245809;17091600113;06101970;18041765;362 ~~~~~~~~~~~~~~~~~~~~~~~~~~~~~~~~~~~~~~~~~~ 12-27
22031471;241120485;23245809;18091600113;07101970;19041765;363;398;415;622 ~~~~~~~~~~~~~~~~~~~~~~~~~~~~~~ 12-28
23031471;251120485;24245809;19091600113;08101970;20041765;364 ~~~~~~~~~~~~~~~~~~~~~~~~~~~~~~~~~~~~~~~~~~ 12-29
24031471;261120485;25245809;00101600113;09101970;21041765;365;622 ~~~~~~~~~~~~~~~~~~~~~~~~~~~~~~~~~~~~~~ 12-30
25031471;271120485;26245809;01101600113;10101970;22041765;366;917 ~~~~~~~~~~~~~~~~~~~~~~~~~~~~~~~~~~~~~~ 12-31
