13071447;13112025g;12045786;19031300013;11101947;23041742;001;514 ~~~~~~~~~~~~~~~~~~~~~~~~~~~~~~~~~~~~~~ 01-01
14071447;14112025g;13045786;00041300013;12101947;24041742;002;376 ~~~~~~~~~~~~~~~~~~~~~~~~~~~~~~~~~~~~~~ 01-02
15071447;15112025g;14045786;01041300013;13101947;25041742;003;637;381;372;904 ~~~~~~~~~~~~~~~~~~~~~~~~~~ 01-03
16071447;16112025g;15045786;02041300013;14101947;26041742;004;611 ~~~~~~~~~~~~~~~~~~~~~~~~~~~~~~~~~~~~~~ 01-04
17071447;17112025g;16045786;03041300013;15101947;27041742;005;611 ~~~~~~~~~~~~~~~~~~~~~~~~~~~~~~~~~~~~~~ 01-05
18071447;18112025g;17045786;04041300013;16101947;28041742;006;432;916;406 ~~~~~~~~~~~~~~~~~~~~~~~~~~~~~~ 01-06
19071447;19112025g;18045786;05041300013;17101947;29041742;007;409 ~~~~~~~~~~~~~~~~~~~~~~~~~~~~~~~~~~~~~~ 01-07
20071447;20112025g;19045786;06041300013;18101947;30041742;008;611 ~~~~~~~~~~~~~~~~~~~~~~~~~~~~~~~~~~~~~~ 01-08
21071447;21112025g;20045786;07041300013;19101947;01051742;009;611 ~~~~~~~~~~~~~~~~~~~~~~~~~~~~~~~~~~~~~~ 01-09
22071447;22112025g;21045786;08041300013;20101947;02051742;010;626;398;457 ~~~~~~~~~~~~~~~~~~~~~~~~~~~~~~ 01-10
23071447;23112025g;22045786;09041300013;21101947;03051742;011;627;406 ~~~~~~~~~~~~~~~~~~~~~~~~~~~~~~~~~~ 01-11
24071447;24112025g;23045786;10041300013;22101947;04051742;012;628 ~~~~~~~~~~~~~~~~~~~~~~~~~~~~~~~~~~~~~~ 01-12
25071447;25112025g;24045786;11041300013;23101947;05051742;013;629;513;409 ~~~~~~~~~~~~~~~~~~~~~~~~~~~~~~ 01-13
26071447;26112025g;25045786;12041300013;24101947;06051742;014;923;611 ~~~~~~~~~~~~~~~~~~~~~~~~~~~~~~~~~~ 01-14
27071447;27112025g;26045786;13041300013;25101947;07051742;015;631;509 ~~~~~~~~~~~~~~~~~~~~~~~~~~~~~~~~~~ 01-15
28071447;28112025g;27045786;14041300013;26101947;08051742;016;406 ~~~~~~~~~~~~~~~~~~~~~~~~~~~~~~~~~~~~~~ 01-16
29071447;29112025g;28045786;15041300013;27101947;09051742;017;630 ~~~~~~~~~~~~~~~~~~~~~~~~~~~~~~~~~~~~~~ 01-17
30071447;30112025g;29045786;16041300013;28101947;10051742;018;625;380;888 ~~~~~~~~~~~~~~~~~~~~~~~~~~~~~~ 01-18
01081447;01122025g;01055786;17041300013;29101947;11051742;019;492;409 ~~~~~~~~~~~~~~~~~~~~~~~~~~~~~~~~~~ 01-19
02081447;02122025g;02055786;18041300013;30101947;12051742;020;611 ~~~~~~~~~~~~~~~~~~~~~~~~~~~~~~~~~~~~~~ 01-20
03081447;03122025g;03055786;19041300013;01111947;13051742;021;611 ~~~~~~~~~~~~~~~~~~~~~~~~~~~~~~~~~~~~~~ 01-21
04081447;04122025g;04055786;00051300013;02111947;14051742;022;864 ~~~~~~~~~~~~~~~~~~~~~~~~~~~~~~~~~~~~~~ 01-22
05081447;05122025g;05055786;01051300013;03111947;15051742;023;940 ~~~~~~~~~~~~~~~~~~~~~~~~~~~~~~~~~~~~~~ 01-23
06081447;06122025g;06055786;02051300013;04111947;16051742;024;611 ~~~~~~~~~~~~~~~~~~~~~~~~~~~~~~~~~~~~~~ 01-24
07081447;07122025g;07055786;03051300013;05111947;17051742;025;635;397;914 ~~~~~~~~~~~~~~~~~~~~~~~~~~~~~~ 01-25
08081447;08122025g;08055786;04051300013;06111947;18051742;026;636;536;406 ~~~~~~~~~~~~~~~~~~~~~~~~~~~~~~ 01-26
09081447;09122025g;09055786;05051300013;07111947;19051742;027;580;611 ~~~~~~~~~~~~~~~~~~~~~~~~~~~~~~~~~~ 01-27
10081447;10122025g;10055786;06051300013;08111947;20051742;028;632 ~~~~~~~~~~~~~~~~~~~~~~~~~~~~~~~~~~~~~~ 01-28
11081447;11122025g;11055786;07051300013;09111947;21051742;029;514;873 ~~~~~~~~~~~~~~~~~~~~~~~~~~~~~~~~~~ 01-29
12081447;12122025g;12055786;08051300013;10111947;22051742;030;633;611 ~~~~~~~~~~~~~~~~~~~~~~~~~~~~~~~~~~ 01-30
13081447;13122025g;13055786;09051300013;11111947;23051742;031;634 ~~~~~~~~~~~~~~~~~~~~~~~~~~~~~~~~~~~~~~ 01-31
14081447;14122025g;14055786;09051300013;12111947;24051742;032;382;884;512 ~~~~~~~~~~~~~~~~~~~~~~~~~~~~~~ 02-01
15081447;15122025g;15055786;10051300013;13111947;25051742;033;612 ~~~~~~~~~~~~~~~~~~~~~~~~~~~~~~~~~~~~~~ 02-02
16081447;16122025g;16055786;11051300013;14111947;26051742;034;612 ~~~~~~~~~~~~~~~~~~~~~~~~~~~~~~~~~~~~~~ 02-03
17081447;17122025g;17055786;12051300013;15111947;27051742;035;416 ~~~~~~~~~~~~~~~~~~~~~~~~~~~~~~~~~~~~~~ 02-04
18081447;18122025g;18055786;13051300013;16111947;28051742;036;638 ~~~~~~~~~~~~~~~~~~~~~~~~~~~~~~~~~~~~~~ 02-05
19081447;19122025g;19055786;14051300013;17111947;29051742;037;639 ~~~~~~~~~~~~~~~~~~~~~~~~~~~~~~~~~~~~~~ 02-06
20081447;20122025g;20055786;15051300013;18111947;30051742;038;637;640 ~~~~~~~~~~~~~~~~~~~~~~~~~~~~~~~~~~ 02-07
21081447;21122025g;21055786;16051300013;19111947;01061742;039;581;612 ~~~~~~~~~~~~~~~~~~~~~~~~~~~~~~~~~~ 02-08
22081447;22122025g;22055786;17051300013;20111947;02061742;040;641;398;612 ~~~~~~~~~~~~~~~~~~~~~~~~~~~~~~ 02-09
23081447;23122025g;23055786;18051300013;21111947;03061742;041;513 ~~~~~~~~~~~~~~~~~~~~~~~~~~~~~~~~~~~~~~ 02-10
24081447;24122025g;24055786;19051300013;22111947;04061742;042;612 ~~~~~~~~~~~~~~~~~~~~~~~~~~~~~~~~~~~~~~ 02-11
25081447;25122025g;25055786;00061300013;23111947;05061742;043;642 ~~~~~~~~~~~~~~~~~~~~~~~~~~~~~~~~~~~~~~ 02-12
26081447;26122025g;26055786;01061300013;24111947;06061742;044;943 ~~~~~~~~~~~~~~~~~~~~~~~~~~~~~~~~~~~~~~ 02-13
27081447;27122025g;27055786;02061300013;25111947;07061742;045;643;612 ~~~~~~~~~~~~~~~~~~~~~~~~~~~~~~~~~~ 02-14
28081447;28122025g;28055786;03061300013;26111947;08061742;046;886;406 ~~~~~~~~~~~~~~~~~~~~~~~~~~~~~~~~~~ 02-15
29081447;29122025g;29055786;04061300013;27111947;09061742;047;450;827 ~~~~~~~~~~~~~~~~~~~~~~~~~~~~~~~~~~ 02-16
01091447;01012026h;30055786;05061300013;28111947;10061742;048;443;380;932;950;504;479;490;854;612 ~~~~~~ 02-17
02091447;02012026h;01065786;06061300013;29111947;11061742;049;444;566;479;490;854 ~~~~~~~~~~~~~~~~~~~~~~ 02-18
03091447;03012026h;02065786;07061300013;30111947;12061742;050;644;433;436;566;612 ~~~~~~~~~~~~~~~~~~~~~~ 02-19
04091447;04012026h;03065786;08061300013;01121947;13061742;051;645;566;406 ~~~~~~~~~~~~~~~~~~~~~~~~~~~~~~ 02-20
05091447;05012026h;04065786;09061300013;02121947;14061742;052;566;505 ~~~~~~~~~~~~~~~~~~~~~~~~~~~~~~~~~~ 02-21
06091447;06012026h;05065786;10061300013;03121947;15061742;053;612 ~~~~~~~~~~~~~~~~~~~~~~~~~~~~~~~~~~~~~~ 02-22
07091447;07012026h;06065786;11061300013;04121947;16061742;054;505;612 ~~~~~~~~~~~~~~~~~~~~~~~~~~~~~~~~~~ 02-23
08091447;08012026h;07065786;12061300013;05121947;17061742;055;646;397;514 ~~~~~~~~~~~~~~~~~~~~~~~~~~~~~~ 02-24
09091447;09012026h;08065786;13061300013;06121947;18061742;056;406;612 ~~~~~~~~~~~~~~~~~~~~~~~~~~~~~~~~~~ 02-25
10091447;10012026h;09065786;14061300013;07121947;19061742;057;647;648;399;825 ~~~~~~~~~~~~~~~~~~~~~~~~~~ 02-26
11091447;11012026h;10065786;15061300013;08121947;20061742;058;649;517 ~~~~~~~~~~~~~~~~~~~~~~~~~~~~~~~~~~ 02-27
12091447;12012026h;11065786;16061300013;09121947;21061742;059;650 ~~~~~~~~~~~~~~~~~~~~~~~~~~~~~~~~~~~~~~ 02-28
13091447;13012026h;12065786;00071300013;10121947;22061742;061;655;505;613 ~~~~~~~~~~~~~~~~~~~~~~~~~~~~~~ 03-01
14091447;14012026h;13065786;01071300013;11121947;23061742;062;544;623;409 ~~~~~~~~~~~~~~~~~~~~~~~~~~~~~~ 03-02
15091447;15012026h;14065786;02071300013;12121947;24061742;063;383;541;598;906;949;519;613 ~~~~~~~~~~~~~~ 03-03
16091447;16012026h;15065786;03071300013;13121947;25061742;064;562 ~~~~~~~~~~~~~~~~~~~~~~~~~~~~~~~~~~~~~~ 03-04
17091447;17012026h;16065786;04071300013;14121947;26061742;065;653;562;800;505;613 ~~~~~~~~~~~~~~~~~~~~~~ 03-05
18091447;18012026h;17065786;05071300013;15121947;27061742;066;654;562 ~~~~~~~~~~~~~~~~~~~~~~~~~~~~~~~~~~ 03-06
19091447;19012026h;18065786;06071300013;16121947;28061742;067;637;833;400 ~~~~~~~~~~~~~~~~~~~~~~~~~~~~~~ 03-07
20091447;20012026h;19065786;07071300013;17121947;29061742;068;835;409 ~~~~~~~~~~~~~~~~~~~~~~~~~~~~~~~~~~ 03-08
21091447;21012026h;20065786;08071300013;18121947;30061742;069;505;613 ~~~~~~~~~~~~~~~~~~~~~~~~~~~~~~~~~~ 03-09
22091447;22012026h;21065786;09071300013;19121947;01071742;070;513;400 ~~~~~~~~~~~~~~~~~~~~~~~~~~~~~~~~~~ 03-10
23091447;23012026h;22065786;10071300013;20121947;02071742;071;398;410;533;924 ~~~~~~~~~~~~~~~~~~~~~~~~~~ 03-11
24091447;24012026h;23065786;11071300013;21121947;03071742;072;656;613 ~~~~~~~~~~~~~~~~~~~~~~~~~~~~~~~~~~ 03-12
25091447;25012026h;24065786;12071300013;22121947;04071742;073;596;400;505;613 ~~~~~~~~~~~~~~~~~~~~~~~~~~ 03-13
26091447;26012026h;25065786;13071300013;23121947;05071742;074;820 ~~~~~~~~~~~~~~~~~~~~~~~~~~~~~~~~~~~~~~ 03-14
27091447;27012026h;26065786;14071300013;24121947;06071742;075;900;508 ~~~~~~~~~~~~~~~~~~~~~~~~~~~~~~~~~~ 03-15
28091447;28012026h;27065786;15071300013;25121947;07071742;076;400;613 ~~~~~~~~~~~~~~~~~~~~~~~~~~~~~~~~~~ 03-16
29091447;29012026h;28065786;16071300013;26121947;08071742;077;657;406;613 ~~~~~~~~~~~~~~~~~~~~~~~~~~~~~~ 03-17
30091447;30012026h;29065786;17071300013;27121947;09071742;078;380;506 ~~~~~~~~~~~~~~~~~~~~~~~~~~~~~~~~~~ 03-18
01101447;01022026h;01075786;18071300013;28121947;10071742;079;658;538;559;935;466;502;613 ~~~~~~~~~~~~~~ 03-19
02101447;02022026h;02075786;19071300013;29121947;11071742;080;401;507;424 ~~~~~~~~~~~~~~~~~~~~~~~~~~~~~~ 03-20
03101447;03022026h;03075786;00081300013;30121947;12071742;081;555;577;459 ~~~~~~~~~~~~~~~~~~~~~~~~~~~~~~ 03-21
04101447;04022026h;04075786;01081300013;01011948;13071742;082;514;851;406 ~~~~~~~~~~~~~~~~~~~~~~~~~~~~~~ 03-22
05101447;05022026h;05075786;02081300013;02011948;14071742;083;613 ~~~~~~~~~~~~~~~~~~~~~~~~~~~~~~~~~~~~~~ 03-23
06101447;06022026h;06075786;03081300013;03011948;15071742;084;659;945 ~~~~~~~~~~~~~~~~~~~~~~~~~~~~~~~~~~ 03-24
07101447;07022026h;07075786;04081300013;04011948;16071742;085;660;397;613 ~~~~~~~~~~~~~~~~~~~~~~~~~~~~~~ 03-25
08101447;08022026h;08075786;05081300013;05011948;17071742;086;859;913 ~~~~~~~~~~~~~~~~~~~~~~~~~~~~~~~~~~ 03-26
09101447;09022026h;09075786;06081300013;06011948;18071742;087;912;933;406 ~~~~~~~~~~~~~~~~~~~~~~~~~~~~~~ 03-27
10101447;10022026h;10075786;07081300013;07011948;19071742;088;613 ~~~~~~~~~~~~~~~~~~~~~~~~~~~~~~~~~~~~~~ 03-28
11101447;11022026h;11075786;08081300013;08011948;20071742;089;493;652;877 ~~~~~~~~~~~~~~~~~~~~~~~~~~~~~~ 03-29
12101447;12022026h;12075786;09081300013;09011948;21071742;090;852 ~~~~~~~~~~~~~~~~~~~~~~~~~~~~~~~~~~~~~~ 03-30
13101447;13022026h;13075786;10081300013;10011948;22071742;091;613 ~~~~~~~~~~~~~~~~~~~~~~~~~~~~~~~~~~~~~~ 03-31
14101447;14022026h;14075786;11081300013;11011948;23071742;092;663;384;406 ~~~~~~~~~~~~~~~~~~~~~~~~~~~~~~ 04-01
15101447;15022026h;15075786;12081300013;12011948;24071742;093;539;575;515 ~~~~~~~~~~~~~~~~~~~~~~~~~~~~~~ 04-02
16101447;16022026h;16075786;13081300013;13011948;25071742;094;445;437;614 ~~~~~~~~~~~~~~~~~~~~~~~~~~~~~~ 04-03
17101447;17022026h;17075786;14081300013;14011948;26071742;095;446;637;661;432;571;614 ~~~~~~~~~~~~~~~~~~ 04-04
18101447;18022026h;18075786;15081300013;15011948;27071742;096;447;662 ~~~~~~~~~~~~~~~~~~~~~~~~~~~~~~~~~~ 04-05
19101447;19022026h;19075786;16081300013;16011948;28071742;097;448;406;614;651 ~~~~~~~~~~~~~~~~~~~~~~~~~~ 04-06
20101447;20022026h;20075786;17081300013;17011948;29071742;098;513;651 ~~~~~~~~~~~~~~~~~~~~~~~~~~~~~~~~~~ 04-07
21101447;21022026h;21075786;18081300013;18011948;30071742;099;614;651 ~~~~~~~~~~~~~~~~~~~~~~~~~~~~~~~~~~ 04-08
22101447;22022026h;22075786;19081300013;19011948;01081742;100;398;829;651 ~~~~~~~~~~~~~~~~~~~~~~~~~~~~~~ 04-09
23101447;23022026h;23075786;00091300013;20011948;02081742;101;614;651 ~~~~~~~~~~~~~~~~~~~~~~~~~~~~~~~~~~ 04-10
24101447;24022026h;24075786;01091300013;21011948;03081742;102;406;651 ~~~~~~~~~~~~~~~~~~~~~~~~~~~~~~~~~~ 04-11
25101447;25022026h;25075786;02091300013;22011948;04081742;103;614 ~~~~~~~~~~~~~~~~~~~~~~~~~~~~~~~~~~~~~~ 04-12
26101447;26022026h;26075786;03091300013;23011948;05081742;104;526;813;939 ~~~~~~~~~~~~~~~~~~~~~~~~~~~~~~ 04-13
27101447;27022026h;27075786;04091300013;24011948;06081742;105;614 ~~~~~~~~~~~~~~~~~~~~~~~~~~~~~~~~~~~~~~ 04-14
28101447;28022026h;28075786;05091300013;25011948;07081742;106;614 ~~~~~~~~~~~~~~~~~~~~~~~~~~~~~~~~~~~~~~ 04-15
29101447;29022026h;29075786;06091300013;26011948;08081742;107;631;664;821;406 ~~~~~~~~~~~~~~~~~~~~~~~~~~ 04-16
01111447;01032026h;30075786;07091300013;27011948;09081742;108;665;380 ~~~~~~~~~~~~~~~~~~~~~~~~~~~~~~~~~~ 04-17
02111447;02032026h;01085786;08091300013;28011948;10081742;109;666;614 ~~~~~~~~~~~~~~~~~~~~~~~~~~~~~~~~~~ 04-18
03111447;03032026h;02085786;09091300013;29011948;11081742;110;510;514;902 ~~~~~~~~~~~~~~~~~~~~~~~~~~~~~~ 04-19
04111447;04032026h;03085786;10091300013;30011948;12081742;111;794;815;820;823;614 ~~~~~~~~~~~~~~~~~~~~~~ 04-20
05111447;05032026h;04085786;11091300013;01021948;13081742;112;528 ~~~~~~~~~~~~~~~~~~~~~~~~~~~~~~~~~~~~~~ 04-21
06111447;06032026h;05085786;12091300013;02021948;14081742;113;529;614 ~~~~~~~~~~~~~~~~~~~~~~~~~~~~~~~~~~ 04-22
07111447;07032026h;06085786;13091300013;03021948;15081742;114;667;397;553 ~~~~~~~~~~~~~~~~~~~~~~~~~~~~~~ 04-23
08111447;08032026h;07085786;14091300013;04021948;16081742;115;596;671;836 ~~~~~~~~~~~~~~~~~~~~~~~~~~~~~~ 04-24
09111447;09032026h;08085786;15091300013;05021948;17081742;116;668;927 ~~~~~~~~~~~~~~~~~~~~~~~~~~~~~~~~~~ 04-25
10111447;10032026h;09085786;16091300013;06021948;18081742;117;669;614 ~~~~~~~~~~~~~~~~~~~~~~~~~~~~~~~~~~ 04-26
11111447;11032026h;10085786;17091300013;07021948;19081742;118;889 ~~~~~~~~~~~~~~~~~~~~~~~~~~~~~~~~~~~~~~ 04-27
12111447;12032026h;11085786;18091300013;08021948;20081742;119;614 ~~~~~~~~~~~~~~~~~~~~~~~~~~~~~~~~~~~~~~ 04-28
13111447;13032026h;12085786;19091300013;09021948;21081742;120;670 ~~~~~~~~~~~~~~~~~~~~~~~~~~~~~~~~~~~~~~ 04-29
14111447;14032026h;13085786;00101300013;10021948;22081742;121;894 ~~~~~~~~~~~~~~~~~~~~~~~~~~~~~~~~~~~~~~ 04-30
15111447;15032026h;14085786;01101300013;11021948;23081742;122;679;385;537;937;406 ~~~~~~~~~~~~~~~~~~~~~~ 05-01
16111447;16032026h;15085786;02101300013;12021948;24081742;123;637;672;818;892 ~~~~~~~~~~~~~~~~~~~~~~~~~~ 05-02
17111447;17032026h;16085786;03101300013;13021948;25081742;124;673;615 ~~~~~~~~~~~~~~~~~~~~~~~~~~~~~~~~~~ 05-03
18111447;18032026h;17085786;04101300013;14021948;26081742;125;674;513 ~~~~~~~~~~~~~~~~~~~~~~~~~~~~~~~~~~ 05-04
19111447;19032026h;18085786;05101300013;15021948;27081742;126;675;518;615 ~~~~~~~~~~~~~~~~~~~~~~~~~~~~~~ 05-05
20111447;20032026h;19085786;06101300013;16021948;28081742;127;676;420;406;615 ~~~~~~~~~~~~~~~~~~~~~~~~~~ 05-06
21111447;21032026h;20085786;07101300013;17021948;29081742;128;677;615 ~~~~~~~~~~~~~~~~~~~~~~~~~~~~~~~~~~ 05-07
22111447;22032026h;21085786;08101300013;18021948;30081742;129;678 ~~~~~~~~~~~~~~~~~~~~~~~~~~~~~~~~~~~~~~ 05-08
23111447;23032026h;22085786;09101300013;19021948;01091742;130;681;680;398;615 ~~~~~~~~~~~~~~~~~~~~~~~~~~ 05-09
24111447;24032026h;23085786;10101300013;20021948;02091742;131;451;624 ~~~~~~~~~~~~~~~~~~~~~~~~~~~~~~~~~~ 05-10
25111447;25032026h;24085786;11101300013;21021948;03091742;132;682;624;406 ~~~~~~~~~~~~~~~~~~~~~~~~~~~~~~ 05-11
26111447;26032026h;25085786;12101300013;22021948;04091742;133;624 ~~~~~~~~~~~~~~~~~~~~~~~~~~~~~~~~~~~~~~ 05-12
27111447;27032026h;26085786;13101300013;23021948;05091742;134;683;530;624;615 ~~~~~~~~~~~~~~~~~~~~~~~~~~ 05-13
28111447;28032026h;27085786;14101300013;24021948;06091742;135;494;624 ~~~~~~~~~~~~~~~~~~~~~~~~~~~~~~~~~~ 05-14
29111447;29032026h;28085786;15101300013;25021948;07091742;136;686;868;573;624 ~~~~~~~~~~~~~~~~~~~~~~~~~~ 05-15
30111447;30032026h;29085786;16101300013;26021948;08091742;137;687;380;921;942;573;624 ~~~~~~~~~~~~~~~~~~ 05-16
01121447;01042026h;01095786;17101300013;27021948;09091742;138;684;514;573;615 ~~~~~~~~~~~~~~~~~~~~~~~~~~ 05-17
02121447;02042026h;02095786;18101300013;28021948;10091742;139;789;433;615 ~~~~~~~~~~~~~~~~~~~~~~~~~~~~~~ 05-18
03121447;03042026h;03095786;19101300013;29021948;11091742;140;615 ~~~~~~~~~~~~~~~~~~~~~~~~~~~~~~~~~~~~~~ 05-19
04121447;04042026h;04095786;00111300013;30021948;12091742;141;685 ~~~~~~~~~~~~~~~~~~~~~~~~~~~~~~~~~~~~~~ 05-20
05121447;05042026h;05095786;01111300013;31021948;13091742;142;797 ~~~~~~~~~~~~~~~~~~~~~~~~~~~~~~~~~~~~~~ 05-21
06121447;06042026h;06095786;02111300013;01031948;14091742;143;689;522 ~~~~~~~~~~~~~~~~~~~~~~~~~~~~~~~~~~ 05-22
07121447;07042026h;07095786;03111300013;02031948;15091742;144;439;798;397 ~~~~~~~~~~~~~~~~~~~~~~~~~~~~~~ 05-23
08121447;08042026h;08095786;04111300013;03031948;16091742;145;449;439;615 ~~~~~~~~~~~~~~~~~~~~~~~~~~~~~~ 05-24
09121447;09042026h;09095786;05111300013;04031948;17091742;146;438;552;501 ~~~~~~~~~~~~~~~~~~~~~~~~~~~~~~ 05-25
10121447;10042026h;10095786;06111300013;05031948;18091742;147;500 ~~~~~~~~~~~~~~~~~~~~~~~~~~~~~~~~~~~~~~ 05-26
11121447;11042026h;11095786;07111300013;06031948;19091742;148;688;898;500;615 ~~~~~~~~~~~~~~~~~~~~~~~~~~ 05-27
12121447;12042026h;12095786;08111300013;07031948;20091742;149;615 ~~~~~~~~~~~~~~~~~~~~~~~~~~~~~~~~~~~~~~ 05-28
13121447;13042026h;13095786;09111300013;08031948;21091742;150;500;615 ~~~~~~~~~~~~~~~~~~~~~~~~~~~~~~~~~~ 05-29
14121447;14042026h;14095786;10111300013;09031948;22091742;151;500 ~~~~~~~~~~~~~~~~~~~~~~~~~~~~~~~~~~~~~~ 05-30
15121447;15042026h;15095786;11111300013;10031948;23091742;152;396;396;874;406 ~~~~~~~~~~~~~~~~~~~~~~~~~~ 05-31
16121447;16042026h;16095786;12111300013;11031948;24091742;153;513;616;605 ~~~~~~~~~~~~~~~~~~~~~~~~~~~~~~ 06-01
17121447;17042026h;17095786;13111300013;12031948;25091742;154;694 ~~~~~~~~~~~~~~~~~~~~~~~~~~~~~~~~~~~~~~ 06-02
18121447;18042026h;18095786;14111300013;13031948;26091742;155;691;841;616 ~~~~~~~~~~~~~~~~~~~~~~~~~~~~~~ 06-03
19121447;19042026h;19095786;15111300013;14031948;27091742;156;616 ~~~~~~~~~~~~~~~~~~~~~~~~~~~~~~~~~~~~~~ 06-04
20121447;20042026h;20095786;16111300013;15031948;28091742;157;692;616 ~~~~~~~~~~~~~~~~~~~~~~~~~~~~~~~~~~ 06-05
21121447;21042026h;21095786;17111300013;16031948;29091742;158;637;693 ~~~~~~~~~~~~~~~~~~~~~~~~~~~~~~~~~~ 06-06
22121447;22042026h;22095786;18111300013;17031948;30091742;159;690 ~~~~~~~~~~~~~~~~~~~~~~~~~~~~~~~~~~~~~~ 06-07
23121447;23042026h;23095786;19111300013;18031948;01101742;160;398;616 ~~~~~~~~~~~~~~~~~~~~~~~~~~~~~~~~~~ 06-08
24121447;24042026h;24095786;00121300013;19031948;02101742;161;696;831;842 ~~~~~~~~~~~~~~~~~~~~~~~~~~~~~~ 06-09
25121447;25042026h;25095786;01121300013;20031948;03101742;162;406 ~~~~~~~~~~~~~~~~~~~~~~~~~~~~~~~~~~~~~~ 06-10
26121447;26042026h;26095786;02121300013;21031948;04101742;163;901;569;616 ~~~~~~~~~~~~~~~~~~~~~~~~~~~~~~ 06-11
27121447;27042026h;27095786;03121300013;22031948;05101742;164;569 ~~~~~~~~~~~~~~~~~~~~~~~~~~~~~~~~~~~~~~ 06-12
28121447;28042026h;28095786;04121300013;23031948;06101742;165;697;799;616 ~~~~~~~~~~~~~~~~~~~~~~~~~~~~~~ 06-13
29121447;29042026h;29095786;05121300013;24031948;07101742;166;695;380;514 ~~~~~~~~~~~~~~~~~~~~~~~~~~~~~~ 06-14
30121447;01052026h;30095786;06121300013;25031948;08101742;167;436;406;616 ~~~~~~~~~~~~~~~~~~~~~~~~~~~~~~ 06-15
01011448;02052026h;01105786;07121300013;26031948;09101742;168;495 ~~~~~~~~~~~~~~~~~~~~~~~~~~~~~~~~~~~~~~ 06-16
02011448;03052026h;02105786;08121300013;27031948;10101742;169;616 ~~~~~~~~~~~~~~~~~~~~~~~~~~~~~~~~~~~~~~ 06-17
03011448;04052026h;03105786;09121300013;28031948;11101742;170;698 ~~~~~~~~~~~~~~~~~~~~~~~~~~~~~~~~~~~~~~ 06-18
04011448;05052026h;04105786;10121300013;29031948;12101742;171;701;699;564;700 ~~~~~~~~~~~~~~~~~~~~~~~~~~ 06-19
05011448;06052026h;05105786;11121300013;30031948;13101742;172;460 ~~~~~~~~~~~~~~~~~~~~~~~~~~~~~~~~~~~~~~ 06-20
06011448;07052026h;06105786;12121300013;31031948;14101742;173;452;452;397;425;616 ~~~~~~~~~~~~~~~~~~~~~~ 06-21
07011448;08052026h;07105786;13121300013;01041948;15101742;174;461 ~~~~~~~~~~~~~~~~~~~~~~~~~~~~~~~~~~~~~~ 06-22
08011448;09052026h;08105786;14121300013;02041948;16101742;175;616 ~~~~~~~~~~~~~~~~~~~~~~~~~~~~~~~~~~~~~~ 06-23
09011448;10052026h;09105786;15121300013;03041948;17101742;176;704 ~~~~~~~~~~~~~~~~~~~~~~~~~~~~~~~~~~~~~~ 06-24
10011448;11052026h;10105786;16121300013;04041948;18101742;177;896;498;616 ~~~~~~~~~~~~~~~~~~~~~~~~~~~~~~ 06-25
11011448;12052026h;11105786;17121300013;05041948;19101742;178;703 ~~~~~~~~~~~~~~~~~~~~~~~~~~~~~~~~~~~~~~ 06-26
12011448;13052026h;12105786;18121300013;06041948;20101742;179;702;616 ~~~~~~~~~~~~~~~~~~~~~~~~~~~~~~~~~~ 06-27
13011448;14052026h;13105786;19121300013;07041948;21101742;180;513 ~~~~~~~~~~~~~~~~~~~~~~~~~~~~~~~~~~~~~~ 06-28
14011448;15052026h;14105786;00131300013;08041948;22101742;181;386;399;874;941;616 ~~~~~~~~~~~~~~~~~~~~~~ 06-29
15011448;16052026h;15105786;01131300013;09041948;23101742;182;406;496 ~~~~~~~~~~~~~~~~~~~~~~~~~~~~~~~~~~ 06-30
16011448;17052026h;16105786;02131300013;10041948;24101742;183;432 ~~~~~~~~~~~~~~~~~~~~~~~~~~~~~~~~~~~~~~ 07-01
17011448;18052026h;17105786;03131300013;11041948;25101742;184;400;617 ~~~~~~~~~~~~~~~~~~~~~~~~~~~~~~~~~~ 07-02
18011448;19052026h;18105786;04131300013;12041948;26101742;185;565;617 ~~~~~~~~~~~~~~~~~~~~~~~~~~~~~~~~~~ 07-03
19011448;20052026h;19105786;05131300013;13041948;27101742;186;637;705;840;816;565 ~~~~~~~~~~~~~~~~~~~~~~ 07-04
20011448;21052026h;20105786;06131300013;14041948;28101742;187;795;400;406;617 ~~~~~~~~~~~~~~~~~~~~~~~~~~ 07-05
21011448;22052026h;21105786;07131300013;15041948;29101742;188;373 ~~~~~~~~~~~~~~~~~~~~~~~~~~~~~~~~~~~~~~ 07-06
22011448;23052026h;22105786;08131300013;16041948;30101742;189;398;417;617 ~~~~~~~~~~~~~~~~~~~~~~~~~~~~~~ 07-07
23011448;24052026h;23105786;09131300013;17041948;01111742;190;400 ~~~~~~~~~~~~~~~~~~~~~~~~~~~~~~~~~~~~~~ 07-08
24011448;25052026h;24105786;10131300013;18041948;02111742;191;617 ~~~~~~~~~~~~~~~~~~~~~~~~~~~~~~~~~~~~~~ 07-09
25011448;26052026h;25105786;11131300013;19041948;03111742;192;578;946;406 ~~~~~~~~~~~~~~~~~~~~~~~~~~~~~~ 07-10
26011448;27052026h;26105786;12131300013;20041948;04111742;193;706;554;400;617 ~~~~~~~~~~~~~~~~~~~~~~~~~~ 07-11
27011448;28052026h;27105786;13131300013;21041948;05111742;194;617 ~~~~~~~~~~~~~~~~~~~~~~~~~~~~~~~~~~~~~~ 07-12
28011448;29052026h;28105786;14131300013;22041948;06111742;195;707;514;617 ~~~~~~~~~~~~~~~~~~~~~~~~~~~~~~ 07-13
29011448;01062026h;29105786;15131300013;23041948;07111742;196;380;400 ~~~~~~~~~~~~~~~~~~~~~~~~~~~~~~~~~~ 07-14
30011448;02062026h;01115786;16131300013;24041948;08111742;197;711;497;406;617 ~~~~~~~~~~~~~~~~~~~~~~~~~~ 07-15
01021448;03062026h;02115786;17131300013;25041948;09111742;198;631;870 ~~~~~~~~~~~~~~~~~~~~~~~~~~~~~~~~~~ 07-16
02021448;04062026h;03115786;18131300013;26041948;10111742;199;400;617 ~~~~~~~~~~~~~~~~~~~~~~~~~~~~~~~~~~ 07-17
03021448;05062026h;04115786;19131300013;27041948;11111742;200;708 ~~~~~~~~~~~~~~~~~~~~~~~~~~~~~~~~~~~~~~ 07-18
04021448;06062026h;05115786;00141300013;28041948;12111742;201;709;617 ~~~~~~~~~~~~~~~~~~~~~~~~~~~~~~~~~~ 07-19
05021448;07062026h;06115786;01141300013;29041948;13111742;202;710;400 ~~~~~~~~~~~~~~~~~~~~~~~~~~~~~~~~~~ 07-20
06021448;08062026h;07115786;02141300013;30041948;14111742;203;397;617 ~~~~~~~~~~~~~~~~~~~~~~~~~~~~~~~~~~ 07-21
07021448;09062026h;08115786;03141300013;31041948;15111742;204;617 ~~~~~~~~~~~~~~~~~~~~~~~~~~~~~~~~~~~~~~ 07-22
08021448;10062026h;09115786;04141300013;01051948;16111742;205;712;401 ~~~~~~~~~~~~~~~~~~~~~~~~~~~~~~~~~~ 07-23
09021448;11062026h;10115786;05141300013;02051948;17111742;206;617 ~~~~~~~~~~~~~~~~~~~~~~~~~~~~~~~~~~~~~~ 07-24
10021448;12062026h;11115786;06141300013;03051948;18111742;207;713;513;546;406;418;421;617 ~~~~~~~~~~~~~~ 07-25
11021448;13062026h;12115786;07141300013;04051948;19111742;208;714;411 ~~~~~~~~~~~~~~~~~~~~~~~~~~~~~~~~~~ 07-26
12021448;14062026h;13115786;08141300013;05051948;20111742;209;467;617 ~~~~~~~~~~~~~~~~~~~~~~~~~~~~~~~~~~ 07-27
13021448;15062026h;14115786;09141300013;06051948;21111742;210;617 ~~~~~~~~~~~~~~~~~~~~~~~~~~~~~~~~~~~~~~ 07-28
14021448;16062026h;15115786;10141300013;07051948;22111742;211;387;531;561 ~~~~~~~~~~~~~~~~~~~~~~~~~~~~~~ 07-29
15021448;17062026h;16115786;11141300013;08051948;23111742;212;715;406 ~~~~~~~~~~~~~~~~~~~~~~~~~~~~~~~~~~ 07-30
16021448;18062026h;17115786;12141300013;09051948;24111742;213;716 ~~~~~~~~~~~~~~~~~~~~~~~~~~~~~~~~~~~~~~ 07-31
17021448;19062026h;18115786;13141300013;10051948;25111742;214;637;720 ~~~~~~~~~~~~~~~~~~~~~~~~~~~~~~~~~~ 08-01
18021448;20062026h;19115786;14141300013;11051948;26111742;215;717;437;412 ~~~~~~~~~~~~~~~~~~~~~~~~~~~~~~ 08-02
19021448;21062026h;20115786;15141300013;12051948;27111742;216;374;618 ~~~~~~~~~~~~~~~~~~~~~~~~~~~~~~~~~~ 08-03
20021448;22062026h;21115786;16141300013;13051948;28111742;217;718;844;406 ~~~~~~~~~~~~~~~~~~~~~~~~~~~~~~ 08-04
21021448;23062026h;22115786;17141300013;14051948;29111742;218;398 ~~~~~~~~~~~~~~~~~~~~~~~~~~~~~~~~~~~~~~ 08-05
22021448;24062026h;23115786;18141300013;15051948;30111742;219;618 ~~~~~~~~~~~~~~~~~~~~~~~~~~~~~~~~~~~~~~ 08-06
23021448;25062026h;24115786;19141300013;16051948;01121742;220;719;618 ~~~~~~~~~~~~~~~~~~~~~~~~~~~~~~~~~~ 08-07
24021448;26062026h;25115786;00151300013;17051948;02121742;221;723;618 ~~~~~~~~~~~~~~~~~~~~~~~~~~~~~~~~~~ 08-08
25021448;27062026h;26115786;01151300013;18051948;03121742;222;721;878;406 ~~~~~~~~~~~~~~~~~~~~~~~~~~~~~~ 08-09
26021448;28062026h;27115786;02151300013;19051948;04121742;223;514 ~~~~~~~~~~~~~~~~~~~~~~~~~~~~~~~~~~~~~~ 08-10
27021448;29062026h;28115786;03151300013;20051948;05121742;224;810;618 ~~~~~~~~~~~~~~~~~~~~~~~~~~~~~~~~~~ 08-11
28021448;30062026h;29115786;04151300013;21051948;06121742;225;722;380;930;953 ~~~~~~~~~~~~~~~~~~~~~~~~~~ 08-12
29021448;01072026h;30115786;05151300013;22051948;07121742;226;618 ~~~~~~~~~~~~~~~~~~~~~~~~~~~~~~~~~~~~~~ 08-13
01031448;02072026h;01125786;06151300013;23051948;08121742;227;433;866;375;421;618 ~~~~~~~~~~~~~~~~~~~~~~ 08-14
02031448;03072026h;02125786;07151300013;24051948;09121742;228;724;579;819;618 ~~~~~~~~~~~~~~~~~~~~~~~~~~ 08-15
03031448;04072026h;03125786;08151300013;25051948;10121742;229;618 ~~~~~~~~~~~~~~~~~~~~~~~~~~~~~~~~~~~~~~~~~~ 08-16
04031448;05072026h;04125786;09151300013;26051948;11121742;230;891;618 ~~~~~~~~~~~~~~~~~~~~~~~~~~~~~~~~~~ 08-17
05031448;06072026h;05125786;10151300013;27051948;12121742;231;618 ~~~~~~~~~~~~~~~~~~~~~~~~~~~~~~~~~~~~~~ 08-18
06031448;07072026h;06125786;11151300013;28051948;13121742;232;397;572;406;618 ~~~~~~~~~~~~~~~~~~~~~~~~~~ 08-19
07031448;08072026h;07125786;12151300013;29051948;14121742;233;618 ~~~~~~~~~~~~~~~~~~~~~~~~~~~~~~~~~~~~~~ 08-20
08031448;09072026h;08125786;13151300013;30051948;15121742;234;618 ~~~~~~~~~~~~~~~~~~~~~~~~~~~~~~~~~~~~~~ 08-21
09031448;10072026h;09125786;14151300013;31051948;16121742;235;513 ~~~~~~~~~~~~~~~~~~~~~~~~~~~~~~~~~~~~~~ 08-22
10031448;11072026h;10125786;15151300013;01061948;17121742;236;926 ~~~~~~~~~~~~~~~~~~~~~~~~~~~~~~~~~~~~~~ 08-23
11031448;12072026h;11125786;16151300013;02061948;18121742;237;406;421 ~~~~~~~~~~~~~~~~~~~~~~~~~~~~~~~~~~ 08-24
12031448;13072026h;12125786;17151300013;03061948;19121742;238;511;618 ~~~~~~~~~~~~~~~~~~~~~~~~~~~~~~~~~~ 08-25
13031448;14072026h;13125786;18151300013;04061948;20121742;239;897;567;618 ~~~~~~~~~~~~~~~~~~~~~~~~~~~~~~ 08-26
14031448;15072026h;14125786;19151300013;05061948;21121742;240;388;567;618 ~~~~~~~~~~~~~~~~~~~~~~~~~~~~~~ 08-27
15031448;16072026h;15125786;00161300013;06061948;22121742;241;427;540;556;909;910;925;938;947;843 ~~~~~~ 08-28
16031448;17072026h;16125786;01161300013;07061948;23121742;242;725;406 ~~~~~~~~~~~~~~~~~~~~~~~~~~~~~~~~~~ 08-29
17031448;18072026h;17125786;02161300013;08061948;24121742;243;428;725;511 ~~~~~~~~~~~~~~~~~~~~~~~~~~~~~~ 08-30
18031448;19072026h;18125786;03161300013;09061948;25121742;244;796;875 ~~~~~~~~~~~~~~~~~~~~~~~~~~~~~~~~~~ 08-31
19031448;20072026h;19125786;04161300013;10061948;26121742;245;594;843 ~~~~~~~~~~~~~~~~~~~~~~~~~~~~~~~~~~ 09-01
20031448;21072026h;20125786;05161300013;11061948;27121742;246;595;619 ~~~~~~~~~~~~~~~~~~~~~~~~~~~~~~~~~~ 09-02
21031448;22072026h;21125786;06161300013;12061948;28121742;247;406;421;843;619 ~~~~~~~~~~~~~~~~~~~~~~~~~~ 09-03
22031448;23072026h;22125786;07161300013;13061948;29121742;248;596;727;398;864;883 ~~~~~~~~~~~~~~~~~~~~~~ 09-04
23031448;24072026h;23125786;08161300013;14061948;30121742;249;429;637;728;619 ~~~~~~~~~~~~~~~~~~~~~~~~~~ 09-05
24031448;25072026h;24125786;09161300013;15061948;01131742;250;430;845;514;412 ~~~~~~~~~~~~~~~~~~~~~~~~~~ 09-06
25031448;26072026h;25125786;10161300013;16061948;02131742;251;434;846;503;619 ~~~~~~~~~~~~~~~~~~~~~~~~~~ 09-07
26031448;27072026h;26125786;11161300013;17061948;03131742;252;435;406;418 ~~~~~~~~~~~~~~~~~~~~~~~~~~~~~~ 09-08
27031448;28072026h;27125786;12161300013;18061948;04131742;253;619 ~~~~~~~~~~~~~~~~~~~~~~~~~~~~~~~~~~~~~~ 09-09
28031448;29072026h;28125786;13161300013;19061948;05131742;254;730;380;414 ~~~~~~~~~~~~~~~~~~~~~~~~~~~~~~ 09-10
29031448;01082026h;29125786;14161300013;20061948;01011743;255;521;619 ~~~~~~~~~~~~~~~~~~~~~~~~~~~~~~~~~~ 09-11
30031448;02082026h;01215787;15161300013;21061948;02011743;256;847;521 ~~~~~~~~~~~~~~~~~~~~~~~~~~~~~~~~~~ 09-12
01041448;03082026h;02215787;16161300013;22061948;03011743;257;455;726;521;412;421;619 ~~~~~~~~~~~~~~~~~~ 09-13
02041448;04082026h;03215787;17161300013;23061948;04011743;258;729;550;597 ~~~~~~~~~~~~~~~~~~~~~~~~~~~~~~ 09-14
03041448;05082026h;04215787;18161300013;24061948;05011743;259;732;915;619 ~~~~~~~~~~~~~~~~~~~~~~~~~~~~~~ 09-15
04041448;06082026h;05215787;19161300013;25061948;06011743;260;375 ~~~~~~~~~~~~~~~~~~~~~~~~~~~~~~~~~~~~~~ 09-16
05041448;07082026h;06215787;00171300013;26061948;07011743;261;733;619 ~~~~~~~~~~~~~~~~~~~~~~~~~~~~~~~~~~ 09-17
06041448;08082026h;07215787;01171300013;27061948;08011743;262;734;397 ~~~~~~~~~~~~~~~~~~~~~~~~~~~~~~~~~~ 09-18
07041448;09082026h;08215787;02171300013;28061948;09011743;263;735;513;908;619 ~~~~~~~~~~~~~~~~~~~~~~~~~~ 09-19
08041448;10082026h;09215787;03171300013;29061948;10011743;264;731 ~~~~~~~~~~~~~~~~~~~~~~~~~~~~~~~~~~~~~~ 09-20
09041448;11082026h;10215787;04171300013;30061948;11011743;265;527 ~~~~~~~~~~~~~~~~~~~~~~~~~~~~~~~~~~~~~~ 09-21
10041448;12082026h;11215787;05171300013;31061948;12011743;266;737;865;903;462 ~~~~~~~~~~~~~~~~~~~~~~~~~~ 09-22
11041448;13082026h;12215787;06171300013;01071948;13011743;267;423;406;619 ~~~~~~~~~~~~~~~~~~~~~~~~~~~~~~ 09-23
12041448;14082026h;13215787;07171300013;02071948;14011743;268;741;463 ~~~~~~~~~~~~~~~~~~~~~~~~~~~~~~~~~~ 09-24
13041448;15082026h;14215787;08171300013;03071948;15011743;269;738;520;551;570;619 ~~~~~~~~~~~~~~~~~~~~~~ 09-25
14041448;16082026h;15215787;09171300013;04071948;16011743;270;739;743;389;390;453;534;523 ~~~~~~~~~~~~~~ 09-26
15041448;17082026h;16215787;10171300013;05071948;17011743;271;740;432;907;523;619;848 ~~~~~~~~~~~~~~~~~~ 09-27
16041448;18082026h;17215787;11171300013;06071948;18011743;272;736;523;406 ~~~~~~~~~~~~~~~~~~~~~~~~~~~~~~ 09-28
17041448;19082026h;18215787;12171300013;07071948;19011743;273;523;619;848 ~~~~~~~~~~~~~~~~~~~~~~~~~~~~~~ 09-29
18041448;20082026h;19215787;13171300013;08071948;20011743;274;742;790;523;853 ~~~~~~~~~~~~~~~~~~~~~~~~~~ 09-30
19041448;21082026h;20215787;14171300013;09071948;21011743;275;747;790;514;523;853;848 ~~~~~~~~~~~~~~~~~~ 10-01
20041448;22082026h;21215787;15171300013;10071948;22011743;276;748;790;523;853 ~~~~~~~~~~~~~~~~~~~~~~~~~~ 10-02
21041448;23082026h;22215787;16171300013;11071948;23011743;277;637;790;398;402;524;421;620 ~~~~~~~~~~~~~~ 10-03
22041448;24082026h;23215787;17171300013;12071948;24011743;278;749;790;861;525;412 ~~~~~~~~~~~~~~~~~~~~~~ 10-04
23041448;25082026h;24215787;18171300013;13071948;25011743;279;744;790;825;418;620;848 ~~~~~~~~~~~~~~~~~~ 10-05
24041448;26082026h;25215787;19171300013;14071948;26011743;280;745;790;869 ~~~~~~~~~~~~~~~~~~~~~~~~~~~~~~ 10-06
25041448;27082026h;26215787;00001400013;15071948;27011743;281;746;620;848 ~~~~~~~~~~~~~~~~~~~~~~~~~~~~~~ 10-07
26041448;28082026h;27215787;01001400013;16071948;28011743;282;753 ~~~~~~~~~~~~~~~~~~~~~~~~~~~~~~~~~~~~~~ 10-08
27041448;29082026h;28215787;02001400013;17071948;29011743;283;620 ~~~~~~~~~~~~~~~~~~~~~~~~~~~~~~~~~~~~~~ 10-09
28041448;01092026h;29215787;03001400013;18071948;30011743;284;754;380;367;920;574 ~~~~~~~~~~~~~~~~~~~~~~ 10-10
29041448;02092026h;30215787;04001400013;19071948;01021743;285;750;368;895;620;848 ~~~~~~~~~~~~~~~~~~~~~~ 10-11
01051448;03092026h;01225787;05001400013;20071948;02021743;286;751;436;415 ~~~~~~~~~~~~~~~~~~~~~~~~~~~~~~ 10-12
02051448;04092026h;02225787;06001400013;21071948;03021743;287;791;406;620 ~~~~~~~~~~~~~~~~~~~~~~~~~~~~~~ 10-13
03051448;05092026h;03225787;07001400013;22071948;04021743;288;752 ~~~~~~~~~~~~~~~~~~~~~~~~~~~~~~~~~~~~~~ 10-14
04051448;06092026h;04225787;08001400013;23071948;05021743;289;631;403;620 ~~~~~~~~~~~~~~~~~~~~~~~~~~~~~~ 10-15
05051448;07092026h;05225787;09001400013;24071948;06021743;290;422;513;918 ~~~~~~~~~~~~~~~~~~~~~~~~~~~~~~ 10-16
06051448;08092026h;06225787;10001400013;25071948;07021743;291;758;919;620 ~~~~~~~~~~~~~~~~~~~~~~~~~~~~~~ 10-17
07051448;09092026h;07225787;11001400013;26071948;08021743;292;397;563 ~~~~~~~~~~~~~~~~~~~~~~~~~~~~~~~~~~ 10-18
08051448;10092026h;08225787;12001400013;27071948;09021743;293;755;431;548;885;375;403;620 ~~~~~~~~~~~~~~ 10-19
09051448;11092026h;09225787;13001400013;28071948;10021743;294;756;549;560;784;415 ~~~~~~~~~~~~~~~~~~~~~~ 10-20
10051448;12092026h;10225787;14001400013;29071948;11021743;295;757;369;785;620 ~~~~~~~~~~~~~~~~~~~~~~~~~~ 10-21
11051448;13092026h;11225787;15001400013;30071948;12021743;296;899;786 ~~~~~~~~~~~~~~~~~~~~~~~~~~~~~~~~~~ 10-22
12051448;14092026h;12225787;16001400013;01081948;13021743;297;787;403;418;620 ~~~~~~~~~~~~~~~~~~~~~~~~~~ 10-23
13051448;15092026h;13225787;17001400013;02081948;14021743;298;759;371;399 ~~~~~~~~~~~~~~~~~~~~~~~~~~~~~~ 10-24
14051448;16092026h;14225787;18001400013;03081948;15021743;299;391;882;922;412 ~~~~~~~~~~~~~~~~~~~~~~~~~~ 10-25
15051448;17092026h;15225787;19001400013;04081948;16021743;300;532 ~~~~~~~~~~~~~~~~~~~~~~~~~~~~~~~~~~~~~~ 10-26
16051448;18092026h;16225787;00011400013;05081948;17021743;301;400;403;620 ~~~~~~~~~~~~~~~~~~~~~~~~~~~~~~ 10-27
17051448;19092026h;17225787;01011400013;06081948;18021743;302;514;406;415 ~~~~~~~~~~~~~~~~~~~~~~~~~~~~~~ 10-28
18051448;20092026h;18225787;02011400013;07081948;19021743;303;881 ~~~~~~~~~~~~~~~~~~~~~~~~~~~~~~~~~~~~~~ 10-29
19051448;21092026h;19225787;03011400013;08081948;20021743;304;849;400 ~~~~~~~~~~~~~~~~~~~~~~~~~~~~~~~~~~ 10-30
20051448;22092026h;20225787;04011400013;09081948;21021743;305;403 ~~~~~~~~~~~~~~~~~~~~~~~~~~~~~~~~~~~~~~ 10-31
21051448;23092026h;21225787;05011400013;10081948;22021743;306;398;499;412 ~~~~~~~~~~~~~~~~~~~~~~~~~~~~~~ 11-01
22051448;24092026h;22225787;06011400013;11081948;23021743;307;760;400;406 ~~~~~~~~~~~~~~~~~~~~~~~~~~~~~~ 11-02
23051448;25092026h;23225787;07011400013;12081948;24021743;308;850;621 ~~~~~~~~~~~~~~~~~~~~~~~~~~~~~~~~~~ 11-03
24051448;26092026h;24225787;08011400013;13081948;25021743;309;761;621 ~~~~~~~~~~~~~~~~~~~~~~~~~~~~~~~~~~ 11-04
25051448;27092026h;25225787;09011400013;14081948;26021743;310;762;558;911;400 ~~~~~~~~~~~~~~~~~~~~~~~~~~ 11-05
26051448;28092026h;26225787;10011400013;15081948;27021743;311;779;784 ~~~~~~~~~~~~~~~~~~~~~~~~~~~~~~~~~~ 11-06
27051448;29092026h;27225787;11011400013;16081948;28021743;312;637;763;780;785;406 ~~~~~~~~~~~~~~~~~~~~~~ 11-07
28051448;30092026h;28225787;12011400013;17081948;29021743;313;380;781;786;893;400;403;621 ~~~~~~~~~~~~~~ 11-08
29051448;01102026h;29225787;13011400013;18081948;30021743;314;782;787 ~~~~~~~~~~~~~~~~~~~~~~~~~~~~~~~~~~ 11-09
30051448;02102026h;30225787;14011400013;19081948;01031743;315;433;783;788;418 ~~~~~~~~~~~~~~~~~~~~~~~~~~ 11-10
01061448;03102026h;01235787;15011400013;20081948;02031743;316;535;400 ~~~~~~~~~~~~~~~~~~~~~~~~~~~~~~~~~~ 11-11
02061448;04102026h;02235787;16011400013;21081948;03031743;317;764;403;406;621 ~~~~~~~~~~~~~~~~~~~~~~~~~~ 11-12
03061448;05102026h;03235787;17011400013;22081948;04031743;318;401;513;621 ~~~~~~~~~~~~~~~~~~~~~~~~~~~~~~ 11-13
04061448;06102026h;04235787;18011400013;23081948;05031743;319;404;621 ~~~~~~~~~~~~~~~~~~~~~~~~~~~~~~~~~~ 11-14
05061448;07102026h;05235787;19011400013;24081948;06031743;320;765;543;812;621 ~~~~~~~~~~~~~~~~~~~~~~~~~~ 11-15
06061448;08102026h;06235787;00021400013;25081948;07031743;321;621 ~~~~~~~~~~~~~~~~~~~~~~~~~~~~~~~~~~~~~~ 11-16
07061448;09102026h;07235787;01021400013;26081948;08031743;322;397;406 ~~~~~~~~~~~~~~~~~~~~~~~~~~~~~~~~~~ 11-17
08061448;10102026h;08235787;02021400013;27081948;09031743;323;621 ~~~~~~~~~~~~~~~~~~~~~~~~~~~~~~~~~~~~~~ 11-18
09061448;11102026h;09235787;03021400013;28081948;10031743;324;766;418 ~~~~~~~~~~~~~~~~~~~~~~~~~~~~~~~~~~ 11-19
10061448;12102026h;10235787;04021400013;29081948;11031743;325;547;879;621 ~~~~~~~~~~~~~~~~~~~~~~~~~~~~~~ 11-20
11061448;13102026h;11235787;05021400013;30081948;12031743;326;767;437;554;934;415 ~~~~~~~~~~~~~~~~~~~~~~ 11-21
12061448;14102026h;12235787;06021400013;01091948;13031743;327;788;412 ~~~~~~~~~~~~~~~~~~~~~~~~~~~~~~~~~~ 11-22
13061448;15102026h;13235787;07021400013;02091948;14031743;328;621 ~~~~~~~~~~~~~~~~~~~~~~~~~~~~~~~~~~~~~~ 11-23
14061448;16102026h;14235787;08021400013;03091948;15031743;329;394;880 ~~~~~~~~~~~~~~~~~~~~~~~~~~~~~~~~~~ 11-24
15061448;17102026h;15235787;09021400013;04091948;16031743;330;769;514;838;621 ~~~~~~~~~~~~~~~~~~~~~~~~~~ 11-25
16061448;18102026h;16235787;10021400013;05091948;17031743;331;440;621 ~~~~~~~~~~~~~~~~~~~~~~~~~~~~~~~~~~ 11-26
17061448;19102026h;17235787;11021400013;06091948;18031743;332;596;441;865;406;621 ~~~~~~~~~~~~~~~~~~~~~~ 11-27
18061448;20102026h;18235787;12021400013;07091948;19031743;333;770;768;369;418;621 ~~~~~~~~~~~~~~~~~~~~~~ 11-28
19061448;21102026h;19235787;13021400013;08091948;20031743;334;589;412;415 ~~~~~~~~~~~~~~~~~~~~~~~~~~~~~~ 11-29
20061448;22102026h;20235787;14021400013;09091948;21031743;335;442;398 ~~~~~~~~~~~~~~~~~~~~~~~~~~~~~~~~~~ 11-30
21061448;23102026h;21235787;15021400013;10091948;22031743;336;771;773;876 ~~~~~~~~~~~~~~~~~~~~~~~~~~~~~~ 12-01
22061448;24102026h;22235787;16021400013;11091948;23031743;337;772;370;406 ~~~~~~~~~~~~~~~~~~~~~~~~~~~~~~ 12-02
23061448;25102026h;23235787;17021400013;12091948;24031743;338;622 ~~~~~~~~~~~~~~~~~~~~~~~~~~~~~~~~~~~~~~ 12-03
24061448;26102026h;24235787;18021400013;13091948;25031743;339;774;936 ~~~~~~~~~~~~~~~~~~~~~~~~~~~~~~~~~~ 12-04
25061448;27102026h;25235787;19021400013;14091948;26031743;340;637;775;516 ~~~~~~~~~~~~~~~~~~~~~~~~~~~~~~ 12-05
26061448;28102026h;26235787;00031400013;15091948;27031743;341;590;516 ~~~~~~~~~~~~~~~~~~~~~~~~~~~~~~~~~~ 12-06
27061448;29102026h;27235787;01031400013;16091948;28031743;342;516;406;415;622 ~~~~~~~~~~~~~~~~~~~~~~~~~~ 12-07
28061448;30102026h;28235787;02031400013;17091948;29031743;343;380;516 ~~~~~~~~~~~~~~~~~~~~~~~~~~~~~~~~~~ 12-08
29061448;01112026h;29235787;03031400013;18091948;30031743;344;516;622 ~~~~~~~~~~~~~~~~~~~~~~~~~~~~~~~~~~ 12-09
01071448;02112026h;30235787;04031400013;19091948;01041743;345;622 ~~~~~~~~~~~~~~~~~~~~~~~~~~~~~~~~~~~~~~ 12-10
02071448;03112026h;01245787;05031400013;20091948;02041743;346;413;513;516 ~~~~~~~~~~~~~~~~~~~~~~~~~~~~~~ 12-11
03071448;04112026h;02245787;06031400013;21091948;03041743;347;776;419;516;406;622 ~~~~~~~~~~~~~~~~~~~~~~ 12-12
04071448;05112026h;03245787;07031400013;22091948;04041743;348;777;408;591;516;375;622 ~~~~~~~~~~~~~~~~~~ 12-13
05071448;06112026h;04245787;08031400013;23091948;05041743;349;944 ~~~~~~~~~~~~~~~~~~~~~~~~~~~~~~~~~~~~~~ 12-14
06071448;07112026h;05245787;09031400013;24091948;06041743;350;622 ~~~~~~~~~~~~~~~~~~~~~~~~~~~~~~~~~~~~~~ 12-15
07071448;08112026h;06245787;10031400013;25091948;07041743;351;397;622 ~~~~~~~~~~~~~~~~~~~~~~~~~~~~~~~~~~ 12-16
08071448;09112026h;07245787;11031400013;26091948;08041743;352;406 ~~~~~~~~~~~~~~~~~~~~~~~~~~~~~~~~~~~~~~ 12-17
09071448;10112026h;08245787;12031400013;27091948;09041743;353;778 ~~~~~~~~~~~~~~~~~~~~~~~~~~~~~~~~~~~~~~ 12-18
10071448;11112026h;09245787;13031400013;28091948;10041743;354;409;622 ~~~~~~~~~~~~~~~~~~~~~~~~~~~~~~~~~~ 12-19
11071448;12112026h;10245787;14031400013;29091948;11041743;355;371;557;890;592 ~~~~~~~~~~~~~~~~~~~~~~~~~~ 12-20
12071448;13112026h;11245787;15031400013;30091948;12041743;356;466 ~~~~~~~~~~~~~~~~~~~~~~~~~~~~~~~~~~~~~~ 12-21
13071448;14112026h;12245787;16031400013;01101948;13041743;357;426;622 ~~~~~~~~~~~~~~~~~~~~~~~~~~~~~~~~~~ 12-22
14071448;15112026h;13245787;17031400013;02101948;14041743;358;395;545;887;465;622 ~~~~~~~~~~~~~~~~~~~~~~ 12-23
15071448;16112026h;14245787;18031400013;03101948;15041743;359;432;514;375 ~~~~~~~~~~~~~~~~~~~~~~~~~~~~~~ 12-24
16071448;17112026h;15245787;19031400013;04101948;16041743;360;596;868;409;622 ~~~~~~~~~~~~~~~~~~~~~~~~~~ 12-25
17071448;18112026h;16245787;00041400013;05101948;17041743;361;622 ~~~~~~~~~~~~~~~~~~~~~~~~~~~~~~~~~~~~~~ 12-26
18071448;19112026h;17245787;01041400013;06101948;18041743;362;406 ~~~~~~~~~~~~~~~~~~~~~~~~~~~~~~~~~~~~~~ 12-27
19071448;20112026h;18245787;02041400013;07101948;19041743;363;622 ~~~~~~~~~~~~~~~~~~~~~~~~~~~~~~~~~~~~~~ 12-28
20071448;21112026h;19245787;03041400013;08101948;20041743;364;622 ~~~~~~~~~~~~~~~~~~~~~~~~~~~~~~~~~~~~~~ 12-29
21071448;22112026h;20245787;04041400013;09101948;21041743;365;398 ~~~~~~~~~~~~~~~~~~~~~~~~~~~~~~~~~~~~~~ 12-30
22071448;23112026h;21245787;05041400013;10101948;22041743;366 ~~~~~~~~~~~~~~~~~~~~~~~~~~~~~~~~~~~~~~~~~~ 12-31
