17121461;17112039u;15045800;13070700113;11101961;22041756;001;611 ~~~~~~~~~~~~~~~~~~~~~~~~~~~~~~~~~~~~~~ 01-01
18121461;18112039u;16045800;14070700113;12101961;23041756;002;857;841 ~~~~~~~~~~~~~~~~~~~~~~~~~~~~~~~~~~ 01-02
19121461;19112039u;17045800;15070700113;13101961;24041756;003;372;611 ~~~~~~~~~~~~~~~~~~~~~~~~~~~~~~~~~~ 01-03
20121461;20112039u;18045800;16070700113;14101961;25041756;004 ~~~~~~~~~~~~~~~~~~~~~~~~~~~~~~~~~~~~~~~~~~ 01-04
21121461;21112039u;19045800;17070700113;15101961;26041756;005;611 ~~~~~~~~~~~~~~~~~~~~~~~~~~~~~~~~~~~~~~ 01-05
22121461;22112039u;20045800;18070700113;16101961;27041756;006;406 ~~~~~~~~~~~~~~~~~~~~~~~~~~~~~~~~~~~~~~ 01-06
23121461;23112039u;21045800;19070700113;17101961;28041756;007;637;398;611 ~~~~~~~~~~~~~~~~~~~~~~~~~~~~~~ 01-07
24121461;24112039u;22045800;00080700113;18101961;29041756;008;627;842 ~~~~~~~~~~~~~~~~~~~~~~~~~~~~~~~~~~ 01-08
25121461;25112039u;23045800;01080700113;19101961;30041756;009;628;403;415;611 ~~~~~~~~~~~~~~~~~~~~~~~~~~ 01-09
26121461;26112039u;24045800;02080700113;20101961;01051756;010;629;917 ~~~~~~~~~~~~~~~~~~~~~~~~~~~~~~~~~~ 01-10
27121461;27112039u;25045800;03080700113;21101961;02051756;011;419;406;611 ~~~~~~~~~~~~~~~~~~~~~~~~~~~~~~ 01-11
28121461;28112039u;26045800;04080700113;22101961;03051756;012 ~~~~~~~~~~~~~~~~~~~~~~~~~~~~~~~~~~~~~~~~~~ 01-12
29121461;29112039u;27045800;05080700113;23101961;04051756;013;380;514;611 ~~~~~~~~~~~~~~~~~~~~~~~~~~~~~~ 01-13
30121461;01122039u;28045800;06080700113;24101961;05051756;014;626 ~~~~~~~~~~~~~~~~~~~~~~~~~~~~~~~~~~~~~~ 01-14
01011462;02122039u;29045800;07080700113;25101961;06051756;015;625;495;611 ~~~~~~~~~~~~~~~~~~~~~~~~~~~~~~ 01-15
02011462;03122039u;01055800;08080700113;26101961;07051756;016;492;408 ~~~~~~~~~~~~~~~~~~~~~~~~~~~~~~~~~~ 01-16
03011462;04122039u;02055800;09080700113;27101961;08051756;017;403;611 ~~~~~~~~~~~~~~~~~~~~~~~~~~~~~~~~~~ 01-17
04011462;05122039u;03055800;10080700113;28101961;09051756;018 ~~~~~~~~~~~~~~~~~~~~~~~~~~~~~~~~~~~~~~~~~~ 01-18
05011462;06122039u;04055800;11080700113;29101961;10051756;019;631;611 ~~~~~~~~~~~~~~~~~~~~~~~~~~~~~~~~~~ 01-19
06011462;07122039u;05055800;12080700113;30101961;11051756;020;397 ~~~~~~~~~~~~~~~~~~~~~~~~~~~~~~~~~~~~~~ 01-20
07011462;08122039u;06055800;13080700113;01111961;12051756;021;630;411;838;403;406;611 ~~~~~~~~~~~~~~~~~~ 01-21
08011462;09122039u;07055800;14080700113;02111961;13051756;022 ~~~~~~~~~~~~~~~~~~~~~~~~~~~~~~~~~~~~~~~~~~ 01-22
09011462;10122039u;08055800;15080700113;03111961;14051756;023;611 ~~~~~~~~~~~~~~~~~~~~~~~~~~~~~~~~~~~~~~ 01-23
10011462;11122039u;09055800;16080700113;04111961;15051756;024;905;498 ~~~~~~~~~~~~~~~~~~~~~~~~~~~~~~~~~~ 01-24
11011462;12122039u;10055800;17080700113;05111961;16051756;025;632;513;403;415;611 ~~~~~~~~~~~~~~~~~~~~~~ 01-25
12011462;13122039u;11055800;18080700113;06111961;17051756;026;406 ~~~~~~~~~~~~~~~~~~~~~~~~~~~~~~~~~~~~~~ 01-26
13011462;14122039u;12055800;19080700113;07111961;18051756;027;633;496;611 ~~~~~~~~~~~~~~~~~~~~~~~~~~~~~~ 01-27
14011462;15122039u;13055800;00090700113;08111961;19051756;028;634;381;409;412 ~~~~~~~~~~~~~~~~~~~~~~~~~~ 01-28
15011462;16122039u;14055800;01090700113;09111961;20051756;029;635;904;403;496;611 ~~~~~~~~~~~~~~~~~~~~~~ 01-29
16011462;17122039u;15055800;02090700113;10111961;21051756;030;636 ~~~~~~~~~~~~~~~~~~~~~~~~~~~~~~~~~~~~~~ 01-30
17011462;18122039u;16055800;03090700113;11111961;22051756;031;580;611 ~~~~~~~~~~~~~~~~~~~~~~~~~~~~~~~~~~ 01-31
18011462;19122039u;17055800;03090700113;12111961;23051756;032;822;916 ~~~~~~~~~~~~~~~~~~~~~~~~~~~~~~~~~~ 02-01
19011462;20122039u;18055800;04090700113;13111961;24051756;033;638;800;612 ~~~~~~~~~~~~~~~~~~~~~~~~~~~~~~ 02-02
20011462;21122039u;19055800;05090700113;14111961;25051756;034;596;639;802;409 ~~~~~~~~~~~~~~~~~~~~~~~~~~ 02-03
21011462;22122039u;20055800;06090700113;15111961;26051756;035;637;640;412;496;612 ~~~~~~~~~~~~~~~~~~~~~~ 02-04
22011462;23122039u;21055800;07090700113;16111961;27051756;036;398;406 ~~~~~~~~~~~~~~~~~~~~~~~~~~~~~~~~~~ 02-05
23011462;24122039u;22055800;08090700113;17111961;28051756;037;436;612 ~~~~~~~~~~~~~~~~~~~~~~~~~~~~~~~~~~ 02-06
24011462;25122039u;23055800;09090700113;18111961;29051756;038 ~~~~~~~~~~~~~~~~~~~~~~~~~~~~~~~~~~~~~~~~~~ 02-07
25011462;26122039u;24055800;10090700113;19111961;30051756;039;433;923;496;612 ~~~~~~~~~~~~~~~~~~~~~~~~~~ 02-08
26011462;27122039u;25055800;11090700113;20111961;01061756;040;642;407;554;409 ~~~~~~~~~~~~~~~~~~~~~~~~~~ 02-09
27011462;28122039u;26055800;12090700113;21111961;02061756;041;514;403;612 ~~~~~~~~~~~~~~~~~~~~~~~~~~~~~~ 02-10
28011462;29122039u;27055800;13090700113;22111961;03061756;042;643 ~~~~~~~~~~~~~~~~~~~~~~~~~~~~~~~~~~~~~~ 02-11
29011462;01012040v;28055800;14090700113;23111961;04061756;043;380;399;888;479;490;581;612 ~~~~~~~~~~~~~~ 02-12
30011462;02012040v;29055800;15090700113;24111961;05061756;044;641;497;566;479;490 ~~~~~~~~~~~~~~~~~~~~~~ 02-13
01021462;03012040v;30055800;16090700113;25111961;06061756;045;443;566;403;612 ~~~~~~~~~~~~~~~~~~~~~~~~~~ 02-14
02021462;04012040v;01065800;17090700113;26111961;07061756;046;444;566 ~~~~~~~~~~~~~~~~~~~~~~~~~~~~~~~~~~ 02-15
03021462;05012040v;02065800;18090700113;27111961;08061756;047;644;940;566;612 ~~~~~~~~~~~~~~~~~~~~~~~~~~ 02-16
04021462;06012040v;03065800;19090700113;28111961;09061756;048;645;854 ~~~~~~~~~~~~~~~~~~~~~~~~~~~~~~~~~~ 02-17
05021462;07012040v;04065800;00100700113;29111961;10061756;049;854;400;412;415;612 ~~~~~~~~~~~~~~~~~~~~~~ 02-18
06021462;08012040v;05065800;01100700113;30111961;11061756;050;397;914 ~~~~~~~~~~~~~~~~~~~~~~~~~~~~~~~~~~ 02-19
07021462;09012040v;06065800;02100700113;01121961;12061756;051;450;536;612 ~~~~~~~~~~~~~~~~~~~~~~~~~~~~~~ 02-20
08021462;10012040v;07065800;03100700113;02121961;13061756;052;400 ~~~~~~~~~~~~~~~~~~~~~~~~~~~~~~~~~~~~~~ 02-21
09021462;11012040v;08065800;04100700113;03121961;14061756;053;513;403;612 ~~~~~~~~~~~~~~~~~~~~~~~~~~~~~~ 02-22
10021462;12012040v;09065800;05100700113;04121961;15061756;054;647;648;873 ~~~~~~~~~~~~~~~~~~~~~~~~~~~~~~ 02-23
11021462;13012040v;10065800;06100700113;05121961;16061756;055;649;400;612 ~~~~~~~~~~~~~~~~~~~~~~~~~~~~~~ 02-24
12021462;14012040v;11065800;07100700113;06121961;17061756;056 ~~~~~~~~~~~~~~~~~~~~~~~~~~~~~~~~~~~~~~~~~~ 02-25
13021462;15012040v;12065800;08100700113;07121961;18061756;057;403;612 ~~~~~~~~~~~~~~~~~~~~~~~~~~~~~~~~~~ 02-26
14021462;16012040v;13065800;09100700113;08121961;19061756;058;382;884;400;409 ~~~~~~~~~~~~~~~~~~~~~~~~~~ 02-27
15021462;17012040v;14065800;10100700113;09121961;20061756;059;646;519;612 ~~~~~~~~~~~~~~~~~~~~~~~~~~~~~~ 02-28
16021462;18012040v;15065800;11100700113;10121961;21061756;060;650 ~~~~~~~~~~~~~~~~~~~~~~~~~~~~~~~~~~~~~~ 02-29
17021462;19012040v;16065800;14100700113;11121961;22061756;061;653;400;613 ~~~~~~~~~~~~~~~~~~~~~~~~~~~~~~ 03-01
18021462;20012040v;17065800;15100700113;12121961;23061756;062;654 ~~~~~~~~~~~~~~~~~~~~~~~~~~~~~~~~~~~~~~ 03-02
19021462;21012040v;18065800;16100700113;13121961;24061756;063;637;613 ~~~~~~~~~~~~~~~~~~~~~~~~~~~~~~~~~~ 03-03
20021462;22012040v;19065800;17100700113;14121961;25061756;064;655;844;400 ~~~~~~~~~~~~~~~~~~~~~~~~~~~~~~ 03-04
21021462;23012040v;20065800;18100700113;15121961;26061756;065;398;401;825;415;613 ~~~~~~~~~~~~~~~~~~~~~~ 03-05
22021462;24012040v;21065800;19100700113;16121961;27061756;066 ~~~~~~~~~~~~~~~~~~~~~~~~~~~~~~~~~~~~~~~~~~ 03-06
23021462;25012040v;22065800;00110700113;17121961;28061756;067;613 ~~~~~~~~~~~~~~~~~~~~~~~~~~~~~~~~~~~~~~ 03-07
24021462;26012040v;23065800;01110700113;18121961;29061756;068;656 ~~~~~~~~~~~~~~~~~~~~~~~~~~~~~~~~~~~~~~ 03-08
25021462;27012040v;24065800;02110700113;19121961;30061756;069;514;943;613 ~~~~~~~~~~~~~~~~~~~~~~~~~~~~~~ 03-09
26021462;28012040v;25065800;03110700113;20121961;01071756;070;834;409;412 ~~~~~~~~~~~~~~~~~~~~~~~~~~~~~~ 03-10
27021462;29012040v;26065800;04110700113;21121961;02071756;071;376;886;613 ~~~~~~~~~~~~~~~~~~~~~~~~~~~~~~ 03-11
28021462;30012040v;27065800;05110700113;22121961;03071756;072;380 ~~~~~~~~~~~~~~~~~~~~~~~~~~~~~~~~~~~~~~ 03-12
29021462;01022040v;28065800;06110700113;23121961;04071756;073;403;613 ~~~~~~~~~~~~~~~~~~~~~~~~~~~~~~~~~~ 03-13
01031462;02022040v;29065800;07110700113;24121961;05071756;074 ~~~~~~~~~~~~~~~~~~~~~~~~~~~~~~~~~~~~~~~~~~ 03-14
02031462;03022040v;01075800;08110700113;25121961;06071756;075;658;613 ~~~~~~~~~~~~~~~~~~~~~~~~~~~~~~~~~~ 03-15
03031462;04022040v;02075800;09110700113;26121961;07071756;076;457;409 ~~~~~~~~~~~~~~~~~~~~~~~~~~~~~~~~~~ 03-16
04031462;05022040v;03075800;10110700113;27121961;08071756;077;822;864;403;412;613 ~~~~~~~~~~~~~~~~~~~~~~ 03-17
05031462;06022040v;04075800;11110700113;28121961;09071756;078 ~~~~~~~~~~~~~~~~~~~~~~~~~~~~~~~~~~~~~~~~~~ 03-18
06031462;07022040v;05075800;12110700113;29121961;10071756;079;437;466;613 ~~~~~~~~~~~~~~~~~~~~~~~~~~~~~~ 03-19
07031462;08022040v;06075800;13110700113;30121961;11071756;080;657;397;424 ~~~~~~~~~~~~~~~~~~~~~~~~~~~~~~ 03-20
08031462;09022040v;07075800;14110700113;01011962;12071756;081;513;459;851;613 ~~~~~~~~~~~~~~~~~~~~~~~~~~ 03-21
09031462;10022040v;08075800;15110700113;02011962;13071756;082;409 ~~~~~~~~~~~~~~~~~~~~~~~~~~~~~~~~~~~~~~ 03-22
10031462;11022040v;09075800;16110700113;03011962;14071756;083;432;613 ~~~~~~~~~~~~~~~~~~~~~~~~~~~~~~~~~~ 03-23
11031462;12022040v;10075800;17110700113;04011962;15071756;084;517 ~~~~~~~~~~~~~~~~~~~~~~~~~~~~~~~~~~~~~~ 03-24
12031462;13022040v;11075800;18110700113;05011962;16071756;085;493;511;613 ~~~~~~~~~~~~~~~~~~~~~~~~~~~~~~ 03-25
13031462;14022040v;12075800;19110700113;06011962;17071756;086 ~~~~~~~~~~~~~~~~~~~~~~~~~~~~~~~~~~~~~~~~~~ 03-26
14031462;15022040v;13075800;00120700113;07011962;18071756;087;659;613 ~~~~~~~~~~~~~~~~~~~~~~~~~~~~~~~~~~ 03-27
15031462;16022040v;14075800;01120700113;08011962;19071756;088;660;652;383;544;623;861;906 ~~~~~~~~~~~~~~ 03-28
16031462;17022040v;15075800;02120700113;09011962;20071756;089;598;515;852;613 ~~~~~~~~~~~~~~~~~~~~~~~~~~ 03-29
17031462;18022040v;16075800;03120700113;10011962;21071756;090;445;562;511 ~~~~~~~~~~~~~~~~~~~~~~~~~~~~~~ 03-30
18031462;19022040v;17075800;04120700113;11011962;22071756;091;446;562;412;613 ~~~~~~~~~~~~~~~~~~~~~~~~~~ 03-31
19031462;20022040v;18075800;05120700113;12011962;23071756;092;447;662;562 ~~~~~~~~~~~~~~~~~~~~~~~~~~~~~~ 04-01
20031462;21022040v;19075800;06120700113;13011962;24071756;093;448;403;651;614 ~~~~~~~~~~~~~~~~~~~~~~~~~~ 04-02
21031462;22022040v;20075800;07120700113;14011962;25071756;094;514;409;651 ~~~~~~~~~~~~~~~~~~~~~~~~~~~~~~ 04-03
22031462;23022040v;21075800;08120700113;15011962;26071756;095;663;398;533;651;924;571;614 ~~~~~~~~~~~~~~ 04-04
23031462;24022040v;22075800;09120700113;16011962;27071756;096;416;651 ~~~~~~~~~~~~~~~~~~~~~~~~~~~~~~~~~~ 04-05
24031462;25022040v;23075800;10120700113;17011962;28071756;097;403;614;651 ~~~~~~~~~~~~~~~~~~~~~~~~~~~~~~ 04-06
25031462;26022040v;24075800;11120700113;18011962;29071756;098;637;661;900;651;412 ~~~~~~~~~~~~~~~~~~~~~~ 04-07
26031462;27022040v;25075800;12120700113;19011962;30071756;099;614 ~~~~~~~~~~~~~~~~~~~~~~~~~~~~~~~~~~~~~~ 04-08
27031462;28022040v;26075800;13120700113;20011962;01081756;100;526 ~~~~~~~~~~~~~~~~~~~~~~~~~~~~~~~~~~~~~~ 04-09
28031462;29022040v;27075800;14120700113;21011962;02081756;101;403;614 ~~~~~~~~~~~~~~~~~~~~~~~~~~~~~~~~~~ 04-10
29031462;01032040v;28075800;15120700113;22011962;03081756;102;380 ~~~~~~~~~~~~~~~~~~~~~~~~~~~~~~~~~~~~~~ 04-11
30031462;02032040v;29075800;16120700113;23011962;04081756;103;538;559;935;614 ~~~~~~~~~~~~~~~~~~~~~~~~~~ 04-12
01041462;03032040v;30075800;17120700113;24011962;05081756;104 ~~~~~~~~~~~~~~~~~~~~~~~~~~~~~~~~~~~~~~~~~~ 04-13
02041462;04032040v;01085800;18120700113;25011962;06081756;105;555;577;403;412;614 ~~~~~~~~~~~~~~~~~~~~~~ 04-14
03041462;05032040v;02085800;19120700113;26011962;07081756;106 ~~~~~~~~~~~~~~~~~~~~~~~~~~~~~~~~~~~~~~~~~~ 04-15
04041462;06032040v;03085800;00130700113;27011962;08081756;107;794;614 ~~~~~~~~~~~~~~~~~~~~~~~~~~~~~~~~~~ 04-16
05041462;07032040v;04085800;01130700113;28011962;09081756;108;945;528 ~~~~~~~~~~~~~~~~~~~~~~~~~~~~~~~~~~ 04-17
06041462;08032040v;05085800;02130700113;29011962;10081756;109;513;529;403;614 ~~~~~~~~~~~~~~~~~~~~~~~~~~ 04-18
07041462;09032040v;06085800;03130700113;30011962;11081756;110;631;664;397 ~~~~~~~~~~~~~~~~~~~~~~~~~~~~~~ 04-19
08041462;10032040v;07085800;04130700113;31011962;12081756;111;665;913;614 ~~~~~~~~~~~~~~~~~~~~~~~~~~~~~~ 04-20
09041462;11032040v;08085800;05130700113;01021962;13081756;112;666;912;933;409;412 ~~~~~~~~~~~~~~~~~~~~~~ 04-21
10041462;12032040v;09085800;06130700113;02021962;14081756;113;614 ~~~~~~~~~~~~~~~~~~~~~~~~~~~~~~~~~~~~~~ 04-22
11041462;13032040v;10085800;07130700113;03021962;15081756;114;877 ~~~~~~~~~~~~~~~~~~~~~~~~~~~~~~~~~~~~~~ 04-23
12041462;14032040v;11085800;08130700113;04021962;16081756;115;614 ~~~~~~~~~~~~~~~~~~~~~~~~~~~~~~~~~~~~~~ 04-24
13041462;15032040v;12085800;09130700113;05021962;17081756;116;670 ~~~~~~~~~~~~~~~~~~~~~~~~~~~~~~~~~~~~~~ 04-25
14041462;16032040v;13085800;10130700113;06021962;18081756;117;667;384;403;614 ~~~~~~~~~~~~~~~~~~~~~~~~~~ 04-26
15041462;17032040v;14085800;11130700113;07021962;19081756;118;671;539;575 ~~~~~~~~~~~~~~~~~~~~~~~~~~~~~~ 04-27
16041462;18032040v;15085800;12130700113;08021962;20081756;119;668;614 ~~~~~~~~~~~~~~~~~~~~~~~~~~~~~~~~~~ 04-28
17041462;19032040v;16085800;13130700113;09021962;21081756;120;669 ~~~~~~~~~~~~~~~~~~~~~~~~~~~~~~~~~~~~~~ 04-29
18041462;20032040v;17085800;14130700113;10021962;22081756;121;514;403;614 ~~~~~~~~~~~~~~~~~~~~~~~~~~~~~~ 04-30
19041462;21032040v;18085800;15130700113;11021962;23081756;122;675;816;518 ~~~~~~~~~~~~~~~~~~~~~~~~~~~~~~ 05-01
20041462;22032040v;19085800;16130700113;12021962;24081756;123;676;615 ~~~~~~~~~~~~~~~~~~~~~~~~~~~~~~~~~~ 05-02
21041462;23032040v;20085800;17130700113;13021962;25081756;124;677;398;855;409 ~~~~~~~~~~~~~~~~~~~~~~~~~~ 05-03
22041462;24032040v;21085800;18130700113;14021962;26081756;125;679;403;615 ~~~~~~~~~~~~~~~~~~~~~~~~~~~~~~ 05-04
23041462;25032040v;22085800;19130700113;15021962;27081756;126;637;672;412;615 ~~~~~~~~~~~~~~~~~~~~~~~~~~ 05-05
24041462;26032040v;23085800;00140700113;16021962;28081756;127;673;433;624;615 ~~~~~~~~~~~~~~~~~~~~~~~~~~ 05-06
25041462;27032040v;24085800;01140700113;17021962;29081756;128;674;939;624;615 ~~~~~~~~~~~~~~~~~~~~~~~~~~ 05-07
26041462;28032040v;25085800;02140700113;18021962;30081756;129;624;403;615 ~~~~~~~~~~~~~~~~~~~~~~~~~~~~~~ 05-08
27041462;29032040v;26085800;03140700113;19021962;01091756;130;683;624;615 ~~~~~~~~~~~~~~~~~~~~~~~~~~~~~~ 05-09
28041462;30032040v;27085800;04140700113;20021962;02091756;131;494;380;624;615 ~~~~~~~~~~~~~~~~~~~~~~~~~~ 05-10
29041462;01042040v;28085800;05140700113;21021962;03091756;132;678;929;952;624;615 ~~~~~~~~~~~~~~~~~~~~~~ 05-11
01051462;02042040v;29085800;06140700113;22021962;04091756;133;681;680;817;624;412;615 ~~~~~~~~~~~~~~~~~~ 05-12
02051462;03042040v;01095800;07140700113;23021962;05091756;134;451;902 ~~~~~~~~~~~~~~~~~~~~~~~~~~~~~~~~~~ 05-13
03051462;04042040v;02095800;08140700113;24021962;06091756;135;682;510;615 ~~~~~~~~~~~~~~~~~~~~~~~~~~~~~~ 05-14
04051462;05042040v;03095800;09140700113;25021962;07091756;136;615 ~~~~~~~~~~~~~~~~~~~~~~~~~~~~~~~~~~~~~~ 05-15
05051462;06042040v;04095800;10140700113;26021962;08091756;137;685;513;403;615 ~~~~~~~~~~~~~~~~~~~~~~~~~~ 05-16
06051462;07042040v;05095800;11140700113;27021962;09091756;138;797;615 ~~~~~~~~~~~~~~~~~~~~~~~~~~~~~~~~~~ 05-17
07051462;08042040v;06095800;12140700113;28021962;10091756;139;686;410;553;522;573;615 ~~~~~~~~~~~~~~~~~~ 05-18
08051462;09042040v;07095800;13140700113;29021962;11091756;140;687;397;573;615 ~~~~~~~~~~~~~~~~~~~~~~~~~~ 05-19
09051462;10042040v;08095800;14140700113;30021962;12091756;141;449;684;927;573;403;615 ~~~~~~~~~~~~~~~~~~ 05-20
10051462;11042040v;09095800;15140700113;31021962;13091756;142;789 ~~~~~~~~~~~~~~~~~~~~~~~~~~~~~~~~~~~~~~ 05-21
11051462;12042040v;10095800;16140700113;01031962;14091756;143;798;889;615 ~~~~~~~~~~~~~~~~~~~~~~~~~~~~~~ 05-22
12051462;13042040v;11095800;17140700113;02031962;15091756;144 ~~~~~~~~~~~~~~~~~~~~~~~~~~~~~~~~~~~~~~~~~~ 05-23
13051462;14042040v;12095800;18140700113;03031962;16091756;145;403;615 ~~~~~~~~~~~~~~~~~~~~~~~~~~~~~~~~~~ 05-24
14051462;15042040v;13095800;19140700113;04031962;17091756;146;689;894 ~~~~~~~~~~~~~~~~~~~~~~~~~~~~~~~~~~ 05-25
15051462;16042040v;14095800;00150700113;05031962;18091756;147;439;385;537;541;937;949;615 ~~~~~~~~~~~~~~ 05-26
16051462;17042040v;15095800;01150700113;06031962;19091756;148;439;420;892;615 ~~~~~~~~~~~~~~~~~~~~~~~~~~ 05-27
17051462;18042040v;16095800;02150700113;07031962;20091756;149;438;514;615 ~~~~~~~~~~~~~~~~~~~~~~~~~~~~~~ 05-28
18051462;19042040v;17095800;03150700113;08031962;21091756;150;615 ~~~~~~~~~~~~~~~~~~~~~~~~~~~~~~~~~~~~~~ 05-29
19051462;20042040v;18095800;04150700113;09031962;22091756;151;688;436;615 ~~~~~~~~~~~~~~~~~~~~~~~~~~~~~~ 05-30
20051462;21042040v;19095800;05150700113;10031962;23091756;152 ~~~~~~~~~~~~~~~~~~~~~~~~~~~~~~~~~~~~~~~~~~ 05-31
21051462;22042040v;20095800;06150700113;11031962;24091756;153;692;694;398;616 ~~~~~~~~~~~~~~~~~~~~~~~~~~ 06-01
22051462;23042040v;21095800;07150700113;12031962;25091756;154;637;693 ~~~~~~~~~~~~~~~~~~~~~~~~~~~~~~~~~~ 06-02
23051462;24042040v;22095800;08150700113;13031962;26091756;155;690;616 ~~~~~~~~~~~~~~~~~~~~~~~~~~~~~~~~~~ 06-03
24051462;25042040v;23095800;09150700113;14031962;27091756;156 ~~~~~~~~~~~~~~~~~~~~~~~~~~~~~~~~~~~~~~~~~~ 06-04
25051462;26042040v;24095800;10150700113;15031962;28091756;157;530;403;616 ~~~~~~~~~~~~~~~~~~~~~~~~~~~~~~ 06-05
26051462;27042040v;25095800;11150700113;16031962;29091756;158;691;413 ~~~~~~~~~~~~~~~~~~~~~~~~~~~~~~~~~~ 06-06
27051462;28042040v;26095800;12150700113;17031962;30091756;159;616 ~~~~~~~~~~~~~~~~~~~~~~~~~~~~~~~~~~~~~~ 06-07
28051462;29042040v;27095800;13150700113;18031962;01101756;160 ~~~~~~~~~~~~~~~~~~~~~~~~~~~~~~~~~~~~~~~~~~ 06-08
29051462;30042040v;28095800;14150700113;19031962;02101756;161;697;799;380;921;942;403;616 ~~~~~~~~~~~~~~ 06-09
30051462;01052040v;29095800;15150700113;20031962;03101756;162;695;569 ~~~~~~~~~~~~~~~~~~~~~~~~~~~~~~~~~~ 06-10
01061462;02052040v;30095800;16150700113;21031962;04101756;163;569;616 ~~~~~~~~~~~~~~~~~~~~~~~~~~~~~~~~~~ 06-11
02061462;03052040v;01105800;17150700113;22031962;05101756;164;696;513 ~~~~~~~~~~~~~~~~~~~~~~~~~~~~~~~~~~ 06-12
03061462;04052040v;02105800;18150700113;23031962;06101756;165;399;616 ~~~~~~~~~~~~~~~~~~~~~~~~~~~~~~~~~~ 06-13
04061462;05052040v;03105800;19150700113;24031962;07101756;166;564 ~~~~~~~~~~~~~~~~~~~~~~~~~~~~~~~~~~~~~~ 06-14
05061462;06052040v;04105800;00160700113;25031962;08101756;167;701;699;616 ~~~~~~~~~~~~~~~~~~~~~~~~~~~~~~ 06-15
06061462;07052040v;05105800;01160700113;26031962;09101756;168;400 ~~~~~~~~~~~~~~~~~~~~~~~~~~~~~~~~~~~~~~ 06-16
07061462;08052040v;06105800;02160700113;27031962;10101756;169;452;452;397;403;616 ~~~~~~~~~~~~~~~~~~~~~~ 06-17
08061462;09052040v;07105800;03160700113;28031962;11101756;170 ~~~~~~~~~~~~~~~~~~~~~~~~~~~~~~~~~~~~~~~~~~ 06-18
09061462;10052040v;08105800;04160700113;29031962;12101756;171;432;400;616 ~~~~~~~~~~~~~~~~~~~~~~~~~~~~~~ 06-19
10061462;11052040v;09105800;05160700113;30031962;13101756;172;552;460 ~~~~~~~~~~~~~~~~~~~~~~~~~~~~~~~~~~ 06-20
11061462;12052040v;10105800;06160700113;31031962;14101756;173;698;896;425;616 ~~~~~~~~~~~~~~~~~~~~~~~~~~ 06-21
12061462;13052040v;11105800;07160700113;01041962;15101756;174;461;700;400 ~~~~~~~~~~~~~~~~~~~~~~~~~~~~~~ 06-22
13061462;14052040v;12105800;08160700113;02041962;16101756;175;702;616 ~~~~~~~~~~~~~~~~~~~~~~~~~~~~~~~~~~ 06-23
14061462;15052040v;13105800;09160700113;03041962;17101756;176;386;874;941 ~~~~~~~~~~~~~~~~~~~~~~~~~~~~~~ 06-24
15061462;16052040v;14105800;10160700113;04041962;18101756;177;514;400;403;616 ~~~~~~~~~~~~~~~~~~~~~~~~~~ 06-25
16061462;17052040v;15105800;11160700113;05041962;19101756;178 ~~~~~~~~~~~~~~~~~~~~~~~~~~~~~~~~~~~~~~~~~~ 06-26
17061462;18052040v;16105800;12160700113;06041962;20101756;179;704;616 ~~~~~~~~~~~~~~~~~~~~~~~~~~~~~~~~~~ 06-27
18061462;19052040v;17105800;13160700113;07041962;21101756;180;400 ~~~~~~~~~~~~~~~~~~~~~~~~~~~~~~~~~~~~~~ 06-28
19061462;20052040v;18105800;14160700113;08041962;22101756;181;703;403;616 ~~~~~~~~~~~~~~~~~~~~~~~~~~~~~~ 06-29
20061462;21052040v;19105800;15160700113;09041962;23101756;182 ~~~~~~~~~~~~~~~~~~~~~~~~~~~~~~~~~~~~~~~~~~ 06-30
21061462;22052040v;20105800;16160700113;10041962;24101756;183;795;398;400;617 ~~~~~~~~~~~~~~~~~~~~~~~~~~ 07-01
22061462;23052040v;21105800;17160700113;11041962;25101756;184 ~~~~~~~~~~~~~~~~~~~~~~~~~~~~~~~~~~~~~~~~~~ 07-02
23061462;24052040v;22105800;18160700113;12041962;26101756;185;403;617 ~~~~~~~~~~~~~~~~~~~~~~~~~~~~~~~~~~ 07-03
24061462;25052040v;23105800;19160700113;13041962;27101756;186;946;400 ~~~~~~~~~~~~~~~~~~~~~~~~~~~~~~~~~~ 07-04
25061462;26052040v;24105800;00170700113;14041962;28101756;187;373;617 ~~~~~~~~~~~~~~~~~~~~~~~~~~~~~~~~~~ 07-05
26061462;27052040v;25105800;01170700113;15041962;29101756;188;596;578;565;421 ~~~~~~~~~~~~~~~~~~~~~~~~~~ 07-06
27061462;28052040v;26105800;02170700113;16041962;30101756;189;637;705;840;401;565;403;617 ~~~~~~~~~~~~~~ 07-07
28061462;29052040v;27105800;03170700113;17041962;01111756;190;868 ~~~~~~~~~~~~~~~~~~~~~~~~~~~~~~~~~~~~~~ 07-08
29061462;01062040v;28105800;04170700113;18041962;02111756;191;707;380;513;928;617 ~~~~~~~~~~~~~~~~~~~~~~ 07-09
01071462;02062040v;29105800;05170700113;19041962;03111756;192 ~~~~~~~~~~~~~~~~~~~~~~~~~~~~~~~~~~~~~~~~~~ 07-10
02071462;03062040v;01115800;06170700113;20041962;04111756;193;870;403;617 ~~~~~~~~~~~~~~~~~~~~~~~~~~~~~~ 07-11
03071462;04062040v;02115800;07170700113;21041962;05111756;194 ~~~~~~~~~~~~~~~~~~~~~~~~~~~~~~~~~~~~~~~~~~ 07-12
04071462;05062040v;03115800;08170700113;22041962;06111756;195;617 ~~~~~~~~~~~~~~~~~~~~~~~~~~~~~~~~~~~~~~ 07-13
05071462;06062040v;04115800;09170700113;23041962;07111756;196;706 ~~~~~~~~~~~~~~~~~~~~~~~~~~~~~~~~~~~~~~ 07-14
06071462;07062040v;05115800;10170700113;24041962;08111756;197;709;403;617 ~~~~~~~~~~~~~~~~~~~~~~~~~~~~~~ 07-15
07071462;08062040v;06115800;11170700113;25041962;09111756;198;710;421 ~~~~~~~~~~~~~~~~~~~~~~~~~~~~~~~~~~ 07-16
08071462;09062040v;07115800;12170700113;26041962;10111756;199;397;617 ~~~~~~~~~~~~~~~~~~~~~~~~~~~~~~~~~~ 07-17
09071462;10062040v;08115800;13170700113;27041962;11111756;200;711;437 ~~~~~~~~~~~~~~~~~~~~~~~~~~~~~~~~~~ 07-18
10071462;11062040v;09115800;14170700113;28041962;12111756;201;631;403;617 ~~~~~~~~~~~~~~~~~~~~~~~~~~~~~~ 07-19
11071462;12062040v;10115800;15170700113;29041962;13111756;202;546 ~~~~~~~~~~~~~~~~~~~~~~~~~~~~~~~~~~~~~~ 07-20
12071462;13062040v;11115800;16170700113;30041962;14111756;203;708;617 ~~~~~~~~~~~~~~~~~~~~~~~~~~~~~~~~~~ 07-21
13071462;14062040v;12115800;17170700113;31041962;15111756;204;714 ~~~~~~~~~~~~~~~~~~~~~~~~~~~~~~~~~~~~~~ 07-22
14071462;15062040v;13115800;18170700113;01051962;16111756;205;387;514;403;617 ~~~~~~~~~~~~~~~~~~~~~~~~~~ 07-23
15071462;16062040v;14115800;19170700113;02051962;17111756;206;531;561 ~~~~~~~~~~~~~~~~~~~~~~~~~~~~~~~~~~ 07-24
16071462;17062040v;15115800;00000800113;03051962;18111756;207;617 ~~~~~~~~~~~~~~~~~~~~~~~~~~~~~~~~~~~~~~ 07-25
17071462;18062040v;16115800;01000800113;04051962;19111756;208;712;715 ~~~~~~~~~~~~~~~~~~~~~~~~~~~~~~~~~~ 07-26
18071462;19062040v;17115800;02000800113;05051962;20111756;209;716;617 ~~~~~~~~~~~~~~~~~~~~~~~~~~~~~~~~~~ 07-27
19071462;20062040v;18115800;03000800113;06051962;21111756;210;713 ~~~~~~~~~~~~~~~~~~~~~~~~~~~~~~~~~~~~~~ 07-28
20071462;21062040v;19115800;04000800113;07051962;22111756;211;617 ~~~~~~~~~~~~~~~~~~~~~~~~~~~~~~~~~~~~~~ 07-29
21071462;22062040v;20115800;05000800113;08051962;23111756;212;398 ~~~~~~~~~~~~~~~~~~~~~~~~~~~~~~~~~~~~~~ 07-30
22071462;23062040v;21115800;06000800113;09051962;24111756;213;403;617 ~~~~~~~~~~~~~~~~~~~~~~~~~~~~~~~~~~ 07-31
23071462;24062040v;22115800;07000800113;10051962;25111756;214 ~~~~~~~~~~~~~~~~~~~~~~~~~~~~~~~~~~~~~~~~~~ 08-01
24071462;25062040v;23115800;08000800113;11051962;26111756;215;433;618 ~~~~~~~~~~~~~~~~~~~~~~~~~~~~~~~~~~ 08-02
25071462;26062040v;24115800;09000800113;12051962;27111756;216;719;878 ~~~~~~~~~~~~~~~~~~~~~~~~~~~~~~~~~~ 08-03
26071462;27062040v;25115800;10000800113;13051962;28111756;217;637;720;403;618 ~~~~~~~~~~~~~~~~~~~~~~~~~~ 08-04
27071462;28062040v;26115800;11000800113;14051962;29111756;218;717;513;509 ~~~~~~~~~~~~~~~~~~~~~~~~~~~~~~ 08-05
28071462;29062040v;27115800;12000800113;15051962;30111756;219;618 ~~~~~~~~~~~~~~~~~~~~~~~~~~~~~~~~~~~~~~ 08-06
29071462;30062040v;28115800;13000800113;16051962;01121756;220;718;380;618 ~~~~~~~~~~~~~~~~~~~~~~~~~~~~~~ 08-07
30071462;01072040v;29115800;14000800113;17051962;02121756;221;722;417;618 ~~~~~~~~~~~~~~~~~~~~~~~~~~~~~~ 08-08
01081462;02072040v;30115800;15000800113;18051962;03121756;222 ~~~~~~~~~~~~~~~~~~~~~~~~~~~~~~~~~~~~~~~~~~ 08-09
02081462;03072040v;01125800;16000800113;19051962;04121756;223;618 ~~~~~~~~~~~~~~~~~~~~~~~~~~~~~~~~~~~~~~ 08-10
03081462;04072040v;02125800;17000800113;20051962;05121756;224;723;579 ~~~~~~~~~~~~~~~~~~~~~~~~~~~~~~~~~~ 08-11
04081462;05072040v;03125800;18000800113;21051962;06121756;225;721;618 ~~~~~~~~~~~~~~~~~~~~~~~~~~~~~~~~~~ 08-12
05081462;06072040v;04125800;19000800113;22051962;07121756;226;891 ~~~~~~~~~~~~~~~~~~~~~~~~~~~~~~~~~~~~~~ 08-13
06081462;07072040v;05125800;00010800113;23051962;08121756;227;572;618 ~~~~~~~~~~~~~~~~~~~~~~~~~~~~~~~~~~ 08-14
07081462;08072040v;06125800;01010800113;24051962;09121756;228;397 ~~~~~~~~~~~~~~~~~~~~~~~~~~~~~~~~~~~~~~ 08-15
08081462;09072040v;07125800;02010800113;25051962;10121756;229;403;618 ~~~~~~~~~~~~~~~~~~~~~~~~~~~~~~~~~~ 08-16
09081462;10072040v;08125800;03010800113;26051962;11121756;230;596;938;418;618 ~~~~~~~~~~~~~~~~~~~~~~~~~~ 08-17
10081462;11072040v;09125800;04010800113;27051962;12121756;231;724;467;812;926;618 ~~~~~~~~~~~~~~~~~~~~~~ 08-18
11081462;12072040v;10125800;05010800113;28051962;13121756;232;554 ~~~~~~~~~~~~~~~~~~~~~~~~~~~~~~~~~~~~~~ 08-19
12081462;13072040v;11125800;06010800113;29051962;14121756;233;403;618 ~~~~~~~~~~~~~~~~~~~~~~~~~~~~~~~~~~ 08-20
13081462;14072040v;12125800;07010800113;30051962;15121756;234;514;897;567 ~~~~~~~~~~~~~~~~~~~~~~~~~~~~~~ 08-21
14081462;15072040v;13125800;08010800113;31051962;16121756;235;388;556;909;910;925;512;567;618 ~~~~~~~~~~ 08-22
15081462;16072040v;14125800;09010800113;01061962;17121756;236;618 ~~~~~~~~~~~~~~~~~~~~~~~~~~~~~~~~~~~~~~ 08-23
16081462;17072040v;15125800;10010800113;02061962;18121756;237;427;875;403;618 ~~~~~~~~~~~~~~~~~~~~~~~~~~ 08-24
17081462;18072040v;16125800;11010800113;03061962;19121756;238;725;421 ~~~~~~~~~~~~~~~~~~~~~~~~~~~~~~~~~~ 08-25
18081462;19072040v;17125800;12010800113;04061962;20121756;239;428;725;418;618 ~~~~~~~~~~~~~~~~~~~~~~~~~~ 08-26
19081462;20072040v;18125800;13010800113;05061962;21121756;240;796 ~~~~~~~~~~~~~~~~~~~~~~~~~~~~~~~~~~~~~~ 08-27
20081462;21072040v;19125800;14010800113;06061962;22121756;241;594;618 ~~~~~~~~~~~~~~~~~~~~~~~~~~~~~~~~~~ 08-28
21081462;22072040v;20125800;15010800113;07061962;23121756;242;595;398;883 ~~~~~~~~~~~~~~~~~~~~~~~~~~~~~~ 08-29
22081462;23072040v;21125800;16010800113;08061962;24121756;243;618 ~~~~~~~~~~~~~~~~~~~~~~~~~~~~~~~~~~~~~~ 08-30
23081462;24072040v;22125800;17010800113;09061962;25121756;244;596;596 ~~~~~~~~~~~~~~~~~~~~~~~~~~~~~~~~~~ 08-31
24081462;25072040v;23125800;18010800113;10061962;26121756;245;429;637;728;815;831;403;619 ~~~~~~~~~~~~~~ 09-01
25081462;26072040v;24125800;19010800113;11061962;27121756;246;430;503;513 ~~~~~~~~~~~~~~~~~~~~~~~~~~~~~~ 09-02
26081462;27072040v;25125800;00020800113;12061962;28121756;247;434;619 ~~~~~~~~~~~~~~~~~~~~~~~~~~~~~~~~~~ 09-03
27081462;28072040v;26125800;01020800113;13061962;29121756;248;435 ~~~~~~~~~~~~~~~~~~~~~~~~~~~~~~~~~~~~~~ 09-04
28081462;29072040v;27125800;02020800113;14061962;30121756;249;403;619 ~~~~~~~~~~~~~~~~~~~~~~~~~~~~~~~~~~ 09-05
29081462;01082040v;28125800;03020800113;15061962;01131756;250;380 ~~~~~~~~~~~~~~~~~~~~~~~~~~~~~~~~~~~~~~ 09-06
01091462;02082040v;29125800;04020800113;16061962;02131756;251;727;835;504;521;619 ~~~~~~~~~~~~~~~~~~~~~~ 09-07
02091462;03082040v;01215801;05020800113;17061962;03131756;252;819;521 ~~~~~~~~~~~~~~~~~~~~~~~~~~~~~~~~~~ 09-08
03091462;04082040v;02215801;06020800113;18061962;04131756;253;455;845;597;521;403;505;619 ~~~~~~~~~~~~~~ 09-09
04091462;05082040v;03215801;07020800113;19061962;05131756;254;729;846;550 ~~~~~~~~~~~~~~~~~~~~~~~~~~~~~~ 09-10
05091462;06082040v;04215801;08020800113;20061962;01011757;255;915;619 ~~~~~~~~~~~~~~~~~~~~~~~~~~~~~~~~~~ 09-11
06091462;07082040v;05215801;09020800113;21061962;02011757;256;726;847;823;832 ~~~~~~~~~~~~~~~~~~~~~~~~~~ 09-12
07091462;08082040v;06215801;10020800113;22061962;03011757;257;730;397;619 ~~~~~~~~~~~~~~~~~~~~~~~~~~~~~~ 09-13
08091462;09082040v;07215801;11020800113;23061962;04011757;258;908 ~~~~~~~~~~~~~~~~~~~~~~~~~~~~~~~~~~~~~~ 09-14
09091462;10082040v;08215801;12020800113;24061962;05011757;259;735;432;619 ~~~~~~~~~~~~~~~~~~~~~~~~~~~~~~ 09-15
10091462;11082040v;09215801;13020800113;25061962;06011757;260;731 ~~~~~~~~~~~~~~~~~~~~~~~~~~~~~~~~~~~~~~ 09-16
11091462;12082040v;10215801;14020800113;26061962;07011757;261;903;527;848;619 ~~~~~~~~~~~~~~~~~~~~~~~~~~ 09-17
12091462;13082040v;11215801;15020800113;27061962;08011757;262;732;514 ~~~~~~~~~~~~~~~~~~~~~~~~~~~~~~~~~~ 09-18
13091462;14082040v;12215801;16020800113;28061962;09011757;263;520;551;848;619 ~~~~~~~~~~~~~~~~~~~~~~~~~~ 09-19
14091462;15082040v;13215801;17020800113;29061962;10011757;264;733;389;390;534;570 ~~~~~~~~~~~~~~~~~~~~~~ 09-20
15091462;16082040v;14215801;18020800113;30061962;11011757;265;734;907;462;403;505;619 ~~~~~~~~~~~~~~~~~~ 09-21
16091462;17082040v;15215801;19020800113;31061962;12011757;266;739;423;523;418 ~~~~~~~~~~~~~~~~~~~~~~~~~~ 09-22
17091462;18082040v;16215801;00030800113;01071962;13011757;267;740;820;463;523;848;619 ~~~~~~~~~~~~~~~~~~ 09-23
18091462;19082040v;17215801;01030800113;02071962;14011757;268;736;523 ~~~~~~~~~~~~~~~~~~~~~~~~~~~~~~~~~~ 09-24
19091462;20082040v;18215801;02030800113;03071962;15011757;269;737;523;619;848 ~~~~~~~~~~~~~~~~~~~~~~~~~~ 09-25
20091462;21082040v;19215801;03030800113;04071962;16011757;270;742;790;436;523 ~~~~~~~~~~~~~~~~~~~~~~~~~~ 09-26
21091462;22082040v;20215801;04030800113;05071962;17011757;271;741;790;398;523;619 ~~~~~~~~~~~~~~~~~~~~~~ 09-27
22091462;23082040v;21215801;05030800113;06071962;18011757;272;738;790;523 ~~~~~~~~~~~~~~~~~~~~~~~~~~~~~~ 09-28
23091462;24082040v;22215801;06030800113;07071962;19011757;273;743;790;524;505;619 ~~~~~~~~~~~~~~~~~~~~~~ 09-29
24091462;25082040v;23215801;07030800113;08071962;20011757;274;790;513;525;853 ~~~~~~~~~~~~~~~~~~~~~~~~~~ 09-30
25091462;26082040v;24215801;08030800113;09071962;21011757;275;744;790;853;418;620 ~~~~~~~~~~~~~~~~~~~~~~ 10-01
26091462;27082040v;25215801;09030800113;10071962;22011757;276;745;790;869;853 ~~~~~~~~~~~~~~~~~~~~~~~~~~ 10-02
27091462;28082040v;26215801;10030800113;11071962;23011757;277;746;508;403;505;620;848 ~~~~~~~~~~~~~~~~~~ 10-03
28091462;29082040v;27215801;11030800113;12071962;24011757;278;747;574 ~~~~~~~~~~~~~~~~~~~~~~~~~~~~~~~~~~ 10-04
29091462;30082040v;28215801;12030800113;13071962;25011757;279;748;380;507;920;505;848;620 ~~~~~~~~~~~~~~ 10-05
30091462;01092040v;29215801;13030800113;14071962;26011757;280;637;506 ~~~~~~~~~~~~~~~~~~~~~~~~~~~~~~~~~~ 10-06
01101462;02092040v;30215801;14030800113;15071962;27011757;281;749;895;502;403;620 ~~~~~~~~~~~~~~~~~~~~~~ 10-07
02101462;03092040v;01225801;15030800113;16071962;28011757;282;751;820 ~~~~~~~~~~~~~~~~~~~~~~~~~~~~~~~~~~ 10-08
03101462;04092040v;02225801;16030800113;17071962;29011757;283;791;399;848;620 ~~~~~~~~~~~~~~~~~~~~~~~~~~ 10-09
04101462;05092040v;03225801;17030800113;18071962;30011757;284;752;367 ~~~~~~~~~~~~~~~~~~~~~~~~~~~~~~~~~~ 10-10
05101462;06092040v;04225801;18030800113;19071962;01021757;285;753;368;403;848;620 ~~~~~~~~~~~~~~~~~~~~~~ 10-11
06101462;07092040v;05225801;19030800113;20071962;02021757;286;918;400 ~~~~~~~~~~~~~~~~~~~~~~~~~~~~~~~~~~ 10-12
07101462;08092040v;06225801;00040800113;21071962;03021757;287;754;397;548;805;919;620 ~~~~~~~~~~~~~~~~~~ 10-13
08101462;09092040v;07225801;01040800113;22071962;04021757;288;750;885;563 ~~~~~~~~~~~~~~~~~~~~~~~~~~~~~~ 10-14
09101462;10092040v;08225801;02040800113;23071962;05021757;289;755;514;549;560;400;403;620 ~~~~~~~~~~~~~~ 10-15
10101462;11092040v;09225801;03040800113;24071962;06021757;290;756;899 ~~~~~~~~~~~~~~~~~~~~~~~~~~~~~~~~~~ 10-16
11101462;12092040v;10225801;04040800113;25071962;07021757;291;757;620 ~~~~~~~~~~~~~~~~~~~~~~~~~~~~~~~~~~ 10-17
12101462;13092040v;11225801;05040800113;26071962;08021757;292;631;400 ~~~~~~~~~~~~~~~~~~~~~~~~~~~~~~~~~~ 10-18
13101462;14092040v;12225801;06040800113;27071962;09021757;293;391;882;922;403;418;620 ~~~~~~~~~~~~~~~~~~ 10-19
14101462;15092040v;13225801;07040800113;28071962;10021757;294;758;792;532;784 ~~~~~~~~~~~~~~~~~~~~~~~~~~ 10-20
15101462;16092040v;14225801;08040800113;29071962;11021757;295;369;785;400;620 ~~~~~~~~~~~~~~~~~~~~~~~~~~ 10-21
16101462;17092040v;15225801;09040800113;30071962;12021757;296;431;786 ~~~~~~~~~~~~~~~~~~~~~~~~~~~~~~~~~~ 10-22
17101462;18092040v;16225801;10040800113;01081962;13021757;297;881;787;620 ~~~~~~~~~~~~~~~~~~~~~~~~~~~~~~ 10-23
18101462;19092040v;17225801;11040800113;02081962;14021757;298;371;400 ~~~~~~~~~~~~~~~~~~~~~~~~~~~~~~~~~~ 10-24
19101462;20092040v;18225801;12040800113;03081962;15021757;299;620 ~~~~~~~~~~~~~~~~~~~~~~~~~~~~~~~~~~~~~~ 10-25
20101462;21092040v;19225801;13040800113;04081962;16021757;300;849 ~~~~~~~~~~~~~~~~~~~~~~~~~~~~~~~~~~~~~~ 10-26
21101462;22092040v;20225801;14040800113;05081962;17021757;301;759;398;453;499;513;620 ~~~~~~~~~~~~~~~~~~ 10-27
22101462;23092040v;21225801;15040800113;06081962;18021757;302;864;418 ~~~~~~~~~~~~~~~~~~~~~~~~~~~~~~~~~~ 10-28
23101462;24092040v;22225801;16040800113;07081962;19021757;303;433;620 ~~~~~~~~~~~~~~~~~~~~~~~~~~~~~~~~~~ 10-29
24101462;25092040v;23225801;17040800113;08081962;20021757;304;401 ~~~~~~~~~~~~~~~~~~~~~~~~~~~~~~~~~~~~~~ 10-30
25101462;26092040v;24225801;18040800113;09081962;21021757;305;911;403;620 ~~~~~~~~~~~~~~~~~~~~~~~~~~~~~~ 10-31
26101462;27092040v;25225801;19040800113;10081962;22021757;306;762;558 ~~~~~~~~~~~~~~~~~~~~~~~~~~~~~~~~~~ 11-01
27101462;28092040v;26225801;00050800113;11081962;23021757;307;374;779;784;621 ~~~~~~~~~~~~~~~~~~~~~~~~~~ 11-02
28101462;29092040v;27225801;01050800113;12081962;24021757;308;637;763;780;785;893;421 ~~~~~~~~~~~~~~~~~~ 11-03
29101462;30092040v;28225801;02050800113;13081962;25021757;309;380;781;786;929;952;403;621 ~~~~~~~~~~~~~~ 11-04
01111462;01102040v;29225801;03050800113;14081962;26021757;310;760;782;787;808;621 ~~~~~~~~~~~~~~~~~~~~~~ 11-05
02111462;02102040v;01235801;04050800113;15081962;27021757;311;850;437;535;783;788;621 ~~~~~~~~~~~~~~~~~~ 11-06
03111462;03102040v;02235801;05050800113;16081962;28021757;312;761;422;621 ~~~~~~~~~~~~~~~~~~~~~~~~~~~~~~ 11-07
04111462;04102040v;03235801;06050800113;17081962;29021757;313;764;403;621 ~~~~~~~~~~~~~~~~~~~~~~~~~~~~~~ 11-08
05111462;05102040v;04235801;07050800113;18081962;30021757;314;514;856 ~~~~~~~~~~~~~~~~~~~~~~~~~~~~~~~~~~ 11-09
06111462;06102040v;05235801;08050800113;19081962;01031757;315;543;621 ~~~~~~~~~~~~~~~~~~~~~~~~~~~~~~~~~~ 11-10
07111462;07102040v;06235801;09050800113;20081962;02031757;316;397 ~~~~~~~~~~~~~~~~~~~~~~~~~~~~~~~~~~~~~~ 11-11
08111462;08102040v;07235801;10050800113;21081962;03031757;317;414;403;621 ~~~~~~~~~~~~~~~~~~~~~~~~~~~~~~ 11-12
09111462;09102040v;08235801;11050800113;22081962;04031757;318;879 ~~~~~~~~~~~~~~~~~~~~~~~~~~~~~~~~~~~~~~ 11-13
10111462;10102040v;09235801;12050800113;23081962;05031757;319;547;621 ~~~~~~~~~~~~~~~~~~~~~~~~~~~~~~~~~~ 11-14
11111462;11102040v;10235801;13050800113;24081962;06031757;320;766;934 ~~~~~~~~~~~~~~~~~~~~~~~~~~~~~~~~~~ 11-15
12111462;12102040v;11235801;14050800113;25081962;07031757;321;621 ~~~~~~~~~~~~~~~~~~~~~~~~~~~~~~~~~~~~~~ 11-16
13111462;13102040v;12235801;15050800113;26081962;08031757;322;767 ~~~~~~~~~~~~~~~~~~~~~~~~~~~~~~~~~~~~~~ 11-17
14111462;14102040v;13235801;16050800113;27081962;09031757;323;765;394;541;880;949;621 ~~~~~~~~~~~~~~~~~~ 11-18
15111462;15102040v;14235801;17050800113;28081962;10031757;324;456 ~~~~~~~~~~~~~~~~~~~~~~~~~~~~~~~~~~~~~~ 11-19
16111462;16102040v;15235801;18050800113;29081962;11031757;325;403;621 ~~~~~~~~~~~~~~~~~~~~~~~~~~~~~~~~~~ 11-20
17111462;17102040v;16235801;19050800113;30081962;12031757;326;769 ~~~~~~~~~~~~~~~~~~~~~~~~~~~~~~~~~~~~~~ 11-21
18111462;18102040v;17235801;00060800113;01091962;13031757;327;440;788;621 ~~~~~~~~~~~~~~~~~~~~~~~~~~~~~~ 11-22
19111462;19102040v;18235801;01060800113;02091962;14031757;328;441;621 ~~~~~~~~~~~~~~~~~~~~~~~~~~~~~~~~~~ 11-23
20111462;20102040v;19235801;02060800113;03091962;15031757;329;770;768;513;375;418;621 ~~~~~~~~~~~~~~~~~~ 11-24
21111462;21102040v;20235801;03060800113;04091962;16031757;330 ~~~~~~~~~~~~~~~~~~~~~~~~~~~~~~~~~~~~~~~~~~ 11-25
22111462;22102040v;21235801;04060800113;05091962;17031757;331;442;398;876;621 ~~~~~~~~~~~~~~~~~~~~~~~~~~ 11-26
23111462;23102040v;22235801;05060800113;06091962;18031757;332;771 ~~~~~~~~~~~~~~~~~~~~~~~~~~~~~~~~~~~~~~ 11-27
24111462;24102040v;23235801;06060800113;07091962;19031757;333;772;369;621 ~~~~~~~~~~~~~~~~~~~~~~~~~~~~~~ 11-28
25111462;25102040v;24235801;07060800113;08091962;20031757;334;621 ~~~~~~~~~~~~~~~~~~~~~~~~~~~~~~~~~~~~~~ 11-29
26111462;26102040v;25235801;08060800113;09091962;21031757;335;936;516;621 ~~~~~~~~~~~~~~~~~~~~~~~~~~~~~~ 11-30
27111462;27102040v;26235801;09060800113;10091962;22031757;336;637;775;516 ~~~~~~~~~~~~~~~~~~~~~~~~~~~~~~ 12-01
28111462;28102040v;27235801;10060800113;11091962;23031757;337;370;589;516;403;622 ~~~~~~~~~~~~~~~~~~~~~~ 12-02
29111462;29102040v;28235801;11060800113;12091962;24031757;338;380;516;622 ~~~~~~~~~~~~~~~~~~~~~~~~~~~~~~ 12-03
30111462;01112040v;29235801;12060800113;13091962;25031757;339;773;516;622 ~~~~~~~~~~~~~~~~~~~~~~~~~~~~~~ 12-04
01121462;02112040v;01245801;13060800113;14091962;26031757;340;516;375;622 ~~~~~~~~~~~~~~~~~~~~~~~~~~~~~~ 12-05
02121462;03112040v;02245801;14060800113;15091962;27031757;341;514;516;403;622 ~~~~~~~~~~~~~~~~~~~~~~~~~~ 12-06
03121462;04112040v;03245801;15060800113;16091962;28031757;342;774;516;622 ~~~~~~~~~~~~~~~~~~~~~~~~~~~~~~ 12-07
04121462;05112040v;04245801;16060800113;17091962;29031757;343;776;944;622 ~~~~~~~~~~~~~~~~~~~~~~~~~~~~~~ 12-08
05121462;06112040v;05245801;17060800113;18091962;30031757;344;777;590 ~~~~~~~~~~~~~~~~~~~~~~~~~~~~~~~~~~ 12-09
06121462;07112040v;06245801;18060800113;19091962;01041757;345;397;403;622 ~~~~~~~~~~~~~~~~~~~~~~~~~~~~~~ 12-10
07121462;08112040v;07245801;19060800113;20091962;02041757;346 ~~~~~~~~~~~~~~~~~~~~~~~~~~~~~~~~~~~~~~~~~~ 12-11
08121462;09112040v;08245801;00070800113;21091962;03041757;347;432;622 ~~~~~~~~~~~~~~~~~~~~~~~~~~~~~~~~~~ 12-12
09121462;10112040v;09245801;01070800113;22091962;04041757;348;501;622 ~~~~~~~~~~~~~~~~~~~~~~~~~~~~~~~~~~ 12-13
10121462;11112040v;10245801;02070800113;23091962;05041757;349;557;890;500;403;622 ~~~~~~~~~~~~~~~~~~~~~~ 12-14
11121462;12112040v;11245801;03070800113;24091962;06041757;350;500 ~~~~~~~~~~~~~~~~~~~~~~~~~~~~~~~~~~~~~~ 12-15
12121462;13112040v;12245801;04070800113;25091962;07041757;351;591;622 ~~~~~~~~~~~~~~~~~~~~~~~~~~~~~~~~~~ 12-16
13121462;14112040v;13245801;05070800113;26091962;08041757;352;545;500;622 ~~~~~~~~~~~~~~~~~~~~~~~~~~~~~~ 12-17
14121462;15112040v;14245801;06070800113;27091962;09041757;353;395;887;500;622 ~~~~~~~~~~~~~~~~~~~~~~~~~~ 12-18
15121462;16112040v;15245801;07070800113;28091962;10041757;354;371;622 ~~~~~~~~~~~~~~~~~~~~~~~~~~~~~~~~~~ 12-19
16121462;17112040v;16245801;08070800113;29091962;11041757;355;466;622 ~~~~~~~~~~~~~~~~~~~~~~~~~~~~~~~~~~ 12-20
17121462;18112040v;17245801;09070800113;30091962;12041757;356;778;426;418 ~~~~~~~~~~~~~~~~~~~~~~~~~~~~~~ 12-21
18121462;19112040v;18245801;10070800113;01101962;13041757;357;513;465;841;622 ~~~~~~~~~~~~~~~~~~~~~~~~~~ 12-22
19121462;20112040v;19245801;11070800113;02101962;14041757;358;592;622 ~~~~~~~~~~~~~~~~~~~~~~~~~~~~~~~~~~ 12-23
20121462;21112040v;20245801;12070800113;03101962;15041757;359;622 ~~~~~~~~~~~~~~~~~~~~~~~~~~~~~~~~~~~~~~ 12-24
21121462;22112040v;21245801;13070800113;04101962;16041757;360;398;622 ~~~~~~~~~~~~~~~~~~~~~~~~~~~~~~~~~~ 12-25
22121462;23112040v;22245801;14070800113;05101962;17041757;361;403;622 ~~~~~~~~~~~~~~~~~~~~~~~~~~~~~~~~~~ 12-31
23121462;24112040v;23245801;15070800113;06101962;18041757;362;375 ~~~~~~~~~~~~~~~~~~~~~~~~~~~~~~~~~~~~~~ 12-27
24121462;25112040v;24245801;16070800113;07101962;19041757;363;842;622 ~~~~~~~~~~~~~~~~~~~~~~~~~~~~~~~~~~ 12-28
25121462;26112040v;25245801;17070800113;08101962;20041757;364;622 ~~~~~~~~~~~~~~~~~~~~~~~~~~~~~~~~~~~~~~ 12-29
26121462;27112040v;26245801;18070800113;09101962;21041757;365;917;622 ~~~~~~~~~~~~~~~~~~~~~~~~~~~~~~~~~~ 12-30
27121462;28112040v;27245801;19070800113;10101962;22041757;366 ~~~~~~~~~~~~~~~~~~~~~~~~~~~~~~~~~~~~~~~~~~ 12-31
