30091454;01122032n;01255793;16050000113;11101954;23041749;001;637;380;506;611 ~~~~~~~~~~~~~~~~~~~~~~~~~~ 01-01
01101454;02122032n;02255793;17050000113;12101954;24041749;002;502 ~~~~~~~~~~~~~~~~~~~~~~~~~~~~~~~~~~~~~~ 01-02
02101454;03122032n;03255793;18050000113;13101954;25041749;003;611 ~~~~~~~~~~~~~~~~~~~~~~~~~~~~~~~~~~~~~~ 01-03
03101454;04122032n;04255793;19050000113;14101954;26041749;004;372;514 ~~~~~~~~~~~~~~~~~~~~~~~~~~~~~~~~~~ 01-04
04101454;05122032n;05255793;00060000113;15101954;27041749;005;611 ~~~~~~~~~~~~~~~~~~~~~~~~~~~~~~~~~~~~~~ 01-05
05101454;06122032n;06255793;01060000113;16101954;28041749;006 ~~~~~~~~~~~~~~~~~~~~~~~~~~~~~~~~~~~~~~~~~~ 01-06
06101454;07122032n;07255793;02060000113;17101954;29041749;007;397;611 ~~~~~~~~~~~~~~~~~~~~~~~~~~~~~~~~~~ 01-07
07101454;08122032n;08255793;03060000113;18101954;30041749;008;626;866 ~~~~~~~~~~~~~~~~~~~~~~~~~~~~~~~~~~ 01-08
08101454;09122032n;09255793;04060000113;19101954;01051749;009;627;415;611 ~~~~~~~~~~~~~~~~~~~~~~~~~~~~~~ 01-09
09101454;10122032n;10255793;05060000113;20101954;02051749;010;628 ~~~~~~~~~~~~~~~~~~~~~~~~~~~~~~~~~~~~~~ 01-10
10101454;11122032n;11255793;06060000113;21101954;03051749;011;629;905;611 ~~~~~~~~~~~~~~~~~~~~~~~~~~~~~~ 01-11
11101454;12122032n;12255793;07060000113;22101954;04051749;012;375 ~~~~~~~~~~~~~~~~~~~~~~~~~~~~~~~~~~~~~~ 01-12
12101454;13122032n;13255793;08060000113;23101954;05051749;013;611 ~~~~~~~~~~~~~~~~~~~~~~~~~~~~~~~~~~~~~~ 01-13
13101454;14122032n;14255793;09060000113;24101954;06051749;014 ~~~~~~~~~~~~~~~~~~~~~~~~~~~~~~~~~~~~~~~~~~ 01-14
14101454;15122032n;15255793;10060000113;25101954;07051749;015;630;381;904;611 ~~~~~~~~~~~~~~~~~~~~~~~~~~ 01-15
15101454;16122032n;16255793;11060000113;26101954;08051749;016;625 ~~~~~~~~~~~~~~~~~~~~~~~~~~~~~~~~~~~~~~ 01-16
16101454;17122032n;17255793;12060000113;27101954;09051749;017;492;415;611 ~~~~~~~~~~~~~~~~~~~~~~~~~~~~~~ 01-17
17101454;18122032n;18255793;13060000113;28101954;10051749;018 ~~~~~~~~~~~~~~~~~~~~~~~~~~~~~~~~~~~~~~~~~~ 01-18
18101454;19122032n;19255793;14060000113;29101954;11051749;019;916;611 ~~~~~~~~~~~~~~~~~~~~~~~~~~~~~~~~~~ 01-19
19101454;20122032n;20255793;15060000113;30101954;12051749;020;631;513 ~~~~~~~~~~~~~~~~~~~~~~~~~~~~~~~~~~ 01-20
20101454;21122032n;21255793;16060000113;01111954;13051749;021;611 ~~~~~~~~~~~~~~~~~~~~~~~~~~~~~~~~~~~~~~ 01-21
21101454;22122032n;22255793;17060000113;02111954;14051749;022 ~~~~~~~~~~~~~~~~~~~~~~~~~~~~~~~~~~~~~~~~~~ 01-22
22101454;23122032n;23255793;18060000113;03111954;15051749;023;398;375;611 ~~~~~~~~~~~~~~~~~~~~~~~~~~~~~~ 01-23
23101454;24122032n;24255793;19060000113;04111954;16051749;024 ~~~~~~~~~~~~~~~~~~~~~~~~~~~~~~~~~~~~~~~~~~ 01-24
24101454;25122032n;25255793;00070000113;05111954;17051749;025;580;611 ~~~~~~~~~~~~~~~~~~~~~~~~~~~~~~~~~~ 01-25
25101454;26122032n;26255793;01070000113;06111954;18051749;026;632 ~~~~~~~~~~~~~~~~~~~~~~~~~~~~~~~~~~~~~~ 01-26
26101454;27122032n;27255793;02070000113;07111954;19051749;027;923;611 ~~~~~~~~~~~~~~~~~~~~~~~~~~~~~~~~~~ 01-27
27101454;28122032n;28255793;03070000113;08111954;20051749;028;596;633 ~~~~~~~~~~~~~~~~~~~~~~~~~~~~~~~~~~ 01-28
28101454;29122032n;29255793;04070000113;09111954;21051749;029;634;376;412;611 ~~~~~~~~~~~~~~~~~~~~~~~~~~ 01-29
29101454;30122032n;30255793;05070000113;10111954;22051749;030;635;380;888 ~~~~~~~~~~~~~~~~~~~~~~~~~~~~~~ 01-30
01111454;01012033o;01265793;06070000113;11111954;23051749;031;636;479;490;611 ~~~~~~~~~~~~~~~~~~~~~~~~~~ 01-31
02111454;02012033o;02265793;06070000113;12111954;24051749;032;514;566;479;490 ~~~~~~~~~~~~~~~~~~~~~~~~~~ 02-01
03111454;03012033o;03265793;07070000113;13111954;25051749;033;566;612 ~~~~~~~~~~~~~~~~~~~~~~~~~~~~~~~~~~ 02-02
04111454;04012033o;04265793;08070000113;14111954;26051749;034;638;566 ~~~~~~~~~~~~~~~~~~~~~~~~~~~~~~~~~~ 02-03
05111454;05012033o;05265793;09070000113;15111954;27051749;035;639;940;566;612 ~~~~~~~~~~~~~~~~~~~~~~~~~~ 02-04
06111454;06012033o;06265793;10070000113;16111954;28051749;036;637;640 ~~~~~~~~~~~~~~~~~~~~~~~~~~~~~~~~~~ 02-05
07111454;07012033o;07265793;11070000113;17111954;29051749;037;397;536;914;612 ~~~~~~~~~~~~~~~~~~~~~~~~~~ 02-06
08111454;08012033o;08265793;12070000113;18111954;30051749;038 ~~~~~~~~~~~~~~~~~~~~~~~~~~~~~~~~~~~~~~~~~~ 02-07
09111454;09012033o;09265793;13070000113;19111954;01061749;039;612 ~~~~~~~~~~~~~~~~~~~~~~~~~~~~~~~~~~~~~~ 02-08
10111454;10012033o;10265793;14070000113;20111954;02061749;040;873 ~~~~~~~~~~~~~~~~~~~~~~~~~~~~~~~~~~~~~~ 02-09
11111454;11012033o;11265793;15070000113;21111954;03061749;041;642;612 ~~~~~~~~~~~~~~~~~~~~~~~~~~~~~~~~~~ 02-10
12111454;12012033o;12265793;16070000113;22111954;04061749;042;596 ~~~~~~~~~~~~~~~~~~~~~~~~~~~~~~~~~~~~~~ 02-11
13111454;13012033o;13265793;17070000113;23111954;05061749;043;643;436;412;612 ~~~~~~~~~~~~~~~~~~~~~~~~~~ 02-12
14111454;14012033o;14265793;18070000113;24111954;06061749;044;382;433;581 ~~~~~~~~~~~~~~~~~~~~~~~~~~~~~~ 02-13
15111454;15012033o;15265793;19070000113;25111954;07061749;045;641;865;884;612 ~~~~~~~~~~~~~~~~~~~~~~~~~~ 02-14
16111454;16012033o;16265793;00080000113;26111954;08061749;046 ~~~~~~~~~~~~~~~~~~~~~~~~~~~~~~~~~~~~~~~~~~ 02-15
17111454;17012033o;17265793;01080000113;27111954;09061749;047;513;612 ~~~~~~~~~~~~~~~~~~~~~~~~~~~~~~~~~~ 02-16
18111454;18012033o;18265793;02080000113;28111954;10061749;048;644;854 ~~~~~~~~~~~~~~~~~~~~~~~~~~~~~~~~~~ 02-17
19111454;19012033o;19265793;03080000113;29111954;11061749;049;645;399;868;854;415;612 ~~~~~~~~~~~~~~~~~~ 02-18
20111454;20012033o;20265793;04080000113;30111954;12061749;050;412 ~~~~~~~~~~~~~~~~~~~~~~~~~~~~~~~~~~~~~~ 02-19
21111454;21012033o;21265793;05080000113;01121954;13061749;051;612 ~~~~~~~~~~~~~~~~~~~~~~~~~~~~~~~~~~~~~~ 02-20
22111454;22012033o;22265793;06080000113;02121954;14061749;052;450 ~~~~~~~~~~~~~~~~~~~~~~~~~~~~~~~~~~~~~~ 02-21
23111454;23012033o;23265793;07080000113;03121954;15061749;053;646;398;612 ~~~~~~~~~~~~~~~~~~~~~~~~~~~~~~ 02-22
24111454;24012033o;24265793;08080000113;04121954;16061749;054 ~~~~~~~~~~~~~~~~~~~~~~~~~~~~~~~~~~~~~~~~~~ 02-23
25111454;25012033o;25265793;09080000113;05121954;17061749;055;647;648;400;612 ~~~~~~~~~~~~~~~~~~~~~~~~~~ 02-24
26111454;26012033o;26265793;10080000113;06121954;18061749;056;649;943 ~~~~~~~~~~~~~~~~~~~~~~~~~~~~~~~~~~ 02-25
27111454;27012033o;27265793;11080000113;07121954;19061749;057;412;612 ~~~~~~~~~~~~~~~~~~~~~~~~~~~~~~~~~~ 02-26
28111454;28012033o;28265793;12080000113;08121954;20061749;058;402;886 ~~~~~~~~~~~~~~~~~~~~~~~~~~~~~~~~~~ 02-27
29111454;29012033o;29265793;13080000113;09121954;21061749;059;650;612 ~~~~~~~~~~~~~~~~~~~~~~~~~~~~~~~~~~ 02-28
30111454;01022033o;30265793;17080000113;10121954;22061749;061;443;380;413;514 ~~~~~~~~~~~~~~~~~~~~~~~~~~ 03-01
01121454;02022033o;01275793;18080000113;11121954;23061749;062;444;400;613 ~~~~~~~~~~~~~~~~~~~~~~~~~~~~~~ 03-02
02121454;03022033o;02275793;19080000113;12121954;24061749;063;653;403 ~~~~~~~~~~~~~~~~~~~~~~~~~~~~~~~~~~ 03-03
03121454;04022033o;03275793;00090000113;13121954;25061749;064;654;613 ~~~~~~~~~~~~~~~~~~~~~~~~~~~~~~~~~~ 03-04
04121454;05022033o;04275793;01090000113;14121954;26061749;065;637;416 ~~~~~~~~~~~~~~~~~~~~~~~~~~~~~~~~~~ 03-05
05121454;06022033o;05275793;02090000113;15121954;27061749;066;655;613 ~~~~~~~~~~~~~~~~~~~~~~~~~~~~~~~~~~ 03-06
06121454;07022033o;06275793;03090000113;16121954;28061749;067;397 ~~~~~~~~~~~~~~~~~~~~~~~~~~~~~~~~~~~~~~ 03-07
07121454;08022033o;07275793;04090000113;17121954;29061749;068;400;613 ~~~~~~~~~~~~~~~~~~~~~~~~~~~~~~~~~~ 03-08
08121454;09022033o;08275793;05090000113;18121954;30061749;069 ~~~~~~~~~~~~~~~~~~~~~~~~~~~~~~~~~~~~~~~~~~ 03-09
09121454;10022033o;09275793;06090000113;19121954;01071749;070;656;501;613 ~~~~~~~~~~~~~~~~~~~~~~~~~~~~~~ 03-10
10121454;11022033o;10275793;07090000113;20121954;02071749;071;517;500;400;403;613 ~~~~~~~~~~~~~~~~~~~~~~ 03-11
11121454;12022033o;11275793;08090000113;21121954;03071749;072;500;613 ~~~~~~~~~~~~~~~~~~~~~~~~~~~~~~~~~~ 03-12
12121454;13022033o;12275793;09090000113;22121954;04071749;073;401;613 ~~~~~~~~~~~~~~~~~~~~~~~~~~~~~~~~~~ 03-13
13121454;14022033o;13275793;10090000113;23121954;05071749;074;500;613 ~~~~~~~~~~~~~~~~~~~~~~~~~~~~~~~~~~ 03-14
14121454;15022033o;14275793;11090000113;24121954;06071749;075;657;383;513;544;623;906;500;519 ~~~~~~~~~~ 03-15
15121454;16022033o;15275793;12090000113;25121954;07071749;076;598;613 ~~~~~~~~~~~~~~~~~~~~~~~~~~~~~~~~~~ 03-16
16121454;17022033o;16275793;13090000113;26121954;08071749;077;658;562 ~~~~~~~~~~~~~~~~~~~~~~~~~~~~~~~~~~ 03-17
17121454;18022033o;17275793;14090000113;27121954;09071749;078;562;613 ~~~~~~~~~~~~~~~~~~~~~~~~~~~~~~~~~~ 03-18
18121454;19022033o;18275793;15090000113;28121954;10071749;079;562;466;841;403 ~~~~~~~~~~~~~~~~~~~~~~~~~~ 03-19
19121454;20022033o;19275793;16090000113;29121954;11071749;080;424;613 ~~~~~~~~~~~~~~~~~~~~~~~~~~~~~~~~~~ 03-20
20121454;21022033o;20275793;17090000113;30121954;12071749;081;459;613 ~~~~~~~~~~~~~~~~~~~~~~~~~~~~~~~~~~ 03-21
21121454;22022033o;21275793;18090000113;01011955;13071749;082;659;851;613 ~~~~~~~~~~~~~~~~~~~~~~~~~~~~~~ 03-22
22121454;23022033o;22275793;19090000113;02011955;14071749;083;398;403 ~~~~~~~~~~~~~~~~~~~~~~~~~~~~~~~~~~ 03-23
23121454;24022033o;23275793;00100000113;03011955;15071749;084;533;924;613 ~~~~~~~~~~~~~~~~~~~~~~~~~~~~~~ 03-24
24121454;25022033o;24275793;01100000113;04011955;16071749;085;596;842 ~~~~~~~~~~~~~~~~~~~~~~~~~~~~~~~~~~ 03-25
25121454;26022033o;25275793;02100000113;05011955;17071749;086;437;613 ~~~~~~~~~~~~~~~~~~~~~~~~~~~~~~~~~~ 03-26
26121454;27022033o;26275793;03100000113;06011955;18071749;087;900;403;613 ~~~~~~~~~~~~~~~~~~~~~~~~~~~~~~ 03-27
27121454;28022033o;27275793;04100000113;07011955;19071749;088;613 ~~~~~~~~~~~~~~~~~~~~~~~~~~~~~~~~~~~~~~ 03-28
28121454;29022033o;28275793;05100000113;08011955;20071749;089;652;432;613 ~~~~~~~~~~~~~~~~~~~~~~~~~~~~~~ 03-29
29121454;30022033o;29275793;06100000113;09011955;21071749;090;660;380;514;930;953;852;613 ~~~~~~~~~~~~~~ 03-30
01011455;01032033o;01285793;07100000113;10011955;22071749;091;538;559;935;495 ~~~~~~~~~~~~~~~~~~~~~~~~~~ 03-31
02011455;02032033o;02285793;08100000113;11011955;23071749;092;614 ~~~~~~~~~~~~~~~~~~~~~~~~~~~~~~~~~~~~~~ 04-01
03011455;03032033o;03285793;09100000113;12011955;24071749;093;637;661;555;577 ~~~~~~~~~~~~~~~~~~~~~~~~~~ 04-02
04011455;04032033o;04285793;10100000113;13011955;25071749;094;662;614 ~~~~~~~~~~~~~~~~~~~~~~~~~~~~~~~~~~ 04-03
05011455;05032033o;05285793;11100000113;14011955;26071749;095;825;651;571;403 ~~~~~~~~~~~~~~~~~~~~~~~~~~ 04-04
06011455;06032033o;06285793;12100000113;15011955;27071749;096;945;651;614 ~~~~~~~~~~~~~~~~~~~~~~~~~~~~~~ 04-05
07011455;07032033o;07285793;13100000113;16011955;28071749;097;663;397;651;614 ~~~~~~~~~~~~~~~~~~~~~~~~~~ 04-06
08011455;08032033o;08285793;14100000113;17011955;29071749;098;913;651;614 ~~~~~~~~~~~~~~~~~~~~~~~~~~~~~~ 04-07
09011455;09032033o;09285793;15100000113;18011955;30071749;099;912;933;651;403 ~~~~~~~~~~~~~~~~~~~~~~~~~~ 04-08
10011455;10032033o;10285793;16100000113;19011955;01081749;100;498;651;614 ~~~~~~~~~~~~~~~~~~~~~~~~~~~~~~ 04-09
11011455;11032033o;11285793;17100000113;20011955;02081749;101;493;404;877;614 ~~~~~~~~~~~~~~~~~~~~~~~~~~ 04-10
12011455;12032033o;12285793;18100000113;21011955;03081749;102;614 ~~~~~~~~~~~~~~~~~~~~~~~~~~~~~~~~~~~~~~ 04-11
13011455;13032033o;13285793;19100000113;22011955;04081749;103;513;614 ~~~~~~~~~~~~~~~~~~~~~~~~~~~~~~~~~~ 04-12
14011455;14032033o;14285793;00110000113;23011955;05081749;104;614 ~~~~~~~~~~~~~~~~~~~~~~~~~~~~~~~~~~~~~~ 04-13
15011455;15032033o;15285793;01110000113;24011955;06081749;105;384;539;575;949;515;496;614 ~~~~~~~~~~~~~~ 04-14
16011455;16032033o;16285793;02110000113;25011955;07081749;106;596;445;665;541;614 ~~~~~~~~~~~~~~~~~~~~~~ 04-15
17011455;17032033o;17285793;03110000113;26011955;08081749;107;446;666;810;614 ~~~~~~~~~~~~~~~~~~~~~~~~~~ 04-16
18011455;18032033o;18285793;04110000113;27011955;09081749;108;447;614 ~~~~~~~~~~~~~~~~~~~~~~~~~~~~~~~~~~ 04-17
19011455;19032033o;19285793;05110000113;28011955;10081749;109;448;794;614 ~~~~~~~~~~~~~~~~~~~~~~~~~~~~~~ 04-18
20011455;20032033o;20285793;06110000113;29011955;11081749;110;614 ~~~~~~~~~~~~~~~~~~~~~~~~~~~~~~~~~~~~~~ 04-19
21011455;21032033o;21285793;07110000113;30011955;12081749;111 ~~~~~~~~~~~~~~~~~~~~~~~~~~~~~~~~~~~~~~~~~~ 04-20
22011455;22032033o;22285793;08110000113;01021955;13081749;112;631;664;865;614 ~~~~~~~~~~~~~~~~~~~~~~~~~~ 04-21
23011455;23032033o;23285793;09110000113;02021955;14081749;113;398;496 ~~~~~~~~~~~~~~~~~~~~~~~~~~~~~~~~~~ 04-22
24011455;24032033o;24285793;10110000113;03021955;15081749;114;821;614 ~~~~~~~~~~~~~~~~~~~~~~~~~~~~~~~~~~ 04-23
25011455;25032033o;25285793;11110000113;04021955;16081749;115;669;496;614 ~~~~~~~~~~~~~~~~~~~~~~~~~~~~~~ 04-24
26011455;26032033o;26285793;12110000113;05021955;17081749;116;526;939;614 ~~~~~~~~~~~~~~~~~~~~~~~~~~~~~~ 04-25
27011455;27032033o;27285793;13110000113;06021955;18081749;117;614 ~~~~~~~~~~~~~~~~~~~~~~~~~~~~~~~~~~~~~~ 04-26
28011455;28032033o;28285793;14110000113;07021955;19081749;118;670;514;614 ~~~~~~~~~~~~~~~~~~~~~~~~~~~~~~ 04-27
29011455;29032033o;29285793;15110000113;08021955;20081749;119;667;380 ~~~~~~~~~~~~~~~~~~~~~~~~~~~~~~~~~~ 04-28
30011455;01042033o;30285793;16110000113;09021955;21081749;120;671;497;614 ~~~~~~~~~~~~~~~~~~~~~~~~~~~~~~ 04-29
01021455;02042033o;01295793;17110000113;10021955;22081749;121;668 ~~~~~~~~~~~~~~~~~~~~~~~~~~~~~~~~~~~~~~ 04-30
02021455;03042033o;02295793;18110000113;11021955;23081749;122;673;510;902;615 ~~~~~~~~~~~~~~~~~~~~~~~~~~ 05-01
03021455;04042033o;03295793;19110000113;12021955;24081749;123;674 ~~~~~~~~~~~~~~~~~~~~~~~~~~~~~~~~~~~~~~ 05-02
04021455;05042033o;04295793;00120000113;13021955;25081749;124;675;528;615 ~~~~~~~~~~~~~~~~~~~~~~~~~~~~~~ 05-03
05021455;06042033o;05295793;01120000113;14021955;26081749;125;676;529 ~~~~~~~~~~~~~~~~~~~~~~~~~~~~~~~~~~ 05-04
06021455;07042033o;06295793;02120000113;15021955;27081749;126;677;397;553;615 ~~~~~~~~~~~~~~~~~~~~~~~~~~ 05-05
07021455;08042033o;07295793;03120000113;16021955;28081749;127;679;678 ~~~~~~~~~~~~~~~~~~~~~~~~~~~~~~~~~~ 05-06
08021455;09042033o;08295793;04120000113;17021955;29081749;128;637;672;680;927;615 ~~~~~~~~~~~~~~~~~~~~~~ 05-07
09021455;10042033o;09295793;05120000113;18021955;30081749;129;451 ~~~~~~~~~~~~~~~~~~~~~~~~~~~~~~~~~~~~~~ 05-08
10021455;11042033o;10295793;06120000113;19021955;01091749;130;682;513;615 ~~~~~~~~~~~~~~~~~~~~~~~~~~~~~~ 05-09
11021455;12042033o;11295793;07120000113;20021955;02091749;131;889 ~~~~~~~~~~~~~~~~~~~~~~~~~~~~~~~~~~~~~~ 05-10
12021455;13042033o;12295793;08120000113;21021955;03091749;132;683;615 ~~~~~~~~~~~~~~~~~~~~~~~~~~~~~~~~~~ 05-11
13021455;14042033o;13295793;09120000113;22021955;04091749;133;433;894 ~~~~~~~~~~~~~~~~~~~~~~~~~~~~~~~~~~ 05-12
14021455;15042033o;14295793;10120000113;23021955;05091749;134;615 ~~~~~~~~~~~~~~~~~~~~~~~~~~~~~~~~~~~~~~ 05-13
15021455;16042033o;15295793;11120000113;24021955;06091749;135;681;385;537;937;568 ~~~~~~~~~~~~~~~~~~~~~~ 05-14
16021455;17042033o;16295793;12120000113;25021955;07091749;136;684;892;568;615 ~~~~~~~~~~~~~~~~~~~~~~~~~~ 05-15
17021455;18042033o;17295793;13120000113;26021955;08091749;137 ~~~~~~~~~~~~~~~~~~~~~~~~~~~~~~~~~~~~~~~~~~ 05-16
18021455;19042033o;18295793;14120000113;27021955;09091749;138;420;518;615 ~~~~~~~~~~~~~~~~~~~~~~~~~~~~~~ 05-17
19021455;20042033o;19295793;15120000113;28021955;10091749;139;685 ~~~~~~~~~~~~~~~~~~~~~~~~~~~~~~~~~~~~~~ 05-18
20021455;21042033o;20295793;16120000113;29021955;11091749;140;797;844;615 ~~~~~~~~~~~~~~~~~~~~~~~~~~~~~~ 05-19
21021455;22042033o;21295793;17120000113;30021955;12091749;141;686;573 ~~~~~~~~~~~~~~~~~~~~~~~~~~~~~~~~~~ 05-20
22021455;23042033o;22295793;18120000113;31021955;13091749;142;687;398;573;615 ~~~~~~~~~~~~~~~~~~~~~~~~~~ 05-21
23021455;24042033o;23295793;19120000113;01031955;14091749;143;573;624 ~~~~~~~~~~~~~~~~~~~~~~~~~~~~~~~~~~ 05-22
24021455;25042033o;24295793;00130000113;02031955;15091749;144;798;789;624;615 ~~~~~~~~~~~~~~~~~~~~~~~~~~ 05-23
25021455;26042033o;25295793;01130000113;03031955;16091749;145;530;624 ~~~~~~~~~~~~~~~~~~~~~~~~~~~~~~~~~~ 05-24
26021455;27042033o;26295793;02130000113;04031955;17091749;146;688;514;554;833;624;615 ~~~~~~~~~~~~~~~~~~ 05-25
27021455;28042033o;27295793;03130000113;05031955;18091749;147;494;405;624 ~~~~~~~~~~~~~~~~~~~~~~~~~~~~~~ 05-26
28021455;29042033o;28295793;04130000113;06031955;19091749;148;689;624;615 ~~~~~~~~~~~~~~~~~~~~~~~~~~~~~~ 05-27
29021455;01052033o;29295793;05130000113;07031955;20091749;149;439;380;921;942;624 ~~~~~~~~~~~~~~~~~~~~~~ 05-28
01031455;02052033o;01305793;06130000113;08031955;21091749;150;439;824;867;615 ~~~~~~~~~~~~~~~~~~~~~~~~~~ 05-29
02031455;03052033o;02305793;07130000113;09031955;22091749;151;438 ~~~~~~~~~~~~~~~~~~~~~~~~~~~~~~~~~~~~~~ 05-30
03031455;04052033o;03305793;08130000113;10031955;23091749;152;406;615 ~~~~~~~~~~~~~~~~~~~~~~~~~~~~~~~~~~ 05-31
04031455;05052033o;04305793;09130000113;11031955;24091749;153;691;564 ~~~~~~~~~~~~~~~~~~~~~~~~~~~~~~~~~~ 06-01
05031455;06052033o;05305793;10130000113;12031955;25091749;154;694;616 ~~~~~~~~~~~~~~~~~~~~~~~~~~~~~~~~~~ 06-02
06031455;07052033o;06305793;11130000113;13031955;26091749;155;692;823;522 ~~~~~~~~~~~~~~~~~~~~~~~~~~~~~~ 06-03
07031455;08052033o;07305793;12130000113;14031955;27091749;156;637;693;397;616 ~~~~~~~~~~~~~~~~~~~~~~~~~~ 06-04
08031455;09052033o;08305793;13130000113;15031955;28091749;157;449;690;406;616 ~~~~~~~~~~~~~~~~~~~~~~~~~~ 06-05
09031455;10052033o;09305793;14130000113;16031955;29091749;158;513;830;616;605 ~~~~~~~~~~~~~~~~~~~~~~~~~~ 06-06
10031455;11052033o;10305793;15130000113;17031955;30091749;159;436;552;616 ~~~~~~~~~~~~~~~~~~~~~~~~~~~~~~ 06-07
11031455;12052033o;11305793;16130000113;18031955;01101749;160;896;843;616 ~~~~~~~~~~~~~~~~~~~~~~~~~~~~~~ 06-08
12031455;13052033o;12305793;17130000113;19031955;02101749;161;511;616 ~~~~~~~~~~~~~~~~~~~~~~~~~~~~~~~~~~ 06-09
13031455;14052033o;13305793;18130000113;20031955;03101749;162;406;616 ~~~~~~~~~~~~~~~~~~~~~~~~~~~~~~~~~~ 06-10
14031455;15052033o;14305793;19130000113;21031955;04101749;163;697;799;864;569 ~~~~~~~~~~~~~~~~~~~~~~~~~~ 06-11
15031455;16052033o;15305793;00140000113;22031955;05101749;164;695;386;874;941;569;616 ~~~~~~~~~~~~~~~~~~ 06-12
16031455;17052033o;16305793;01140000113;23031955;06101749;165 ~~~~~~~~~~~~~~~~~~~~~~~~~~~~~~~~~~~~~~~~~~ 06-13
17031455;18052033o;17305793;02140000113;24031955;07101749;166;696;511;843;616 ~~~~~~~~~~~~~~~~~~~~~~~~~~ 06-14
18031455;19052033o;18305793;03140000113;25031955;08101749;167;406 ~~~~~~~~~~~~~~~~~~~~~~~~~~~~~~~~~~~~~~ 06-15
19031455;20052033o;19305793;04140000113;26031955;09101749;168;698;421;616 ~~~~~~~~~~~~~~~~~~~~~~~~~~~~~~ 06-16
20031455;21052033o;20305793;05140000113;27031955;10101749;169;701;699;700 ~~~~~~~~~~~~~~~~~~~~~~~~~~~~~~ 06-17
21031455;22052033o;21305793;06140000113;28031955;11101749;170;378;616 ~~~~~~~~~~~~~~~~~~~~~~~~~~~~~~~~~~ 06-18
22031455;23052033o;22305793;07140000113;29031955;12101749;171;452;452;398 ~~~~~~~~~~~~~~~~~~~~~~~~~~~~~~ 06-19
23031455;24052033o;23305793;08140000113;30031955;13101749;172;460;406;616 ~~~~~~~~~~~~~~~~~~~~~~~~~~~~~~ 06-20
24031455;25052033o;24305793;09140000113;31031955;14101749;173;399;514;425 ~~~~~~~~~~~~~~~~~~~~~~~~~~~~~~ 06-21
25031455;26052033o;25305793;10140000113;01041955;15101749;174;461;616 ~~~~~~~~~~~~~~~~~~~~~~~~~~~~~~~~~~ 06-22
26031455;27052033o;26305793;11140000113;02041955;16101749;175;946;616 ~~~~~~~~~~~~~~~~~~~~~~~~~~~~~~~~~~ 06-23
27031455;28052033o;27305793;12140000113;03041955;17101749;176;703;578;400;616 ~~~~~~~~~~~~~~~~~~~~~~~~~~ 06-24
28031455;29052033o;28305793;13140000113;04041955;18101749;177;702;408;432;406 ~~~~~~~~~~~~~~~~~~~~~~~~~~ 06-25
29031455;30052033o;29305793;14140000113;05041955;19101749;178;380;616 ~~~~~~~~~~~~~~~~~~~~~~~~~~~~~~~~~~ 06-26
30031455;01062033o;30305793;15140000113;06041955;20101749;179 ~~~~~~~~~~~~~~~~~~~~~~~~~~~~~~~~~~~~~~~~~~ 06-27
01041455;02062033o;01315793;16140000113;07041955;21101749;180;857;870;616 ~~~~~~~~~~~~~~~~~~~~~~~~~~~~~~ 06-28
02041455;03062033o;02315793;17140000113;08041955;22101749;181;704 ~~~~~~~~~~~~~~~~~~~~~~~~~~~~~~~~~~~~~~ 06-29
03041455;04062033o;03315793;18140000113;09041955;23101749;182;400;406;616 ~~~~~~~~~~~~~~~~~~~~~~~~~~~~~~ 06-30
04041455;05062033o;04315793;19140000113;10041955;24101749;183;565;409 ~~~~~~~~~~~~~~~~~~~~~~~~~~~~~~~~~~ 07-01
05041455;06062033o;05315793;00150000113;11041955;25101749;184;637;705;840;565;617 ~~~~~~~~~~~~~~~~~~~~~~ 07-02
06041455;07062033o;06315793;01150000113;12041955;26101749;185;795;373;400 ~~~~~~~~~~~~~~~~~~~~~~~~~~~~~~ 07-03
07041455;08062033o;07315793;02150000113;13041955;27101749;186;397;513;617 ~~~~~~~~~~~~~~~~~~~~~~~~~~~~~~ 07-04
08041455;09062033o;08315793;03150000113;14041955;28101749;187;858;406 ~~~~~~~~~~~~~~~~~~~~~~~~~~~~~~~~~~ 07-05
09041455;10062033o;09315793;04150000113;15041955;29101749;188;421;617 ~~~~~~~~~~~~~~~~~~~~~~~~~~~~~~~~~~ 07-06
10041455;11062033o;10315793;05150000113;16041955;30101749;189;409 ~~~~~~~~~~~~~~~~~~~~~~~~~~~~~~~~~~~~~~ 07-07
11041455;12062033o;11315793;06150000113;17041955;01111749;190;546;617 ~~~~~~~~~~~~~~~~~~~~~~~~~~~~~~~~~~ 07-08
12041455;13062033o;12315793;07150000113;18041955;02111749;191;706;400 ~~~~~~~~~~~~~~~~~~~~~~~~~~~~~~~~~~ 07-09
13041455;14062033o;13315793;08150000113;19041955;03111749;192;406;617 ~~~~~~~~~~~~~~~~~~~~~~~~~~~~~~~~~~ 07-10
14041455;15062033o;14315793;09150000113;20041955;04111749;193;707 ~~~~~~~~~~~~~~~~~~~~~~~~~~~~~~~~~~~~~~ 07-11
15041455;16062033o;15315793;10150000113;21041955;05111749;194;387;531;561;617 ~~~~~~~~~~~~~~~~~~~~~~~~~~ 07-12
16041455;17062033o;16315793;11150000113;22041955;06111749;195;409 ~~~~~~~~~~~~~~~~~~~~~~~~~~~~~~~~~~~~~~ 07-13
17041455;18062033o;17315793;12150000113;23041955;07111749;196;617 ~~~~~~~~~~~~~~~~~~~~~~~~~~~~~~~~~~~~~~ 07-14
18041455;19062033o;18315793;13150000113;24041955;08111749;197;401;617 ~~~~~~~~~~~~~~~~~~~~~~~~~~~~~~~~~~ 07-15
19041455;20062033o;19315793;14150000113;25041955;09111749;198;708;514;421;617 ~~~~~~~~~~~~~~~~~~~~~~~~~~ 07-16
20041455;21062033o;20315793;15150000113;26041955;10111749;199;709;617 ~~~~~~~~~~~~~~~~~~~~~~~~~~~~~~~~~~ 07-17
21041455;22062033o;21315793;16150000113;27041955;11111749;200;710;398;617 ~~~~~~~~~~~~~~~~~~~~~~~~~~~~~~ 07-18
22041455;23062033o;22315793;17150000113;28041955;12111749;201 ~~~~~~~~~~~~~~~~~~~~~~~~~~~~~~~~~~~~~~~~~~ 07-19
23041455;24062033o;23315793;18150000113;29041955;13111749;202;711;406;617 ~~~~~~~~~~~~~~~~~~~~~~~~~~~~~~ 07-20
24041455;25062033o;24315793;19150000113;30041955;14111749;203;631;617 ~~~~~~~~~~~~~~~~~~~~~~~~~~~~~~~~~~ 07-21
25041455;26062033o;25315793;00160000113;31041955;15111749;204;878;617 ~~~~~~~~~~~~~~~~~~~~~~~~~~~~~~~~~~ 07-22
26041455;27062033o;26315793;01160000113;01051955;16111749;205;713;417 ~~~~~~~~~~~~~~~~~~~~~~~~~~~~~~~~~~ 07-23
27041455;28062033o;27315793;02160000113;02051955;17111749;206;714;617 ~~~~~~~~~~~~~~~~~~~~~~~~~~~~~~~~~~ 07-24
28041455;29062033o;28315793;03160000113;03051955;18111749;207;437;406;409 ~~~~~~~~~~~~~~~~~~~~~~~~~~~~~~ 07-25
29041455;01072033o;29315793;04160000113;04051955;19111749;208;380;823;421;617 ~~~~~~~~~~~~~~~~~~~~~~~~~~ 07-26
01051455;02072033o;01325793;05160000113;05051955;20111749;209;617 ~~~~~~~~~~~~~~~~~~~~~~~~~~~~~~~~~~~~~~ 07-27
02051455;03072033o;02325793;06160000113;06051955;21111749;210;712;715;617 ~~~~~~~~~~~~~~~~~~~~~~~~~~~~~~ 07-28
03051455;04072033o;03325793;07160000113;07051955;22111749;211;716;579;617 ~~~~~~~~~~~~~~~~~~~~~~~~~~~~~~ 07-29
04051455;05072033o;04325793;08160000113;08051955;23111749;212;617 ~~~~~~~~~~~~~~~~~~~~~~~~~~~~~~~~~~~~~~ 07-30
05051455;06072033o;05325793;09160000113;09051955;24111749;213;513;891;409 ~~~~~~~~~~~~~~~~~~~~~~~~~~~~~~ 07-31
06051455;07072033o;06325793;10160000113;10051955;25111749;214;407;572;618 ~~~~~~~~~~~~~~~~~~~~~~~~~~~~~~ 08-01
07051455;08072033o;07325793;11160000113;11051955;26111749;215;718 ~~~~~~~~~~~~~~~~~~~~~~~~~~~~~~~~~~~~~~ 08-02
08051455;09072033o;08325793;12160000113;12051955;27111749;216;397;836;618 ~~~~~~~~~~~~~~~~~~~~~~~~~~~~~~ 08-03
09051455;10072033o;09325793;13160000113;13051955;28111749;217 ~~~~~~~~~~~~~~~~~~~~~~~~~~~~~~~~~~~~~~~~~~ 08-04
10051455;11072033o;10325793;14160000113;14051955;29111749;218;719;938;618 ~~~~~~~~~~~~~~~~~~~~~~~~~~~~~~ 08-05
11051455;12072033o;11325793;15160000113;15051955;30111749;219;637;720;926;409 ~~~~~~~~~~~~~~~~~~~~~~~~~~ 08-06
12051455;13072033o;12325793;16160000113;16051955;01121749;220;717;554;618 ~~~~~~~~~~~~~~~~~~~~~~~~~~~~~~ 08-07
13051455;14072033o;13325793;17160000113;17051955;02121749;221;433;467;567 ~~~~~~~~~~~~~~~~~~~~~~~~~~~~~~ 08-08
14051455;15072033o;14325793;18160000113;18051955;03121749;222;567;618 ~~~~~~~~~~~~~~~~~~~~~~~~~~~~~~~~~~ 08-09
15051455;16072033o;15325793;19160000113;19051955;04121749;223;722;388;556;909;910;925 ~~~~~~~~~~~~~~~~~~ 08-10
16051455;17072033o;16325793;00170000113;20051955;05121749;224;618 ~~~~~~~~~~~~~~~~~~~~~~~~~~~~~~~~~~~~~~ 08-11
17051455;18072033o;17325793;01170000113;21051955;06121749;225;514 ~~~~~~~~~~~~~~~~~~~~~~~~~~~~~~~~~~~~~~ 08-12
18051455;19072033o;18325793;02170000113;22051955;07121749;226;723;835;875;618 ~~~~~~~~~~~~~~~~~~~~~~~~~~ 08-13
19051455;20072033o;19325793;03170000113;23051955;08121749;227;721 ~~~~~~~~~~~~~~~~~~~~~~~~~~~~~~~~~~~~~~ 08-14
20051455;21072033o;20325793;04170000113;24051955;09121749;228;618 ~~~~~~~~~~~~~~~~~~~~~~~~~~~~~~~~~~~~~~ 08-15
21051455;22072033o;21325793;05170000113;25051955;10121749;229 ~~~~~~~~~~~~~~~~~~~~~~~~~~~~~~~~~~~~~~~~~~ 08-16
22051455;23072033o;22325793;06170000113;26051955;11121749;230;398;883;618 ~~~~~~~~~~~~~~~~~~~~~~~~~~~~~~ 08-17
23051455;24072033o;23325793;07170000113;27051955;12121749;231;409 ~~~~~~~~~~~~~~~~~~~~~~~~~~~~~~~~~~~~~~ 08-18
24051455;25072033o;24325793;08170000113;28051955;13121749;232;618 ~~~~~~~~~~~~~~~~~~~~~~~~~~~~~~~~~~~~~~ 08-19
25051455;26072033o;25325793;09170000113;29051955;14121749;233;724;503 ~~~~~~~~~~~~~~~~~~~~~~~~~~~~~~~~~~ 08-20
26051455;27072033o;26325793;10170000113;30051955;15121749;234;618 ~~~~~~~~~~~~~~~~~~~~~~~~~~~~~~~~~~~~~~ 08-21
27051455;28072033o;27325793;11170000113;31051955;16121749;235 ~~~~~~~~~~~~~~~~~~~~~~~~~~~~~~~~~~~~~~~~~~ 08-22
28051455;29072033o;28325793;12170000113;01061955;17121749;236;618 ~~~~~~~~~~~~~~~~~~~~~~~~~~~~~~~~~~~~~~ 08-23
29051455;30072033o;29325793;13170000113;02061955;18121749;237;380 ~~~~~~~~~~~~~~~~~~~~~~~~~~~~~~~~~~~~~~ 08-24
30051455;01082033o;30325793;14170000113;03061955;19121749;238;457;618 ~~~~~~~~~~~~~~~~~~~~~~~~~~~~~~~~~~ 08-25
01061455;02082033o;01335793;15170000113;04061955;20121749;239;427 ~~~~~~~~~~~~~~~~~~~~~~~~~~~~~~~~~~~~~~ 08-26
02061455;03082033o;02335793;16170000113;05061955;21121749;240;725;618 ~~~~~~~~~~~~~~~~~~~~~~~~~~~~~~~~~~ 08-27
03061455;04082033o;03335793;17170000113;06061955;22121749;241;428;725;513;550;597;418 ~~~~~~~~~~~~~~~~~~ 08-28
04061455;05082033o;04335793;18170000113;07061955;23121749;242;796;618 ~~~~~~~~~~~~~~~~~~~~~~~~~~~~~~~~~~ 08-29
05061455;06082033o;05335793;19170000113;08061955;24121749;243;594;915;409 ~~~~~~~~~~~~~~~~~~~~~~~~~~~~~~ 08-30
06061455;07082033o;06335793;00000100113;09061955;25121749;244;595;618 ~~~~~~~~~~~~~~~~~~~~~~~~~~~~~~~~~~ 08-31
07061455;08082033o;07335793;01000100113;10061955;26121749;245;397 ~~~~~~~~~~~~~~~~~~~~~~~~~~~~~~~~~~~~~~ 09-01
08061455;09082033o;08335793;02000100113;11061955;27121749;246;596;727;908;619 ~~~~~~~~~~~~~~~~~~~~~~~~~~ 09-02
09061455;10082033o;09335793;03000100113;12061955;28121749;247;429;637;728 ~~~~~~~~~~~~~~~~~~~~~~~~~~~~~~ 09-03
10061455;11082033o;10335793;04000100113;13061955;29121749;248;430;421;619 ~~~~~~~~~~~~~~~~~~~~~~~~~~~~~~ 09-04
11061455;12082033o;11335793;05000100113;14061955;30121749;249;434;374;903;619 ~~~~~~~~~~~~~~~~~~~~~~~~~~ 09-05
12061455;13082033o;12335793;06000100113;15061955;01131749;250;435;897;418;619 ~~~~~~~~~~~~~~~~~~~~~~~~~~ 09-06
13061455;14082033o;13335793;07000100113;16061955;02131749;251;619 ~~~~~~~~~~~~~~~~~~~~~~~~~~~~~~~~~~~~~~ 09-07
14061455;15082033o;14335793;08000100113;17061955;03131749;252;730;389;520;551;570;619 ~~~~~~~~~~~~~~~~~~ 09-08
15061455;16082033o;15335793;09000100113;18061955;04131749;253;534;907 ~~~~~~~~~~~~~~~~~~~~~~~~~~~~~~~~~~ 09-09
16061455;17082033o;16335793;10000100113;19061955;05131749;254;514;619 ~~~~~~~~~~~~~~~~~~~~~~~~~~~~~~~~~~ 09-10
17061455;18082033o;17335793;11000100113;20061955;01011750;255;455;845;409;619 ~~~~~~~~~~~~~~~~~~~~~~~~~~ 09-11
18061455;19082033o;18335793;12000100113;21061955;02011750;256;729;847;846;619 ~~~~~~~~~~~~~~~~~~~~~~~~~~ 09-12
19061455;20082033o;19335793;13000100113;22061955;03011750;257;726 ~~~~~~~~~~~~~~~~~~~~~~~~~~~~~~~~~~~~~~ 09-13
20061455;21082033o;20335793;14000100113;23061955;04011750;258;421;619 ~~~~~~~~~~~~~~~~~~~~~~~~~~~~~~~~~~ 09-14
21061455;22082033o;21335793;15000100113;24061955;05011750;259;733;398;619 ~~~~~~~~~~~~~~~~~~~~~~~~~~~~~~ 09-15
22061455;23082033o;22335793;16000100113;25061955;06011750;260;734;619 ~~~~~~~~~~~~~~~~~~~~~~~~~~~~~~~~~~ 09-16
23061455;24082033o;23335793;17000100113;26061955;07011750;261;735;409;619;848 ~~~~~~~~~~~~~~~~~~~~~~~~~~ 09-17
24061455;25082033o;24335793;18000100113;27061955;08011750;262;731;619 ~~~~~~~~~~~~~~~~~~~~~~~~~~~~~~~~~~ 09-18
25061455;26082033o;25335793;19000100113;28061955;09011750;263;869;848 ~~~~~~~~~~~~~~~~~~~~~~~~~~~~~~~~~~ 09-19
26061455;27082033o;26335793;00010100113;29061955;10011750;264;732;619 ~~~~~~~~~~~~~~~~~~~~~~~~~~~~~~~~~~ 09-20
27061455;28082033o;27335793;01010100113;30061955;11011750;265;432;462;619;848 ~~~~~~~~~~~~~~~~~~~~~~~~~~ 09-21
28061455;29082033o;28335793;02010100113;31061955;12011750;266;423;619 ~~~~~~~~~~~~~~~~~~~~~~~~~~~~~~~~~~ 09-22
29061455;01092033o;29335793;03010100113;01071955;13011750;267;738;380;920;929;952;463;521;409;848 ~~~~~~ 09-23
01071455;02092033o;01015794;04010100113;02071955;14011750;268;739;743;895;521;574;619 ~~~~~~~~~~~~~~~~~~ 09-24
02071455;03092033o;02015794;05010100113;03071955;15011750;269;740;513;521;619;848 ~~~~~~~~~~~~~~~~~~~~~~ 09-25
03071455;04092033o;03015794;06010100113;04071955;16011750;270;736;619 ~~~~~~~~~~~~~~~~~~~~~~~~~~~~~~~~~~ 09-26
04071455;05092033o;04015794;07010100113;05071955;17011750;271;737;848 ~~~~~~~~~~~~~~~~~~~~~~~~~~~~~~~~~~ 09-27
05071455;06092033o;05015794;08010100113;06071955;18011750;272;742;790;619 ~~~~~~~~~~~~~~~~~~~~~~~~~~~~~~ 09-28
06071455;07092033o;06015794;09010100113;07071955;19011750;273;741;790;409 ~~~~~~~~~~~~~~~~~~~~~~~~~~~~~~ 09-29
07071455;08092033o;07015794;10010100113;08071955;20011750;274;790;853;619 ~~~~~~~~~~~~~~~~~~~~~~~~~~~~~~ 09-30
08071455;09092033o;08015794;11010100113;09071955;21011750;275;637;790;397;868;918;563;853 ~~~~~~~~~~~~~~ 10-01
09071455;10092033o;09015794;12010100113;10071955;22011750;276;749;790;548;885;919;853;620 ~~~~~~~~~~~~~~ 10-02
10071455;11092033o;10015794;13010100113;11071955;23011750;277;744;790;549;560;859;527;848 ~~~~~~~~~~~~~~ 10-03
11071455;12092033o;11015794;14010100113;12071955;24011750;278;745;790;436;899;620 ~~~~~~~~~~~~~~~~~~~~~~ 10-04
12071455;13092033o;12015794;15010100113;13071955;25011750;279;746;554;620 ~~~~~~~~~~~~~~~~~~~~~~~~~~~~~~ 10-05
13071455;14092033o;13015794;16010100113;14071955;26011750;280;747;620 ~~~~~~~~~~~~~~~~~~~~~~~~~~~~~~~~~~ 10-06
14071455;15092033o;14015794;17010100113;15071955;27011750;281;748;882;922;620;848 ~~~~~~~~~~~~~~~~~~~~~~ 10-07
15071455;16092033o;15015794;18010100113;16071955;28011750;282;754;391;390;514;532;541;949;523;620 ~~~~~~ 10-08
16071455;17092033o;16015794;19010100113;17071955;29011750;283;750;523 ~~~~~~~~~~~~~~~~~~~~~~~~~~~~~~~~~~ 10-09
17071455;18092033o;17015794;00020100113;18071955;30011750;284;751;367;523;620 ~~~~~~~~~~~~~~~~~~~~~~~~~~ 10-10
18071455;19092033o;18015794;01020100113;19071955;01021750;285;791;368;414;453;881;523;409 ~~~~~~~~~~~~~~ 10-11
19071455;20092033o;19015794;02020100113;20071955;02021750;286;752;523;620 ~~~~~~~~~~~~~~~~~~~~~~~~~~~~~~ 10-12
20071455;21092033o;20015794;03020100113;21071955;03021750;287;753;523;620 ~~~~~~~~~~~~~~~~~~~~~~~~~~~~~~ 10-13
21071455;22092033o;21015794;04020100113;22071955;04021750;288;398;499;523;421;620 ~~~~~~~~~~~~~~~~~~~~~~ 10-14
22071455;23092033o;22015794;05020100113;23071955;05021750;289;758;524 ~~~~~~~~~~~~~~~~~~~~~~~~~~~~~~~~~~ 10-15
23071455;24092033o;23015794;06020100113;24071955;06021750;290;399;525;620 ~~~~~~~~~~~~~~~~~~~~~~~~~~~~~~ 10-16
24071455;25092033o;24015794;07020100113;25071955;07021750;291;755;409;620 ~~~~~~~~~~~~~~~~~~~~~~~~~~~~~~ 10-17
25071455;26092033o;25015794;08020100113;26071955;08021750;292;756;911;620 ~~~~~~~~~~~~~~~~~~~~~~~~~~~~~~ 10-18
26071455;27092033o;26015794;09020100113;27071955;09021750;293;757;558;400;415 ~~~~~~~~~~~~~~~~~~~~~~~~~~ 10-19
27071455;28092033o;27015794;10020100113;28071955;10021750;294;631;431;779;784;509;784;620 ~~~~~~~~~~~~~~ 10-20
28071455;29092033o;28015794;11020100113;29071955;11021750;295;369;780;785;785 ~~~~~~~~~~~~~~~~~~~~~~~~~~ 10-21
29071455;30092033o;29015794;12020100113;30071955;12021750;296;759;513;781;786;893;786;400;620 ~~~~~~~~~~ 10-22
30071455;01102033o;30015794;13020100113;01081955;13021750;297;380;410;782;787 ~~~~~~~~~~~~~~~~~~~~~~~~~~ 10-23
01081455;02102033o;01025794;14020100113;02081955;14021750;298;371;783;787;620 ~~~~~~~~~~~~~~~~~~~~~~~~~~ 10-24
02081455;03102033o;02025794;15020100113;03081955;15021750;299;535;788;400 ~~~~~~~~~~~~~~~~~~~~~~~~~~~~~~ 10-25
03081455;04102033o;03025794;16020100113;04081955;16021750;300;620 ~~~~~~~~~~~~~~~~~~~~~~~~~~~~~~~~~~~~~~ 10-26
04081455;05102033o;04025794;17020100113;05081955;17021750;301;422 ~~~~~~~~~~~~~~~~~~~~~~~~~~~~~~~~~~~~~~ 10-27
05081455;06102033o;05025794;18020100113;06081955;18021750;302;849;620 ~~~~~~~~~~~~~~~~~~~~~~~~~~~~~~~~~~ 10-28
06081455;07102033o;06025794;19020100113;07081955;19021750;303;543 ~~~~~~~~~~~~~~~~~~~~~~~~~~~~~~~~~~~~~~ 10-29
07081455;08102033o;07025794;00030100113;08081955;20021750;304;397;620 ~~~~~~~~~~~~~~~~~~~~~~~~~~~~~~~~~~ 10-30
08081455;09102033o;08025794;01030100113;09081955;21021750;305;400 ~~~~~~~~~~~~~~~~~~~~~~~~~~~~~~~~~~~~~~ 10-31
09081455;10102033o;09025794;02030100113;10081955;22021750;306;621 ~~~~~~~~~~~~~~~~~~~~~~~~~~~~~~~~~~~~~~ 11-01
10081455;11102033o;10025794;03030100113;11081955;23021750;307;761;411;879 ~~~~~~~~~~~~~~~~~~~~~~~~~~~~~~ 11-02
11081455;12102033o;11025794;04030100113;12081955;24021750;308;762;547;400;621 ~~~~~~~~~~~~~~~~~~~~~~~~~~ 11-03
12081455;13102033o;12025794;05030100113;13081955;25021750;309;433;934 ~~~~~~~~~~~~~~~~~~~~~~~~~~~~~~~~~~ 11-04
13081455;14102033o;13025794;06030100113;14081955;26021750;310;637;763;514;825;621 ~~~~~~~~~~~~~~~~~~~~~~ 11-05
14081455;15102033o;14025794;07030100113;15081955;27021750;311;392;401;880;512 ~~~~~~~~~~~~~~~~~~~~~~~~~~ 11-06
15081455;16102033o;15025794;08030100113;16081955;28021750;312;760;621 ~~~~~~~~~~~~~~~~~~~~~~~~~~~~~~~~~~ 11-07
16081455;17102033o;16025794;09030100113;17081955;29021750;313 ~~~~~~~~~~~~~~~~~~~~~~~~~~~~~~~~~~~~~~~~~~ 11-08
17081455;18102033o;17025794;10030100113;18081955;30021750;314;621 ~~~~~~~~~~~~~~~~~~~~~~~~~~~~~~~~~~~~~~ 11-09
18081455;19102033o;18025794;11030100113;19081955;01031750;315;764 ~~~~~~~~~~~~~~~~~~~~~~~~~~~~~~~~~~~~~~ 11-10
19081455;20102033o;19025794;12030100113;20081955;02031750;316;621 ~~~~~~~~~~~~~~~~~~~~~~~~~~~~~~~~~~~~~~ 11-11
20081455;21102033o;20025794;13030100113;21081955;03031750;317;814;415 ~~~~~~~~~~~~~~~~~~~~~~~~~~~~~~~~~~ 11-12
21081455;22102033o;21025794;14030100113;22081955;04031750;318;398;437;876;621 ~~~~~~~~~~~~~~~~~~~~~~~~~~ 11-13
22081455;23102033o;22025794;15030100113;23081955;05031750;319 ~~~~~~~~~~~~~~~~~~~~~~~~~~~~~~~~~~~~~~~~~~ 11-14
23081455;24102033o;23025794;16030100113;24081955;06031750;320;621 ~~~~~~~~~~~~~~~~~~~~~~~~~~~~~~~~~~~~~~ 11-15
24081455;25102033o;24025794;17030100113;25081955;07031750;321;412 ~~~~~~~~~~~~~~~~~~~~~~~~~~~~~~~~~~~~~~ 11-16
25081455;26102033o;25025794;18030100113;26081955;08031750;322;766;936;621 ~~~~~~~~~~~~~~~~~~~~~~~~~~~~~~ 11-17
26081455;27102033o;26025794;19030100113;27081955;09031750;323;513 ~~~~~~~~~~~~~~~~~~~~~~~~~~~~~~~~~~~~~~ 11-18
27081455;28102033o;27025794;00040100113;28081955;10031750;324;767;621 ~~~~~~~~~~~~~~~~~~~~~~~~~~~~~~~~~~ 11-19
28081455;29102033o;28025794;01040100113;29081955;11031750;325;765;415 ~~~~~~~~~~~~~~~~~~~~~~~~~~~~~~~~~~ 11-20
29081455;30102033o;29025794;02040100113;30081955;12031750;326;380;928;621 ~~~~~~~~~~~~~~~~~~~~~~~~~~~~~~ 11-21
01091455;01112033o;30025794;03040100113;01091955;13031750;327;504;788 ~~~~~~~~~~~~~~~~~~~~~~~~~~~~~~~~~~ 11-22
02091455;02112033o;01035794;04040100113;02091955;14031750;328;769;412;621 ~~~~~~~~~~~~~~~~~~~~~~~~~~~~~~ 11-23
03091455;03112033o;02035794;05040100113;03091955;15031750;329;440 ~~~~~~~~~~~~~~~~~~~~~~~~~~~~~~~~~~~~~~ 11-24
04091455;04112033o;03035794;06040100113;04091955;16031750;330;441;621 ~~~~~~~~~~~~~~~~~~~~~~~~~~~~~~~~~~ 11-25
05091455;05112033o;04035794;07040100113;05091955;17031750;331;770;768 ~~~~~~~~~~~~~~~~~~~~~~~~~~~~~~~~~~ 11-26
06091455;06112033o;05035794;08040100113;06091955;18031750;332;944;589;621 ~~~~~~~~~~~~~~~~~~~~~~~~~~~~~~ 11-27
07091455;07112033o;06035794;09040100113;07091955;19031750;333;442;369 ~~~~~~~~~~~~~~~~~~~~~~~~~~~~~~~~~~ 11-28
08091455;08112033o;07035794;10040100113;08091955;20031750;334;771;397;621 ~~~~~~~~~~~~~~~~~~~~~~~~~~~~~~ 11-29
09091455;09112033o;08035794;11040100113;09091955;21031750;335;772;412;505 ~~~~~~~~~~~~~~~~~~~~~~~~~~~~~~ 11-30
10091455;10112033o;09035794;12040100113;10091955;22031750;336;812;622 ~~~~~~~~~~~~~~~~~~~~~~~~~~~~~~~~~~ 12-01
11091455;11112033o;10035794;13040100113;11091955;23031750;337;774;370;557;890;505 ~~~~~~~~~~~~~~~~~~~~~~ 12-02
12091455;12112033o;11035794;14040100113;12091955;24031750;338;637;775;622 ~~~~~~~~~~~~~~~~~~~~~~~~~~~~~~ 12-03
13091455;13112033o;12035794;15040100113;13091955;25031750;339;514;590 ~~~~~~~~~~~~~~~~~~~~~~~~~~~~~~~~~~ 12-04
14091455;14112033o;13035794;16040100113;14091955;26031750;340;395;545;418;622 ~~~~~~~~~~~~~~~~~~~~~~~~~~ 12-05
15091455;15112033o;14035794;17040100113;15091955;27031750;341;773;887;415 ~~~~~~~~~~~~~~~~~~~~~~~~~~~~~~ 12-06
16091455;16112033o;15035794;18040100113;16091955;28031750;342;622 ~~~~~~~~~~~~~~~~~~~~~~~~~~~~~~~~~~~~~~ 12-07
17091455;17112033o;16035794;19040100113;17091955;29031750;343;505 ~~~~~~~~~~~~~~~~~~~~~~~~~~~~~~~~~~~~~~ 12-08
18091455;18112033o;17035794;00050100113;18091955;30031750;344;622 ~~~~~~~~~~~~~~~~~~~~~~~~~~~~~~~~~~~~~~ 12-09
19091455;19112033o;18035794;01050100113;19091955;01041750;345;776 ~~~~~~~~~~~~~~~~~~~~~~~~~~~~~~~~~~~~~~ 12-10
20091455;20112033o;19035794;02050100113;20091955;02041750;346;777;591;622 ~~~~~~~~~~~~~~~~~~~~~~~~~~~~~~ 12-11
21091455;21112033o;20035794;03050100113;21091955;03041750;347;505 ~~~~~~~~~~~~~~~~~~~~~~~~~~~~~~~~~~~~~~ 12-12
22091455;22112033o;21035794;04050100113;22091955;04041750;348;398;622 ~~~~~~~~~~~~~~~~~~~~~~~~~~~~~~~~~~ 12-13
23091455;23112033o;22035794;05050100113;23091955;05041750;349;415;418 ~~~~~~~~~~~~~~~~~~~~~~~~~~~~~~~~~~ 12-14
24091455;24112033o;23035794;06050100113;24091955;06041750;350;622 ~~~~~~~~~~~~~~~~~~~~~~~~~~~~~~~~~~~~~~ 12-15
25091455;25112033o;24035794;07050100113;25091955;07041750;351;778;513;505 ~~~~~~~~~~~~~~~~~~~~~~~~~~~~~~ 12-16
26091455;26112033o;25035794;08050100113;26091955;08041750;352;917;516;622 ~~~~~~~~~~~~~~~~~~~~~~~~~~~~~~ 12-17
27091455;27112033o;26035794;09050100113;27091955;09041750;353;432;592;508;516 ~~~~~~~~~~~~~~~~~~~~~~~~~~ 12-18
28091455;28112033o;27035794;10050100113;28091955;10041750;354;516;622 ~~~~~~~~~~~~~~~~~~~~~~~~~~~~~~~~~~ 12-19
29091455;29112033o;28035794;11050100113;29091955;11041750;355;371;466;516 ~~~~~~~~~~~~~~~~~~~~~~~~~~~~~~ 12-20
30091455;30112033o;29035794;12050100113;30091955;12041750;356;380;426;506;516;622 ~~~~~~~~~~~~~~~~~~~~~~ 12-21
01101455;01312033o;30035794;13050100113;01101955;13041750;357;465;502 ~~~~~~~~~~~~~~~~~~~~~~~~~~~~~~~~~~ 12-22
02101455;02312033o;01045794;14050100113;02101955;14041750;358;516;418;622 ~~~~~~~~~~~~~~~~~~~~~~~~~~~~~~ 12-23
03101455;03312033o;02045794;15050100113;03101955;15041750;359;516 ~~~~~~~~~~~~~~~~~~~~~~~~~~~~~~~~~~~~~~ 12-24
04101455;04312033o;03045794;16050100113;04101955;16041750;360;838;516;622 ~~~~~~~~~~~~~~~~~~~~~~~~~~~~~~ 12-25
05101455;05312033o;04045794;17050100113;05101955;17041750;361 ~~~~~~~~~~~~~~~~~~~~~~~~~~~~~~~~~~~~~~~~~~ 12-26
06101455;06312033o;05045794;18050100113;06101955;18041750;362;622 ~~~~~~~~~~~~~~~~~~~~~~~~~~~~~~~~~~~~~~ 12-27
07101455;07312033o;06045794;19050100113;07101955;19041750;363;397;419 ~~~~~~~~~~~~~~~~~~~~~~~~~~~~~~~~~~ 12-28
08101455;08312033o;07045794;00060100113;08101955;20041750;364;622 ~~~~~~~~~~~~~~~~~~~~~~~~~~~~~~~~~~~~~~ 12-29
09101455;09312033o;08045794;01060100113;09101955;21041750;365 ~~~~~~~~~~~~~~~~~~~~~~~~~~~~~~~~~~~~~~~~~~ 12-30
10101455;10312033o;09045794;02060100113;10101955;22041750;366;622 ~~~~~~~~~~~~~~~~~~~~~~~~~~~~~~~~~~~~~~ 12-31
