01041505;03122081c;30035842;13001000313;11102003;23041798;001;399;611 ~~~~~~~~~~~~~~~~~~~~~~~~~~~~~~~~~~ 01-01
02041505;04122081c;01045842;14001000313;12102003;24041798;002;516 ~~~~~~~~~~~~~~~~~~~~~~~~~~~~~~~~~~~~~~ 01-02
03041505;05122081c;02045842;15001000313;13102003;25041798;003;637;516;611 ~~~~~~~~~~~~~~~~~~~~~~~~~~~~~~ 01-03
04041505;06122081c;03045842;16001000313;14102003;26041798;004;516 ~~~~~~~~~~~~~~~~~~~~~~~~~~~~~~~~~~~~~~ 01-04
05041505;07122081c;04045842;17001000313;15102003;27041798;005;372;433;513;611 ~~~~~~~~~~~~~~~~~~~~~~~~~~ 01-05
06041505;08122081c;05045842;18001000313;16102003;28041798;006;397 ~~~~~~~~~~~~~~~~~~~~~~~~~~~~~~~~~~~~~~ 01-06
07041505;09122081c;06045842;19001000313;17102003;29041798;007;611 ~~~~~~~~~~~~~~~~~~~~~~~~~~~~~~~~~~~~~~ 01-07
08041505;10122081c;07045842;00011000313;18102003;30041798;008 ~~~~~~~~~~~~~~~~~~~~~~~~~~~~~~~~~~~~~~~~~~ 01-08
09041505;11122081c;08045842;01011000313;19102003;01051798;009;611 ~~~~~~~~~~~~~~~~~~~~~~~~~~~~~~~~~~~~~~ 01-09
10041505;12122081c;09045842;02011000313;20102003;02051798;010;626;905;418 ~~~~~~~~~~~~~~~~~~~~~~~~~~~~~~ 01-10
11041505;13122081c;10045842;03011000313;21102003;03051798;011;627;611 ~~~~~~~~~~~~~~~~~~~~~~~~~~~~~~~~~~ 01-11
12041505;14122081c;11045842;04011000313;22102003;04051798;012;628 ~~~~~~~~~~~~~~~~~~~~~~~~~~~~~~~~~~~~~~ 01-12
13041505;15122081c;12045842;05011000313;23102003;05051798;013;629;611 ~~~~~~~~~~~~~~~~~~~~~~~~~~~~~~~~~~ 01-13
14041505;16122081c;13045842;06011000313;24102003;06051798;014;381;904 ~~~~~~~~~~~~~~~~~~~~~~~~~~~~~~~~~~ 01-14
15041505;17122081c;14045842;07011000313;25102003;07051798;015;631;611 ~~~~~~~~~~~~~~~~~~~~~~~~~~~~~~~~~~ 01-15
16041505;18122081c;15045842;08011000313;26102003;08051798;016;864 ~~~~~~~~~~~~~~~~~~~~~~~~~~~~~~~~~~~~~~ 01-16
17041505;19122081c;16045842;09011000313;27102003;09051798;017;630;514;916;611 ~~~~~~~~~~~~~~~~~~~~~~~~~~ 01-17
18041505;20122081c;17045842;10011000313;28102003;10051798;018;625 ~~~~~~~~~~~~~~~~~~~~~~~~~~~~~~~~~~~~~~ 01-18
19041505;21122081c;18045842;11011000313;29102003;11051798;019;492;418;611 ~~~~~~~~~~~~~~~~~~~~~~~~~~~~~~ 01-19
20041505;22122081c;19045842;12011000313;30102003;12051798;020 ~~~~~~~~~~~~~~~~~~~~~~~~~~~~~~~~~~~~~~~~~~ 01-20
21041505;23122081c;20045842;13011000313;01112003;13051798;021;398;401;611 ~~~~~~~~~~~~~~~~~~~~~~~~~~~~~~ 01-21
22041505;24122081c;21045842;14011000313;02112003;14051798;022 ~~~~~~~~~~~~~~~~~~~~~~~~~~~~~~~~~~~~~~~~~~ 01-22
23041505;25122081c;22045842;15011000313;03112003;15051798;023;376;611 ~~~~~~~~~~~~~~~~~~~~~~~~~~~~~~~~~~ 01-23
24041505;26122081c;23045842;16011000313;04112003;16051798;024;923;400 ~~~~~~~~~~~~~~~~~~~~~~~~~~~~~~~~~~ 01-24
25041505;27122081c;24045842;17011000313;05112003;17051798;025;635;453;611 ~~~~~~~~~~~~~~~~~~~~~~~~~~~~~~ 01-25
26041505;28122081c;25045842;18011000313;06112003;18051798;026;636 ~~~~~~~~~~~~~~~~~~~~~~~~~~~~~~~~~~~~~~ 01-26
27041505;29122081c;26045842;19011000313;07112003;19051798;027;400;580;611 ~~~~~~~~~~~~~~~~~~~~~~~~~~~~~~ 01-27
28041505;30122081c;27045842;00021000313;08112003;20051798;028;632;380;888;418 ~~~~~~~~~~~~~~~~~~~~~~~~~~ 01-28
29041505;01012082d;28045842;01021000313;09112003;21051798;029;479;490;611 ~~~~~~~~~~~~~~~~~~~~~~~~~~~~~~ 01-29
01051505;02012082d;29045842;02021000313;10112003;22051798;030;633;566;479;490;400 ~~~~~~~~~~~~~~~~~~~~~~ 01-30
02051505;03012082d;01055842;03021000313;11112003;23051798;031;634;566;611 ~~~~~~~~~~~~~~~~~~~~~~~~~~~~~~ 01-31
03051505;04012082d;02055842;03021000313;12112003;24051798;032;566 ~~~~~~~~~~~~~~~~~~~~~~~~~~~~~~~~~~~~~~ 02-01
04051505;05012082d;03055842;04021000313;13112003;25051798;033;437;513;940;566;400;612 ~~~~~~~~~~~~~~~~~~ 02-02
05051505;06012082d;04055842;05021000313;14112003;26051798;034 ~~~~~~~~~~~~~~~~~~~~~~~~~~~~~~~~~~~~~~~~~~ 02-03
06051505;07012082d;05055842;06021000313;15112003;27051798;035;612 ~~~~~~~~~~~~~~~~~~~~~~~~~~~~~~~~~~~~~~ 02-04
07051505;08012082d;06055842;07021000313;16112003;28051798;036;638;397;914;400 ~~~~~~~~~~~~~~~~~~~~~~~~~~ 02-05
08051505;09012082d;07055842;08021000313;17112003;29051798;037;639;536;612 ~~~~~~~~~~~~~~~~~~~~~~~~~~~~~~ 02-06
09051505;10012082d;08055842;09021000313;18112003;30051798;038;637;640 ~~~~~~~~~~~~~~~~~~~~~~~~~~~~~~~~~~ 02-07
10051505;11012082d;09055842;10021000313;19112003;01061798;039;400;581;612 ~~~~~~~~~~~~~~~~~~~~~~~~~~~~~~ 02-08
11051505;12012082d;10055842;11021000313;20112003;02061798;040;641;873 ~~~~~~~~~~~~~~~~~~~~~~~~~~~~~~~~~~ 02-09
12051505;13012082d;11055842;12021000313;21112003;03061798;041;612 ~~~~~~~~~~~~~~~~~~~~~~~~~~~~~~~~~~~~~~ 02-10
13051505;14012082d;12055842;13021000313;22112003;04061798;042;400 ~~~~~~~~~~~~~~~~~~~~~~~~~~~~~~~~~~~~~~ 02-11
14051505;15012082d;13055842;14021000313;23112003;05061798;043;642;382;612 ~~~~~~~~~~~~~~~~~~~~~~~~~~~~~~ 02-12
15051505;16012082d;14055842;15021000313;24112003;06061798;044;596;540;884;947 ~~~~~~~~~~~~~~~~~~~~~~~~~~ 02-13
16051505;17012082d;15055842;16021000313;25112003;07061798;045;643;514;400;612 ~~~~~~~~~~~~~~~~~~~~~~~~~~ 02-14
17051505;18012082d;16055842;17021000313;26112003;08061798;046 ~~~~~~~~~~~~~~~~~~~~~~~~~~~~~~~~~~~~~~~~~~ 02-15
18051505;19012082d;17055842;18021000313;27112003;09061798;047;450;612 ~~~~~~~~~~~~~~~~~~~~~~~~~~~~~~~~~~ 02-16
19051505;20012082d;18055842;19021000313;28112003;10061798;048;854;400 ~~~~~~~~~~~~~~~~~~~~~~~~~~~~~~~~~~ 02-17
20051505;21012082d;19055842;00031000313;29112003;11061798;049;432;854;612 ~~~~~~~~~~~~~~~~~~~~~~~~~~~~~~ 02-18
21051505;22012082d;20055842;01031000313;30112003;12061798;050;644;398;824 ~~~~~~~~~~~~~~~~~~~~~~~~~~~~~~ 02-19
22051505;23012082d;21055842;02031000313;01122003;13061798;051;645;612 ~~~~~~~~~~~~~~~~~~~~~~~~~~~~~~~~~~ 02-20
23051505;24012082d;22055842;03031000313;02122003;14061798;052 ~~~~~~~~~~~~~~~~~~~~~~~~~~~~~~~~~~~~~~~~~~ 02-21
24051505;25012082d;23055842;04031000313;03122003;15061798;053;612 ~~~~~~~~~~~~~~~~~~~~~~~~~~~~~~~~~~~~~~ 02-22
25051505;26012082d;24055842;05031000313;04122003;16061798;054;943;400 ~~~~~~~~~~~~~~~~~~~~~~~~~~~~~~~~~~ 02-23
26051505;27012082d;25055842;06031000313;05122003;17061798;055;646;612 ~~~~~~~~~~~~~~~~~~~~~~~~~~~~~~~~~~ 02-24
27051505;28012082d;26055842;07031000313;06122003;18061798;056;886 ~~~~~~~~~~~~~~~~~~~~~~~~~~~~~~~~~~~~~~ 02-25
28051505;29012082d;27055842;08031000313;07122003;19061798;057;647;648;612 ~~~~~~~~~~~~~~~~~~~~~~~~~~~~~~ 02-26
29051505;01022082d;28055842;09031000313;08122003;20061798;058;649;380;932;950 ~~~~~~~~~~~~~~~~~~~~~~~~~~ 02-27
30051505;02022082d;29055842;10031000313;09122003;21061798;059;650;612 ~~~~~~~~~~~~~~~~~~~~~~~~~~~~~~~~~~ 02-28
01061505;03022082d;30055842;14031000313;10122003;22061798;061;655;400 ~~~~~~~~~~~~~~~~~~~~~~~~~~~~~~~~~~ 03-01
02061505;04022082d;01065842;15031000313;11122003;23061798;062;513;613 ~~~~~~~~~~~~~~~~~~~~~~~~~~~~~~~~~~ 03-02
03061505;05022082d;02065842;16031000313;12122003;24061798;063;443 ~~~~~~~~~~~~~~~~~~~~~~~~~~~~~~~~~~~~~~ 03-03
04061505;06022082d;03065842;17031000313;13122003;25061798;064;444;823;400;613 ~~~~~~~~~~~~~~~~~~~~~~~~~~ 03-04
05061505;07022082d;04065842;18031000313;14122003;26061798;065;653;613 ~~~~~~~~~~~~~~~~~~~~~~~~~~~~~~~~~~ 03-05
06061505;08022082d;05065842;19031000313;15122003;27061798;066;654;831;613 ~~~~~~~~~~~~~~~~~~~~~~~~~~~~~~ 03-06
07061505;09022082d;06065842;00041000313;16122003;28061798;067;637;397;400;613 ~~~~~~~~~~~~~~~~~~~~~~~~~~ 03-07
08061505;10022082d;07065842;01041000313;17122003;29061798;068;613 ~~~~~~~~~~~~~~~~~~~~~~~~~~~~~~~~~~~~~~ 03-08
09061505;11022082d;08065842;02041000313;18122003;30061798;069;613 ~~~~~~~~~~~~~~~~~~~~~~~~~~~~~~~~~~~~~~ 03-09
10061505;12022082d;09065842;03041000313;19122003;01071798;070;400;613 ~~~~~~~~~~~~~~~~~~~~~~~~~~~~~~~~~~ 03-10
11061505;13022082d;10065842;04041000313;20122003;02071798;071;517;613 ~~~~~~~~~~~~~~~~~~~~~~~~~~~~~~~~~~ 03-11
12061505;14022082d;11065842;05041000313;21122003;03071798;072;656;613 ~~~~~~~~~~~~~~~~~~~~~~~~~~~~~~~~~~ 03-12
13061505;15022082d;12065842;06041000313;22122003;04071798;073 ~~~~~~~~~~~~~~~~~~~~~~~~~~~~~~~~~~~~~~~~~~ 03-13
14061505;16022082d;13065842;07041000313;23122003;05071798;074;383;544;623;906;613 ~~~~~~~~~~~~~~~~~~~~~~ 03-14
15061505;17022082d;14065842;08041000313;24122003;06071798;075;514;598;519;613 ~~~~~~~~~~~~~~~~~~~~~~~~~~ 03-15
16061505;18022082d;15065842;09041000313;25122003;07071798;076;562;400;613 ~~~~~~~~~~~~~~~~~~~~~~~~~~~~~~ 03-16
17061505;19022082d;16065842;10041000313;26122003;08071798;077;657;562;613 ~~~~~~~~~~~~~~~~~~~~~~~~~~~~~~ 03-17
18061505;20022082d;17065842;11041000313;27122003;09071798;078;562;613 ~~~~~~~~~~~~~~~~~~~~~~~~~~~~~~~~~~ 03-18
19061505;21022082d;18065842;12041000313;28122003;10071798;079;658;466;613 ~~~~~~~~~~~~~~~~~~~~~~~~~~~~~~ 03-19
20061505;22022082d;19065842;13041000313;29122003;11071798;080;596;424;613 ~~~~~~~~~~~~~~~~~~~~~~~~~~~~~~ 03-20
21061505;23022082d;20065842;14041000313;30122003;12071798;081;398;533;924;459 ~~~~~~~~~~~~~~~~~~~~~~~~~~ 03-21
22061505;24022082d;21065842;15041000313;01012004;13071798;082;851;613 ~~~~~~~~~~~~~~~~~~~~~~~~~~~~~~~~~~ 03-22
23061505;25022082d;22065842;16041000313;02012004;14071798;083;418;613 ~~~~~~~~~~~~~~~~~~~~~~~~~~~~~~~~~~ 03-23
24061505;26022082d;23065842;17041000313;03012004;15071798;084;659;900;613 ~~~~~~~~~~~~~~~~~~~~~~~~~~~~~~ 03-24
25061505;27022082d;24065842;18041000313;04012004;16071798;085;660;400;613 ~~~~~~~~~~~~~~~~~~~~~~~~~~~~~~ 03-25
26061505;28022082d;25065842;19041000313;05012004;17071798;086;613 ~~~~~~~~~~~~~~~~~~~~~~~~~~~~~~~~~~~~~~ 03-26
27061505;29022082d;26065842;00051000313;06012004;18071798;087 ~~~~~~~~~~~~~~~~~~~~~~~~~~~~~~~~~~~~~~~~~~ 03-27
28061505;30022082d;27065842;01051000313;07012004;19071798;088;400;613 ~~~~~~~~~~~~~~~~~~~~~~~~~~~~~~~~~~ 03-28
29061505;01032082d;28065842;02051000313;08012004;20071798;089;652;380;513;613 ~~~~~~~~~~~~~~~~~~~~~~~~~~ 03-29
01071505;02032082d;29065842;03051000313;09012004;21071798;090;538;559;935;852;613 ~~~~~~~~~~~~~~~~~~~~~~ 03-30
02071505;03032082d;01075842;04051000313;10012004;22071798;091 ~~~~~~~~~~~~~~~~~~~~~~~~~~~~~~~~~~~~~~~~~~ 03-31
03071505;04032082d;02075842;05051000313;11012004;23071798;092;663;555;577;614 ~~~~~~~~~~~~~~~~~~~~~~~~~~ 04-01
04071505;05032082d;03075842;06051000313;12012004;24071798;093 ~~~~~~~~~~~~~~~~~~~~~~~~~~~~~~~~~~~~~~~~~~ 04-02
05071505;06032082d;04075842;07051000313;13012004;25071798;094;433;830;614 ~~~~~~~~~~~~~~~~~~~~~~~~~~~~~~ 04-03
06071505;07032082d;05075842;08051000313;14012004;26071798;095;637;661;945;571;614 ~~~~~~~~~~~~~~~~~~~~~~ 04-04
07071505;08032082d;06075842;09051000313;15012004;27071798;096;662;614 ~~~~~~~~~~~~~~~~~~~~~~~~~~~~~~~~~~ 04-05
08071505;09032082d;07075842;10051000313;16012004;28071798;097;651;397;400 ~~~~~~~~~~~~~~~~~~~~~~~~~~~~~~ 04-06
09071505;10032082d;08075842;11051000313;17012004;29071798;098;576;651;933;614 ~~~~~~~~~~~~~~~~~~~~~~~~~~ 04-07
10071505;11032082d;09075842;12051000313;18012004;30071798;099;614;651 ~~~~~~~~~~~~~~~~~~~~~~~~~~~~~~~~~~ 04-08
11071505;12032082d;10075842;13051000313;19012004;01081798;100;877;400;651;614 ~~~~~~~~~~~~~~~~~~~~~~~~~~ 04-09
12071505;13032082d;11075842;14051000313;20012004;02081798;101;818;418;614;651 ~~~~~~~~~~~~~~~~~~~~~~~~~~ 04-10
13071505;14032082d;12075842;15051000313;21012004;03081798;102;651;614 ~~~~~~~~~~~~~~~~~~~~~~~~~~~~~~~~~~ 04-11
14071505;15032082d;13075842;16051000313;22012004;04081798;103;493;384;514;400;614 ~~~~~~~~~~~~~~~~~~~~~~ 04-12
15071505;16032082d;14075842;17051000313;23012004;05081798;104;539;575;614 ~~~~~~~~~~~~~~~~~~~~~~~~~~~~~~ 04-13
16071505;17032082d;15075842;18051000313;24012004;06081798;105;419;436;515 ~~~~~~~~~~~~~~~~~~~~~~~~~~~~~~ 04-14
17071505;18032082d;16075842;19051000313;25012004;07081798;106;614 ~~~~~~~~~~~~~~~~~~~~~~~~~~~~~~~~~~~~~~ 04-15
18071505;19032082d;17075842;00061000313;26012004;08081798;107;631;664 ~~~~~~~~~~~~~~~~~~~~~~~~~~~~~~~~~~ 04-16
19071505;20032082d;18075842;01061000313;27012004;09081798;108;445;665;614 ~~~~~~~~~~~~~~~~~~~~~~~~~~~~~~ 04-17
20071505;21032082d;19075842;02061000313;28012004;10081798;109;446;666;400;614 ~~~~~~~~~~~~~~~~~~~~~~~~~~ 04-18
21071505;22032082d;20075842;03061000313;29012004;11081798;110;447;398;614 ~~~~~~~~~~~~~~~~~~~~~~~~~~~~~~ 04-19
22071505;23032082d;21075842;04061000313;30012004;12081798;111;448;794 ~~~~~~~~~~~~~~~~~~~~~~~~~~~~~~~~~~ 04-20
23071505;24032082d;22075842;05061000313;01022004;13081798;112;400;614 ~~~~~~~~~~~~~~~~~~~~~~~~~~~~~~~~~~ 04-21
24071505;25032082d;23075842;06061000313;02022004;14081798;113 ~~~~~~~~~~~~~~~~~~~~~~~~~~~~~~~~~~~~~~~~~~ 04-22
25071505;26032082d;24075842;07061000313;03022004;15081798;114;667;939;614 ~~~~~~~~~~~~~~~~~~~~~~~~~~~~~~ 04-23
26071505;27032082d;25075842;08061000313;04022004;16081798;115;671;399;614 ~~~~~~~~~~~~~~~~~~~~~~~~~~~~~~ 04-24
27071505;28032082d;26075842;09061000313;05022004;17081798;116;668;513;509;614 ~~~~~~~~~~~~~~~~~~~~~~~~~~ 04-25
28071505;29032082d;27075842;10061000313;06022004;18081798;117;669;526 ~~~~~~~~~~~~~~~~~~~~~~~~~~~~~~~~~~ 04-26
29071505;30032082d;28075842;11061000313;07022004;19081798;118;380;928;614 ~~~~~~~~~~~~~~~~~~~~~~~~~~~~~~ 04-27
30071505;01042082d;29075842;12061000313;08022004;20081798;119;614 ~~~~~~~~~~~~~~~~~~~~~~~~~~~~~~~~~~~~~~ 04-28
01081505;02042082d;30075842;13061000313;09022004;21081798;120;670;614 ~~~~~~~~~~~~~~~~~~~~~~~~~~~~~~~~~~ 04-29
02081505;03042082d;01085842;14061000313;10022004;22081798;121;902 ~~~~~~~~~~~~~~~~~~~~~~~~~~~~~~~~~~~~~~ 04-30
03081505;04042082d;02085842;15061000313;11022004;23081798;122;679;510;615 ~~~~~~~~~~~~~~~~~~~~~~~~~~~~~~ 05-01
04081505;05042082d;03085842;16061000313;12022004;24081798;123;637;672 ~~~~~~~~~~~~~~~~~~~~~~~~~~~~~~~~~~ 05-02
05081505;06042082d;04085842;17061000313;13022004;25081798;124;673;528;615 ~~~~~~~~~~~~~~~~~~~~~~~~~~~~~~ 05-03
06081505;07042082d;05085842;18061000313;14022004;26081798;125;674;553;529 ~~~~~~~~~~~~~~~~~~~~~~~~~~~~~~ 05-04
07081505;08042082d;06085842;19061000313;15022004;27081798;126;675;397;615 ~~~~~~~~~~~~~~~~~~~~~~~~~~~~~~ 05-05
08081505;09042082d;07085842;00071000313;16022004;28081798;127;676 ~~~~~~~~~~~~~~~~~~~~~~~~~~~~~~~~~~~~~~ 05-06
09081505;10042082d;08085842;01071000313;17022004;29081798;128;677;927;615 ~~~~~~~~~~~~~~~~~~~~~~~~~~~~~~ 05-07
10081505;11042082d;09085842;02071000313;18022004;30081798;129;678;868;889 ~~~~~~~~~~~~~~~~~~~~~~~~~~~~~~ 05-08
11081505;12042082d;10085842;03071000313;19022004;01091798;130;681;680;554;615 ~~~~~~~~~~~~~~~~~~~~~~~~~~ 05-09
12081505;13042082d;11085842;04071000313;20022004;02091798;131;451 ~~~~~~~~~~~~~~~~~~~~~~~~~~~~~~~~~~~~~~ 05-10
13081505;14042082d;12085842;05071000313;21022004;03091798;132;682;514;816;894;615 ~~~~~~~~~~~~~~~~~~~~~~ 05-11
14081505;15042082d;13085842;06071000313;22022004;04091798;133;385;537;937;512 ~~~~~~~~~~~~~~~~~~~~~~~~~~ 05-12
15081505;16042082d;14085842;07071000313;23022004;05091798;134;683;892;615 ~~~~~~~~~~~~~~~~~~~~~~~~~~~~~~ 05-13
16081505;17042082d;15085842;08071000313;24022004;06091798;135;458 ~~~~~~~~~~~~~~~~~~~~~~~~~~~~~~~~~~~~~~ 05-14
17081505;18042082d;16085842;09071000313;25022004;07091798;136;686;573;615 ~~~~~~~~~~~~~~~~~~~~~~~~~~~~~~ 05-15
18081505;19042082d;17085842;10071000313;26022004;08091798;137;687;573 ~~~~~~~~~~~~~~~~~~~~~~~~~~~~~~~~~~ 05-16
19081505;20042082d;18085842;11071000313;27022004;09091798;138;684;432;518;573;615 ~~~~~~~~~~~~~~~~~~~~~~ 05-17
20081505;21042082d;19085842;12071000313;28022004;10091798;139;789;401;414 ~~~~~~~~~~~~~~~~~~~~~~~~~~~~~~ 05-18
21081505;22042082d;20085842;13071000313;29022004;11091798;140;398;615 ~~~~~~~~~~~~~~~~~~~~~~~~~~~~~~~~~~ 05-19
22081505;23042082d;21085842;14071000313;30022004;12091798;141;685 ~~~~~~~~~~~~~~~~~~~~~~~~~~~~~~~~~~~~~~ 05-20
23081505;24042082d;22085842;15071000313;31022004;13091798;142;797;615 ~~~~~~~~~~~~~~~~~~~~~~~~~~~~~~~~~~ 05-21
24081505;25042082d;23085842;16071000313;01032004;14091798;143;689 ~~~~~~~~~~~~~~~~~~~~~~~~~~~~~~~~~~~~~~ 05-22
25081505;26042082d;24085842;17071000313;02032004;15091798;144;439;798;513;530;615 ~~~~~~~~~~~~~~~~~~~~~~ 05-23
26081505;27042082d;25085842;18071000313;03032004;16091798;145;439;624;400 ~~~~~~~~~~~~~~~~~~~~~~~~~~~~~~ 05-24
27081505;28042082d;26085842;19071000313;04032004;17091798;146;438;624;615 ~~~~~~~~~~~~~~~~~~~~~~~~~~~~~~ 05-25
28081505;29042082d;27085842;00081000313;05032004;18091798;147;624 ~~~~~~~~~~~~~~~~~~~~~~~~~~~~~~~~~~~~~~ 05-26
29081505;30042082d;28085842;01081000313;06032004;19091798;148;688;380;921;942;624;400;615 ~~~~~~~~~~~~~~ 05-27
01091505;01052082d;29085842;02081000313;07032004;20091798;149;494;504;624 ~~~~~~~~~~~~~~~~~~~~~~~~~~~~~~ 05-28
02091505;02052082d;01095842;03081000313;08032004;21091798;150;624;615 ~~~~~~~~~~~~~~~~~~~~~~~~~~~~~~~~~~ 05-29
03091505;03052082d;02095842;04081000313;09032004;22091798;151;624;400 ~~~~~~~~~~~~~~~~~~~~~~~~~~~~~~~~~~ 05-30
04091505;04052082d;03095842;05081000313;10032004;23091798;152;615 ~~~~~~~~~~~~~~~~~~~~~~~~~~~~~~~~~~~~~~ 05-31
05091505;05052082d;04095842;06081000313;11032004;24091798;153;437;564;605 ~~~~~~~~~~~~~~~~~~~~~~~~~~~~~~ 06-01
06091505;06052082d;05095842;07081000313;12032004;25091798;154;694;616 ~~~~~~~~~~~~~~~~~~~~~~~~~~~~~~~~~~ 06-02
07091505;07052082d;06095842;08081000313;13032004;26091798;155;691;397;522;415;616 ~~~~~~~~~~~~~~~~~~~~~~ 06-03
08091505;08052082d;07095842;09081000313;14032004;27091798;156;829;616 ~~~~~~~~~~~~~~~~~~~~~~~~~~~~~~~~~~ 06-04
09091505;09052082d;08095842;10081000313;15032004;28091798;157;692;400;616 ~~~~~~~~~~~~~~~~~~~~~~~~~~~~~~ 06-05
10091505;10052082d;09095842;11081000313;16032004;29091798;158;637;693;552;616 ~~~~~~~~~~~~~~~~~~~~~~~~~~ 06-06
11091505;11052082d;10095842;12081000313;17032004;30091798;159;449;690;896;616 ~~~~~~~~~~~~~~~~~~~~~~~~~~ 06-07
12091505;12052082d;11095842;13081000313;18032004;01101798;160;514;400;616 ~~~~~~~~~~~~~~~~~~~~~~~~~~~~~~ 06-08
13091505;13052082d;12095842;14081000313;19032004;02101798;161;696 ~~~~~~~~~~~~~~~~~~~~~~~~~~~~~~~~~~~~~~ 06-09
14091505;14052082d;13095842;15081000313;20032004;03101798;162;386;874;941;616 ~~~~~~~~~~~~~~~~~~~~~~~~~~ 06-10
15091505;15052082d;14095842;16081000313;21032004;04101798;163;569;400;415 ~~~~~~~~~~~~~~~~~~~~~~~~~~~~~~ 06-11
16091505;16052082d;15095842;17081000313;22032004;05101798;164;569;616 ~~~~~~~~~~~~~~~~~~~~~~~~~~~~~~~~~~ 06-12
17091505;17052082d;16095842;18081000313;23032004;06101798;165;697;799;616 ~~~~~~~~~~~~~~~~~~~~~~~~~~~~~~ 06-13
18091505;18052082d;17095842;19081000313;24032004;07101798;166;695;833;400;616 ~~~~~~~~~~~~~~~~~~~~~~~~~~ 06-14
19091505;19052082d;18095842;00091000313;25032004;08101798;167 ~~~~~~~~~~~~~~~~~~~~~~~~~~~~~~~~~~~~~~~~~~ 06-15
20091505;20052082d;19095842;01091000313;26032004;09101798;168;616 ~~~~~~~~~~~~~~~~~~~~~~~~~~~~~~~~~~~~~~ 06-16
21091505;21052082d;20095842;02091000313;27032004;10101798;169;398 ~~~~~~~~~~~~~~~~~~~~~~~~~~~~~~~~~~~~~~ 06-17
22091505;22052082d;21095842;03091000313;28032004;11101798;170;698;616 ~~~~~~~~~~~~~~~~~~~~~~~~~~~~~~~~~~ 06-18
23091505;23052082d;22095842;04091000313;29032004;12101798;171;701;699;411;513;700;415 ~~~~~~~~~~~~~~~~~~ 06-19
24091505;24052082d;23095842;05091000313;30032004;13101798;172;460;400;616 ~~~~~~~~~~~~~~~~~~~~~~~~~~~~~~ 06-20
25091505;25052082d;24095842;06091000313;31032004;14101798;173;452;452;425;505;616 ~~~~~~~~~~~~~~~~~~~~~~ 06-21
26091505;26052082d;25095842;07091000313;01042004;15101798;174;946;461;616 ~~~~~~~~~~~~~~~~~~~~~~~~~~~~~~ 06-22
27091505;27052082d;26095842;08091000313;02042004;16101798;175;508;400 ~~~~~~~~~~~~~~~~~~~~~~~~~~~~~~~~~~ 06-23
28091505;28052082d;27095842;09091000313;03042004;17101798;176;704;616 ~~~~~~~~~~~~~~~~~~~~~~~~~~~~~~~~~~ 06-24
29091505;29052082d;28095842;10091000313;04042004;18101798;177;380;616 ~~~~~~~~~~~~~~~~~~~~~~~~~~~~~~~~~~ 06-25
30091505;01062082d;29095842;11091000313;05042004;19101798;178;703;507;506;400;412;616 ~~~~~~~~~~~~~~~~~~ 06-26
01101505;02062082d;30095842;12091000313;06042004;20101798;179;702;502 ~~~~~~~~~~~~~~~~~~~~~~~~~~~~~~~~~~ 06-27
02101505;03062082d;01105842;13091000313;07042004;21101798;180;870;616 ~~~~~~~~~~~~~~~~~~~~~~~~~~~~~~~~~~ 06-28
03101505;04062082d;02105842;14091000313;08042004;22101798;181;815;400 ~~~~~~~~~~~~~~~~~~~~~~~~~~~~~~~~~~ 06-29
04101505;05062082d;03105842;15091000313;09042004;23101798;182;433;616 ~~~~~~~~~~~~~~~~~~~~~~~~~~~~~~~~~~ 06-30
05101505;06062082d;04105842;16091000313;10042004;24101798;183 ~~~~~~~~~~~~~~~~~~~~~~~~~~~~~~~~~~~~~~~~~~ 07-01
06101505;07062082d;05105842;17091000313;11042004;25101798;184;397;802;400;617 ~~~~~~~~~~~~~~~~~~~~~~~~~~ 07-02
07101505;08062082d;06105842;18091000313;12042004;26101798;185;565;412 ~~~~~~~~~~~~~~~~~~~~~~~~~~~~~~~~~~ 07-03
08101505;09062082d;07105842;19091000313;13042004;27101798;186;637;705;840;373;514;565;617 ~~~~~~~~~~~~~~ 07-04
09101505;10062082d;08105842;00101000313;14042004;28101798;187;795;400;617 ~~~~~~~~~~~~~~~~~~~~~~~~~~~~~~ 07-05
10101505;11062082d;09105842;01101000313;15042004;29101798;188;546;617 ~~~~~~~~~~~~~~~~~~~~~~~~~~~~~~~~~~ 07-06
11101505;12062082d;10105842;02101000313;16042004;30101798;189;617 ~~~~~~~~~~~~~~~~~~~~~~~~~~~~~~~~~~~~~~ 07-07
12101505;13062082d;11105842;03101000313;17042004;01111798;190;400;617 ~~~~~~~~~~~~~~~~~~~~~~~~~~~~~~~~~~ 07-08
13101505;14062082d;12105842;04101000313;18042004;02111798;191;387;617 ~~~~~~~~~~~~~~~~~~~~~~~~~~~~~~~~~~ 07-09
14101505;15062082d;13105842;05101000313;19042004;03111798;192;531;561;617 ~~~~~~~~~~~~~~~~~~~~~~~~~~~~~~ 07-10
15101505;16062082d;14105842;06101000313;20042004;04111798;193;706;400 ~~~~~~~~~~~~~~~~~~~~~~~~~~~~~~~~~~ 07-11
16101505;17062082d;15105842;07101000313;21042004;05111798;194;617 ~~~~~~~~~~~~~~~~~~~~~~~~~~~~~~~~~~~~~~ 07-12
17101505;18062082d;16105842;08101000313;22042004;06111798;195;707;617 ~~~~~~~~~~~~~~~~~~~~~~~~~~~~~~~~~~ 07-13
18101505;19062082d;17105842;09101000313;23042004;07111798;196;400;617 ~~~~~~~~~~~~~~~~~~~~~~~~~~~~~~~~~~ 07-14
19101505;20062082d;18105842;10101000313;24042004;08111798;197;711;821 ~~~~~~~~~~~~~~~~~~~~~~~~~~~~~~~~~~ 07-15
20101505;21062082d;19105842;11101000313;25042004;09111798;198;631;617 ~~~~~~~~~~~~~~~~~~~~~~~~~~~~~~~~~~ 07-16
21101505;22062082d;20105842;12101000313;26042004;10111798;199;596;398;420;513;400;617 ~~~~~~~~~~~~~~~~~~ 07-17
22101505;23062082d;21105842;13101000313;27042004;11111798;200;708;617 ~~~~~~~~~~~~~~~~~~~~~~~~~~~~~~~~~~ 07-18
23101505;24062082d;22105842;14101000313;28042004;12111798;201;709;817 ~~~~~~~~~~~~~~~~~~~~~~~~~~~~~~~~~~ 07-19
24101505;25062082d;23105842;15101000313;29042004;13111798;202;710;400;617 ~~~~~~~~~~~~~~~~~~~~~~~~~~~~~~ 07-20
25101505;26062082d;24105842;16101000313;30042004;14111798;203;878;415 ~~~~~~~~~~~~~~~~~~~~~~~~~~~~~~~~~~ 07-21
26101505;27062082d;25105842;17101000313;31042004;15111798;204;617 ~~~~~~~~~~~~~~~~~~~~~~~~~~~~~~~~~~~~~~ 07-22
27101505;28062082d;26105842;18101000313;01052004;16111798;205;712;400;617 ~~~~~~~~~~~~~~~~~~~~~~~~~~~~~~ 07-23
28101505;29062082d;27105842;19101000313;02052004;17111798;206;617 ~~~~~~~~~~~~~~~~~~~~~~~~~~~~~~~~~~~~~~ 07-24
29101505;01072082d;28105842;00111000313;03052004;18111798;207;713;380 ~~~~~~~~~~~~~~~~~~~~~~~~~~~~~~~~~~ 07-25
01111505;02072082d;29105842;01111000313;04052004;19111798;208;714;617 ~~~~~~~~~~~~~~~~~~~~~~~~~~~~~~~~~~ 07-26
02111505;03072082d;01115842;02111000313;05052004;20111798;209;421;617 ~~~~~~~~~~~~~~~~~~~~~~~~~~~~~~~~~~ 07-27
03111505;04072082d;02115842;03111000313;06052004;21111798;210;579;617 ~~~~~~~~~~~~~~~~~~~~~~~~~~~~~~~~~~ 07-28
04111505;05072082d;03115842;04111000313;07052004;22111798;211;866;400;617 ~~~~~~~~~~~~~~~~~~~~~~~~~~~~~~ 07-29
05111505;06072082d;04115842;05111000313;08052004;23111798;212;715;514;891;617 ~~~~~~~~~~~~~~~~~~~~~~~~~~ 07-30
06111505;07072082d;05115842;06111000313;09052004;24111798;213;716;572 ~~~~~~~~~~~~~~~~~~~~~~~~~~~~~~~~~~ 07-31
07111505;08072082d;06115842;07111000313;10052004;25111798;214;637;720;397;400;618 ~~~~~~~~~~~~~~~~~~~~~~ 08-01
08111505;09072082d;07115842;08111000313;11052004;26111798;215;717;405 ~~~~~~~~~~~~~~~~~~~~~~~~~~~~~~~~~~ 08-02
09111505;10072082d;08115842;09111000313;12052004;27111798;216;838;618 ~~~~~~~~~~~~~~~~~~~~~~~~~~~~~~~~~~ 08-03
10111505;11072082d;09115842;10111000313;13052004;28111798;217;718;926 ~~~~~~~~~~~~~~~~~~~~~~~~~~~~~~~~~~ 08-04
11111505;12072082d;10115842;11111000313;14052004;29111798;218;618 ~~~~~~~~~~~~~~~~~~~~~~~~~~~~~~~~~~~~~~ 08-05
12111505;13072082d;11115842;12111000313;15052004;30111798;219;415 ~~~~~~~~~~~~~~~~~~~~~~~~~~~~~~~~~~~~~~ 08-06
13111505;14072082d;12115842;13111000313;16052004;01121798;220;719;938;567;400;406;412;618 ~~~~~~~~~~~~~~ 08-07
14111505;15072082d;13115842;14111000313;17052004;02121798;221;723;388;542;556;909;910;925;948;567 ~~~~~~ 08-08
15111505;16072082d;14115842;15111000313;18052004;03121798;222;721;618 ~~~~~~~~~~~~~~~~~~~~~~~~~~~~~~~~~~ 08-09
16111505;17072082d;15115842;16111000313;19052004;04121798;223;400 ~~~~~~~~~~~~~~~~~~~~~~~~~~~~~~~~~~~~~~ 08-10
17111505;18072082d;16115842;17111000313;20052004;05121798;224;875;618 ~~~~~~~~~~~~~~~~~~~~~~~~~~~~~~~~~~ 08-11
18111505;19072082d;17115842;18111000313;21052004;06121798;225;722;406 ~~~~~~~~~~~~~~~~~~~~~~~~~~~~~~~~~~ 08-12
19111505;20072082d;18115842;19111000313;22052004;07121798;226;432;436;400;618 ~~~~~~~~~~~~~~~~~~~~~~~~~~ 08-13
20111505;21072082d;19115842;00121000313;23052004;08121798;227;513 ~~~~~~~~~~~~~~~~~~~~~~~~~~~~~~~~~~~~~~ 08-14
21111505;22072082d;20115842;01121000313;24052004;09121798;228;724;618 ~~~~~~~~~~~~~~~~~~~~~~~~~~~~~~~~~~ 08-15
22111505;23072082d;21115842;02121000313;25052004;10121798;229;398;872;400 ~~~~~~~~~~~~~~~~~~~~~~~~~~~~~~ 08-16
23111505;24072082d;22115842;03121000313;26052004;11121798;230;871;406;618 ~~~~~~~~~~~~~~~~~~~~~~~~~~~~~~ 08-17
24111505;25072082d;23115842;04121000313;27052004;12121798;231 ~~~~~~~~~~~~~~~~~~~~~~~~~~~~~~~~~~~~~~~~~~ 08-18
25111505;26072082d;24115842;05121000313;28052004;13121798;232;400;618 ~~~~~~~~~~~~~~~~~~~~~~~~~~~~~~~~~~ 08-19
26111505;27072082d;25115842;06121000313;29052004;14121798;233;503 ~~~~~~~~~~~~~~~~~~~~~~~~~~~~~~~~~~~~~~ 08-20
27111505;28072082d;26115842;07121000313;30052004;15121798;234;618 ~~~~~~~~~~~~~~~~~~~~~~~~~~~~~~~~~~~~~~ 08-21
28111505;29072082d;27115842;08121000313;31052004;16121798;235;406 ~~~~~~~~~~~~~~~~~~~~~~~~~~~~~~~~~~~~~~ 08-22
29111505;30072082d;28115842;09121000313;01062004;17121798;236;380;618 ~~~~~~~~~~~~~~~~~~~~~~~~~~~~~~~~~~ 08-23
30111505;01272082d;29115842;10121000313;02062004;18121798;237;408;928;930;953 ~~~~~~~~~~~~~~~~~~~~~~~~~~ 08-24
01121505;02272082d;30115842;11121000313;03062004;19121798;238;618 ~~~~~~~~~~~~~~~~~~~~~~~~~~~~~~~~~~~~~~ 08-25
02121505;03272082d;01125842;12121000313;04062004;20121798;239;514;597;421 ~~~~~~~~~~~~~~~~~~~~~~~~~~~~~~ 08-26
03121505;04272082d;02125842;13121000313;05062004;21121798;240;399;550;406;618 ~~~~~~~~~~~~~~~~~~~~~~~~~~ 08-27
04121505;05272082d;03125842;14121000313;06062004;22121798;241;427;861;915 ~~~~~~~~~~~~~~~~~~~~~~~~~~~~~~ 08-28
05121505;06272082d;04125842;15121000313;07062004;23121798;242;725;374;859;864;618 ~~~~~~~~~~~~~~~~~~~~~~ 08-29
06121505;07272082d;05125842;16121000313;08062004;24121798;243;428;725;397;858;908;409 ~~~~~~~~~~~~~~~~~~ 08-30
07121505;08272082d;06125842;17121000313;09062004;25121798;244;796;618 ~~~~~~~~~~~~~~~~~~~~~~~~~~~~~~~~~~ 08-31
08121505;09272082d;07125842;18121000313;10062004;26121798;245;594;857 ~~~~~~~~~~~~~~~~~~~~~~~~~~~~~~~~~~ 09-01
09121505;10272082d;08125842;19121000313;11062004;27121798;246;595;501;619 ~~~~~~~~~~~~~~~~~~~~~~~~~~~~~~ 09-02
10121505;11272082d;09125842;00131000313;12062004;28121798;247;903;500;619 ~~~~~~~~~~~~~~~~~~~~~~~~~~~~~~ 09-03
11121505;12272082d;10125842;01131000313;13062004;29121798;248;596;727;897;500;412;619 ~~~~~~~~~~~~~~~~~~ 09-04
12121505;13272082d;11125842;02131000313;14062004;30121798;249;429;637;728;865;409;619 ~~~~~~~~~~~~~~~~~~ 09-05
13121505;14272082d;12125842;03131000313;15062004;01131798;250;430;845;389;520;551;500;406;619 ~~~~~~~~~~ 09-06
14121505;15272082d;13125842;04131000313;16062004;02131798;251;434;846;534;907;500;415;619 ~~~~~~~~~~~~~~ 09-07
15121505;16272082d;14125842;05131000313;17062004;03131798;252;435;619 ~~~~~~~~~~~~~~~~~~~~~~~~~~~~~~~~~~ 09-08
16121505;17272082d;15125842;06131000313;18062004;04131798;253;619 ~~~~~~~~~~~~~~~~~~~~~~~~~~~~~~~~~~~~~~ 09-09
17121505;18272082d;16125842;07131000313;19062004;05131798;254;730;619 ~~~~~~~~~~~~~~~~~~~~~~~~~~~~~~~~~~ 09-10
18121505;19272082d;17125842;08131000313;20062004;01011799;255;513;841;406 ~~~~~~~~~~~~~~~~~~~~~~~~~~~~~~ 09-11
19121505;20272082d;18125842;09131000313;21062004;02011799;256;847;619 ~~~~~~~~~~~~~~~~~~~~~~~~~~~~~~~~~~ 09-12
20121505;21272082d;19125842;10131000313;22062004;03011799;257;455;726;619 ~~~~~~~~~~~~~~~~~~~~~~~~~~~~~~ 09-13
21121505;22272082d;20125842;11131000313;23062004;04011799;258;729;619 ~~~~~~~~~~~~~~~~~~~~~~~~~~~~~~~~~~ 09-14
22121505;23272082d;21125842;12131000313;24062004;05011799;259;732;398;619 ~~~~~~~~~~~~~~~~~~~~~~~~~~~~~~ 09-15
23121505;24272082d;22125842;13131000313;25062004;06011799;260;402;406;619 ~~~~~~~~~~~~~~~~~~~~~~~~~~~~~~ 09-16
24121505;25272082d;23125842;14131000313;26062004;07011799;261;733;842;409;619 ~~~~~~~~~~~~~~~~~~~~~~~~~~ 09-17
25121505;26272082d;24125842;15131000313;27062004;08011799;262;734;401;869;619 ~~~~~~~~~~~~~~~~~~~~~~~~~~ 09-18
26121505;27272082d;25125842;16131000313;28062004;09011799;263;735;793 ~~~~~~~~~~~~~~~~~~~~~~~~~~~~~~~~~~ 09-19
27121505;28272082d;26125842;17131000313;29062004;10011799;264;731;375;619 ~~~~~~~~~~~~~~~~~~~~~~~~~~~~~~ 09-20
28121505;29272082d;27125842;18131000313;30062004;11011799;265;462;400;619;848 ~~~~~~~~~~~~~~~~~~~~~~~~~~ 09-21
29121505;01082082d;28125842;19131000313;31062004;12011799;266;737;380;920;423;574;619 ~~~~~~~~~~~~~~~~~~ 09-22
30121505;02082082d;29125842;00141000313;01072004;13011799;267;514;895;463;521;415;619;848 ~~~~~~~~~~~~~~ 09-23
01011506;03082082d;01015843;01141000313;02072004;14011799;268;741;495;521;619 ~~~~~~~~~~~~~~~~~~~~~~~~~~ 09-24
02011506;04082082d;02015843;02141000313;03072004;15011799;269;738;437;521;421;619 ~~~~~~~~~~~~~~~~~~~~~~ 09-25
03011506;05082082d;03015843;03141000313;04072004;16011799;270;739;743;433;817;619 ~~~~~~~~~~~~~~~~~~~~~~ 09-26
04011506;06082082d;04015843;04141000313;05072004;17011799;271;740;400;848 ~~~~~~~~~~~~~~~~~~~~~~~~~~~~~~ 09-27
05011506;07082082d;05015843;05141000313;06072004;18011799;272;736;397;918;403;619 ~~~~~~~~~~~~~~~~~~~~~~ 09-28
06011506;08082082d;06015843;06141000313;07072004;19011799;273;379;548;919;409 ~~~~~~~~~~~~~~~~~~~~~~~~~~ 09-29
07011506;09082082d;07015843;07141000313;08072004;20011799;274;742;790;885;853;400;619 ~~~~~~~~~~~~~~~~~~ 09-30
08011506;10082082d;08015843;08141000313;09072004;21011799;275;747;790;407;549;560;853;375;415 ~~~~~~~~~~ 10-01
09011506;11082082d;09015843;09141000313;10072004;22011799;276;748;790;899;853;403;412;620 ~~~~~~~~~~~~~~ 10-02
10011506;12082082d;10015843;10141000313;11072004;23011799;277;637;790;498;527;400;620;848 ~~~~~~~~~~~~~~ 10-03
11011506;13082082d;11015843;11141000313;12072004;24011799;278;749;790;496;620 ~~~~~~~~~~~~~~~~~~~~~~~~~~ 10-04
12011506;14082082d;12015843;12141000313;13072004;25011799;279;744;790 ~~~~~~~~~~~~~~~~~~~~~~~~~~~~~~~~~~ 10-05
13011506;15082082d;13015843;13141000313;14072004;26011799;280;745;790;391;390;532;882;922;570;400;403 ~~ 10-06
14011506;16082082d;14015843;14141000313;15072004;27011799;281;746;620 ~~~~~~~~~~~~~~~~~~~~~~~~~~~~~~~~~~ 10-07
15011506;17082082d;15015843;15141000313;16072004;28011799;282;753;513;523;620 ~~~~~~~~~~~~~~~~~~~~~~~~~~ 10-08
16011506;18082082d;16015843;16141000313;17072004;29011799;283;523;400;848 ~~~~~~~~~~~~~~~~~~~~~~~~~~~~~~ 10-09
17011506;19082082d;17015843;17141000313;18072004;30011799;284;754;467;881;523;403;496;620 ~~~~~~~~~~~~~~ 10-10
18011506;20082082d;18015843;18141000313;19072004;01021799;285;750;367;523;409;848 ~~~~~~~~~~~~~~~~~~~~~~ 10-11
19011506;21082082d;19015843;19141000313;20072004;02021799;286;751;368;523;400;620 ~~~~~~~~~~~~~~~~~~~~~~ 10-12
20011506;22082082d;20015843;00151000313;21072004;03021799;287;791;523 ~~~~~~~~~~~~~~~~~~~~~~~~~~~~~~~~~~ 10-13
21011506;23082082d;21015843;01151000313;22072004;04021799;288;752;398;499;523;403;620 ~~~~~~~~~~~~~~~~~~ 10-14
22011506;24082082d;22015843;02151000313;23072004;05021799;289;631;524;400;421;620 ~~~~~~~~~~~~~~~~~~~~~~ 10-15
23011506;25082082d;23015843;03151000313;24072004;06021799;290;525;620 ~~~~~~~~~~~~~~~~~~~~~~~~~~~~~~~~~~ 10-16
24011506;26082082d;24015843;04151000313;25072004;07021799;291;758;415;620 ~~~~~~~~~~~~~~~~~~~~~~~~~~~~~~ 10-17
25011506;27082082d;25015843;05151000313;26072004;08021799;292;558;911;400;620 ~~~~~~~~~~~~~~~~~~~~~~~~~~ 10-18
26011506;28082082d;26015843;06151000313;27072004;09021799;293;755;416;779;784 ~~~~~~~~~~~~~~~~~~~~~~~~~~ 10-19
27011506;29082082d;27015843;07151000313;28072004;10021799;294;756;780;785;784;620 ~~~~~~~~~~~~~~~~~~~~~~ 10-20
28011506;30082082d;28015843;08151000313;29072004;11021799;295;757;380;514;781;786;893;785;400;620 ~~~~~~ 10-21
29011506;01092082d;29015843;09151000313;30072004;12021799;296;369;457;782;787;786;403;620 ~~~~~~~~~~~~~~ 10-22
30011506;02092082d;30015843;10151000313;01082004;13021799;297;535;783;788;497;787;375;412;620 ~~~~~~~~~~ 10-23
01021506;03092082d;01025843;11151000313;02082004;14021799;298;759;620 ~~~~~~~~~~~~~~~~~~~~~~~~~~~~~~~~~~ 10-24
02021506;04092082d;02025843;12151000313;03082004;15021799;299;371 ~~~~~~~~~~~~~~~~~~~~~~~~~~~~~~~~~~~~~~ 10-25
03021506;05092082d;03025843;13151000313;04082004;16021799;300;543;403;620 ~~~~~~~~~~~~~~~~~~~~~~~~~~~~~~ 10-26
04021506;06092082d;04025843;14151000313;05082004;17021799;301;400;620 ~~~~~~~~~~~~~~~~~~~~~~~~~~~~~~~~~~ 10-27
05021506;07092082d;05025843;15151000313;06082004;18021799;302;397;404;620 ~~~~~~~~~~~~~~~~~~~~~~~~~~~~~~ 10-28
06021506;08092082d;06025843;16151000313;07082004;19021799;303;409;620 ~~~~~~~~~~~~~~~~~~~~~~~~~~~~~~~~~~ 10-29
07021506;09092082d;07025843;17151000313;08082004;20021799;304;849;563;400;412;620 ~~~~~~~~~~~~~~~~~~~~~~ 10-30
08021506;10092082d;08025843;18151000313;09082004;21021799;305;879 ~~~~~~~~~~~~~~~~~~~~~~~~~~~~~~~~~~~~~~ 10-31
09021506;11092082d;09025843;19151000313;10082004;22021799;306;547;621 ~~~~~~~~~~~~~~~~~~~~~~~~~~~~~~~~~~ 11-01
10021506;12092082d;10025843;00161000313;11082004;23021799;307;760;431;934;400 ~~~~~~~~~~~~~~~~~~~~~~~~~~ 11-02
11021506;13092082d;11025843;01161000313;12082004;24021799;308;850;621 ~~~~~~~~~~~~~~~~~~~~~~~~~~~~~~~~~~ 11-03
12021506;14092082d;12025843;02161000313;13082004;25021799;309;761;513;409 ~~~~~~~~~~~~~~~~~~~~~~~~~~~~~~ 11-04
13021506;15092082d;13025843;03161000313;14082004;26021799;310;762;392;413;880;400;621 ~~~~~~~~~~~~~~~~~~ 11-05
14021506;16092082d;14025843;04161000313;15082004;27021799;311 ~~~~~~~~~~~~~~~~~~~~~~~~~~~~~~~~~~~~~~~~~~ 11-06
15021506;17092082d;15025843;05161000313;16082004;28021799;312;637;763;621 ~~~~~~~~~~~~~~~~~~~~~~~~~~~~~~ 11-07
16021506;18092082d;16025843;06161000313;17082004;29021799;313;400 ~~~~~~~~~~~~~~~~~~~~~~~~~~~~~~~~~~~~~~ 11-08
17021506;19092082d;17025843;07161000313;18082004;30021799;314;432;621 ~~~~~~~~~~~~~~~~~~~~~~~~~~~~~~~~~~ 11-09
18021506;20092082d;18025843;08161000313;19082004;01031799;315;409 ~~~~~~~~~~~~~~~~~~~~~~~~~~~~~~~~~~~~~~ 11-10
19021506;21092082d;19025843;09161000313;20082004;02031799;316;417;865;400;621 ~~~~~~~~~~~~~~~~~~~~~~~~~~ 11-11
20021506;22092082d;20025843;10161000313;21082004;03031799;317;764;844 ~~~~~~~~~~~~~~~~~~~~~~~~~~~~~~~~~~ 11-12
21021506;23092082d;21025843;11161000313;22082004;04031799;318;398;876;621 ~~~~~~~~~~~~~~~~~~~~~~~~~~~~~~ 11-13
22021506;24092082d;22025843;12161000313;23082004;05031799;319 ~~~~~~~~~~~~~~~~~~~~~~~~~~~~~~~~~~~~~~~~~~ 11-14
23021506;25092082d;23025843;13161000313;24082004;06031799;320;765;621 ~~~~~~~~~~~~~~~~~~~~~~~~~~~~~~~~~~ 11-15
24021506;26092082d;24025843;14161000313;25082004;07031799;321;936 ~~~~~~~~~~~~~~~~~~~~~~~~~~~~~~~~~~~~~~ 11-16
25021506;27092082d;25025843;15161000313;26082004;08031799;322;621 ~~~~~~~~~~~~~~~~~~~~~~~~~~~~~~~~~~~~~~ 11-17
26021506;28092082d;26025843;16161000313;27082004;09031799;323 ~~~~~~~~~~~~~~~~~~~~~~~~~~~~~~~~~~~~~~~~~~ 11-18
27021506;29092082d;27025843;17161000313;28082004;10031799;324;766;380;514;621 ~~~~~~~~~~~~~~~~~~~~~~~~~~ 11-19
28021506;01102082d;28025843;18161000313;29082004;11031799;325 ~~~~~~~~~~~~~~~~~~~~~~~~~~~~~~~~~~~~~~~~~~ 11-20
29021506;02102082d;29025843;19161000313;30082004;12031799;326;767;621 ~~~~~~~~~~~~~~~~~~~~~~~~~~~~~~~~~~ 11-21
01031506;03102082d;01035843;00171000313;01092004;13031799;327;788;409 ~~~~~~~~~~~~~~~~~~~~~~~~~~~~~~~~~~ 11-22
02031506;04102082d;02035843;01171000313;02092004;14031799;328;400;621 ~~~~~~~~~~~~~~~~~~~~~~~~~~~~~~~~~~ 11-23
03031506;05102082d;03035843;02171000313;03092004;15031799;329;944;421 ~~~~~~~~~~~~~~~~~~~~~~~~~~~~~~~~~~ 11-24
04031506;06102082d;04035843;03171000313;04092004;16031799;330;769;621 ~~~~~~~~~~~~~~~~~~~~~~~~~~~~~~~~~~ 11-25
05031506;07102082d;05035843;04171000313;05092004;17031799;331;440;397 ~~~~~~~~~~~~~~~~~~~~~~~~~~~~~~~~~~ 11-26
06031506;08102082d;06035843;05171000313;06092004;18031799;332;441;621 ~~~~~~~~~~~~~~~~~~~~~~~~~~~~~~~~~~ 11-27
07031506;09102082d;07035843;06171000313;07092004;19031799;333;770;768;369 ~~~~~~~~~~~~~~~~~~~~~~~~~~~~~~ 11-28
08031506;10102082d;08035843;07171000313;08092004;20031799;334;589;400;621 ~~~~~~~~~~~~~~~~~~~~~~~~~~~~~~ 11-29
09031506;11102082d;09035843;08171000313;09092004;21031799;335;442;557;890 ~~~~~~~~~~~~~~~~~~~~~~~~~~~~~~ 11-30
10031506;12102082d;10035843;09171000313;10092004;22031799;336;771;773;513;622 ~~~~~~~~~~~~~~~~~~~~~~~~~~ 12-01
11031506;13102082d;11035843;10171000313;11092004;23031799;337;772;370;400 ~~~~~~~~~~~~~~~~~~~~~~~~~~~~~~ 12-02
12031506;14102082d;12035843;11171000313;12092004;24031799;338;511;622 ~~~~~~~~~~~~~~~~~~~~~~~~~~~~~~~~~~ 12-03
13031506;15102082d;13035843;12171000313;13092004;25031799;339;774;545;409 ~~~~~~~~~~~~~~~~~~~~~~~~~~~~~~ 12-04
14031506;16102082d;14035843;13171000313;14092004;26031799;340;637;775;395;887;400;622 ~~~~~~~~~~~~~~~~~~ 12-05
15031506;17102082d;15035843;14171000313;15092004;27031799;341;590 ~~~~~~~~~~~~~~~~~~~~~~~~~~~~~~~~~~~~~~ 12-06
16031506;18102082d;16035843;15171000313;16092004;28031799;342;436;622 ~~~~~~~~~~~~~~~~~~~~~~~~~~~~~~~~~~ 12-07
17031506;19102082d;17035843;16171000313;17092004;29031799;343;511;400 ~~~~~~~~~~~~~~~~~~~~~~~~~~~~~~~~~~ 12-08
18031506;20102082d;18035843;17171000313;18092004;30031799;344;622 ~~~~~~~~~~~~~~~~~~~~~~~~~~~~~~~~~~~~~~ 12-09
19031506;21102082d;19035843;18171000313;19092004;01041799;345 ~~~~~~~~~~~~~~~~~~~~~~~~~~~~~~~~~~~~~~~~~~ 12-10
20031506;22102082d;20035843;19171000313;20092004;02041799;346;400;622 ~~~~~~~~~~~~~~~~~~~~~~~~~~~~~~~~~~ 12-11
21031506;23102082d;21035843;00001100313;21092004;03041799;347;776;398;843 ~~~~~~~~~~~~~~~~~~~~~~~~~~~~~~ 12-12
22031506;24102082d;22035843;01001100313;22092004;04041799;348;777;591;622 ~~~~~~~~~~~~~~~~~~~~~~~~~~~~~~ 12-13
23031506;25102082d;23035843;02001100313;23092004;05041799;349;400;421 ~~~~~~~~~~~~~~~~~~~~~~~~~~~~~~~~~~ 12-14
24031506;26102082d;24035843;03001100313;24092004;06041799;350;917;622 ~~~~~~~~~~~~~~~~~~~~~~~~~~~~~~~~~~ 12-15
25031506;27102082d;25035843;04001100313;25092004;07041799;351;399;554;516 ~~~~~~~~~~~~~~~~~~~~~~~~~~~~~~ 12-16
26031506;28102082d;26035843;05001100313;26092004;08041799;352;514;867;516;375;622 ~~~~~~~~~~~~~~~~~~~~~~ 12-17
27031506;29102082d;27035843;06001100313;27092004;09041799;353;596;778;516 ~~~~~~~~~~~~~~~~~~~~~~~~~~~~~~ 12-18
28031506;01112082d;28035843;07001100313;28092004;10041799;354;380;410;868;516;622 ~~~~~~~~~~~~~~~~~~~~~~ 12-19
29031506;02112082d;29035843;08001100313;29092004;11041799;355;371;592;466;516 ~~~~~~~~~~~~~~~~~~~~~~~~~~ 12-20
30031506;03112082d;30035843;09001100313;30092004;12041799;356;426;622 ~~~~~~~~~~~~~~~~~~~~~~~~~~~~~~~~~~ 12-21
01041506;04112082d;01045843;10001100313;01102004;13041799;357;465;516 ~~~~~~~~~~~~~~~~~~~~~~~~~~~~~~~~~~ 12-22
02041506;05112082d;02045843;11001100313;02102004;14041799;358;433;516;622 ~~~~~~~~~~~~~~~~~~~~~~~~~~~~~~ 12-23
03041506;06112082d;03045843;12001100313;03102004;15041799;359;516;421 ~~~~~~~~~~~~~~~~~~~~~~~~~~~~~~~~~~ 12-24
04041506;07112082d;04045843;13001100313;04102004;16041799;360;622 ~~~~~~~~~~~~~~~~~~~~~~~~~~~~~~~~~~~~~~ 12-25
05041506;08112082d;05045843;14001100313;05102004;17041799;361;397 ~~~~~~~~~~~~~~~~~~~~~~~~~~~~~~~~~~~~~~ 12-26
06041506;09112082d;06045843;15001100313;06102004;18041799;362;622 ~~~~~~~~~~~~~~~~~~~~~~~~~~~~~~~~~~~~~~ 12-27
07041506;10112082d;07045843;16001100313;07102004;19041799;363;375 ~~~~~~~~~~~~~~~~~~~~~~~~~~~~~~~~~~~~~~ 12-28
08041506;11112082d;08045843;17001100313;08102004;20041799;364;422;513;622 ~~~~~~~~~~~~~~~~~~~~~~~~~~~~~~ 12-29
09041506;12112082d;09045843;18001100313;09102004;21041799;365;905 ~~~~~~~~~~~~~~~~~~~~~~~~~~~~~~~~~~~~~~ 12-30
10041506;13112082d;10045843;19001100313;10102004;22041799;366;622 ~~~~~~~~~~~~~~~~~~~~~~~~~~~~~~~~~~~~~~ 12-31
