05091519;06122095q;06045856;07040400413;11102017;22041812;001;611 ~~~~~~~~~~~~~~~~~~~~~~~~~~~~~~~~~~~~~~ 01-01
06091519;07122095q;07045856;08040400413;12102017;23041812;002;397 ~~~~~~~~~~~~~~~~~~~~~~~~~~~~~~~~~~~~~~ 01-02
07091519;08122095q;08045856;09040400413;13102017;24041812;003;611 ~~~~~~~~~~~~~~~~~~~~~~~~~~~~~~~~~~~~~~ 01-03
08091519;09122095q;09045856;10040400413;14102017;25041812;004;400 ~~~~~~~~~~~~~~~~~~~~~~~~~~~~~~~~~~~~~~ 01-04
09091519;10122095q;10045856;11040400413;15102017;26041812;005;372;514;905;403;505;611 ~~~~~~~~~~~~~~~~~~ 01-05
10091519;11122095q;11045856;12040400413;16102017;27041812;006;596;554 ~~~~~~~~~~~~~~~~~~~~~~~~~~~~~~~~~~ 01-06
11091519;12122095q;12045856;13040400413;17102017;28041812;007;637;401;409;611 ~~~~~~~~~~~~~~~~~~~~~~~~~~ 01-07
12091519;13122095q;13045856;14040400413;18102017;29041812;008;627 ~~~~~~~~~~~~~~~~~~~~~~~~~~~~~~~~~~~~~~ 01-08
13091519;14122095q;14045856;15040400413;19102017;30041812;009;628;381;904;403;611 ~~~~~~~~~~~~~~~~~~~~~~ 01-09
14091519;15122095q;15045856;16040400413;20102017;01051812;010;629;378;418 ~~~~~~~~~~~~~~~~~~~~~~~~~~~~~~ 01-10
15091519;16122095q;16045856;17040400413;21102017;02051812;011;422;505;611 ~~~~~~~~~~~~~~~~~~~~~~~~~~~~~~ 01-11
16091519;17122095q;17045856;18040400413;22102017;03051812;012;374 ~~~~~~~~~~~~~~~~~~~~~~~~~~~~~~~~~~~~~~ 01-12
17091519;18122095q;18045856;19040400413;23102017;04051812;013;916;505;611 ~~~~~~~~~~~~~~~~~~~~~~~~~~~~~~ 01-13
18091519;19122095q;19045856;00050400413;24102017;05051812;014;626 ~~~~~~~~~~~~~~~~~~~~~~~~~~~~~~~~~~~~~~ 01-14
19091519;20122095q;20045856;01050400413;25102017;06051812;015;625;505;611 ~~~~~~~~~~~~~~~~~~~~~~~~~~~~~~ 01-15
20091519;21122095q;21045856;02050400413;26102017;07051812;016;492 ~~~~~~~~~~~~~~~~~~~~~~~~~~~~~~~~~~~~~~ 01-16
21091519;22122095q;22045856;03050400413;27102017;08051812;017;398;513;403;505;611 ~~~~~~~~~~~~~~~~~~~~~~ 01-17
22091519;23122095q;23045856;04050400413;28102017;09051812;018 ~~~~~~~~~~~~~~~~~~~~~~~~~~~~~~~~~~~~~~~~~~ 01-18
23091519;24122095q;24045856;05050400413;29102017;10051812;019;631;437;611 ~~~~~~~~~~~~~~~~~~~~~~~~~~~~~~ 01-19
24091519;25122095q;25045856;06050400413;30102017;11051812;020 ~~~~~~~~~~~~~~~~~~~~~~~~~~~~~~~~~~~~~~~~~~ 01-20
25091519;26122095q;26045856;07050400413;01112017;12051812;021;630;923;403;406;611 ~~~~~~~~~~~~~~~~~~~~~~ 01-21
26091519;27122095q;27045856;08050400413;02112017;13051812;022;412 ~~~~~~~~~~~~~~~~~~~~~~~~~~~~~~~~~~~~~~ 01-22
27091519;28122095q;28045856;09050400413;03112017;14051812;023;508;505;611 ~~~~~~~~~~~~~~~~~~~~~~~~~~~~~~ 01-23
28091519;29122095q;29045856;10050400413;04112017;15051812;024 ~~~~~~~~~~~~~~~~~~~~~~~~~~~~~~~~~~~~~~~~~~ 01-24
29091519;01012096r;01055856;11050400413;05112017;16051812;025;632;380;888;479;490;409;505;611 ~~~~~~~~~~ 01-25
30091519;02012096r;02055856;12050400413;06112017;17051812;026;506;566;479;490 ~~~~~~~~~~~~~~~~~~~~~~~~~~ 01-26
01101519;03012096r;03055856;13050400413;07112017;18051812;027;633;507;502;566;611 ~~~~~~~~~~~~~~~~~~~~~~ 01-27
02101519;04012096r;04055856;14050400413;08112017;19051812;028;634;566;418 ~~~~~~~~~~~~~~~~~~~~~~~~~~~~~~ 01-28
03101519;05012096r;05055856;15050400413;09112017;20051812;029;635;940;566;403;611 ~~~~~~~~~~~~~~~~~~~~~~ 01-29
04101519;06012096r;06055856;16050400413;10112017;21051812;030;636;410;514;816 ~~~~~~~~~~~~~~~~~~~~~~~~~~ 01-30
05101519;07012096r;07055856;17050400413;11112017;22051812;031;397;914;406;580;611 ~~~~~~~~~~~~~~~~~~~~~~ 01-31
06101519;08012096r;08055856;17050400413;12112017;23051812;032;536 ~~~~~~~~~~~~~~~~~~~~~~~~~~~~~~~~~~~~~~ 02-01
07101519;09012096r;09055856;18050400413;13112017;24051812;033;638;403;612 ~~~~~~~~~~~~~~~~~~~~~~~~~~~~~~ 02-02
08101519;10012096r;10055856;19050400413;14112017;25051812;034;639;375 ~~~~~~~~~~~~~~~~~~~~~~~~~~~~~~~~~~ 02-03
09101519;11012096r;11055856;00060400413;15112017;26051812;035;637;640;873;612 ~~~~~~~~~~~~~~~~~~~~~~~~~~ 02-04
10101519;12012096r;12055856;01060400413;16112017;27051812;036;412 ~~~~~~~~~~~~~~~~~~~~~~~~~~~~~~~~~~~~~~ 02-05
11101519;13012096r;13055856;02060400413;17112017;28051812;037;403;418;612 ~~~~~~~~~~~~~~~~~~~~~~~~~~~~~~ 02-06
12101519;14012096r;14055856;03060400413;18112017;29051812;038;432 ~~~~~~~~~~~~~~~~~~~~~~~~~~~~~~~~~~~~~~ 02-07
13101519;15012096r;15055856;04060400413;19112017;30051812;039;382;884;612 ~~~~~~~~~~~~~~~~~~~~~~~~~~~~~~ 02-08
14101519;16012096r;16055856;05060400413;20112017;01061812;040;642 ~~~~~~~~~~~~~~~~~~~~~~~~~~~~~~~~~~~~~~ 02-09
15101519;17012096r;17055856;06060400413;21112017;02061812;041;403;612 ~~~~~~~~~~~~~~~~~~~~~~~~~~~~~~~~~~ 02-10
16101519;18012096r;18055856;07060400413;22112017;03061812;042;643 ~~~~~~~~~~~~~~~~~~~~~~~~~~~~~~~~~~~~~~ 02-11
17101519;19012096r;19055856;08060400413;23112017;04061812;043;581;612 ~~~~~~~~~~~~~~~~~~~~~~~~~~~~~~~~~~ 02-12
18101519;20012096r;20055856;09060400413;24112017;05061812;044;641 ~~~~~~~~~~~~~~~~~~~~~~~~~~~~~~~~~~~~~~ 02-13
19101519;21012096r;21055856;10060400413;25112017;06061812;045;513;403;612 ~~~~~~~~~~~~~~~~~~~~~~~~~~~~~~ 02-14
20101519;22012096r;22055856;11060400413;26112017;07061812;046 ~~~~~~~~~~~~~~~~~~~~~~~~~~~~~~~~~~~~~~~~~~ 02-15
21101519;23012096r;23055856;12060400413;27112017;08061812;047;644;398;612 ~~~~~~~~~~~~~~~~~~~~~~~~~~~~~~ 02-16
22101519;24012096r;24055856;13060400413;28112017;09061812;048;645;854 ~~~~~~~~~~~~~~~~~~~~~~~~~~~~~~~~~~ 02-17
23101519;25012096r;25055856;14060400413;29112017;10061812;049;854;403;612 ~~~~~~~~~~~~~~~~~~~~~~~~~~~~~~ 02-18
24101519;26012096r;26055856;15060400413;30112017;11061812;050;412 ~~~~~~~~~~~~~~~~~~~~~~~~~~~~~~~~~~~~~~ 02-19
25101519;27012096r;27055856;16060400413;01122017;12061812;051;450;861;943;612 ~~~~~~~~~~~~~~~~~~~~~~~~~~ 02-20
26101519;28012096r;28055856;17060400413;02122017;13061812;052 ~~~~~~~~~~~~~~~~~~~~~~~~~~~~~~~~~~~~~~~~~~ 02-21
27101519;29012096r;29055856;18060400413;03122017;14061812;053;886;403;612 ~~~~~~~~~~~~~~~~~~~~~~~~~~~~~~ 02-22
28101519;30012096r;30055856;19060400413;04122017;15061812;054;647;648;380 ~~~~~~~~~~~~~~~~~~~~~~~~~~~~~~ 02-23
29101519;01022096r;01065856;00070400413;05122017;16061812;055;649;612 ~~~~~~~~~~~~~~~~~~~~~~~~~~~~~~~~~~ 02-24
01111519;02022096r;02065856;01070400413;06122017;17061812;056;453;375;406 ~~~~~~~~~~~~~~~~~~~~~~~~~~~~~~ 02-25
02111519;03022096r;03065856;02070400413;07122017;18061812;057;514;403;612 ~~~~~~~~~~~~~~~~~~~~~~~~~~~~~~ 02-26
03111519;04022096r;04065856;03070400413;08122017;19061812;058 ~~~~~~~~~~~~~~~~~~~~~~~~~~~~~~~~~~~~~~~~~~ 02-27
04111519;05022096r;05065856;04070400413;09122017;20061812;059;443;646;612 ~~~~~~~~~~~~~~~~~~~~~~~~~~~~~~ 02-28
05111519;06022096r;06065856;05070400413;10122017;21061812;060;444;650 ~~~~~~~~~~~~~~~~~~~~~~~~~~~~~~~~~~ 02-29
06111519;07022096r;07065856;08070400413;11122017;22061812;061;653;397;403;613 ~~~~~~~~~~~~~~~~~~~~~~~~~~ 03-01
07111519;08022096r;08065856;09070400413;12122017;23061812;062;654 ~~~~~~~~~~~~~~~~~~~~~~~~~~~~~~~~~~~~~~ 03-02
08111519;09022096r;09065856;10070400413;13122017;24061812;063;637;613 ~~~~~~~~~~~~~~~~~~~~~~~~~~~~~~~~~~ 03-03
09111519;10022096r;10065856;11070400413;14122017;25061812;064;655;517;412;418 ~~~~~~~~~~~~~~~~~~~~~~~~~~ 03-04
10111519;11022096r;11065856;12070400413;15122017;26061812;065;403;613 ~~~~~~~~~~~~~~~~~~~~~~~~~~~~~~~~~~ 03-05
11111519;12022096r;12065856;13070400413;16122017;27061812;066 ~~~~~~~~~~~~~~~~~~~~~~~~~~~~~~~~~~~~~~~~~~ 03-06
12111519;13022096r;13065856;14070400413;17122017;28061812;067;375;613 ~~~~~~~~~~~~~~~~~~~~~~~~~~~~~~~~~~ 03-07
13111519;14022096r;14065856;15070400413;18122017;29061812;068;656;383;544;623;906;519 ~~~~~~~~~~~~~~~~~~ 03-08
14111519;15022096r;15065856;16070400413;19122017;30061812;069;598;403;613 ~~~~~~~~~~~~~~~~~~~~~~~~~~~~~~ 03-09
15111519;16022096r;16065856;17070400413;20122017;01071812;070;562 ~~~~~~~~~~~~~~~~~~~~~~~~~~~~~~~~~~~~~~ 03-10
16111519;17022096r;17065856;18070400413;21122017;02071812;071;562;864;406;613 ~~~~~~~~~~~~~~~~~~~~~~~~~~ 03-11
17111519;18022096r;18065856;19070400413;22122017;03071812;072;562 ~~~~~~~~~~~~~~~~~~~~~~~~~~~~~~~~~~~~~~ 03-12
18111519;19022096r;19065856;00080400413;23122017;04071812;073;513;403;418;613 ~~~~~~~~~~~~~~~~~~~~~~~~~~ 03-13
19111519;20022096r;20065856;01080400413;24122017;05071812;074 ~~~~~~~~~~~~~~~~~~~~~~~~~~~~~~~~~~~~~~~~~~ 03-14
20111519;21022096r;21065856;02080400413;25122017;06071812;075;658;613 ~~~~~~~~~~~~~~~~~~~~~~~~~~~~~~~~~~ 03-15
21111519;22022096r;22065856;03080400413;26122017;07071812;076;398;406 ~~~~~~~~~~~~~~~~~~~~~~~~~~~~~~~~~~ 03-16
22111519;23022096r;23065856;04080400413;27122017;08071812;077;533;924;613 ~~~~~~~~~~~~~~~~~~~~~~~~~~~~~~ 03-17
23111519;24022096r;24065856;05080400413;28122017;09071812;078;466;375;412 ~~~~~~~~~~~~~~~~~~~~~~~~~~~~~~ 03-18
24111519;25022096r;25065856;06080400413;29122017;10071812;079;424;613 ~~~~~~~~~~~~~~~~~~~~~~~~~~~~~~~~~~ 03-19
25111519;26022096r;26065856;07080400413;30122017;11071812;080;657;900;459 ~~~~~~~~~~~~~~~~~~~~~~~~~~~~~~ 03-20
26111519;27022096r;27065856;08080400413;01012018;12071812;081;851;403;406;613 ~~~~~~~~~~~~~~~~~~~~~~~~~~ 03-21
27111519;28022096r;28065856;09080400413;02012018;13071812;082;433 ~~~~~~~~~~~~~~~~~~~~~~~~~~~~~~~~~~~~~~ 03-22
28111519;29022096r;29065856;10080400413;03012018;14071812;083;613 ~~~~~~~~~~~~~~~~~~~~~~~~~~~~~~~~~~~~~~ 03-23
29111519;01032096r;01075856;11080400413;04012018;15071812;084;380;811 ~~~~~~~~~~~~~~~~~~~~~~~~~~~~~~~~~~ 03-24
30111519;02032096r;02075856;12080400413;05012018;16071812;085;514;538;559;935;403;412;613 ~~~~~~~~~~~~~~ 03-25
01121519;03032096r;03075856;13080400413;06012018;17071812;086;555;577;406 ~~~~~~~~~~~~~~~~~~~~~~~~~~~~~~ 03-26
02121519;04032096r;04075856;14080400413;07012018;18071812;087;659;613 ~~~~~~~~~~~~~~~~~~~~~~~~~~~~~~~~~~ 03-27
03121519;05032096r;05075856;15080400413;08012018;19071812;088;660;652 ~~~~~~~~~~~~~~~~~~~~~~~~~~~~~~~~~~ 03-28
04121519;06032096r;06075856;16080400413;09012018;20071812;089;945;852;403;613 ~~~~~~~~~~~~~~~~~~~~~~~~~~ 03-29
05121519;07032096r;07075856;17080400413;10012018;21071812;090;397;436 ~~~~~~~~~~~~~~~~~~~~~~~~~~~~~~~~~~ 03-30
06121519;08032096r;08075856;18080400413;11012018;22071812;091;406;613 ~~~~~~~~~~~~~~~~~~~~~~~~~~~~~~~~~~ 03-31
07121519;09032096r;09075856;19080400413;12012018;23071812;092;662;576;933;412 ~~~~~~~~~~~~~~~~~~~~~~~~~~ 04-01
08121519;10032096r;10075856;00090400413;13012018;24071812;093;403;651;614 ~~~~~~~~~~~~~~~~~~~~~~~~~~~~~~ 04-02
09121519;11032096r;11075856;01090400413;14012018;25071812;094;877;571;651;501 ~~~~~~~~~~~~~~~~~~~~~~~~~~ 04-03
10121519;12032096r;12075856;02090400413;15012018;26071812;095;663;500;651;614 ~~~~~~~~~~~~~~~~~~~~~~~~~~ 04-04
11121519;13032096r;13075856;03090400413;16012018;27071812;096;500;651 ~~~~~~~~~~~~~~~~~~~~~~~~~~~~~~~~~~ 04-05
12121519;14032096r;14075856;04090400413;17012018;28071812;097;403;651;614 ~~~~~~~~~~~~~~~~~~~~~~~~~~~~~~ 04-06
13121519;15032096r;15075856;05090400413;18012018;29071812;098;637;661;651;384;539;575;500;515 ~~~~~~~~~~ 04-07
14121519;16032096r;16075856;06090400413;19012018;30071812;099;493;399;500;412;614 ~~~~~~~~~~~~~~~~~~~~~~ 04-08
15121519;17032096r;17075856;07090400413;20012018;01081812;100;513 ~~~~~~~~~~~~~~~~~~~~~~~~~~~~~~~~~~~~~~ 04-09
16121519;18032096r;18075856;08090400413;21012018;02081812;101;406;614 ~~~~~~~~~~~~~~~~~~~~~~~~~~~~~~~~~~ 04-10
17121519;19032096r;19075856;09090400413;22012018;03081812;102;400 ~~~~~~~~~~~~~~~~~~~~~~~~~~~~~~~~~~~~~~ 04-11
18121519;20032096r;20075856;10090400413;23012018;04081812;103;841;614 ~~~~~~~~~~~~~~~~~~~~~~~~~~~~~~~~~~ 04-12
19121519;21032096r;21075856;11090400413;24012018;05081812;104;445 ~~~~~~~~~~~~~~~~~~~~~~~~~~~~~~~~~~~~~~ 04-13
20121519;22032096r;22075856;12090400413;25012018;06081812;105;446;400;403;614 ~~~~~~~~~~~~~~~~~~~~~~~~~~ 04-14
21121519;23032096r;23075856;13090400413;26012018;07081812;106;447;398;412 ~~~~~~~~~~~~~~~~~~~~~~~~~~~~~~ 04-15
22121519;24032096r;24075856;14090400413;27012018;08081812;107;448;794;614 ~~~~~~~~~~~~~~~~~~~~~~~~~~~~~~ 04-16
23121519;25032096r;25075856;15090400413;28012018;09081812;108 ~~~~~~~~~~~~~~~~~~~~~~~~~~~~~~~~~~~~~~~~~~ 04-17
24121519;26032096r;26075856;16090400413;29012018;10081812;109;526;842;403;614 ~~~~~~~~~~~~~~~~~~~~~~~~~~ 04-18
25121519;27032096r;27075856;17090400413;30012018;11081812;110;631;664;939 ~~~~~~~~~~~~~~~~~~~~~~~~~~~~~~ 04-19
26121519;28032096r;28075856;18090400413;31012018;12081812;111;665;400;614 ~~~~~~~~~~~~~~~~~~~~~~~~~~~~~~ 04-20
27121519;29032096r;29075856;19090400413;01022018;13081812;112;666 ~~~~~~~~~~~~~~~~~~~~~~~~~~~~~~~~~~~~~~ 04-21
28121519;30032096r;30075856;00100400413;02022018;14081812;113;380;412;614 ~~~~~~~~~~~~~~~~~~~~~~~~~~~~~~ 04-22
29121519;01042096r;01085856;01100400413;03022018;15081812;114;514;400 ~~~~~~~~~~~~~~~~~~~~~~~~~~~~~~~~~~ 04-23
01011520;02042096r;02085856;02100400413;04022018;16081812;115;902;495;614 ~~~~~~~~~~~~~~~~~~~~~~~~~~~~~~ 04-24
02011520;03042096r;03085856;03100400413;05022018;17081812;116;670;510 ~~~~~~~~~~~~~~~~~~~~~~~~~~~~~~~~~~ 04-25
03011520;04042096r;04085856;04100400413;06022018;18081812;117;667;528;400;614 ~~~~~~~~~~~~~~~~~~~~~~~~~~ 04-26
04011520;05042096r;05085856;05100400413;07022018;19081812;118;671;529;418 ~~~~~~~~~~~~~~~~~~~~~~~~~~~~~~ 04-27
05011520;06042096r;06085856;06100400413;08022018;20081812;119;668;413;553;614 ~~~~~~~~~~~~~~~~~~~~~~~~~~ 04-28
06011520;07042096r;07085856;07100400413;09022018;21081812;120;669;397;400 ~~~~~~~~~~~~~~~~~~~~~~~~~~~~~~ 04-29
07011520;08042096r;08085856;08100400413;10022018;22081812;121;927;403;406;614 ~~~~~~~~~~~~~~~~~~~~~~~~~~ 04-30
08011520;09042096r;09085856;09100400413;11022018;23081812;122;675 ~~~~~~~~~~~~~~~~~~~~~~~~~~~~~~~~~~~~~~ 05-01
09011520;10042096r;10085856;10100400413;12022018;24081812;123;676;401;496;615 ~~~~~~~~~~~~~~~~~~~~~~~~~~ 05-02
10011520;11042096r;11085856;11100400413;13022018;25081812;124;677;889;498 ~~~~~~~~~~~~~~~~~~~~~~~~~~~~~~ 05-03
11011520;12042096r;12085856;12100400413;14022018;26081812;125;679;403;496;615 ~~~~~~~~~~~~~~~~~~~~~~~~~~ 05-04
12011520;13042096r;13085856;13100400413;15022018;27081812;126;637;672;432;894;406;615 ~~~~~~~~~~~~~~~~~~ 05-05
13011520;14042096r;14085856;14100400413;16022018;28081812;127;673;418;496;615 ~~~~~~~~~~~~~~~~~~~~~~~~~~ 05-06
14011520;15042096r;15085856;15100400413;17022018;29081812;128;674;385;513;537;542;937;948 ~~~~~~~~~~~~~~ 05-07
15011520;16042096r;16085856;16100400413;18022018;30081812;129;892;615 ~~~~~~~~~~~~~~~~~~~~~~~~~~~~~~~~~~ 05-08
16011520;17042096r;17085856;17100400413;19022018;01091812;130;683 ~~~~~~~~~~~~~~~~~~~~~~~~~~~~~~~~~~~~~~ 05-09
17011520;18042096r;18085856;18100400413;20022018;02091812;131;518;406;615 ~~~~~~~~~~~~~~~~~~~~~~~~~~~~~~ 05-10
18011520;19042096r;19085856;19100400413;21022018;03091812;132;678;615 ~~~~~~~~~~~~~~~~~~~~~~~~~~~~~~~~~~ 05-11
19011520;20042096r;20085856;00110400413;22022018;04091812;133;681;680;403;615 ~~~~~~~~~~~~~~~~~~~~~~~~~~ 05-12
20011520;21042096r;21085856;01110400413;23022018;05091812;134;451 ~~~~~~~~~~~~~~~~~~~~~~~~~~~~~~~~~~~~~~ 05-13
21011520;22042096r;22085856;02110400413;24022018;06091812;135;682;496;615 ~~~~~~~~~~~~~~~~~~~~~~~~~~~~~~ 05-14
22011520;23042096r;23085856;03110400413;25022018;07091812;136;398;419;406 ~~~~~~~~~~~~~~~~~~~~~~~~~~~~~~ 05-15
23011520;24042096r;24085856;04110400413;26022018;08091812;137;685;437;403;615 ~~~~~~~~~~~~~~~~~~~~~~~~~~ 05-16
24011520;25042096r;25085856;05110400413;27022018;09091812;138;797 ~~~~~~~~~~~~~~~~~~~~~~~~~~~~~~~~~~~~~~ 05-17
25011520;26042096r;26085856;06110400413;28022018;10091812;139;686;530;573;496;615 ~~~~~~~~~~~~~~~~~~~~~~ 05-18
26011520;27042096r;27085856;07110400413;29022018;11091812;140;687;573;615 ~~~~~~~~~~~~~~~~~~~~~~~~~~~~~~ 05-19
27011520;28042096r;28085856;08110400413;30022018;12091812;141;684;376;573;624;403;615 ~~~~~~~~~~~~~~~~~~ 05-20
28011520;29042096r;29085856;09110400413;31022018;13091812;142;789;380;514;812;942;624 ~~~~~~~~~~~~~~~~~~ 05-21
29011520;01242096r;01095856;10110400413;01032018;14091812;143;798;921;930;953;624;615 ~~~~~~~~~~~~~~~~~~ 05-22
30011520;02242096r;02095856;11110400413;02032018;15091812;144;497;624;615 ~~~~~~~~~~~~~~~~~~~~~~~~~~~~~~ 05-23
01021520;03242096r;03095856;12110400413;03032018;16091812;145;494;624;615 ~~~~~~~~~~~~~~~~~~~~~~~~~~~~~~ 05-24
02021520;04242096r;04095856;13110400413;04032018;17091812;146;689;818;624;406 ~~~~~~~~~~~~~~~~~~~~~~~~~~ 05-25
03021520;05242096r;05095856;14110400413;05032018;18091812;147;439;624;615 ~~~~~~~~~~~~~~~~~~~~~~~~~~~~~~ 05-26
04021520;06242096r;06095856;15110400413;06032018;19091812;148;439;522;615 ~~~~~~~~~~~~~~~~~~~~~~~~~~~~~~ 05-27
05021520;07242096r;07095856;16110400413;07032018;20091812;149;438;397;615 ~~~~~~~~~~~~~~~~~~~~~~~~~~~~~~ 05-28
06021520;08242096r;08095856;17110400413;08032018;21091812;150;615 ~~~~~~~~~~~~~~~~~~~~~~~~~~~~~~~~~~~~~~ 05-29
07021520;09242096r;09095856;18110400413;09032018;22091812;151;688;406;615 ~~~~~~~~~~~~~~~~~~~~~~~~~~~~~~ 05-30
08021520;10242096r;10095856;19110400413;10032018;23091812;152;552 ~~~~~~~~~~~~~~~~~~~~~~~~~~~~~~~~~~~~~~ 05-31
09021520;11242096r;11095856;00120400413;11032018;24091812;153;692;694;896;403;616 ~~~~~~~~~~~~~~~~~~~~~~ 06-01
10021520;12242096r;12095856;01120400413;12032018;25091812;154;637;693 ~~~~~~~~~~~~~~~~~~~~~~~~~~~~~~~~~~ 06-02
11021520;13242096r;13095856;02120400413;13032018;26091812;155;449;690;513;616 ~~~~~~~~~~~~~~~~~~~~~~~~~~ 06-03
12021520;14242096r;14095856;03120400413;14032018;27091812;156 ~~~~~~~~~~~~~~~~~~~~~~~~~~~~~~~~~~~~~~~~~~ 06-04
13021520;15242096r;15095856;04120400413;15032018;28091812;157;386;941;403;616 ~~~~~~~~~~~~~~~~~~~~~~~~~~ 06-05
14021520;16242096r;16095856;05120400413;16032018;29091812;158;691;874;948 ~~~~~~~~~~~~~~~~~~~~~~~~~~~~~~ 06-06
15021520;17242096r;17095856;06120400413;17032018;30091812;159;616 ~~~~~~~~~~~~~~~~~~~~~~~~~~~~~~~~~~~~~~ 06-07
16021520;18242096r;18095856;07120400413;18032018;01101812;160 ~~~~~~~~~~~~~~~~~~~~~~~~~~~~~~~~~~~~~~~~~~ 06-08
17021520;19242096r;19095856;08120400413;19032018;02101812;161;697;799;403;406;616 ~~~~~~~~~~~~~~~~~~~~~~ 06-09
18021520;20242096r;20095856;09120400413;20032018;03101812;162;695;569 ~~~~~~~~~~~~~~~~~~~~~~~~~~~~~~~~~~ 06-10
19021520;21242096r;21095856;10120400413;21032018;04101812;163;569;616 ~~~~~~~~~~~~~~~~~~~~~~~~~~~~~~~~~~ 06-11
20021520;22242096r;22095856;11120400413;22032018;05101812;164;696;844 ~~~~~~~~~~~~~~~~~~~~~~~~~~~~~~~~~~ 06-12
21021520;23242096r;23095856;12120400413;23032018;06101812;165;398;403;616 ~~~~~~~~~~~~~~~~~~~~~~~~~~~~~~ 06-13
22021520;24242096r;24095856;13120400413;24032018;07101812;166 ~~~~~~~~~~~~~~~~~~~~~~~~~~~~~~~~~~~~~~~~~~ 06-14
23021520;25242096r;25095856;14120400413;25032018;08101812;167;701;699;616 ~~~~~~~~~~~~~~~~~~~~~~~~~~~~~~ 06-15
24021520;26242096r;26095856;15120400413;26032018;09101812;168;946 ~~~~~~~~~~~~~~~~~~~~~~~~~~~~~~~~~~~~~~ 06-16
25021520;27242096r;27095856;16120400413;27032018;10101812;169;452;452;554;403;616 ~~~~~~~~~~~~~~~~~~~~~~ 06-17
26021520;28242096r;28095856;17120400413;28032018;11101812;170;433;514 ~~~~~~~~~~~~~~~~~~~~~~~~~~~~~~~~~~ 06-18
27021520;29242096r;29095856;18120400413;29032018;12101812;171;460;406;616 ~~~~~~~~~~~~~~~~~~~~~~~~~~~~~~ 06-19
28021520;01052096r;30095856;19120400413;30032018;13101812;172;380;425 ~~~~~~~~~~~~~~~~~~~~~~~~~~~~~~~~~~ 06-20
29021520;02052096r;01105856;00130400413;31032018;14101812;173;698;461;403;616 ~~~~~~~~~~~~~~~~~~~~~~~~~~ 06-21
01031520;03052096r;02105856;01130400413;01042018;15101812;174;870;700 ~~~~~~~~~~~~~~~~~~~~~~~~~~~~~~~~~~ 06-22
02031520;04052096r;03105856;02130400413;02042018;16101812;175;702;616 ~~~~~~~~~~~~~~~~~~~~~~~~~~~~~~~~~~ 06-23
03031520;05052096r;04105856;03130400413;03042018;17101812;176;564 ~~~~~~~~~~~~~~~~~~~~~~~~~~~~~~~~~~~~~~ 06-24
04031520;06052096r;05105856;04130400413;04042018;18101812;177;403;616 ~~~~~~~~~~~~~~~~~~~~~~~~~~~~~~~~~~ 06-25
05031520;07052096r;06105856;05130400413;05042018;19101812;178 ~~~~~~~~~~~~~~~~~~~~~~~~~~~~~~~~~~~~~~~~~~ 06-26
06031520;08052096r;07105856;06130400413;06042018;20101812;179;704;397;616 ~~~~~~~~~~~~~~~~~~~~~~~~~~~~~~ 06-27
07031520;09052096r;08105856;07130400413;07042018;21101812;180 ~~~~~~~~~~~~~~~~~~~~~~~~~~~~~~~~~~~~~~~~~~ 06-28
08031520;10052096r;09105856;08130400413;08042018;22101812;181;703;406;616 ~~~~~~~~~~~~~~~~~~~~~~~~~~~~~~ 06-29
09031520;11052096r;10105856;09130400413;09042018;23101812;182;513 ~~~~~~~~~~~~~~~~~~~~~~~~~~~~~~~~~~~~~~ 06-30
10031520;12052096r;11105856;10130400413;10042018;24101812;183;795;546;825;617 ~~~~~~~~~~~~~~~~~~~~~~~~~~ 07-01
11031520;13052096r;12105856;11130400413;11042018;25101812;184;868 ~~~~~~~~~~~~~~~~~~~~~~~~~~~~~~~~~~~~~~ 07-02
12031520;14052096r;13105856;12130400413;12042018;26101812;185;511;403;617 ~~~~~~~~~~~~~~~~~~~~~~~~~~~~~~ 07-03
13031520;15052096r;14105856;13130400413;13042018;27101812;186;406 ~~~~~~~~~~~~~~~~~~~~~~~~~~~~~~~~~~~~~~ 07-04
14031520;16052096r;15105856;14130400413;14042018;28101812;187;387;373;531;561;617 ~~~~~~~~~~~~~~~~~~~~~~ 07-05
15031520;17052096r;16105856;15130400413;15042018;29101812;188;565 ~~~~~~~~~~~~~~~~~~~~~~~~~~~~~~~~~~~~~~ 07-06
16031520;18052096r;17105856;16130400413;16042018;30101812;189;637;705;840;565;403;617 ~~~~~~~~~~~~~~~~~~ 07-07
17031520;19052096r;18105856;17130400413;17042018;01111812;190;511 ~~~~~~~~~~~~~~~~~~~~~~~~~~~~~~~~~~~~~~ 07-08
18031520;20052096r;19105856;18130400413;18042018;02111812;191;707;406;617 ~~~~~~~~~~~~~~~~~~~~~~~~~~~~~~ 07-09
19031520;21052096r;20105856;19130400413;19042018;03111812;192 ~~~~~~~~~~~~~~~~~~~~~~~~~~~~~~~~~~~~~~~~~~ 07-10
20031520;22052096r;21105856;00140400413;20042018;04111812;193;617 ~~~~~~~~~~~~~~~~~~~~~~~~~~~~~~~~~~~~~~ 07-11
21031520;23052096r;22105856;01140400413;21042018;05111812;194;398 ~~~~~~~~~~~~~~~~~~~~~~~~~~~~~~~~~~~~~~ 07-12
22031520;24052096r;23105856;02140400413;22042018;06111812;195;414;617 ~~~~~~~~~~~~~~~~~~~~~~~~~~~~~~~~~~ 07-13
23031520;25052096r;24105856;03140400413;23042018;07111812;196;706;843 ~~~~~~~~~~~~~~~~~~~~~~~~~~~~~~~~~~ 07-14
24031520;26052096r;25105856;04140400413;24042018;08111812;197;709;403;617 ~~~~~~~~~~~~~~~~~~~~~~~~~~~~~~ 07-15
25031520;27052096r;26105856;05140400413;25042018;09111812;198;710;514;878 ~~~~~~~~~~~~~~~~~~~~~~~~~~~~~~ 07-16
26031520;28052096r;27105856;06140400413;26042018;10111812;199;617 ~~~~~~~~~~~~~~~~~~~~~~~~~~~~~~~~~~~~~~ 07-17
27031520;29052096r;28105856;07140400413;27042018;11111812;200;711 ~~~~~~~~~~~~~~~~~~~~~~~~~~~~~~~~~~~~~~ 07-18
28031520;30052096r;29105856;08140400413;28042018;12111812;201;631;380;379;403;406;617 ~~~~~~~~~~~~~~~~~~ 07-19
29031520;01062096r;01115856;09140400413;29042018;13111812;202;596 ~~~~~~~~~~~~~~~~~~~~~~~~~~~~~~~~~~~~~~ 07-20
30031520;02062096r;02115856;10140400413;30042018;14111812;203;708;415;617 ~~~~~~~~~~~~~~~~~~~~~~~~~~~~~~ 07-21
01041520;03062096r;03115856;11140400413;31042018;15111812;204;714;579 ~~~~~~~~~~~~~~~~~~~~~~~~~~~~~~~~~~ 07-22
02041520;04062096r;04115856;12140400413;01052018;16111812;205;403;617 ~~~~~~~~~~~~~~~~~~~~~~~~~~~~~~~~~~ 07-23
03041520;05062096r;05115856;13140400413;02052018;17111812;206;891;406 ~~~~~~~~~~~~~~~~~~~~~~~~~~~~~~~~~~ 07-24
04041520;06062096r;06115856;14140400413;03052018;18111812;207;617 ~~~~~~~~~~~~~~~~~~~~~~~~~~~~~~~~~~~~~~ 07-25
05041520;07062096r;07115856;15140400413;04052018;19111812;208;712;715;397 ~~~~~~~~~~~~~~~~~~~~~~~~~~~~~~ 07-26
06041520;08062096r;08115856;16140400413;05052018;20111812;209;716;403;617 ~~~~~~~~~~~~~~~~~~~~~~~~~~~~~~ 07-27
07041520;09062096r;09115856;17140400413;06052018;21111812;210;713;436;513;817 ~~~~~~~~~~~~~~~~~~~~~~~~~~ 07-28
08041520;10062096r;10115856;18140400413;07052018;22111812;211;406;617 ~~~~~~~~~~~~~~~~~~~~~~~~~~~~~~~~~~ 07-29
09041520;11062096r;11115856;19140400413;08052018;23111812;212;420 ~~~~~~~~~~~~~~~~~~~~~~~~~~~~~~~~~~~~~~ 07-30
10041520;12062096r;12115856;00150400413;09052018;24111812;213;823;926;403;617 ~~~~~~~~~~~~~~~~~~~~~~~~~~ 07-31
11041520;13062096r;13115856;01150400413;10052018;25111812;214;432 ~~~~~~~~~~~~~~~~~~~~~~~~~~~~~~~~~~~~~~ 08-01
12041520;14062096r;14115856;02150400413;11052018;26111812;215;618 ~~~~~~~~~~~~~~~~~~~~~~~~~~~~~~~~~~~~~~ 08-02
13041520;15062096r;15115856;03150400413;12052018;27111812;216;719;388;804;821;938 ~~~~~~~~~~~~~~~~~~~~~~ 08-03
14041520;16062096r;16115856;04150400413;13052018;28111812;217;637;720;556;835;909;910;925;618 ~~~~~~~~~~ 08-04
15041520;17062096r;17115856;05150400413;14052018;29111812;218;717;829;618 ~~~~~~~~~~~~~~~~~~~~~~~~~~~~~~ 08-05
16041520;18062096r;18115856;06150400413;15052018;30111812;219;833;618 ~~~~~~~~~~~~~~~~~~~~~~~~~~~~~~~~~~ 08-06
17041520;19062096r;19115856;07150400413;16052018;01121812;220;718;802;825;856;875;618 ~~~~~~~~~~~~~~~~~~ 08-07
18041520;20062096r;20115856;08150400413;17052018;02121812;221;722;618 ~~~~~~~~~~~~~~~~~~~~~~~~~~~~~~~~~~ 08-08
19041520;21062096r;21115856;09150400413;18052018;03121812;222;793 ~~~~~~~~~~~~~~~~~~~~~~~~~~~~~~~~~~~~~~ 08-09
20041520;22062096r;22115856;10150400413;19052018;04121812;223;398;872;618 ~~~~~~~~~~~~~~~~~~~~~~~~~~~~~~ 08-10
21041520;23062096r;23115856;11150400413;20052018;05121812;224;723;399;871;618 ~~~~~~~~~~~~~~~~~~~~~~~~~~ 08-11
22041520;24062096r;24115856;12150400413;21052018;06121812;225;721;514;403;618 ~~~~~~~~~~~~~~~~~~~~~~~~~~ 08-12
23041520;25062096r;25115856;13150400413;22052018;07121812;226 ~~~~~~~~~~~~~~~~~~~~~~~~~~~~~~~~~~~~~~~~~~ 08-13
24041520;26062096r;26115856;14150400413;23052018;08121812;227;503;400;618 ~~~~~~~~~~~~~~~~~~~~~~~~~~~~~~ 08-14
25041520;27062096r;27115856;15150400413;24052018;09121812;228;618 ~~~~~~~~~~~~~~~~~~~~~~~~~~~~~~~~~~~~~~ 08-15
26041520;28062096r;28115856;16150400413;25052018;10121812;229;821;618 ~~~~~~~~~~~~~~~~~~~~~~~~~~~~~~~~~~ 08-16
27041520;29062096r;29115856;17150400413;26052018;11121812;230;380;400 ~~~~~~~~~~~~~~~~~~~~~~~~~~~~~~~~~~ 08-17
28041520;01072096r;30115856;18150400413;27052018;12121812;231;724;618 ~~~~~~~~~~~~~~~~~~~~~~~~~~~~~~~~~~ 08-18
29041520;02072096r;01125856;19150400413;28052018;13121812;232 ~~~~~~~~~~~~~~~~~~~~~~~~~~~~~~~~~~~~~~~~~~ 08-19
01051520;03072096r;02125856;00160400413;29052018;14121812;233;400;403;618 ~~~~~~~~~~~~~~~~~~~~~~~~~~~~~~ 08-20
02051520;04072096r;03125856;01160400413;30052018;15121812;234;618 ~~~~~~~~~~~~~~~~~~~~~~~~~~~~~~~~~~~~~~ 08-21
03051520;05072096r;04125856;02160400413;31052018;16121812;235;618 ~~~~~~~~~~~~~~~~~~~~~~~~~~~~~~~~~~~~~~ 08-22
04051520;06072096r;05125856;03160400413;01062018;17121812;236;400;406 ~~~~~~~~~~~~~~~~~~~~~~~~~~~~~~~~~~ 08-23
05051520;07072096r;06125856;04160400413;02062018;18121812;237;427;572;403;618 ~~~~~~~~~~~~~~~~~~~~~~~~~~ 08-24
06051520;08072096r;07125856;05160400413;03062018;19121812;238;725;397;513;618 ~~~~~~~~~~~~~~~~~~~~~~~~~~ 08-25
07051520;09072096r;08125856;06160400413;04062018;20121812;239;428;725;618 ~~~~~~~~~~~~~~~~~~~~~~~~~~~~~~ 08-26
08051520;10072096r;09125856;07160400413;05062018;21121812;240;796 ~~~~~~~~~~~~~~~~~~~~~~~~~~~~~~~~~~~~~~ 08-27
09051520;11072096r;10125856;08160400413;06062018;22121812;241;594;403;406;618 ~~~~~~~~~~~~~~~~~~~~~~~~~~ 08-28
10051520;12072096r;11125856;09160400413;07062018;23121812;242;595;898;400;618 ~~~~~~~~~~~~~~~~~~~~~~~~~~ 08-29
11051520;13072096r;12125856;10160400413;08062018;24121812;243;415;618 ~~~~~~~~~~~~~~~~~~~~~~~~~~~~~~~~~~ 08-30
12051520;14072096r;13125856;11160400413;09062018;25121812;244;596;897;567 ~~~~~~~~~~~~~~~~~~~~~~~~~~~~~~ 08-31
13051520;15072096r;14125856;12160400413;10062018;26121812;245;429;637;728;567;400;619 ~~~~~~~~~~~~~~~~~~ 09-01
14051520;16072096r;15125856;13160400413;11062018;27121812;246;430;389;406 ~~~~~~~~~~~~~~~~~~~~~~~~~~~~~~ 09-02
15051520;17072096r;16125856;14160400413;12062018;28121812;247;434;619 ~~~~~~~~~~~~~~~~~~~~~~~~~~~~~~~~~~ 09-03
16051520;18072096r;17125856;15160400413;13062018;29121812;248;435;401 ~~~~~~~~~~~~~~~~~~~~~~~~~~~~~~~~~~ 09-04
17051520;19072096r;18125856;16160400413;14062018;30121812;249;403;619 ~~~~~~~~~~~~~~~~~~~~~~~~~~~~~~~~~~ 09-05
18051520;20072096r;19125856;17160400413;15062018;01131812;250;514 ~~~~~~~~~~~~~~~~~~~~~~~~~~~~~~~~~~~~~~ 09-06
19051520;21072096r;20125856;18160400413;16062018;02131812;251;727;406;619 ~~~~~~~~~~~~~~~~~~~~~~~~~~~~~~ 09-07
20051520;22072096r;21125856;19160400413;17062018;03131812;252 ~~~~~~~~~~~~~~~~~~~~~~~~~~~~~~~~~~~~~~~~~~ 09-08
21051520;23072096r;22125856;00170400413;18062018;04131812;253;455;845;398;403;619 ~~~~~~~~~~~~~~~~~~~~~~ 09-09
22051520;24072096r;23125856;01170400413;19062018;05131812;254;729;846;437 ~~~~~~~~~~~~~~~~~~~~~~~~~~~~~~ 09-10
23051520;25072096r;24125856;02170400413;20062018;01011813;255;619 ~~~~~~~~~~~~~~~~~~~~~~~~~~~~~~~~~~~~~~ 09-11
24051520;26072096r;25125856;03170400413;21062018;02011813;256;726;847;901;406 ~~~~~~~~~~~~~~~~~~~~~~~~~~ 09-12
25051520;27072096r;26125856;04170400413;22062018;03011813;257;730;403;619 ~~~~~~~~~~~~~~~~~~~~~~~~~~~~~~ 09-13
26051520;28072096r;27125856;05170400413;23062018;04011813;258;433 ~~~~~~~~~~~~~~~~~~~~~~~~~~~~~~~~~~~~~~ 09-14
27051520;29072096r;28125856;06170400413;24062018;05011813;259;735;415;619 ~~~~~~~~~~~~~~~~~~~~~~~~~~~~~~ 09-15
28051520;01082096r;29125856;07170400413;25062018;06011813;260;731;380;813;820;821;521 ~~~~~~~~~~~~~~~~~~ 09-16
29051520;02082096r;01015857;08170400413;26062018;07011813;261;521;403;406;619;848 ~~~~~~~~~~~~~~~~~~~~~~ 09-17
30051520;03082096r;02015857;09170400413;27062018;08011813;262;732;823;521;421 ~~~~~~~~~~~~~~~~~~~~~~~~~~ 09-18
01061520;04082096r;03015857;10170400413;28062018;09011813;263;597;619 ~~~~~~~~~~~~~~~~~~~~~~~~~~~~~~~~~~ 09-19
02061520;05082096r;04015857;11170400413;29062018;10011813;264;733;550;815 ~~~~~~~~~~~~~~~~~~~~~~~~~~~~~~ 09-20
03061520;06082096r;05015857;12170400413;30062018;11011813;265;734;915;462;848;619 ~~~~~~~~~~~~~~~~~~~~~~ 09-21
04061520;07082096r;06015857;13170400413;31062018;12011813;266;739;513;423;406 ~~~~~~~~~~~~~~~~~~~~~~~~~~ 09-22
05061520;08082096r;07015857;14170400413;01072018;13011813;267;740;463;848;619 ~~~~~~~~~~~~~~~~~~~~~~~~~~ 09-23
06061520;09082096r;08015857;15170400413;02072018;14011813;268;736;397 ~~~~~~~~~~~~~~~~~~~~~~~~~~~~~~~~~~ 09-24
07061520;10082096r;09015857;16170400413;03072018;15011813;269;737;908;403;619 ~~~~~~~~~~~~~~~~~~~~~~~~~~ 09-25
08061520;11082096r;10015857;17170400413;04072018;16011813;270;742;790;527 ~~~~~~~~~~~~~~~~~~~~~~~~~~~~~~ 09-26
09061520;12082096r;11015857;18170400413;05072018;17011813;271;741;790;406;848;619 ~~~~~~~~~~~~~~~~~~~~~~ 09-27
10061520;13082096r;12015857;19170400413;06072018;18011813;272;738;790;903 ~~~~~~~~~~~~~~~~~~~~~~~~~~~~~~ 09-28
11061520;14082096r;13015857;00000500413;07072018;19011813;273;743;790;838;848;619 ~~~~~~~~~~~~~~~~~~~~~~ 09-29
12061520;15082096r;14015857;01000500413;08072018;20011813;274;790;570;853 ~~~~~~~~~~~~~~~~~~~~~~~~~~~~~~ 09-30
13061520;16082096r;15015857;02000500413;09072018;21011813;275;744;790;393;390;520;551;523;853;620 ~~~~~~ 10-01
14061520;17082096r;16015857;03000500413;10072018;22011813;276;745;790;534;907;523;853 ~~~~~~~~~~~~~~~~~~ 10-02
15061520;18082096r;17015857;04000500413;11072018;23011813;277;746;523;403;848;620 ~~~~~~~~~~~~~~~~~~~~~~ 10-03
16061520;19082096r;18015857;05000500413;12072018;24011813;278;747;514;523 ~~~~~~~~~~~~~~~~~~~~~~~~~~~~~~ 10-04
17061520;20082096r;19015857;06000500413;13072018;25011813;279;748;523;620 ~~~~~~~~~~~~~~~~~~~~~~~~~~~~~~ 10-05
18061520;21082096r;20015857;07000500413;14072018;26011813;280;637;855;523 ~~~~~~~~~~~~~~~~~~~~~~~~~~~~~~ 10-06
19061520;22082096r;21015857;08000500413;15072018;27011813;281;749;523;403;406;848;620 ~~~~~~~~~~~~~~~~~~ 10-07
20061520;23082096r;22015857;09000500413;16072018;28011813;282;751;398;524;421 ~~~~~~~~~~~~~~~~~~~~~~~~~~ 10-08
21061520;24082096r;23015857;10000500413;17072018;29011813;283;791;525;620;848 ~~~~~~~~~~~~~~~~~~~~~~~~~~ 10-09
22061520;25082096r;24015857;11000500413;18072018;30011813;284;752;367 ~~~~~~~~~~~~~~~~~~~~~~~~~~~~~~~~~~ 10-10
23061520;26082096r;25015857;12000500413;19072018;01021813;285;753;368;403;620 ~~~~~~~~~~~~~~~~~~~~~~~~~~ 10-11
24061520;27082096r;26015857;13000500413;20072018;02021813;286;596;869;406 ~~~~~~~~~~~~~~~~~~~~~~~~~~~~~~ 10-12
25061520;28082096r;27015857;14000500413;21072018;03021813;287;754;848;620 ~~~~~~~~~~~~~~~~~~~~~~~~~~~~~~ 10-13
26061520;29082096r;28015857;15000500413;22072018;04021813;288;750 ~~~~~~~~~~~~~~~~~~~~~~~~~~~~~~~~~~~~~~ 10-14
27061520;30082096r;29015857;16000500413;23072018;05021813;289;755;380;920;403;620 ~~~~~~~~~~~~~~~~~~~~~~ 10-15
28061520;01092096r;30015857;17000500413;24072018;06021813;290;756 ~~~~~~~~~~~~~~~~~~~~~~~~~~~~~~~~~~~~~~ 10-16
29061520;02092096r;01025857;18000500413;25072018;07021813;291;757;895;620 ~~~~~~~~~~~~~~~~~~~~~~~~~~~~~~ 10-17
01071520;03092096r;02025857;19000500413;26072018;08021813;292;631 ~~~~~~~~~~~~~~~~~~~~~~~~~~~~~~~~~~~~~~ 10-18
02071520;04092096r;03025857;00010500413;27072018;09021813;293;513;620 ~~~~~~~~~~~~~~~~~~~~~~~~~~~~~~~~~~ 10-19
03071520;05092096r;04025857;01010500413;28072018;10021813;294;758;784 ~~~~~~~~~~~~~~~~~~~~~~~~~~~~~~~~~~ 10-20
04071520;06092096r;05025857;02010500413;29072018;11021813;295;369;785;620 ~~~~~~~~~~~~~~~~~~~~~~~~~~~~~~ 10-21
05071520;07092096r;06025857;03010500413;30072018;12021813;296;864;918;786 ~~~~~~~~~~~~~~~~~~~~~~~~~~~~~~ 10-22
06071520;08092096r;07025857;04010500413;01082018;13021813;297;919;787;403;620 ~~~~~~~~~~~~~~~~~~~~~~~~~~ 10-23
07071520;09092096r;08025857;05010500413;02082018;14021813;298;397;371;467;548;563 ~~~~~~~~~~~~~~~~~~~~~~ 10-24
08071520;10092096r;09025857;06010500413;03082018;15021813;299;885;415;620 ~~~~~~~~~~~~~~~~~~~~~~~~~~~~~~ 10-25
09071520;11092096r;10025857;07010500413;04082018;16021813;300;849;549;560 ~~~~~~~~~~~~~~~~~~~~~~~~~~~~~~ 10-26
10071520;12092096r;11025857;08010500413;05082018;17021813;301;759;899;403;406;620 ~~~~~~~~~~~~~~~~~~~~~~ 10-27
11071520;13092096r;12025857;09010500413;06082018;18021813;302;432;421 ~~~~~~~~~~~~~~~~~~~~~~~~~~~~~~~~~~ 10-28
12071520;14092096r;13025857;10010500413;07082018;19021813;303;620 ~~~~~~~~~~~~~~~~~~~~~~~~~~~~~~~~~~~~~~ 10-29
13071520;15092096r;14025857;11010500413;08082018;20021813;304;882;922 ~~~~~~~~~~~~~~~~~~~~~~~~~~~~~~~~~~ 10-30
14071520;16092096r;15025857;12010500413;09082018;21021813;305;396;396;532;542;948;403;620 ~~~~~~~~~~~~~~ 10-31
15071520;17092096r;16025857;13010500413;10082018;22021813;306;762;514 ~~~~~~~~~~~~~~~~~~~~~~~~~~~~~~~~~~ 11-01
16071520;18092096r;17025857;14010500413;11082018;23021813;307;415;621 ~~~~~~~~~~~~~~~~~~~~~~~~~~~~~~~~~~ 11-02
17071520;19092096r;18025857;15010500413;12082018;24021813;308;637;763;881 ~~~~~~~~~~~~~~~~~~~~~~~~~~~~~~ 11-03
18071520;20092096r;19025857;16010500413;13082018;25021813;309;403;621 ~~~~~~~~~~~~~~~~~~~~~~~~~~~~~~~~~~ 11-04
19071520;21092096r;20025857;17010500413;14082018;26021813;310;760;431;621 ~~~~~~~~~~~~~~~~~~~~~~~~~~~~~~ 11-05
20071520;22092096r;21025857;18010500413;15082018;27021813;311;850;398;408;499;621 ~~~~~~~~~~~~~~~~~~~~~~ 11-06
21071520;23092096r;22025857;19010500413;16082018;28021813;312;761;621 ~~~~~~~~~~~~~~~~~~~~~~~~~~~~~~~~~~ 11-07
22071520;24092096r;23025857;00020500413;17082018;29021813;313;764;403;621 ~~~~~~~~~~~~~~~~~~~~~~~~~~~~~~ 11-08
23071520;25092096r;24025857;01020500413;18082018;30021813;314;621 ~~~~~~~~~~~~~~~~~~~~~~~~~~~~~~~~~~~~~~ 11-09
24071520;26092096r;25025857;02020500413;19082018;01031813;315;911;415;621 ~~~~~~~~~~~~~~~~~~~~~~~~~~~~~~ 11-10
25071520;27092096r;26025857;03020500413;20082018;02031813;316;558;406;621 ~~~~~~~~~~~~~~~~~~~~~~~~~~~~~~ 11-11
26071520;28092096r;27025857;04020500413;21082018;03031813;317;779;784;409;621 ~~~~~~~~~~~~~~~~~~~~~~~~~~ 11-12
27071520;29092096r;28025857;05020500413;22082018;04031813;318;780;785;893;509;621 ~~~~~~~~~~~~~~~~~~~~~~ 11-13
28071520;30092096r;29025857;06020500413;23082018;05031813;319;380;781;786;621 ~~~~~~~~~~~~~~~~~~~~~~~~~~ 11-14
29071520;01102096r;30025857;07020500413;24082018;06031813;320;766;782;787;932;950;621 ~~~~~~~~~~~~~~~~~~ 11-15
30071520;02102096r;01035857;08020500413;25082018;07031813;321;513;535;783;788;406;621 ~~~~~~~~~~~~~~~~~~ 11-16
01081520;03102096r;02035857;09020500413;26082018;08031813;322;767 ~~~~~~~~~~~~~~~~~~~~~~~~~~~~~~~~~~~~~~ 11-17
02081520;04102096r;03035857;10020500413;27082018;09031813;323;765;409;621 ~~~~~~~~~~~~~~~~~~~~~~~~~~~~~~ 11-18
03081520;05102096r;04035857;11020500413;28082018;10031813;324 ~~~~~~~~~~~~~~~~~~~~~~~~~~~~~~~~~~~~~~~~~~ 11-19
04081520;06102096r;05035857;12020500413;29082018;11031813;325;403;621 ~~~~~~~~~~~~~~~~~~~~~~~~~~~~~~~~~~ 11-20
05081520;07102096r;06035857;13020500413;30082018;12031813;326;769;543;621 ~~~~~~~~~~~~~~~~~~~~~~~~~~~~~~ 11-21
06081520;08102096r;07035857;14020500413;01092018;13031813;327;440;397;436;788;621 ~~~~~~~~~~~~~~~~~~~~~~ 11-22
07081520;09102096r;08035857;15020500413;02092018;14031813;328;441 ~~~~~~~~~~~~~~~~~~~~~~~~~~~~~~~~~~~~~~ 11-23
08081520;10102096r;09035857;16020500413;03092018;15031813;329;770;768;403;621 ~~~~~~~~~~~~~~~~~~~~~~~~~~ 11-24
09081520;11102096r;10035857;17020500413;04092018;16031813;330;879 ~~~~~~~~~~~~~~~~~~~~~~~~~~~~~~~~~~~~~~ 11-25
10081520;12102096r;11035857;18020500413;05092018;17031813;331;442;547;415;621 ~~~~~~~~~~~~~~~~~~~~~~~~~~ 11-26
11081520;13102096r;12035857;19020500413;06092018;18031813;332;771;934;421 ~~~~~~~~~~~~~~~~~~~~~~~~~~~~~~ 11-27
12081520;14102096r;13035857;00030500413;07092018;19031813;333;772;369;403;621 ~~~~~~~~~~~~~~~~~~~~~~~~~~ 11-28
13081520;15102096r;14035857;01030500413;08092018;20031813;334;392;514;880;948 ~~~~~~~~~~~~~~~~~~~~~~~~~~ 11-29
14081520;16102096r;15035857;02030500413;09092018;21031813;335;542;512;621 ~~~~~~~~~~~~~~~~~~~~~~~~~~~~~~ 11-30
15081520;17102096r;16035857;03030500413;10092018;22031813;336;637;775;399 ~~~~~~~~~~~~~~~~~~~~~~~~~~~~~~ 12-01
16081520;18102096r;17035857;04030500413;11092018;23031813;337;370;589;403;622 ~~~~~~~~~~~~~~~~~~~~~~~~~~ 12-02
17081520;19102096r;18035857;05030500413;12092018;24031813;338;622 ~~~~~~~~~~~~~~~~~~~~~~~~~~~~~~~~~~~~~~ 12-03
18081520;20102096r;19035857;06030500413;13092018;25031813;339;773;400;415;622 ~~~~~~~~~~~~~~~~~~~~~~~~~~ 12-04
19081520;21102096r;20035857;07030500413;14092018;26031813;340 ~~~~~~~~~~~~~~~~~~~~~~~~~~~~~~~~~~~~~~~~~~ 12-05
20081520;22102096r;21035857;08030500413;15092018;27031813;341;398;876;406;622 ~~~~~~~~~~~~~~~~~~~~~~~~~~ 12-06
21081520;23102096r;22035857;09030500413;16092018;28031813;342;774;400 ~~~~~~~~~~~~~~~~~~~~~~~~~~~~~~~~~~ 12-07
22081520;24102096r;23035857;10030500413;17092018;29031813;343;776;622 ~~~~~~~~~~~~~~~~~~~~~~~~~~~~~~~~~~ 12-08
23081520;25102096r;24035857;11030500413;18092018;30031813;344;777;590 ~~~~~~~~~~~~~~~~~~~~~~~~~~~~~~~~~~ 12-09
24081520;26102096r;25035857;12030500413;19092018;01041813;345;936;516;400;403;622 ~~~~~~~~~~~~~~~~~~~~~~ 12-10
25081520;27102096r;26035857;13030500413;20092018;02041813;346;417;433;516;406 ~~~~~~~~~~~~~~~~~~~~~~~~~~ 12-11
26081520;28102096r;27035857;14030500413;21092018;03041813;347;516;409;415;622 ~~~~~~~~~~~~~~~~~~~~~~~~~~ 12-12
27081520;29102096r;28035857;15030500413;22092018;04041813;348;513;516;400 ~~~~~~~~~~~~~~~~~~~~~~~~~~~~~~ 12-13
28081520;30102096r;29035857;16030500413;23092018;05041813;349;380;416;810;516;403;622 ~~~~~~~~~~~~~~~~~~ 12-14
29081520;01112096r;30035857;17030500413;24092018;06041813;350 ~~~~~~~~~~~~~~~~~~~~~~~~~~~~~~~~~~~~~~~~~~ 12-15
01091520;02112096r;01045857;18030500413;25092018;07041813;351;591;504;516;400;406;622 ~~~~~~~~~~~~~~~~~~ 12-16
02091520;03112096r;02045857;19030500413;26092018;08041813;352;516;421 ~~~~~~~~~~~~~~~~~~~~~~~~~~~~~~~~~~ 12-17
03091520;04112096r;03045857;00040500413;27092018;09041813;353;516;622 ~~~~~~~~~~~~~~~~~~~~~~~~~~~~~~~~~~ 12-18
04091520;05112096r;04045857;01040500413;28092018;10041813;354;866;400;622 ~~~~~~~~~~~~~~~~~~~~~~~~~~~~~~ 12-19
05091520;06112096r;05045857;02040500413;29092018;11041813;355;371;944;466;505;622 ~~~~~~~~~~~~~~~~~~~~~~ 12-20
06091520;07112096r;06045857;03040500413;30092018;12041813;356;596;778;401;426;406 ~~~~~~~~~~~~~~~~~~~~~~ 12-21
07091520;08112096r;07045857;04040500413;01102018;13041813;357;397;465;505;622 ~~~~~~~~~~~~~~~~~~~~~~~~~~ 12-22
08091520;09112096r;08045857;05040500413;02102018;14041813;358;592;622 ~~~~~~~~~~~~~~~~~~~~~~~~~~~~~~~~~~ 12-23
09091520;10112096r;09045857;06040500413;03102018;15041813;359;409;505;622 ~~~~~~~~~~~~~~~~~~~~~~~~~~~~~~ 12-24
10091520;11112096r;10045857;07040500413;04102018;16041813;360;557;890;622 ~~~~~~~~~~~~~~~~~~~~~~~~~~~~~~ 12-25
11091520;12112096r;11045857;08040500413;05102018;17041813;361;406;622 ~~~~~~~~~~~~~~~~~~~~~~~~~~~~~~~~~~ 12-31
12091520;13112096r;12045857;09040500413;06102018;18041813;362;421;622 ~~~~~~~~~~~~~~~~~~~~~~~~~~~~~~~~~~ 12-27
13091520;14112096r;13045857;10040500413;07102018;19041813;363;411;514;545;505;622 ~~~~~~~~~~~~~~~~~~~~~~ 12-28
14091520;15112096r;14045857;11040500413;08102018;20041813;364;395;887;622 ~~~~~~~~~~~~~~~~~~~~~~~~~~~~~~ 12-29
15091520;16112096r;15045857;12040500413;09102018;21041813;365;622 ~~~~~~~~~~~~~~~~~~~~~~~~~~~~~~~~~~~~~~ 12-30
16091520;17112096r;16045857;13040500413;10102018;22041813;366;437 ~~~~~~~~~~~~~~~~~~~~~~~~~~~~~~~~~~~~~~ 12-31
