02071446;02122024f;01045785;14031200013;11101946;23041741;001;516 ~~~~~~~~~~~~~~~~~~~~~~~~~~~~~~~~~~~~~~ 01-01
03071446;03122024f;02045785;15031200013;12101946;24041741;002;516 ~~~~~~~~~~~~~~~~~~~~~~~~~~~~~~~~~~~~~~ 01-02
04071446;04122024f;03045785;16031200013;13101946;25041741;003;516 ~~~~~~~~~~~~~~~~~~~~~~~~~~~~~~~~~~~~~~ 01-03
05071446;05122024f;04045785;17031200013;14101946;26041741;004;637;372 ~~~~~~~~~~~~~~~~~~~~~~~~~~~~~~~~~~ 01-04
06071446;06122024f;05045785;18031200013;15101946;27041741;005;611 ~~~~~~~~~~~~~~~~~~~~~~~~~~~~~~~~~~~~~~ 01-05
07071446;07122024f;06045785;19031200013;16101946;28041741;006;397 ~~~~~~~~~~~~~~~~~~~~~~~~~~~~~~~~~~~~~~ 01-06
08071446;08122024f;07045785;00041200013;17101946;29041741;007;611 ~~~~~~~~~~~~~~~~~~~~~~~~~~~~~~~~~~~~~~ 01-07
09071446;09122024f;08045785;01041200013;18101946;30041741;008;514 ~~~~~~~~~~~~~~~~~~~~~~~~~~~~~~~~~~~~~~ 01-08
10071446;10122024f;09045785;02041200013;19101946;01051741;009;611 ~~~~~~~~~~~~~~~~~~~~~~~~~~~~~~~~~~~~~~ 01-09
11071446;11122024f;10045785;03041200013;20101946;02051741;010;866;905 ~~~~~~~~~~~~~~~~~~~~~~~~~~~~~~~~~~ 01-10
12071446;12122024f;11045785;04041200013;21101946;03051741;011;626 ~~~~~~~~~~~~~~~~~~~~~~~~~~~~~~~~~~~~~~ 01-11
13071446;13122024f;12045785;05041200013;22101946;04051741;012;627;858 ~~~~~~~~~~~~~~~~~~~~~~~~~~~~~~~~~~ 01-12
14071446;14122024f;13045785;06041200013;23101946;05051741;013;628;381;904 ~~~~~~~~~~~~~~~~~~~~~~~~~~~~~~ 01-13
15071446;15122024f;14045785;07041200013;24101946;06051741;014;629 ~~~~~~~~~~~~~~~~~~~~~~~~~~~~~~~~~~~~~~ 01-14
16071446;16122024f;15045785;08041200013;25101946;07051741;015;611 ~~~~~~~~~~~~~~~~~~~~~~~~~~~~~~~~~~~~~~ 01-15
17071446;17122024f;16045785;09041200013;26101946;08051741;016;631;857 ~~~~~~~~~~~~~~~~~~~~~~~~~~~~~~~~~~ 01-16
18071446;18122024f;17045785;10041200013;27101946;09051741;017;916;415 ~~~~~~~~~~~~~~~~~~~~~~~~~~~~~~~~~~ 01-17
19071446;19122024f;18045785;11041200013;28101946;10051741;018;630 ~~~~~~~~~~~~~~~~~~~~~~~~~~~~~~~~~~~~~~ 01-18
20071446;20122024f;19045785;12041200013;29101946;11051741;019;625;432 ~~~~~~~~~~~~~~~~~~~~~~~~~~~~~~~~~~ 01-19
21071446;21122024f;20045785;13041200013;30101946;12051741;020;492;835 ~~~~~~~~~~~~~~~~~~~~~~~~~~~~~~~~~~ 01-20
22071446;22122024f;21045785;14041200013;01111946;13051741;021;398;513;406 ~~~~~~~~~~~~~~~~~~~~~~~~~~~~~~ 01-21
23071446;23122024f;22045785;15041200013;02111946;14051741;022;632 ~~~~~~~~~~~~~~~~~~~~~~~~~~~~~~~~~~~~~~ 01-22
24071446;24122024f;23045785;16041200013;03111946;15051741;023;611 ~~~~~~~~~~~~~~~~~~~~~~~~~~~~~~~~~~~~~~ 01-23
25071446;25122024f;24045785;17041200013;04111946;16051741;024;611 ~~~~~~~~~~~~~~~~~~~~~~~~~~~~~~~~~~~~~~ 01-24
26071446;26122024f;25045785;18041200013;05111946;17051741;025;634;923;409 ~~~~~~~~~~~~~~~~~~~~~~~~~~~~~~ 01-25
27071446;27122024f;26045785;19041200013;06111946;18051741;026;635;509;406 ~~~~~~~~~~~~~~~~~~~~~~~~~~~~~~ 01-26
28071446;28122024f;27045785;00051200013;07111946;19051741;027;636 ~~~~~~~~~~~~~~~~~~~~~~~~~~~~~~~~~~~~~~ 01-27
29071446;29122024f;28045785;01051200013;08111946;20051741;028;580;611 ~~~~~~~~~~~~~~~~~~~~~~~~~~~~~~~~~~ 01-28
30071446;01012025g;29045785;02051200013;09111946;21051741;029;380;888;479;490 ~~~~~~~~~~~~~~~~~~~~~~~~~~ 01-29
01081446;02012025g;01055785;03051200013;10111946;22051741;030;416;566;479;490 ~~~~~~~~~~~~~~~~~~~~~~~~~~ 01-30
02081446;03012025g;02055785;04051200013;11111946;23051741;031;633;566;406 ~~~~~~~~~~~~~~~~~~~~~~~~~~~~~~ 01-31
03081446;04012025g;03055785;04051200013;12111946;24051741;032;637;640;566 ~~~~~~~~~~~~~~~~~~~~~~~~~~~~~~ 02-01
04081446;05012025g;04055785;05051200013;13111946;25051741;033;514;940;566 ~~~~~~~~~~~~~~~~~~~~~~~~~~~~~~ 02-02
05081446;06012025g;05055785;06051200013;14111946;26051741;034;833 ~~~~~~~~~~~~~~~~~~~~~~~~~~~~~~~~~~~~~~ 02-03
06081446;07012025g;06055785;07051200013;15111946;27051741;035;410;914 ~~~~~~~~~~~~~~~~~~~~~~~~~~~~~~~~~~ 02-04
07081446;08012025g;07055785;08051200013;16111946;28051741;036;397;536;406;612 ~~~~~~~~~~~~~~~~~~~~~~~~~~ 02-05
08081446;09012025g;08055785;09051200013;17111946;29051741;037;638 ~~~~~~~~~~~~~~~~~~~~~~~~~~~~~~~~~~~~~~ 02-06
09081446;10012025g;09055785;10051200013;18111946;30051741;038;639 ~~~~~~~~~~~~~~~~~~~~~~~~~~~~~~~~~~~~~~ 02-07
10081446;11012025g;10055785;11051200013;19111946;01061741;039;643;873 ~~~~~~~~~~~~~~~~~~~~~~~~~~~~~~~~~~ 02-08
11081446;12012025g;11055785;12051200013;20111946;02061741;040;581 ~~~~~~~~~~~~~~~~~~~~~~~~~~~~~~~~~~~~~~ 02-09
12081446;13012025g;12055785;13051200013;21111946;03061741;041;641;406 ~~~~~~~~~~~~~~~~~~~~~~~~~~~~~~~~~~ 02-10
13081446;14012025g;13055785;14051200013;22111946;04061741;042;612 ~~~~~~~~~~~~~~~~~~~~~~~~~~~~~~~~~~~~~~ 02-11
14081446;15012025g;14055785;15051200013;23111946;05061741;043;382;884;512 ~~~~~~~~~~~~~~~~~~~~~~~~~~~~~~ 02-12
15081446;16012025g;15055785;16051200013;24111946;06061741;044;642;612 ~~~~~~~~~~~~~~~~~~~~~~~~~~~~~~~~~~ 02-13
16081446;17012025g;16055785;17051200013;25111946;07061741;045;612 ~~~~~~~~~~~~~~~~~~~~~~~~~~~~~~~~~~~~~~ 02-14
17081446;18012025g;17055785;18051200013;26111946;08061741;046;612 ~~~~~~~~~~~~~~~~~~~~~~~~~~~~~~~~~~~~~~ 02-15
18081446;19012025g;18055785;19051200013;27111946;09061741;047;865 ~~~~~~~~~~~~~~~~~~~~~~~~~~~~~~~~~~~~~~ 02-16
19081446;20012025g;19055785;00061200013;28111946;10061741;048;450;854 ~~~~~~~~~~~~~~~~~~~~~~~~~~~~~~~~~~ 02-17
20081446;21012025g;20055785;01061200013;29111946;11061741;049;513;854 ~~~~~~~~~~~~~~~~~~~~~~~~~~~~~~~~~~ 02-18
21081446;22012025g;21055785;02061200013;30111946;12061741;050;868 ~~~~~~~~~~~~~~~~~~~~~~~~~~~~~~~~~~~~~~ 02-19
22081446;23012025g;22055785;03061200013;01121946;13061741;051;644;398 ~~~~~~~~~~~~~~~~~~~~~~~~~~~~~~~~~~ 02-20
23081446;24012025g;23055785;04061200013;02121946;14061741;052;645 ~~~~~~~~~~~~~~~~~~~~~~~~~~~~~~~~~~~~~~ 02-21
24081446;25012025g;24055785;05061200013;03121946;15061741;053;612 ~~~~~~~~~~~~~~~~~~~~~~~~~~~~~~~~~~~~~~ 02-22
25081446;26012025g;25055785;06061200013;04121946;16061741;054;612 ~~~~~~~~~~~~~~~~~~~~~~~~~~~~~~~~~~~~~~ 02-23
26081446;27012025g;26055785;07061200013;05121946;17061741;055;407;943 ~~~~~~~~~~~~~~~~~~~~~~~~~~~~~~~~~~ 02-24
27081446;28012025g;27055785;08061200013;06121946;18061741;056;646;823;612 ~~~~~~~~~~~~~~~~~~~~~~~~~~~~~~ 02-25
28081446;29012025g;28055785;09061200013;07121946;19061741;057;886 ~~~~~~~~~~~~~~~~~~~~~~~~~~~~~~~~~~~~~~ 02-26
29081446;30012025g;29055785;10061200013;08121946;20061741;058;647;648;380;612 ~~~~~~~~~~~~~~~~~~~~~~~~~~ 02-27
01091446;01022025g;30055785;11061200013;09121946;21061741;059;649;650;504 ~~~~~~~~~~~~~~~~~~~~~~~~~~~~~~ 02-28
02091446;02022025g;01065785;15061200013;10121946;22061741;061;637;514 ~~~~~~~~~~~~~~~~~~~~~~~~~~~~~~~~~~ 03-01
03091446;03022025g;02065785;16061200013;11121946;23061741;062;655;402;505 ~~~~~~~~~~~~~~~~~~~~~~~~~~~~~~ 03-02
04091446;04022025g;03065785;17061200013;12121946;24061741;063;821;613 ~~~~~~~~~~~~~~~~~~~~~~~~~~~~~~~~~~ 03-03
05091446;05022025g;04065785;18061200013;13121946;25061741;064;443;433;505 ~~~~~~~~~~~~~~~~~~~~~~~~~~~~~~ 03-04
06091446;06022025g;05065785;19061200013;14121946;26061741;065;444;613 ~~~~~~~~~~~~~~~~~~~~~~~~~~~~~~~~~~ 03-05
07091446;07022025g;06065785;00071200013;15121946;27061741;066;653;397;403;505 ~~~~~~~~~~~~~~~~~~~~~~~~~~ 03-06
08091446;08022025g;07065785;01071200013;16121946;28061741;067;654 ~~~~~~~~~~~~~~~~~~~~~~~~~~~~~~~~~~~~~~ 03-07
09091446;09022025g;08065785;02071200013;17121946;29061741;068;436 ~~~~~~~~~~~~~~~~~~~~~~~~~~~~~~~~~~~~~~ 03-08
10091446;10022025g;09065785;03071200013;18121946;30061741;069;825 ~~~~~~~~~~~~~~~~~~~~~~~~~~~~~~~~~~~~~~ 03-09
11091446;11022025g;10065785;04071200013;19121946;01071741;070;517;403;505 ~~~~~~~~~~~~~~~~~~~~~~~~~~~~~~ 03-10
12091446;12022025g;11065785;05071200013;20121946;02071741;071;613 ~~~~~~~~~~~~~~~~~~~~~~~~~~~~~~~~~~~~~~ 03-11
13091446;13022025g;12065785;06071200013;21121946;03071741;072;613 ~~~~~~~~~~~~~~~~~~~~~~~~~~~~~~~~~~~~~~ 03-12
14091446;14022025g;13065785;07071200013;22121946;04071741;073;656;383;544;623;613 ~~~~~~~~~~~~~~~~~~~~~~ 03-13
15091446;15022025g;14065785;08071200013;23121946;05071741;074;541;598;906;949;519;403 ~~~~~~~~~~~~~~~~~~ 03-14
16091446;16022025g;15065785;09071200013;24121946;06071741;075;399;562 ~~~~~~~~~~~~~~~~~~~~~~~~~~~~~~~~~~ 03-15
17091446;17022025g;16065785;10071200013;25121946;07071741;076;562 ~~~~~~~~~~~~~~~~~~~~~~~~~~~~~~~~~~~~~~ 03-16
18091446;18022025g;17065785;11071200013;26121946;08071741;077;513;562 ~~~~~~~~~~~~~~~~~~~~~~~~~~~~~~~~~~ 03-17
19091446;19022025g;18065785;12071200013;27121946;09071741;078;657;400;403;505 ~~~~~~~~~~~~~~~~~~~~~~~~~~ 03-18
20091446;20022025g;19065785;13071200013;28121946;10071741;079;466;613 ~~~~~~~~~~~~~~~~~~~~~~~~~~~~~~~~~~ 03-19
21091446;21022025g;20065785;14071200013;29121946;11071741;080;658;424 ~~~~~~~~~~~~~~~~~~~~~~~~~~~~~~~~~~ 03-20
22091446;22022025g;21065785;15071200013;30121946;12071741;081;459;613 ~~~~~~~~~~~~~~~~~~~~~~~~~~~~~~~~~~ 03-21
23091446;23022025g;22065785;16071200013;01011947;13071741;082;398;533;924;851 ~~~~~~~~~~~~~~~~~~~~~~~~~~ 03-22
24091446;24022025g;23065785;17071200013;02011947;14071741;083;863;613 ~~~~~~~~~~~~~~~~~~~~~~~~~~~~~~~~~~ 03-23
25091446;25022025g;24065785;18071200013;03011947;15071741;084;400;505 ~~~~~~~~~~~~~~~~~~~~~~~~~~~~~~~~~~ 03-24
26091446;26022025g;25065785;19071200013;04011947;16071741;085;659;900 ~~~~~~~~~~~~~~~~~~~~~~~~~~~~~~~~~~ 03-25
27091446;27022025g;26065785;00081200013;05011947;17071741;086;660;508;403;505 ~~~~~~~~~~~~~~~~~~~~~~~~~~ 03-26
28091446;28022025g;27065785;01081200013;06011947;18071741;087;400;613 ~~~~~~~~~~~~~~~~~~~~~~~~~~~~~~~~~~ 03-27
29091446;29022025g;28065785;02081200013;07011947;19071741;088;507 ~~~~~~~~~~~~~~~~~~~~~~~~~~~~~~~~~~~~~~ 03-28
30091446;01032025g;29065785;03081200013;08011947;20071741;089;652;380;929;952;506 ~~~~~~~~~~~~~~~~~~~~~~ 03-29
01101446;02032025g;01075785;04081200013;09011947;21071741;090;514;538;559;935;502;852;400;403 ~~~~~~~~~~ 03-30
02101446;03032025g;02075785;05081200013;10011947;22071741;091;555;577 ~~~~~~~~~~~~~~~~~~~~~~~~~~~~~~~~~~ 03-31
03101446;04032025g;03075785;06081200013;11011947;23071741;092;377;614 ~~~~~~~~~~~~~~~~~~~~~~~~~~~~~~~~~~ 04-01
04101446;05032025g;04075785;07081200013;12011947;24071741;093;663;614 ~~~~~~~~~~~~~~~~~~~~~~~~~~~~~~~~~~ 04-02
05101446;06032025g;05075785;08081200013;13011947;25071741;094;945;403 ~~~~~~~~~~~~~~~~~~~~~~~~~~~~~~~~~~ 04-03
06101446;07032025g;06075785;09081200013;14011947;26071741;095;397;571 ~~~~~~~~~~~~~~~~~~~~~~~~~~~~~~~~~~ 04-04
07101446;08032025g;07075785;10081200013;15011947;27071741;096;637;661;400 ~~~~~~~~~~~~~~~~~~~~~~~~~~~~~~ 04-05
08101446;09032025g;08075785;11081200013;16011947;28071741;097;662;576;933;614 ~~~~~~~~~~~~~~~~~~~~~~~~~~ 04-06
09101446;10032025g;09075785;12081200013;17011947;29071741;098;401;651 ~~~~~~~~~~~~~~~~~~~~~~~~~~~~~~~~~~ 04-07
10101446;11032025g;10075785;13081200013;18011947;30071741;099;877;614;614;651 ~~~~~~~~~~~~~~~~~~~~~~~~~~ 04-08
11101446;12032025g;11075785;14081200013;19011947;01081741;100;651 ~~~~~~~~~~~~~~~~~~~~~~~~~~~~~~~~~~~~~~ 04-09
12101446;13032025g;12075785;15081200013;20011947;02081741;101;651 ~~~~~~~~~~~~~~~~~~~~~~~~~~~~~~~~~~~~~~ 04-10
13101446;14032025g;13075785;16081200013;21011947;03081741;102;403;651 ~~~~~~~~~~~~~~~~~~~~~~~~~~~~~~~~~~ 04-11
14101446;15032025g;14075785;17081200013;22011947;04081741;103;384;539;575;614;651 ~~~~~~~~~~~~~~~~~~~~~~ 04-12
15101446;16032025g;15075785;18081200013;23011947;05081741;104;493;404;513;515 ~~~~~~~~~~~~~~~~~~~~~~~~~~ 04-13
16101446;17032025g;16075785;19081200013;24011947;06081741;105;614 ~~~~~~~~~~~~~~~~~~~~~~~~~~~~~~~~~~~~~~ 04-14
17101446;18032025g;17075785;00091200013;25011947;07081741;106;614 ~~~~~~~~~~~~~~~~~~~~~~~~~~~~~~~~~~~~~~ 04-15
18101446;19032025g;18075785;01091200013;26011947;08081741;107;821;855;614 ~~~~~~~~~~~~~~~~~~~~~~~~~~~~~~ 04-16
19101446;20032025g;19075785;02091200013;27011947;09081741;108;631;664;432 ~~~~~~~~~~~~~~~~~~~~~~~~~~~~~~ 04-17
20101446;21032025g;20075785;03091200013;28011947;10081741;109;445;665;614 ~~~~~~~~~~~~~~~~~~~~~~~~~~~~~~ 04-18
21101446;22032025g;21075785;04091200013;29011947;11081741;110;446;666 ~~~~~~~~~~~~~~~~~~~~~~~~~~~~~~~~~~ 04-19
22101446;23032025g;22075785;05091200013;30011947;12081741;111;447;398;614 ~~~~~~~~~~~~~~~~~~~~~~~~~~~~~~ 04-20
23101446;24032025g;23075785;06091200013;01021947;13081741;112;448;794;437 ~~~~~~~~~~~~~~~~~~~~~~~~~~~~~~ 04-21
24101446;25032025g;24075785;07091200013;02021947;14081741;113;614 ~~~~~~~~~~~~~~~~~~~~~~~~~~~~~~~~~~~~~~ 04-22
25101446;26032025g;25075785;08091200013;03021947;15081741;114;526 ~~~~~~~~~~~~~~~~~~~~~~~~~~~~~~~~~~~~~~ 04-23
26101446;27032025g;26075785;09091200013;04021947;16081741;115;667;865;939 ~~~~~~~~~~~~~~~~~~~~~~~~~~~~~~ 04-24
27101446;28032025g;27075785;10091200013;05021947;17081741;116;671 ~~~~~~~~~~~~~~~~~~~~~~~~~~~~~~~~~~~~~~ 04-25
28101446;29032025g;28075785;11091200013;06021947;18081741;117;668;614 ~~~~~~~~~~~~~~~~~~~~~~~~~~~~~~~~~~ 04-26
29101446;30032025g;29075785;12091200013;07021947;19081741;118;669;380;514 ~~~~~~~~~~~~~~~~~~~~~~~~~~~~~~ 04-27
01111446;01042025g;30075785;13091200013;08021947;20081741;119;614 ~~~~~~~~~~~~~~~~~~~~~~~~~~~~~~~~~~~~~~ 04-28
02111446;02042025g;01085785;14091200013;09021947;21081741;120;804;835;902 ~~~~~~~~~~~~~~~~~~~~~~~~~~~~~~ 04-29
03111446;03042025g;02085785;15091200013;10021947;22081741;121;670;510 ~~~~~~~~~~~~~~~~~~~~~~~~~~~~~~~~~~ 04-30
04111446;04042025g;03085785;16091200013;11021947;23081741;122;677;615 ~~~~~~~~~~~~~~~~~~~~~~~~~~~~~~~~~~ 05-01
05111446;05042025g;04085785;17091200013;12021947;24081741;123;679;528 ~~~~~~~~~~~~~~~~~~~~~~~~~~~~~~~~~~ 05-02
06111446;06042025g;05085785;18091200013;13021947;25081741;124;637;672;553;529;615 ~~~~~~~~~~~~~~~~~~~~~~ 05-03
07111446;07042025g;06085785;19091200013;14021947;26081741;125;673;397;420;833 ~~~~~~~~~~~~~~~~~~~~~~~~~~ 05-04
08111446;08042025g;07085785;00101200013;15021947;27081741;126;674;927;615 ~~~~~~~~~~~~~~~~~~~~~~~~~~~~~~ 05-05
09111446;09042025g;08085785;01101200013;16021947;28081741;127;675 ~~~~~~~~~~~~~~~~~~~~~~~~~~~~~~~~~~~~~~ 05-06
10111446;10042025g;09085785;02101200013;17021947;29081741;128;676;615 ~~~~~~~~~~~~~~~~~~~~~~~~~~~~~~~~~~ 05-07
11111446;11042025g;10085785;03101200013;18021947;30081741;129;802;889 ~~~~~~~~~~~~~~~~~~~~~~~~~~~~~~~~~~ 05-08
12111446;12042025g;11085785;04101200013;19021947;01091741;130;678;818;615 ~~~~~~~~~~~~~~~~~~~~~~~~~~~~~~ 05-09
13111446;13042025g;12085785;05101200013;20021947;02091741;131;681;680;615 ~~~~~~~~~~~~~~~~~~~~~~~~~~~~~~ 05-10
14111446;14042025g;13085785;06101200013;21021947;03091741;132;451;513;894 ~~~~~~~~~~~~~~~~~~~~~~~~~~~~~~ 05-11
15111446;15042025g;14085785;07101200013;22021947;04091741;133;682;385;537;937;615 ~~~~~~~~~~~~~~~~~~~~~~ 05-12
16111446;16042025g;15085785;08101200013;23021947;05091741;134;892 ~~~~~~~~~~~~~~~~~~~~~~~~~~~~~~~~~~~~~~ 05-13
17111446;17042025g;16085785;09101200013;24021947;06091741;135;683;615 ~~~~~~~~~~~~~~~~~~~~~~~~~~~~~~~~~~ 05-14
18111446;18042025g;17085785;10101200013;25021947;07091741;136;797 ~~~~~~~~~~~~~~~~~~~~~~~~~~~~~~~~~~~~~~ 05-15
19111446;19042025g;18085785;11101200013;26021947;08091741;137;686;518;573 ~~~~~~~~~~~~~~~~~~~~~~~~~~~~~~ 05-16
20111446;20042025g;19085785;12101200013;27021947;09091741;138;687;568;573;615 ~~~~~~~~~~~~~~~~~~~~~~~~~~ 05-17
21111446;21042025g;20085785;13101200013;28021947;10091741;139;684;568;573 ~~~~~~~~~~~~~~~~~~~~~~~~~~~~~~ 05-18
22111446;22042025g;21085785;14101200013;29021947;11091741;140;789;615 ~~~~~~~~~~~~~~~~~~~~~~~~~~~~~~~~~~ 05-19
23111446;23042025g;22085785;15101200013;30021947;12091741;141;398 ~~~~~~~~~~~~~~~~~~~~~~~~~~~~~~~~~~~~~~ 05-20
24111446;24042025g;23085785;16101200013;31021947;13091741;142;685;615 ~~~~~~~~~~~~~~~~~~~~~~~~~~~~~~~~~~ 05-21
25111446;25042025g;24085785;17101200013;01031947;14091741;143;615 ~~~~~~~~~~~~~~~~~~~~~~~~~~~~~~~~~~~~~~ 05-22
26111446;26042025g;25085785;18101200013;02031947;15091741;144;689;798;530;615 ~~~~~~~~~~~~~~~~~~~~~~~~~~ 05-23
27111446;27042025g;26085785;19101200013;03031947;16091741;145;439 ~~~~~~~~~~~~~~~~~~~~~~~~~~~~~~~~~~~~~~ 05-24
28111446;28042025g;27085785;00111200013;04031947;17091741;146;439;624;615 ~~~~~~~~~~~~~~~~~~~~~~~~~~~~~~ 05-25
29111446;29042025g;28085785;01111200013;05031947;18091741;147;438;380;514;942;624;615 ~~~~~~~~~~~~~~~~~~ 05-26
30111446;01052025g;29085785;02111200013;06031947;19091741;148;921;624 ~~~~~~~~~~~~~~~~~~~~~~~~~~~~~~~~~~ 05-27
01121446;02052025g;01095785;03111200013;07031947;20091741;149;688;624 ~~~~~~~~~~~~~~~~~~~~~~~~~~~~~~~~~~ 05-28
02121446;03052025g;02095785;04111200013;08031947;21091741;150;494;624;615 ~~~~~~~~~~~~~~~~~~~~~~~~~~~~~~ 05-29
03121446;04052025g;03095785;05111200013;09031947;22091741;151;596;624 ~~~~~~~~~~~~~~~~~~~~~~~~~~~~~~~~~~ 05-30
04121446;05052025g;04095785;06111200013;10031947;23091741;152;433;867;564;624 ~~~~~~~~~~~~~~~~~~~~~~~~~~ 05-31
05121446;06052025g;05095785;07111200013;11031947;24091741;153;690;616 ~~~~~~~~~~~~~~~~~~~~~~~~~~~~~~~~~~ 06-01
06121446;07052025g;06095785;08111200013;12031947;25091741;154;694;397;522 ~~~~~~~~~~~~~~~~~~~~~~~~~~~~~~ 06-02
07121446;08052025g;07095785;09111200013;13031947;26091741;155;616 ~~~~~~~~~~~~~~~~~~~~~~~~~~~~~~~~~~~~~~ 06-03
08121446;09052025g;08095785;10111200013;14031947;27091741;156;691 ~~~~~~~~~~~~~~~~~~~~~~~~~~~~~~~~~~~~~~ 06-04
09121446;10052025g;09095785;11111200013;15031947;28091741;157;793;552;830;501;616 ~~~~~~~~~~~~~~~~~~~~~~ 06-05
10121446;11052025g;10095785;12111200013;16031947;29091741;158;596;692;896;500 ~~~~~~~~~~~~~~~~~~~~~~~~~~ 06-06
11121446;12052025g;11095785;13111200013;17031947;30091741;159;637;693;513;500 ~~~~~~~~~~~~~~~~~~~~~~~~~~ 06-07
12121446;13052025g;12095785;14111200013;18031947;01101741;160;449;695 ~~~~~~~~~~~~~~~~~~~~~~~~~~~~~~~~~~ 06-08
13121446;14052025g;13095785;15111200013;19031947;02101741;161;500 ~~~~~~~~~~~~~~~~~~~~~~~~~~~~~~~~~~~~~~ 06-09
14121446;15052025g;14095785;16111200013;20031947;03101741;162;696;941;500 ~~~~~~~~~~~~~~~~~~~~~~~~~~~~~~ 06-10
15121446;16052025g;15095785;17111200013;21031947;04101741;163;386;874;569;616 ~~~~~~~~~~~~~~~~~~~~~~~~~~ 06-11
16121446;17052025g;16095785;18111200013;22031947;05101741;164;864;569 ~~~~~~~~~~~~~~~~~~~~~~~~~~~~~~~~~~ 06-12
17121446;18052025g;17095785;19111200013;23031947;06101741;165;699;421;616 ~~~~~~~~~~~~~~~~~~~~~~~~~~~~~~ 06-13
18121446;19052025g;18095785;00121200013;24031947;07101741;166;697;799;841 ~~~~~~~~~~~~~~~~~~~~~~~~~~~~~~ 06-14
19121446;20052025g;19095785;01121200013;25031947;08101741;167;452;452;616 ~~~~~~~~~~~~~~~~~~~~~~~~~~~~~~ 06-15
20121446;21052025g;20095785;02121200013;26031947;09101741;168 ~~~~~~~~~~~~~~~~~~~~~~~~~~~~~~~~~~~~~~~~~~ 06-16
21121446;22052025g;21095785;03121200013;27031947;10101741;169;616 ~~~~~~~~~~~~~~~~~~~~~~~~~~~~~~~~~~~~~~ 06-17
22121446;23052025g;22095785;04121200013;28031947;11101741;170;398 ~~~~~~~~~~~~~~~~~~~~~~~~~~~~~~~~~~~~~~ 06-18
23121446;24052025g;23095785;05121200013;29031947;12101741;171;698 ~~~~~~~~~~~~~~~~~~~~~~~~~~~~~~~~~~~~~~ 06-19
24121446;25052025g;24095785;06121200013;30031947;13101741;172;701;578;460;842;700 ~~~~~~~~~~~~~~~~~~~~~~ 06-20
25121446;26052025g;25095785;07121200013;31031947;14101741;173;946;425;616 ~~~~~~~~~~~~~~~~~~~~~~~~~~~~~~ 06-21
26121446;27052025g;26095785;08121200013;01041947;15101741;174;554;461 ~~~~~~~~~~~~~~~~~~~~~~~~~~~~~~~~~~ 06-22
27121446;28052025g;27095785;09121200013;02041947;16101741;175;514;421;616 ~~~~~~~~~~~~~~~~~~~~~~~~~~~~~~ 06-23
28121446;29052025g;28095785;10121200013;03041947;17101741;176;616 ~~~~~~~~~~~~~~~~~~~~~~~~~~~~~~~~~~~~~~ 06-24
29121446;01062025g;29095785;11121200013;04041947;18101741;177;704;380;616 ~~~~~~~~~~~~~~~~~~~~~~~~~~~~~~ 06-25
01011447;02062025g;30095785;12121200013;05041947;19101741;178;495 ~~~~~~~~~~~~~~~~~~~~~~~~~~~~~~~~~~~~~~ 06-26
02011447;03062025g;01105785;13121200013;06041947;20101741;179;703;870;616 ~~~~~~~~~~~~~~~~~~~~~~~~~~~~~~ 06-27
03011447;04062025g;02105785;14121200013;07041947;21101741;180;702 ~~~~~~~~~~~~~~~~~~~~~~~~~~~~~~~~~~~~~~ 06-28
04011447;05062025g;03105785;15121200013;08041947;22101741;181;795;827 ~~~~~~~~~~~~~~~~~~~~~~~~~~~~~~~~~~ 06-29
05011447;06062025g;04105785;16121200013;09041947;23101741;182;616 ~~~~~~~~~~~~~~~~~~~~~~~~~~~~~~~~~~~~~~ 06-30
06011447;07062025g;05105785;17121200013;10041947;24101741;183;617 ~~~~~~~~~~~~~~~~~~~~~~~~~~~~~~~~~~~~~~ 07-01
07011447;08062025g;06105785;18121200013;11041947;25101741;184;397 ~~~~~~~~~~~~~~~~~~~~~~~~~~~~~~~~~~~~~~ 07-02
08011447;09062025g;07105785;19121200013;12041947;26101741;185;373;421 ~~~~~~~~~~~~~~~~~~~~~~~~~~~~~~~~~~ 07-03
09011447;10062025g;08105785;00131200013;13041947;27101741;186;417;436;836;565;496 ~~~~~~~~~~~~~~~~~~~~~~ 07-04
10011447;11062025g;09105785;01131200013;14041947;28101741;187;637;705;840;513;498;565;617 ~~~~~~~~~~~~~~ 07-05
11011447;12062025g;10105785;02131200013;15041947;29101741;188;546 ~~~~~~~~~~~~~~~~~~~~~~~~~~~~~~~~~~~~~~ 07-06
12011447;13062025g;11105785;03131200013;16041947;30101741;189;617 ~~~~~~~~~~~~~~~~~~~~~~~~~~~~~~~~~~~~~~ 07-07
13011447;14062025g;12105785;04131200013;17041947;01111741;190;617 ~~~~~~~~~~~~~~~~~~~~~~~~~~~~~~~~~~~~~~ 07-08
14011447;15062025g;13105785;05131200013;18041947;02111741;191;617 ~~~~~~~~~~~~~~~~~~~~~~~~~~~~~~~~~~~~~~ 07-09
15011447;16062025g;14105785;06131200013;19041947;03111741;192;387;531;561 ~~~~~~~~~~~~~~~~~~~~~~~~~~~~~~ 07-10
16011447;17062025g;15105785;07131200013;20041947;04111741;193;617 ~~~~~~~~~~~~~~~~~~~~~~~~~~~~~~~~~~~~~~ 07-11
17011447;18062025g;16105785;08131200013;21041947;05111741;194;706;496 ~~~~~~~~~~~~~~~~~~~~~~~~~~~~~~~~~~ 07-12
18011447;19062025g;17105785;09131200013;22041947;06111741;195;411;418;617 ~~~~~~~~~~~~~~~~~~~~~~~~~~~~~~ 07-13
19011447;20062025g;18105785;10131200013;23041947;07111741;196;707;432;496 ~~~~~~~~~~~~~~~~~~~~~~~~~~~~~~ 07-14
20011447;21062025g;19105785;11131200013;24041947;08111741;197;617 ~~~~~~~~~~~~~~~~~~~~~~~~~~~~~~~~~~~~~~ 07-15
21011447;22062025g;20105785;12131200013;25041947;09111741;198;711 ~~~~~~~~~~~~~~~~~~~~~~~~~~~~~~~~~~~~~~ 07-16
22011447;23062025g;21105785;13131200013;26041947;10111741;199;631;398;617 ~~~~~~~~~~~~~~~~~~~~~~~~~~~~~~ 07-17
23011447;24062025g;22105785;14131200013;27041947;11111741;200;399 ~~~~~~~~~~~~~~~~~~~~~~~~~~~~~~~~~~~~~~ 07-18
24011447;25062025g;23105785;15131200013;28041947;12111741;201;708;617 ~~~~~~~~~~~~~~~~~~~~~~~~~~~~~~~~~~ 07-19
25011447;26062025g;24105785;16131200013;29041947;13111741;202;709;514 ~~~~~~~~~~~~~~~~~~~~~~~~~~~~~~~~~~ 07-20
26011447;27062025g;25105785;17131200013;30041947;14111741;203;710;878;400;617 ~~~~~~~~~~~~~~~~~~~~~~~~~~ 07-21
27011447;28062025g;26105785;18131200013;31041947;15111741;204;617 ~~~~~~~~~~~~~~~~~~~~~~~~~~~~~~~~~~~~~~ 07-22
28011447;29062025g;27105785;19131200013;01051947;16111741;205;421;617 ~~~~~~~~~~~~~~~~~~~~~~~~~~~~~~~~~~ 07-23
29011447;30062025g;28105785;00141200013;02051947;17111741;206;712;380;400 ~~~~~~~~~~~~~~~~~~~~~~~~~~~~~~ 07-24
30011447;01262025g;29105785;01141200013;03051947;18111741;207;716;467;497;617 ~~~~~~~~~~~~~~~~~~~~~~~~~~ 07-25
01021447;02262025g;01115785;02141200013;04051947;19111741;208;713 ~~~~~~~~~~~~~~~~~~~~~~~~~~~~~~~~~~~~~~ 07-26
02021447;03262025g;02115785;03141200013;05051947;20111741;209;714;579;400;412 ~~~~~~~~~~~~~~~~~~~~~~~~~~ 07-27
03021447;04262025g;03115785;04141200013;06051947;21111741;210;617 ~~~~~~~~~~~~~~~~~~~~~~~~~~~~~~~~~~~~~~ 07-28
04021447;05262025g;04115785;05141200013;07051947;22111741;211;891;617 ~~~~~~~~~~~~~~~~~~~~~~~~~~~~~~~~~~ 07-29
05021447;06262025g;05115785;06141200013;08051947;23111741;212;374;400 ~~~~~~~~~~~~~~~~~~~~~~~~~~~~~~~~~~ 07-30
06021447;07262025g;06115785;07141200013;09051947;24111741;213;715;418;617 ~~~~~~~~~~~~~~~~~~~~~~~~~~~~~~ 07-31
07021447;08262025g;07115785;08141200013;10051947;25111741;214;719;397;513 ~~~~~~~~~~~~~~~~~~~~~~~~~~~~~~ 08-01
08021447;09262025g;08115785;09141200013;11051947;26111741;215;637;720;400 ~~~~~~~~~~~~~~~~~~~~~~~~~~~~~~ 08-02
09021447;10262025g;09115785;10141200013;12051947;27111741;216;717;618 ~~~~~~~~~~~~~~~~~~~~~~~~~~~~~~~~~~ 08-03
10021447;11262025g;10115785;11141200013;13051947;28111741;217;618 ~~~~~~~~~~~~~~~~~~~~~~~~~~~~~~~~~~~~~~ 08-04
11021447;12262025g;11115785;12141200013;14051947;29111741;218;718;926;400;618 ~~~~~~~~~~~~~~~~~~~~~~~~~~ 08-05
12021447;13262025g;12115785;13141200013;15051947;30111741;219;827 ~~~~~~~~~~~~~~~~~~~~~~~~~~~~~~~~~~~~~~ 08-06
13021447;14262025g;13115785;14141200013;16051947;01121741;220;618 ~~~~~~~~~~~~~~~~~~~~~~~~~~~~~~~~~~~~~~ 08-07
14021447;15262025g;14115785;15141200013;17051947;02121741;221;938;400 ~~~~~~~~~~~~~~~~~~~~~~~~~~~~~~~~~~ 08-08
15021447;16262025g;15115785;16141200013;18051947;03121741;222;723;388;556;909;910;925;618 ~~~~~~~~~~~~~~ 08-09
16021447;17262025g;16115785;17141200013;19051947;04121741;223;721;618 ~~~~~~~~~~~~~~~~~~~~~~~~~~~~~~~~~~ 08-10
17021447;18262025g;17115785;18141200013;20051947;05121741;224;401;618 ~~~~~~~~~~~~~~~~~~~~~~~~~~~~~~~~~~ 08-11
18021447;19262025g;18115785;19141200013;21051947;06121741;225;831;875 ~~~~~~~~~~~~~~~~~~~~~~~~~~~~~~~~~~ 08-12
19021447;20262025g;19115785;00151200013;22051947;07121741;226;722;618 ~~~~~~~~~~~~~~~~~~~~~~~~~~~~~~~~~~ 08-13
20021447;21262025g;20115785;01151200013;23051947;08121741;227;514;844 ~~~~~~~~~~~~~~~~~~~~~~~~~~~~~~~~~~ 08-14
21021447;22262025g;21115785;02151200013;24051947;09121741;228;398;872 ~~~~~~~~~~~~~~~~~~~~~~~~~~~~~~~~~~ 08-15
22021447;23262025g;22115785;03151200013;25051947;10121741;229;724;871;618 ~~~~~~~~~~~~~~~~~~~~~~~~~~~~~~ 08-16
23021447;24262025g;23115785;04151200013;26051947;11121741;230;618 ~~~~~~~~~~~~~~~~~~~~~~~~~~~~~~~~~~~~~~ 08-17
24021447;25262025g;24115785;05151200013;27051947;12121741;231;618 ~~~~~~~~~~~~~~~~~~~~~~~~~~~~~~~~~~~~~~ 08-18
25021447;26262025g;25115785;06151200013;28051947;13121741;232;437;503;618 ~~~~~~~~~~~~~~~~~~~~~~~~~~~~~~ 08-19
26021447;27262025g;26115785;07151200013;29051947;14121741;233;618 ~~~~~~~~~~~~~~~~~~~~~~~~~~~~~~~~~~~~~~ 08-20
27021447;28262025g;27115785;08151200013;30051947;15121741;234;618 ~~~~~~~~~~~~~~~~~~~~~~~~~~~~~~~~~~~~~~ 08-21
28021447;29262025g;28115785;09151200013;31051947;16121741;235;427;380;421 ~~~~~~~~~~~~~~~~~~~~~~~~~~~~~~ 08-22
29021447;01072025g;29115785;10151200013;01061947;17121741;236;618 ~~~~~~~~~~~~~~~~~~~~~~~~~~~~~~~~~~~~~~ 08-23
01031447;02072025g;30115785;11151200013;02061947;18121741;237;428;412;618 ~~~~~~~~~~~~~~~~~~~~~~~~~~~~~~ 08-24
02031447;03072025g;01125785;12151200013;03061947;19121741;238;796;618 ~~~~~~~~~~~~~~~~~~~~~~~~~~~~~~~~~~ 08-25
03031447;04072025g;02125785;13151200013;04061947;20121741;239;594;597;618 ~~~~~~~~~~~~~~~~~~~~~~~~~~~~~~ 08-26
04031447;05072025g;03125785;14151200013;05061947;21121741;240;595;433;550;418 ~~~~~~~~~~~~~~~~~~~~~~~~~~ 08-27
05031447;06072025g;04125785;15151200013;06061947;22121741;241;915;618 ~~~~~~~~~~~~~~~~~~~~~~~~~~~~~~~~~~ 08-28
06031447;07072025g;05125785;16151200013;07061947;23121741;242;596;513;572 ~~~~~~~~~~~~~~~~~~~~~~~~~~~~~~ 08-29
07031447;08072025g;06125785;17151200013;08061947;24121741;243;429;725;397;618 ~~~~~~~~~~~~~~~~~~~~~~~~~~ 08-30
08031447;09072025g;07125785;18151200013;09061947;25121741;244;430;725;908 ~~~~~~~~~~~~~~~~~~~~~~~~~~~~~~ 08-31
09031447;10072025g;08125785;19151200013;10061947;26121741;245;434;421;619 ~~~~~~~~~~~~~~~~~~~~~~~~~~~~~~ 09-01
10031447;11072025g;09125785;00161200013;11061947;27121741;246;435 ~~~~~~~~~~~~~~~~~~~~~~~~~~~~~~~~~~~~~~ 09-02
11031447;12072025g;10125785;01161200013;12061947;28121741;247;903;619 ~~~~~~~~~~~~~~~~~~~~~~~~~~~~~~~~~~ 09-03
12031447;13072025g;11125785;02161200013;13061947;29121741;248;511 ~~~~~~~~~~~~~~~~~~~~~~~~~~~~~~~~~~~~~~ 09-04
13031447;14072025g;12125785;03161200013;14061947;30121741;249;727;897;567;619 ~~~~~~~~~~~~~~~~~~~~~~~~~~ 09-05
14031447;15072025g;13125785;04161200013;15061947;01131741;250;637;728;414;520;551;567 ~~~~~~~~~~~~~~~~~~ 09-06
15031447;16072025g;14125785;05161200013;16061947;02131741;251;455;845;389;534;541;949 ~~~~~~~~~~~~~~~~~~ 09-07
16031447;17072025g;15125785;06161200013;17061947;03131741;252;729;846;907 ~~~~~~~~~~~~~~~~~~~~~~~~~~~~~~ 09-08
17031447;18072025g;16125785;07161200013;18061947;04131741;253;511;843 ~~~~~~~~~~~~~~~~~~~~~~~~~~~~~~~~~~ 09-09
18031447;19072025g;17125785;08161200013;19061947;05131741;254;514 ~~~~~~~~~~~~~~~~~~~~~~~~~~~~~~~~~~~~~~ 09-10
19031447;20072025g;18125785;09161200013;20061947;01011742;255;730;421;843;619 ~~~~~~~~~~~~~~~~~~~~~~~~~~ 09-11
20031447;21072025g;19125785;10161200013;21061947;02011742;256;847;375 ~~~~~~~~~~~~~~~~~~~~~~~~~~~~~~~~~~ 09-12
21031447;22072025g;20125785;11161200013;22061947;03011742;257;726;843;619 ~~~~~~~~~~~~~~~~~~~~~~~~~~~~~~ 09-13
22031447;23072025g;21125785;12161200013;23061947;04011742;258;398;415 ~~~~~~~~~~~~~~~~~~~~~~~~~~~~~~~~~~ 09-14
23031447;24072025g;22125785;13161200013;24061947;05011742;259;619 ~~~~~~~~~~~~~~~~~~~~~~~~~~~~~~~~~~~~~~ 09-15
24031447;25072025g;23125785;14161200013;25061947;06011742;260;732 ~~~~~~~~~~~~~~~~~~~~~~~~~~~~~~~~~~~~~~ 09-16
25031447;26072025g;24125785;15161200013;26061947;07011742;261;869;619;848 ~~~~~~~~~~~~~~~~~~~~~~~~~~~~~~ 09-17
26031447;27072025g;25125785;16161200013;27061947;08011742;262;733 ~~~~~~~~~~~~~~~~~~~~~~~~~~~~~~~~~~~~~~ 09-18
27031447;28072025g;26125785;17161200013;28061947;09011742;263;734;619 ~~~~~~~~~~~~~~~~~~~~~~~~~~~~~~~~~~ 09-19
28031447;29072025g;27125785;18161200013;29061947;10011742;264;735 ~~~~~~~~~~~~~~~~~~~~~~~~~~~~~~~~~~~~~~ 09-20
29031447;30072025g;28125785;19161200013;30061947;11011742;265;731;380;861;920;952;412;421;619 ~~~~~~~~~~ 09-21
30031447;01082025g;29125785;00171200013;31061947;12011742;266;736;895;929;462;521;415;574 ~~~~~~~~~~~~~~ 09-22
01041447;02082025g;01015786;01171200013;01071947;13011742;267;737;453;423;521;418;619;848 ~~~~~~~~~~~~~~ 09-23
02041447;03082025g;02015786;02171200013;02071947;14011742;268;742;463;521 ~~~~~~~~~~~~~~~~~~~~~~~~~~~~~~ 09-24
03041447;04082025g;03015786;03171200013;03071947;15011742;269;741;848 ~~~~~~~~~~~~~~~~~~~~~~~~~~~~~~~~~~ 09-25
04041447;05082025g;04015786;04171200013;04071947;16011742;270;738;513 ~~~~~~~~~~~~~~~~~~~~~~~~~~~~~~~~~~ 09-26
05041447;06082025g;05015786;05171200013;05071947;17011742;271;739;743;619 ~~~~~~~~~~~~~~~~~~~~~~~~~~~~~~ 09-27
06041447;07082025g;06015786;06171200013;06071947;18011742;272;740;412 ~~~~~~~~~~~~~~~~~~~~~~~~~~~~~~~~~~ 09-28
07041447;08082025g;07015786;07171200013;07071947;19011742;273;397;918;619 ~~~~~~~~~~~~~~~~~~~~~~~~~~~~~~ 09-29
08041447;09082025g;08015786;08171200013;08071947;20011742;274;548;919;853;415 ~~~~~~~~~~~~~~~~~~~~~~~~~~ 09-30
09041447;10082025g;09015786;09171200013;09071947;21011742;275;746;790;885;853;620;848 ~~~~~~~~~~~~~~~~~~ 10-01
10041447;11082025g;10015786;10171200013;10071947;22011742;276;747;790;549;560;868;527;853 ~~~~~~~~~~~~~~ 10-02
11041447;12082025g;11015786;11171200013;11071947;23011742;277;748;790;378;899;620;848 ~~~~~~~~~~~~~~~~~~ 10-03
12041447;13082025g;12015786;12171200013;12071947;24011742;278;637;790;375 ~~~~~~~~~~~~~~~~~~~~~~~~~~~~~~ 10-04
13041447;14082025g;13015786;13171200013;13071947;25011742;279;749;790;620 ~~~~~~~~~~~~~~~~~~~~~~~~~~~~~~ 10-05
14041447;15082025g;14015786;14171200013;14071947;26011742;280;744;790;391;390;882;922;570 ~~~~~~~~~~~~~~ 10-06
15041447;16082025g;15015786;15171200013;15071947;27011742;281;745;790;532;523;620 ~~~~~~~~~~~~~~~~~~~~~~ 10-07
16041447;17082025g;16015786;16171200013;16071947;28011742;282;752;514;523 ~~~~~~~~~~~~~~~~~~~~~~~~~~~~~~ 10-08
17041447;18082025g;17015786;17171200013;17071947;29011742;283;753;523 ~~~~~~~~~~~~~~~~~~~~~~~~~~~~~~~~~~ 10-09
18041447;19082025g;18015786;18171200013;18071947;30011742;284;367;432;881;523 ~~~~~~~~~~~~~~~~~~~~~~~~~~ 10-10
19041447;20082025g;19015786;19171200013;19071947;01021742;285;754;368;523 ~~~~~~~~~~~~~~~~~~~~~~~~~~~~~~ 10-11
20041447;21082025g;20015786;00001300013;20071947;02021742;286;750;523;412 ~~~~~~~~~~~~~~~~~~~~~~~~~~~~~~ 10-12
21041447;22082025g;21015786;01001300013;21071947;03021742;287;751;398;499;523;620;848 ~~~~~~~~~~~~~~~~~~ 10-13
22041447;23082025g;22015786;02001300013;22071947;04021742;288;791;422;524 ~~~~~~~~~~~~~~~~~~~~~~~~~~~~~~ 10-14
23041447;24082025g;23015786;03001300013;23071947;05021742;289;757;525;620 ~~~~~~~~~~~~~~~~~~~~~~~~~~~~~~ 10-15
24041447;25082025g;24015786;04001300013;24071947;06021742;290;631;620 ~~~~~~~~~~~~~~~~~~~~~~~~~~~~~~~~~~ 10-16
25041447;26082025g;25015786;05001300013;25071947;07021742;291;558;911;620 ~~~~~~~~~~~~~~~~~~~~~~~~~~~~~~ 10-17
26041447;27082025g;26015786;06001300013;26071947;08021742;292;758;431;779;784 ~~~~~~~~~~~~~~~~~~~~~~~~~~ 10-18
27041447;28082025g;27015786;07001300013;27071947;09021742;293;780;785;412 ~~~~~~~~~~~~~~~~~~~~~~~~~~~~~~ 10-19
28041447;29082025g;28015786;08001300013;28071947;10021742;294;755;792;781;786;893;784 ~~~~~~~~~~~~~~~~~~ 10-20
29041447;01092025g;29015786;09001300013;29071947;11021742;295;756;380;369;782;820;785;620 ~~~~~~~~~~~~~~ 10-21
01051447;02092025g;30015786;10001300013;30071947;12021742;296;783;787;786 ~~~~~~~~~~~~~~~~~~~~~~~~~~~~~~ 10-22
02051447;03092025g;01025786;11001300013;01081947;13021742;297;513;535;788;787;620 ~~~~~~~~~~~~~~~~~~~~~~ 10-23
03051447;04092025g;02025786;12001300013;02081947;14021742;298;371;415 ~~~~~~~~~~~~~~~~~~~~~~~~~~~~~~~~~~ 10-24
04051447;05092025g;03025786;13001300013;03081947;15021742;299;759;620 ~~~~~~~~~~~~~~~~~~~~~~~~~~~~~~~~~~ 10-25
05051447;06092025g;04025786;14001300013;04081947;16021742;300;412 ~~~~~~~~~~~~~~~~~~~~~~~~~~~~~~~~~~~~~~ 10-26
06051447;07092025g;05025786;15001300013;05081947;17021742;301;543;620 ~~~~~~~~~~~~~~~~~~~~~~~~~~~~~~~~~~ 10-27
07051447;08092025g;06025786;16001300013;06081947;18021742;302;620 ~~~~~~~~~~~~~~~~~~~~~~~~~~~~~~~~~~~~~~ 10-28
08051447;09092025g;07025786;17001300013;07081947;19021742;303;397;436;563;418;620 ~~~~~~~~~~~~~~~~~~~~~~ 10-29
09051447;10092025g;08025786;18001300013;08081947;20021742;304;620 ~~~~~~~~~~~~~~~~~~~~~~~~~~~~~~~~~~~~~~ 10-30
10051447;11092025g;09025786;19001300013;09081947;21021742;305;596;849 ~~~~~~~~~~~~~~~~~~~~~~~~~~~~~~~~~~ 10-31
11051447;12092025g;10025786;00011300013;10081947;22021742;306;637;763;547;879 ~~~~~~~~~~~~~~~~~~~~~~~~~~ 11-01
12051447;13092025g;11025786;01011300013;11081947;23021742;307;554;934;412 ~~~~~~~~~~~~~~~~~~~~~~~~~~~~~~ 11-02
13051447;14092025g;12025786;02011300013;12081947;24021742;308;760 ~~~~~~~~~~~~~~~~~~~~~~~~~~~~~~~~~~~~~~ 11-03
14051447;15092025g;13025786;03011300013;13081947;25021742;309;621 ~~~~~~~~~~~~~~~~~~~~~~~~~~~~~~~~~~~~~~ 11-04
15051447;16092025g;14025786;04011300013;14081947;26021742;310;761;392;514;880;621 ~~~~~~~~~~~~~~~~~~~~~~ 11-05
16051447;17092025g;15025786;05011300013;15081947;27021742;311;762;621 ~~~~~~~~~~~~~~~~~~~~~~~~~~~~~~~~~~ 11-06
17051447;18092025g;16025786;06011300013;16081947;28021742;312;418;621 ~~~~~~~~~~~~~~~~~~~~~~~~~~~~~~~~~~ 11-07
18051447;19092025g;17025786;07011300013;17081947;29021742;313;621 ~~~~~~~~~~~~~~~~~~~~~~~~~~~~~~~~~~~~~~ 11-08
19051447;20092025g;18025786;08011300013;18081947;30021742;314;399;412;621 ~~~~~~~~~~~~~~~~~~~~~~~~~~~~~~ 11-09
20051447;21092025g;19025786;09011300013;19081947;01031742;315;621 ~~~~~~~~~~~~~~~~~~~~~~~~~~~~~~~~~~~~~~ 11-10
21051447;22092025g;20025786;10011300013;20081947;02031742;316;398;408 ~~~~~~~~~~~~~~~~~~~~~~~~~~~~~~~~~~ 11-11
22051447;23092025g;21025786;11011300013;21081947;03031742;317;820;876;400;621 ~~~~~~~~~~~~~~~~~~~~~~~~~~ 11-12
23051447;24092025g;22025786;12011300013;22081947;04031742;318;764;621 ~~~~~~~~~~~~~~~~~~~~~~~~~~~~~~~~~~ 11-13
24051447;25092025g;23025786;13011300013;23081947;05031742;319;621 ~~~~~~~~~~~~~~~~~~~~~~~~~~~~~~~~~~~~~~ 11-14
25051447;26092025g;24025786;14011300013;24081947;06031742;320;767;936;400 ~~~~~~~~~~~~~~~~~~~~~~~~~~~~~~ 11-15
26051447;27092025g;25025786;15011300013;25081947;07031742;321;765;418 ~~~~~~~~~~~~~~~~~~~~~~~~~~~~~~~~~~ 11-16
27051447;28092025g;26025786;16011300013;26081947;08031742;322;409;621 ~~~~~~~~~~~~~~~~~~~~~~~~~~~~~~~~~~ 11-17
28051447;29092025g;27025786;17011300013;27081947;09031742;323;400 ~~~~~~~~~~~~~~~~~~~~~~~~~~~~~~~~~~~~~~ 11-18
29051447;30092025g;28025786;18011300013;28081947;10031742;324;380;621 ~~~~~~~~~~~~~~~~~~~~~~~~~~~~~~~~~~ 11-19
30051447;01102025g;29025786;19011300013;29081947;11031742;325;766;513;621 ~~~~~~~~~~~~~~~~~~~~~~~~~~~~~~ 11-20
01061447;02102025g;01035786;00021300013;30081947;12031742;326;838;400 ~~~~~~~~~~~~~~~~~~~~~~~~~~~~~~~~~~ 11-21
02061447;03102025g;02035786;01021300013;01091947;13031742;327;768;788;621 ~~~~~~~~~~~~~~~~~~~~~~~~~~~~~~ 11-22
03061447;04102025g;03035786;02021300013;02091947;14031742;328;433;621 ~~~~~~~~~~~~~~~~~~~~~~~~~~~~~~~~~~ 11-23
04061447;05102025g;04035786;03021300013;03091947;15031742;329;400;621 ~~~~~~~~~~~~~~~~~~~~~~~~~~~~~~~~~~ 11-24
05061447;06102025g;05035786;04021300013;04091947;16031742;330;944;621 ~~~~~~~~~~~~~~~~~~~~~~~~~~~~~~~~~~ 11-25
06061447;07102025g;06035786;05021300013;05091947;17031742;331;769 ~~~~~~~~~~~~~~~~~~~~~~~~~~~~~~~~~~~~~~ 11-26
07061447;08102025g;07035786;06021300013;06091947;18031742;332;440;397 ~~~~~~~~~~~~~~~~~~~~~~~~~~~~~~~~~~ 11-27
08061447;09102025g;08035786;07021300013;07091947;19031742;333;441;369;413;621 ~~~~~~~~~~~~~~~~~~~~~~~~~~ 11-28
09061447;10102025g;09035786;08021300013;08091947;20031742;334;770;401;409;621 ~~~~~~~~~~~~~~~~~~~~~~~~~~ 11-29
10061447;11102025g;10035786;09021300013;09091947;21031742;335;856;589 ~~~~~~~~~~~~~~~~~~~~~~~~~~~~~~~~~~ 11-30
11061447;12102025g;11035786;10021300013;10091947;22031742;336;442;557;890 ~~~~~~~~~~~~~~~~~~~~~~~~~~~~~~ 12-01
12061447;13102025g;12035786;11021300013;11091947;23031742;337;771;773;370;622 ~~~~~~~~~~~~~~~~~~~~~~~~~~ 12-02
13061447;14102025g;13035786;12021300013;12091947;24031742;338;772;622 ~~~~~~~~~~~~~~~~~~~~~~~~~~~~~~~~~~ 12-03
14061447;15102025g;14035786;13021300013;13091947;25031742;339;395;514;545;887;418 ~~~~~~~~~~~~~~~~~~~~~~ 12-04
15061447;16102025g;15035786;14021300013;14091947;26031742;340;774;409;622 ~~~~~~~~~~~~~~~~~~~~~~~~~~~~~~ 12-05
16061447;17102025g;16035786;15021300013;15091947;27031742;341;637;775 ~~~~~~~~~~~~~~~~~~~~~~~~~~~~~~~~~~ 12-06
17061447;18102025g;17035786;16021300013;16091947;28031742;342;590 ~~~~~~~~~~~~~~~~~~~~~~~~~~~~~~~~~~~~~~ 12-07
18061447;19102025g;18035786;17021300013;17091947;29031742;343;437 ~~~~~~~~~~~~~~~~~~~~~~~~~~~~~~~~~~~~~~ 12-08
19061447;20102025g;19035786;18021300013;18091947;30031742;344;375 ~~~~~~~~~~~~~~~~~~~~~~~~~~~~~~~~~~~~~~ 12-09
20061447;21102025g;20035786;19021300013;19091947;01041742;345;419 ~~~~~~~~~~~~~~~~~~~~~~~~~~~~~~~~~~~~~~ 12-10
21061447;22102025g;21035786;00031300013;20091947;02041742;346;398;415 ~~~~~~~~~~~~~~~~~~~~~~~~~~~~~~~~~~ 12-11
22061447;23102025g;22035786;01031300013;21091947;03041742;347;622 ~~~~~~~~~~~~~~~~~~~~~~~~~~~~~~~~~~~~~~ 12-12
23061447;24102025g;23035786;02031300013;22091947;04041742;348;776;622 ~~~~~~~~~~~~~~~~~~~~~~~~~~~~~~~~~~ 12-13
24061447;25102025g;24035786;03031300013;23091947;05041742;349;777;591 ~~~~~~~~~~~~~~~~~~~~~~~~~~~~~~~~~~ 12-14
25061447;26102025g;25035786;04031300013;24091947;06041742;350;917;516 ~~~~~~~~~~~~~~~~~~~~~~~~~~~~~~~~~~ 12-15
26061447;27102025g;26035786;05031300013;25091947;07041742;351;516;622 ~~~~~~~~~~~~~~~~~~~~~~~~~~~~~~~~~~ 12-16
27061447;28102025g;27035786;06031300013;26091947;08041742;352;513;516;409;622 ~~~~~~~~~~~~~~~~~~~~~~~~~~ 12-17
28061447;29102025g;28035786;07031300013;27091947;09041742;353;516 ~~~~~~~~~~~~~~~~~~~~~~~~~~~~~~~~~~~~~~ 12-18
29061447;30102025g;29035786;08031300013;28091947;10041742;354;596;778;380;516 ~~~~~~~~~~~~~~~~~~~~~~~~~~ 12-19
01071447;01112025g;30035786;09031300013;29091947;11041742;355;371;466;622 ~~~~~~~~~~~~~~~~~~~~~~~~~~~~~~ 12-20
02071447;02112025g;01045786;10031300013;30091947;12041742;356;592;426;516 ~~~~~~~~~~~~~~~~~~~~~~~~~~~~~~ 12-21
03071447;03112025g;02045786;11031300013;01101947;13041742;357;465;516 ~~~~~~~~~~~~~~~~~~~~~~~~~~~~~~~~~~ 12-22
04071447;04112025g;03045786;12031300013;02101947;14041742;358;516;409 ~~~~~~~~~~~~~~~~~~~~~~~~~~~~~~~~~~ 12-23
05071447;05112025g;04045786;13031300013;03101947;15041742;359;622 ~~~~~~~~~~~~~~~~~~~~~~~~~~~~~~~~~~~~~~ 12-24
06071447;06112025g;05045786;14031300013;04101947;16041742;360;622 ~~~~~~~~~~~~~~~~~~~~~~~~~~~~~~~~~~~~~~ 12-25
07071447;07112025g;06045786;15031300013;05101947;17041742;361;622 ~~~~~~~~~~~~~~~~~~~~~~~~~~~~~~~~~~~~~~ 12-26
08071447;08112025g;07045786;16031300013;06101947;18041742;362;397;622 ~~~~~~~~~~~~~~~~~~~~~~~~~~~~~~~~~~ 12-27
09071447;09112025g;08045786;17031300013;07101947;19041742;363;622 ~~~~~~~~~~~~~~~~~~~~~~~~~~~~~~~~~~~~~~ 12-28
10071447;10112025g;09045786;18031300013;08101947;20041742;364;622 ~~~~~~~~~~~~~~~~~~~~~~~~~~~~~~~~~~~~~~ 12-29
11071447;11112025g;10045786;19031300013;09101947;21041742;365;905 ~~~~~~~~~~~~~~~~~~~~~~~~~~~~~~~~~~~~~~ 12-30
12071447;12112025g;11045786;00041300013;10101947;22041742;366;554 ~~~~~~~~~~~~~~~~~~~~~~~~~~~~~~~~~~~~~~ 12-31
