21071515;23112091m;21245852;06030000413;11102013;22041808;001 ~~~~~~~~~~~~~~~~~~~~~~~~~~~~~~~~~~~~~~~~~~ 01-01
22071515;24112091m;22245852;07030000413;12102013;23041808;002;398 ~~~~~~~~~~~~~~~~~~~~~~~~~~~~~~~~~~~~~~ 01-02
23071515;25112091m;23245852;08030000413;13102013;24041808;003;372 ~~~~~~~~~~~~~~~~~~~~~~~~~~~~~~~~~~~~~~ 01-03
24071515;26112091m;24245852;09030000413;14102013;25041808;004;432 ~~~~~~~~~~~~~~~~~~~~~~~~~~~~~~~~~~~~~~ 01-04
25071515;27112091m;25245852;10030000413;15102013;26041808;005;637;917 ~~~~~~~~~~~~~~~~~~~~~~~~~~~~~~~~~~ 01-05
26071515;28112091m;26245852;11030000413;16102013;27041808;006;514 ~~~~~~~~~~~~~~~~~~~~~~~~~~~~~~~~~~~~~~ 01-06
27071515;29112091m;27245852;12030000413;17102013;28041808;007;422;509 ~~~~~~~~~~~~~~~~~~~~~~~~~~~~~~~~~~ 01-07
28071515;30112091m;28245852;13030000413;18102013;29041808;008;629;380;412 ~~~~~~~~~~~~~~~~~~~~~~~~~~~~~~ 01-08
29071515;01122091m;29245852;14030000413;19102013;30041808;009 ~~~~~~~~~~~~~~~~~~~~~~~~~~~~~~~~~~~~~~~~~~ 01-09
30071515;02122091m;01255852;15030000413;20102013;01051808;010 ~~~~~~~~~~~~~~~~~~~~~~~~~~~~~~~~~~~~~~~~~~ 01-10
01081515;03122091m;02255852;16030000413;21102013;02051808;011;596;406 ~~~~~~~~~~~~~~~~~~~~~~~~~~~~~~~~~~ 01-11
02081515;04122091m;03255852;17030000413;22102013;03051808;012;626 ~~~~~~~~~~~~~~~~~~~~~~~~~~~~~~~~~~~~~~ 01-12
03081515;05122091m;04255852;18030000413;23102013;04051808;013;627 ~~~~~~~~~~~~~~~~~~~~~~~~~~~~~~~~~~~~~~ 01-13
04081515;06122091m;05255852;19030000413;24102013;05051808;014;628 ~~~~~~~~~~~~~~~~~~~~~~~~~~~~~~~~~~~~~~ 01-14
05081515;07122091m;06255852;00040000413;25102013;06051808;015 ~~~~~~~~~~~~~~~~~~~~~~~~~~~~~~~~~~~~~~~~~~ 01-15
06081515;08122091m;07255852;01040000413;26102013;07051808;016;397;406 ~~~~~~~~~~~~~~~~~~~~~~~~~~~~~~~~~~ 01-16
07081515;09122091m;08255852;02040000413;27102013;08051808;017;631 ~~~~~~~~~~~~~~~~~~~~~~~~~~~~~~~~~~~~~~ 01-17
08081515;10122091m;09255852;03040000413;28102013;09051808;018;513 ~~~~~~~~~~~~~~~~~~~~~~~~~~~~~~~~~~~~~~ 01-18
09081515;11122091m;10255852;04040000413;29102013;10051808;019;630;418 ~~~~~~~~~~~~~~~~~~~~~~~~~~~~~~~~~~ 01-19
10081515;12122091m;11255852;05040000413;30102013;11051808;020;625;905 ~~~~~~~~~~~~~~~~~~~~~~~~~~~~~~~~~~ 01-20
11081515;13122091m;12255852;06040000413;01112013;12051808;021;492;406 ~~~~~~~~~~~~~~~~~~~~~~~~~~~~~~~~~~ 01-21
12081515;14122091m;13255852;07040000413;02112013;13051808;022;412 ~~~~~~~~~~~~~~~~~~~~~~~~~~~~~~~~~~~~~~ 01-22
13081515;15122091m;14255852;08040000413;03112013;14051808;023;632;375 ~~~~~~~~~~~~~~~~~~~~~~~~~~~~~~~~~~ 01-23
14081515;16122091m;15255852;09040000413;04112013;15051808;024;381;836;859;904;512 ~~~~~~~~~~~~~~~~~~~~~~ 01-24
15081515;17122091m;16255852;10040000413;05112013;16051808;025;633 ~~~~~~~~~~~~~~~~~~~~~~~~~~~~~~~~~~~~~~ 01-25
16081515;18122091m;17255852;11040000413;06112013;17051808;026;634 ~~~~~~~~~~~~~~~~~~~~~~~~~~~~~~~~~~~~~~ 01-26
17081515;19122091m;18255852;12040000413;07112013;18051808;027;635;916 ~~~~~~~~~~~~~~~~~~~~~~~~~~~~~~~~~~ 01-27
18081515;20122091m;19255852;13040000413;08112013;19051808;028;636;418 ~~~~~~~~~~~~~~~~~~~~~~~~~~~~~~~~~~ 01-28
19081515;21122091m;20255852;14040000413;09112013;20051808;029;412;580 ~~~~~~~~~~~~~~~~~~~~~~~~~~~~~~~~~~ 01-29
20081515;22122091m;21255852;15040000413;10112013;21051808;030 ~~~~~~~~~~~~~~~~~~~~~~~~~~~~~~~~~~~~~~~~~~ 01-30
21081515;23122091m;22255852;16040000413;11112013;22051808;031;398 ~~~~~~~~~~~~~~~~~~~~~~~~~~~~~~~~~~~~~~ 01-31
22081515;24122091m;23255852;16040000413;12112013;23051808;032;639 ~~~~~~~~~~~~~~~~~~~~~~~~~~~~~~~~~~~~~~ 02-01
23081515;25122091m;24255852;17040000413;13112013;24051808;033;637;640;514 ~~~~~~~~~~~~~~~~~~~~~~~~~~~~~~ 02-02
24081515;26122091m;25255852;18040000413;14112013;25051808;034;923 ~~~~~~~~~~~~~~~~~~~~~~~~~~~~~~~~~~~~~~ 02-03
25081515;27122091m;26255852;19040000413;15112013;26051808;035 ~~~~~~~~~~~~~~~~~~~~~~~~~~~~~~~~~~~~~~~~~~ 02-04
26081515;28122091m;27255852;00050000413;16112013;27051808;036;406;612 ~~~~~~~~~~~~~~~~~~~~~~~~~~~~~~~~~~ 02-05
27081515;29122091m;28255852;01050000413;17112013;28051808;037;418 ~~~~~~~~~~~~~~~~~~~~~~~~~~~~~~~~~~~~~~ 02-06
28081515;01012092n;29255852;02050000413;18112013;29051808;038;638;380;888;932;950;479;490 ~~~~~~~~~~~~~~ 02-07
29081515;02012092n;30255852;03050000413;19112013;30051808;039;566;479;490 ~~~~~~~~~~~~~~~~~~~~~~~~~~~~~~ 02-08
01091515;03012092n;01265852;04050000413;20112013;01061808;040;643;820;504;566 ~~~~~~~~~~~~~~~~~~~~~~~~~~ 02-09
02091515;04012092n;02265852;05050000413;21112013;02061808;041;566;581 ~~~~~~~~~~~~~~~~~~~~~~~~~~~~~~~~~~ 02-10
03091515;05012092n;03265852;06050000413;22112013;03061808;042;641;566 ~~~~~~~~~~~~~~~~~~~~~~~~~~~~~~~~~~ 02-11
04091515;06012092n;04265852;07050000413;23112013;04061808;043;443;940 ~~~~~~~~~~~~~~~~~~~~~~~~~~~~~~~~~~ 02-12
05091515;07012092n;05265852;08050000413;24112013;05061808;044;444;612 ~~~~~~~~~~~~~~~~~~~~~~~~~~~~~~~~~~ 02-13
06091515;08012092n;06265852;09050000413;25112013;06061808;045;642;914 ~~~~~~~~~~~~~~~~~~~~~~~~~~~~~~~~~~ 02-14
07091515;09012092n;07265852;10050000413;26112013;07061808;046;645;397;513;536;406 ~~~~~~~~~~~~~~~~~~~~~~ 02-15
08091515;10012092n;08265852;11050000413;27112013;08061808;047;436 ~~~~~~~~~~~~~~~~~~~~~~~~~~~~~~~~~~~~~~ 02-16
09091515;11012092n;09265852;12050000413;28112013;09061808;048;433;453;854 ~~~~~~~~~~~~~~~~~~~~~~~~~~~~~~ 02-17
10091515;12012092n;10265852;13050000413;29112013;10061808;049;450;854 ~~~~~~~~~~~~~~~~~~~~~~~~~~~~~~~~~~ 02-18
11091515;13012092n;11265852;14050000413;30112013;11061808;050;873;412;612 ~~~~~~~~~~~~~~~~~~~~~~~~~~~~~~ 02-19
12091515;14012092n;12265852;15050000413;01122013;12061808;051;406 ~~~~~~~~~~~~~~~~~~~~~~~~~~~~~~~~~~~~~~ 02-20
13091515;15012092n;13265852;16050000413;02122013;13061808;052;644;612 ~~~~~~~~~~~~~~~~~~~~~~~~~~~~~~~~~~ 02-21
14091515;16012092n;14265852;17050000413;03122013;14061808;053;649;382;399 ~~~~~~~~~~~~~~~~~~~~~~~~~~~~~~ 02-22
15091515;17012092n;15265852;18050000413;04122013;15061808;054;542;820;884;948;505 ~~~~~~~~~~~~~~~~~~~~~~ 02-23
16091515;18012092n;16265852;19050000413;05122013;16061808;055;418 ~~~~~~~~~~~~~~~~~~~~~~~~~~~~~~~~~~~~~~ 02-24
17091515;19012092n;17265852;00060000413;06122013;17061808;056;816;400;406;505 ~~~~~~~~~~~~~~~~~~~~~~~~~~ 02-25
18091515;20012092n;18265852;01060000413;07122013;18061808;057;646 ~~~~~~~~~~~~~~~~~~~~~~~~~~~~~~~~~~~~~~ 02-26
19091515;21012092n;19265852;02060000413;08122013;19061808;058;514 ~~~~~~~~~~~~~~~~~~~~~~~~~~~~~~~~~~~~~~ 02-27
20091515;22012092n;20265852;03060000413;09122013;20061808;059;647;648;400 ~~~~~~~~~~~~~~~~~~~~~~~~~~~~~~ 02-28
21091515;23012092n;21265852;04060000413;10122013;21061808;060;650;398 ~~~~~~~~~~~~~~~~~~~~~~~~~~~~~~~~~~ 02-29
22091515;24012092n;22265852;07060000413;11122013;22061808;061;637 ~~~~~~~~~~~~~~~~~~~~~~~~~~~~~~~~~~~~~~ 03-01
23091515;25012092n;23265852;08060000413;12122013;23061808;062;655;400 ~~~~~~~~~~~~~~~~~~~~~~~~~~~~~~~~~~ 03-02
24091515;26012092n;24265852;09060000413;13122013;24061808;063;413;866 ~~~~~~~~~~~~~~~~~~~~~~~~~~~~~~~~~~ 03-03
25091515;27012092n;25265852;10060000413;14122013;25061808;064;943;418 ~~~~~~~~~~~~~~~~~~~~~~~~~~~~~~~~~~ 03-04
26091515;28012092n;26265852;11060000413;15122013;26061808;065;400 ~~~~~~~~~~~~~~~~~~~~~~~~~~~~~~~~~~~~~~ 03-05
27091515;29012092n;27265852;12060000413;16122013;27061808;066;653;886;508;406 ~~~~~~~~~~~~~~~~~~~~~~~~~~ 03-06
28091515;30012092n;28265852;13060000413;17122013;28061808;067;654;380;507;613 ~~~~~~~~~~~~~~~~~~~~~~~~~~ 03-07
29091515;01022092n;29265852;14060000413;18122013;29061808;068;400;505 ~~~~~~~~~~~~~~~~~~~~~~~~~~~~~~~~~~ 03-08
30091515;02022092n;30265852;15060000413;19122013;30061808;069;506 ~~~~~~~~~~~~~~~~~~~~~~~~~~~~~~~~~~~~~~ 03-09
01101515;03022092n;01275852;16060000413;20122013;01071808;070;502 ~~~~~~~~~~~~~~~~~~~~~~~~~~~~~~~~~~~~~~ 03-10
02101515;04022092n;02275852;17060000413;21122013;02071808;071;406 ~~~~~~~~~~~~~~~~~~~~~~~~~~~~~~~~~~~~~~ 03-11
03101515;05022092n;03275852;18060000413;22122013;03071808;072;868 ~~~~~~~~~~~~~~~~~~~~~~~~~~~~~~~~~~~~~~ 03-12
04101515;06022092n;04275852;19060000413;23122013;04071808;073;656;513 ~~~~~~~~~~~~~~~~~~~~~~~~~~~~~~~~~~ 03-13
05101515;07022092n;05275852;00070000413;24122013;05071808;074 ~~~~~~~~~~~~~~~~~~~~~~~~~~~~~~~~~~~~~~~~~~ 03-14
06101515;08022092n;06275852;01070000413;25122013;06071808;075;613 ~~~~~~~~~~~~~~~~~~~~~~~~~~~~~~~~~~~~~~ 03-15
07101515;09022092n;07275852;02070000413;26122013;07071808;076;397;401;830;406 ~~~~~~~~~~~~~~~~~~~~~~~~~~ 03-16
08101515;10022092n;08275852;03070000413;27122013;08071808;077;613 ~~~~~~~~~~~~~~~~~~~~~~~~~~~~~~~~~~~~~~ 03-17
09101515;11022092n;09275852;04070000413;28122013;09071808;078;657;466 ~~~~~~~~~~~~~~~~~~~~~~~~~~~~~~~~~~ 03-18
10101515;12022092n;10275852;05070000413;29122013;10071808;079;517;424 ~~~~~~~~~~~~~~~~~~~~~~~~~~~~~~~~~~ 03-19
11101515;13022092n;11275852;06070000413;30122013;11071808;080;658;459 ~~~~~~~~~~~~~~~~~~~~~~~~~~~~~~~~~~ 03-20
12101515;14022092n;12275852;07070000413;01012014;12071808;081;851;406 ~~~~~~~~~~~~~~~~~~~~~~~~~~~~~~~~~~ 03-21
13101515;15022092n;13275852;08070000413;02012014;13071808;082;378 ~~~~~~~~~~~~~~~~~~~~~~~~~~~~~~~~~~~~~~ 03-22
14101515;16022092n;14275852;09070000413;03012014;14071808;083;493;383;544;623;906;519;613 ~~~~~~~~~~~~~~ 03-23
15101515;17022092n;15275852;10070000413;04012014;15071808;084;598 ~~~~~~~~~~~~~~~~~~~~~~~~~~~~~~~~~~~~~~ 03-24
16101515;18022092n;16275852;11070000413;05012014;16071808;085;659;376;514;562 ~~~~~~~~~~~~~~~~~~~~~~~~~~ 03-25
17101515;19022092n;17275852;12070000413;06012014;17071808;086;660;562;406 ~~~~~~~~~~~~~~~~~~~~~~~~~~~~~~ 03-26
18101515;20022092n;18275852;13070000413;07012014;18071808;087;562 ~~~~~~~~~~~~~~~~~~~~~~~~~~~~~~~~~~~~~~ 03-27
19101515;21022092n;19275852;14070000413;08012014;19071808;088;445;652 ~~~~~~~~~~~~~~~~~~~~~~~~~~~~~~~~~~ 03-28
20101515;22022092n;20275852;15070000413;09012014;20071808;089;446;852 ~~~~~~~~~~~~~~~~~~~~~~~~~~~~~~~~~~ 03-29
21101515;23022092n;21275852;16070000413;10012014;21071808;090;447;398;437;533;924 ~~~~~~~~~~~~~~~~~~~~~~ 03-30
22101515;24022092n;22275852;17070000413;11012014;22071808;091;448 ~~~~~~~~~~~~~~~~~~~~~~~~~~~~~~~~~~~~~~ 03-31
23101515;25022092n;23275852;18070000413;12012014;23071808;092;432 ~~~~~~~~~~~~~~~~~~~~~~~~~~~~~~~~~~~~~~ 04-01
24101515;26022092n;24275852;19070000413;13012014;24071808;093;663;900 ~~~~~~~~~~~~~~~~~~~~~~~~~~~~~~~~~~ 04-02
25101515;27022092n;25275852;00080000413;14012014;25071808;094;571 ~~~~~~~~~~~~~~~~~~~~~~~~~~~~~~~~~~~~~~ 04-03
26101515;28022092n;26275852;01080000413;15012014;26071808;095 ~~~~~~~~~~~~~~~~~~~~~~~~~~~~~~~~~~~~~~~~~~ 04-04
27101515;29022092n;27275852;02080000413;16012014;27071808;096;637;661 ~~~~~~~~~~~~~~~~~~~~~~~~~~~~~~~~~~ 04-05
28101515;30022092n;28275852;03080000413;17012014;28071808;097;662;380;824;614 ~~~~~~~~~~~~~~~~~~~~~~~~~~ 04-06
29101515;01032092n;29275852;04080000413;18012014;29071808;098;651;538;559;865;935 ~~~~~~~~~~~~~~~~~~~~~~ 04-07
01111515;02032092n;01285852;05080000413;19012014;30071808;099;614;651 ~~~~~~~~~~~~~~~~~~~~~~~~~~~~~~~~~~ 04-08
02111515;03032092n;02285852;06080000413;20012014;01081808;100;651 ~~~~~~~~~~~~~~~~~~~~~~~~~~~~~~~~~~~~~~ 04-09
03111515;04032092n;03285852;07080000413;21012014;02081808;101;513;651;555;577;406 ~~~~~~~~~~~~~~~~~~~~~~ 04-10
04111515;05032092n;04285852;08080000413;22012014;03081808;102;651 ~~~~~~~~~~~~~~~~~~~~~~~~~~~~~~~~~~~~~~ 04-11
05111515;06032092n;05285852;09080000413;23012014;04081808;103;614;651 ~~~~~~~~~~~~~~~~~~~~~~~~~~~~~~~~~~ 04-12
06111515;07032092n;06285852;10080000413;24012014;05081808;104;945 ~~~~~~~~~~~~~~~~~~~~~~~~~~~~~~~~~~~~~~ 04-13
07111515;08032092n;07285852;11080000413;25012014;06081808;105;397;614 ~~~~~~~~~~~~~~~~~~~~~~~~~~~~~~~~~~ 04-14
08111515;09032092n;08285852;12080000413;26012014;07081808;106 ~~~~~~~~~~~~~~~~~~~~~~~~~~~~~~~~~~~~~~~~~~ 04-15
09111515;10032092n;09285852;13080000413;27012014;08081808;107;576;933 ~~~~~~~~~~~~~~~~~~~~~~~~~~~~~~~~~~ 04-16
10111515;11032092n;10285852;14080000413;28012014;09081808;108;631;664 ~~~~~~~~~~~~~~~~~~~~~~~~~~~~~~~~~~ 04-17
11111515;12032092n;11285852;15080000413;29012014;10081808;109;665;877;418 ~~~~~~~~~~~~~~~~~~~~~~~~~~~~~~ 04-18
12111515;13032092n;12285852;16080000413;30012014;11081808;110;666 ~~~~~~~~~~~~~~~~~~~~~~~~~~~~~~~~~~~~~~ 04-19
13111515;14032092n;13285852;17080000413;31012014;12081808;111;406 ~~~~~~~~~~~~~~~~~~~~~~~~~~~~~~~~~~~~~~ 04-20
14111515;15032092n;14285852;18080000413;01022014;13081808;112;794;384 ~~~~~~~~~~~~~~~~~~~~~~~~~~~~~~~~~~ 04-21
15111515;16032092n;15285852;19080000413;02022014;14081808;113;402;539;575;515;614 ~~~~~~~~~~~~~~~~~~~~~~ 04-22
16111515;17032092n;16285852;00090000413;03022014;15081808;114;514 ~~~~~~~~~~~~~~~~~~~~~~~~~~~~~~~~~~~~~~ 04-23
17111515;18032092n;17285852;01090000413;04022014;16081808;115;667 ~~~~~~~~~~~~~~~~~~~~~~~~~~~~~~~~~~~~~~ 04-24
18111515;19032092n;18285852;02090000413;05022014;17081808;116;671;406 ~~~~~~~~~~~~~~~~~~~~~~~~~~~~~~~~~~ 04-25
19111515;20032092n;19285852;03090000413;06022014;18081808;117;668;403;614 ~~~~~~~~~~~~~~~~~~~~~~~~~~~~~~ 04-26
20111515;21032092n;20285852;04090000413;07022014;19081808;118;669 ~~~~~~~~~~~~~~~~~~~~~~~~~~~~~~~~~~~~~~ 04-27
21111515;22032092n;21285852;05090000413;08022014;20081808;119;398 ~~~~~~~~~~~~~~~~~~~~~~~~~~~~~~~~~~~~~~ 04-28
22111515;23032092n;22285852;06090000413;09022014;21081808;120 ~~~~~~~~~~~~~~~~~~~~~~~~~~~~~~~~~~~~~~~~~~ 04-29
23111515;24032092n;23285852;07090000413;10022014;22081808;121;670;406 ~~~~~~~~~~~~~~~~~~~~~~~~~~~~~~~~~~ 04-30
24111515;25032092n;24285852;08090000413;11022014;23081808;122;677 ~~~~~~~~~~~~~~~~~~~~~~~~~~~~~~~~~~~~~~ 05-01
25111515;26032092n;25285852;09090000413;12022014;24081808;123;679;939 ~~~~~~~~~~~~~~~~~~~~~~~~~~~~~~~~~~ 05-02
26111515;27032092n;26285852;10090000413;13022014;25081808;124;637;672 ~~~~~~~~~~~~~~~~~~~~~~~~~~~~~~~~~~ 05-03
27111515;28032092n;27285852;11090000413;14022014;26081808;125;673;526;624;403 ~~~~~~~~~~~~~~~~~~~~~~~~~~ 05-04
28111515;29032092n;28285852;12090000413;15022014;27081808;126;674;624;406;615 ~~~~~~~~~~~~~~~~~~~~~~~~~~ 05-05
29111515;01042092n;29285852;13090000413;16022014;28081808;127;675;380;419;624 ~~~~~~~~~~~~~~~~~~~~~~~~~~ 05-06
30111515;02042092n;30285852;14090000413;17022014;29081808;128;676;513;624 ~~~~~~~~~~~~~~~~~~~~~~~~~~~~~~ 05-07
01121515;03042092n;01295852;15090000413;18022014;30081808;129;494;624 ~~~~~~~~~~~~~~~~~~~~~~~~~~~~~~~~~~ 05-08
02121515;04042092n;02295852;16090000413;19022014;01091808;130;678;510;902;624;615 ~~~~~~~~~~~~~~~~~~~~~~ 05-09
03121515;05042092n;03295852;17090000413;20022014;02091808;131;681;680;624 ~~~~~~~~~~~~~~~~~~~~~~~~~~~~~~ 05-10
04121515;06042092n;04295852;18090000413;21022014;03091808;132;451;528;615 ~~~~~~~~~~~~~~~~~~~~~~~~~~~~~~ 05-11
05121515;07042092n;05295852;19090000413;22022014;04091808;133;682;529;403 ~~~~~~~~~~~~~~~~~~~~~~~~~~~~~~ 05-12
06121515;08042092n;06295852;00100000413;23022014;05091808;134;553;615 ~~~~~~~~~~~~~~~~~~~~~~~~~~~~~~~~~~ 05-13
07121515;09042092n;07295852;01100000413;24022014;06091808;135;683;397 ~~~~~~~~~~~~~~~~~~~~~~~~~~~~~~~~~~ 05-14
08121515;10042092n;08295852;02100000413;25022014;07091808;136;797;433;927;406 ~~~~~~~~~~~~~~~~~~~~~~~~~~ 05-15
09121515;11042092n;09295852;03100000413;26022014;08091808;137;686;501;573 ~~~~~~~~~~~~~~~~~~~~~~~~~~~~~~ 05-16
10121515;12042092n;10295852;04100000413;27022014;09091808;138;687;889;500;573 ~~~~~~~~~~~~~~~~~~~~~~~~~~ 05-17
11121515;13042092n;11295852;05100000413;28022014;10091808;139;449;684;554;500;573 ~~~~~~~~~~~~~~~~~~~~~~ 05-18
12121515;14042092n;12295852;06100000413;29022014;11091808;140;789 ~~~~~~~~~~~~~~~~~~~~~~~~~~~~~~~~~~~~~~ 05-19
13121515;15042092n;13295852;07100000413;30022014;12091808;141;894;500;406 ~~~~~~~~~~~~~~~~~~~~~~~~~~~~~~ 05-20
14121515;16042092n;14295852;08100000413;31022014;13091808;142;685;385;514;537;937;500;615 ~~~~~~~~~~~~~~ 05-21
15121515;17042092n;15295852;09100000413;01032014;14091808;143;798;892 ~~~~~~~~~~~~~~~~~~~~~~~~~~~~~~~~~~ 05-22
16121515;18042092n;16295852;10100000413;02032014;15091808;144;689 ~~~~~~~~~~~~~~~~~~~~~~~~~~~~~~~~~~~~~~ 05-23
17121515;19042092n;17295852;11100000413;03032014;16091808;145;439 ~~~~~~~~~~~~~~~~~~~~~~~~~~~~~~~~~~~~~~ 05-24
18121515;20042092n;18295852;12100000413;04032014;17091808;146;439;841;518;406 ~~~~~~~~~~~~~~~~~~~~~~~~~~ 05-25
19121515;21042092n;19295852;13100000413;05032014;18091808;147;438 ~~~~~~~~~~~~~~~~~~~~~~~~~~~~~~~~~~~~~~ 05-26
20121515;22042092n;20295852;14100000413;06032014;19091808;148;398 ~~~~~~~~~~~~~~~~~~~~~~~~~~~~~~~~~~~~~~ 05-27
21121515;23042092n;21295852;15100000413;07032014;20091808;149;688;403 ~~~~~~~~~~~~~~~~~~~~~~~~~~~~~~~~~~ 05-28
22121515;24042092n;22295852;16100000413;08032014;21091808;150 ~~~~~~~~~~~~~~~~~~~~~~~~~~~~~~~~~~~~~~~~~~ 05-29
23121515;25042092n;23295852;17100000413;09032014;22091808;151;406 ~~~~~~~~~~~~~~~~~~~~~~~~~~~~~~~~~~~~~~ 05-30
24121515;26042092n;24295852;18100000413;10032014;23091808;152;530;842 ~~~~~~~~~~~~~~~~~~~~~~~~~~~~~~~~~~ 05-31
25121515;27042092n;25295852;19100000413;11032014;24091808;153;690;403 ~~~~~~~~~~~~~~~~~~~~~~~~~~~~~~~~~~ 06-01
26121515;28042092n;26295852;00110000413;12032014;25091808;154;694 ~~~~~~~~~~~~~~~~~~~~~~~~~~~~~~~~~~~~~~ 06-02
27121515;29042092n;27295852;01110000413;13032014;26091808;155;616 ~~~~~~~~~~~~~~~~~~~~~~~~~~~~~~~~~~~~~~ 06-03
28121515;30042092n;28295852;02110000413;14032014;27091808;156;691;380;404;513;942 ~~~~~~~~~~~~~~~~~~~~~~ 06-04
29121515;01052092n;29295852;03110000413;15032014;28091808;157;823;921 ~~~~~~~~~~~~~~~~~~~~~~~~~~~~~~~~~~ 06-05
30121515;02052092n;01305852;04110000413;16032014;29091808;158;692 ~~~~~~~~~~~~~~~~~~~~~~~~~~~~~~~~~~~~~~ 06-06
01011516;03052092n;02305852;05110000413;17032014;30091808;159;637;693;856;495 ~~~~~~~~~~~~~~~~~~~~~~~~~~ 06-07
02011516;04052092n;03305852;06110000413;18032014;01101808;160;695 ~~~~~~~~~~~~~~~~~~~~~~~~~~~~~~~~~~~~~~ 06-08
03011516;05052092n;04305852;07110000413;19032014;02101808;161;564;616 ~~~~~~~~~~~~~~~~~~~~~~~~~~~~~~~~~~ 06-09
04011516;06052092n;05305852;08110000413;20032014;03101808;162;696;569 ~~~~~~~~~~~~~~~~~~~~~~~~~~~~~~~~~~ 06-10
05011516;07052092n;06305852;09110000413;21032014;04101808;163;436;522;569;496;616 ~~~~~~~~~~~~~~~~~~~~~~ 06-11
06011516;08052092n;07305852;10110000413;22032014;05101808;164;397 ~~~~~~~~~~~~~~~~~~~~~~~~~~~~~~~~~~~~~~ 06-12
07011516;09052092n;08305852;11110000413;23032014;06101808;165;699;616 ~~~~~~~~~~~~~~~~~~~~~~~~~~~~~~~~~~ 06-13
08011516;10052092n;09305852;12110000413;24032014;07101808;166;697;799;408;406 ~~~~~~~~~~~~~~~~~~~~~~~~~~ 06-14
09011516;11052092n;10305852;13110000413;25032014;08101808;167;452;452;552;616 ~~~~~~~~~~~~~~~~~~~~~~~~~~ 06-15
10011516;12052092n;11305852;14110000413;26032014;09101808;168;896;498 ~~~~~~~~~~~~~~~~~~~~~~~~~~~~~~~~~~ 06-16
11011516;13052092n;12305852;15110000413;27032014;10101808;169;865;496 ~~~~~~~~~~~~~~~~~~~~~~~~~~~~~~~~~~ 06-17
12011516;14052092n;13305852;16110000413;28032014;11101808;170;514 ~~~~~~~~~~~~~~~~~~~~~~~~~~~~~~~~~~~~~~ 06-18
13011516;15052092n;14305852;17110000413;29032014;12101808;171;698;386;874;941;460;496;616 ~~~~~~~~~~~~~~ 06-19
14011516;16052092n;15305852;18110000413;30032014;13101808;172;701;425;700 ~~~~~~~~~~~~~~~~~~~~~~~~~~~~~~ 06-20
15011516;17052092n;16305852;19110000413;31032014;14101808;173;461 ~~~~~~~~~~~~~~~~~~~~~~~~~~~~~~~~~~~~~~ 06-21
16011516;18052092n;17305852;00120000413;01042014;15101808;174 ~~~~~~~~~~~~~~~~~~~~~~~~~~~~~~~~~~~~~~~~~~ 06-22
17011516;19052092n;18305852;01120000413;02042014;16101808;175;496;616 ~~~~~~~~~~~~~~~~~~~~~~~~~~~~~~~~~~ 06-23
18011516;20052092n;19305852;02120000413;03042014;17101808;176;399;406 ~~~~~~~~~~~~~~~~~~~~~~~~~~~~~~~~~~ 06-24
19011516;21052092n;20305852;03120000413;04042014;18101808;177;704 ~~~~~~~~~~~~~~~~~~~~~~~~~~~~~~~~~~~~~~ 06-25
20011516;22052092n;21305852;04120000413;05042014;19101808;178;398;409 ~~~~~~~~~~~~~~~~~~~~~~~~~~~~~~~~~~ 06-26
21011516;23052092n;22305852;05120000413;06042014;20101808;179;703;414 ~~~~~~~~~~~~~~~~~~~~~~~~~~~~~~~~~~ 06-27
22011516;24052092n;23305852;06120000413;07042014;21101808;180;702;432 ~~~~~~~~~~~~~~~~~~~~~~~~~~~~~~~~~~ 06-28
23011516;25052092n;24305852;07120000413;08042014;22101808;181;795;406;616 ~~~~~~~~~~~~~~~~~~~~~~~~~~~~~~ 06-29
24011516;26052092n;25305852;08120000413;09042014;23101808;182;946 ~~~~~~~~~~~~~~~~~~~~~~~~~~~~~~~~~~~~~~ 06-30
25011516;27052092n;26305852;09120000413;10042014;24101808;183;513 ~~~~~~~~~~~~~~~~~~~~~~~~~~~~~~~~~~~~~~ 07-01
26011516;28052092n;27305852;10120000413;11042014;25101808;184;864;409 ~~~~~~~~~~~~~~~~~~~~~~~~~~~~~~~~~~ 07-02
27011516;29052092n;28305852;11120000413;12042014;26101808;185;400 ~~~~~~~~~~~~~~~~~~~~~~~~~~~~~~~~~~~~~~ 07-03
28011516;30052092n;29305852;12120000413;13042014;27101808;186;380;565 ~~~~~~~~~~~~~~~~~~~~~~~~~~~~~~~~~~ 07-04
29011516;01062092n;30305852;13120000413;14042014;28101808;187;637;705;840;373;565;617 ~~~~~~~~~~~~~~~~~~ 07-05
30011516;02062092n;01315852;14120000413;15042014;29101808;188;870;497 ~~~~~~~~~~~~~~~~~~~~~~~~~~~~~~~~~~ 07-06
01021516;03062092n;02315852;15120000413;16042014;30101808;189 ~~~~~~~~~~~~~~~~~~~~~~~~~~~~~~~~~~~~~~~~~~ 07-07
02021516;04062092n;03315852;16120000413;17042014;01111808;190;409 ~~~~~~~~~~~~~~~~~~~~~~~~~~~~~~~~~~~~~~ 07-08
03021516;05062092n;04315852;17120000413;18042014;02111808;191;400;406;617 ~~~~~~~~~~~~~~~~~~~~~~~~~~~~~~ 07-09
04021516;06062092n;05315852;18120000413;19042014;03111808;192 ~~~~~~~~~~~~~~~~~~~~~~~~~~~~~~~~~~~~~~~~~~ 07-10
05021516;07062092n;06315852;19120000413;20042014;04111808;193;617 ~~~~~~~~~~~~~~~~~~~~~~~~~~~~~~~~~~~~~~ 07-11
06021516;08062092n;07315852;00130000413;21042014;05111808;194;706;397;400 ~~~~~~~~~~~~~~~~~~~~~~~~~~~~~~ 07-12
07021516;09062092n;08315852;01130000413;22042014;06111808;195;617 ~~~~~~~~~~~~~~~~~~~~~~~~~~~~~~~~~~~~~~ 07-13
08021516;10062092n;09315852;02130000413;23042014;07111808;196;707 ~~~~~~~~~~~~~~~~~~~~~~~~~~~~~~~~~~~~~~ 07-14
09021516;11062092n;10315852;03130000413;24042014;08111808;197;546;400;617 ~~~~~~~~~~~~~~~~~~~~~~~~~~~~~~ 07-15
10021516;12062092n;11315852;04130000413;25042014;09111808;198;711 ~~~~~~~~~~~~~~~~~~~~~~~~~~~~~~~~~~~~~~ 07-16
11021516;13062092n;12315852;05130000413;26042014;10111808;199;631;514 ~~~~~~~~~~~~~~~~~~~~~~~~~~~~~~~~~~ 07-17
12021516;14062092n;13315852;06130000413;27042014;11111808;200;387;531;561;400 ~~~~~~~~~~~~~~~~~~~~~~~~~~ 07-18
13021516;15062092n;14315852;07130000413;28042014;12111808;201;708;401;542;948 ~~~~~~~~~~~~~~~~~~~~~~~~~~ 07-19
14021516;16062092n;15315852;08130000413;29042014;13111808;202;709;409 ~~~~~~~~~~~~~~~~~~~~~~~~~~~~~~~~~~ 07-20
15021516;17062092n;16315852;09130000413;30042014;14111808;203;710;617 ~~~~~~~~~~~~~~~~~~~~~~~~~~~~~~~~~~ 07-21
16021516;18062092n;17315852;10130000413;31042014;15111808;204 ~~~~~~~~~~~~~~~~~~~~~~~~~~~~~~~~~~~~~~~~~~ 07-22
17021516;19062092n;18315852;11130000413;01052014;16111808;205;867 ~~~~~~~~~~~~~~~~~~~~~~~~~~~~~~~~~~~~~~ 07-23
18021516;20062092n;19315852;12130000413;02052014;17111808;206;712 ~~~~~~~~~~~~~~~~~~~~~~~~~~~~~~~~~~~~~~ 07-24
19021516;21062092n;20315852;13130000413;03052014;18111808;207;596;716 ~~~~~~~~~~~~~~~~~~~~~~~~~~~~~~~~~~ 07-25
20021516;22062092n;21315852;14130000413;04052014;19111808;208;713;398;420;844 ~~~~~~~~~~~~~~~~~~~~~~~~~~ 07-26
21021516;23062092n;22315852;15130000413;05052014;20111808;209;714;617 ~~~~~~~~~~~~~~~~~~~~~~~~~~~~~~~~~~ 07-27
22021516;24062092n;23315852;16130000413;06052014;21111808;210;823 ~~~~~~~~~~~~~~~~~~~~~~~~~~~~~~~~~~~~~~ 07-28
23021516;25062092n;24315852;17130000413;07052014;22111808;211;437;513 ~~~~~~~~~~~~~~~~~~~~~~~~~~~~~~~~~~ 07-29
24021516;26062092n;25315852;18130000413;08052014;23111808;212;878 ~~~~~~~~~~~~~~~~~~~~~~~~~~~~~~~~~~~~~~ 07-30
25021516;27062092n;26315852;19130000413;09052014;24111808;213;715 ~~~~~~~~~~~~~~~~~~~~~~~~~~~~~~~~~~~~~~ 07-31
26021516;28062092n;27315852;00140000413;10052014;25111808;214;719 ~~~~~~~~~~~~~~~~~~~~~~~~~~~~~~~~~~~~~~ 08-01
27021516;29062092n;28315852;01140000413;11052014;26111808;215;637;720 ~~~~~~~~~~~~~~~~~~~~~~~~~~~~~~~~~~ 08-02
28021516;01072092n;29315852;02140000413;12052014;27111808;216;717;380;932;950;406;618 ~~~~~~~~~~~~~~~~~~ 08-03
29021516;02072092n;01325852;03140000413;13052014;28111808;217 ~~~~~~~~~~~~~~~~~~~~~~~~~~~~~~~~~~~~~~~~~~ 08-04
01031516;03072092n;02325852;04140000413;14052014;29111808;218;718;815 ~~~~~~~~~~~~~~~~~~~~~~~~~~~~~~~~~~ 08-05
02031516;04072092n;03325852;05140000413;15052014;30111808;219;579 ~~~~~~~~~~~~~~~~~~~~~~~~~~~~~~~~~~~~~~ 08-06
03031516;05072092n;04325852;06140000413;16052014;01121808;220 ~~~~~~~~~~~~~~~~~~~~~~~~~~~~~~~~~~~~~~~~~~ 08-07
04031516;06072092n;05325852;07140000413;17052014;02121808;221;891 ~~~~~~~~~~~~~~~~~~~~~~~~~~~~~~~~~~~~~~ 08-08
05031516;07072092n;06325852;08140000413;18052014;03121808;222;723;572;618 ~~~~~~~~~~~~~~~~~~~~~~~~~~~~~~ 08-09
06031516;08072092n;07325852;09140000413;19052014;04121808;223;721;397;433 ~~~~~~~~~~~~~~~~~~~~~~~~~~~~~~ 08-10
07031516;09072092n;08325852;10140000413;20052014;05121808;224;618 ~~~~~~~~~~~~~~~~~~~~~~~~~~~~~~~~~~~~~~ 08-11
08031516;10072092n;09325852;11140000413;21052014;06121808;225 ~~~~~~~~~~~~~~~~~~~~~~~~~~~~~~~~~~~~~~~~~~ 08-12
09031516;11072092n;10325852;12140000413;22052014;07121808;226;722;457;514;926;406;409 ~~~~~~~~~~~~~~~~~~ 08-13
10031516;12072092n;11325852;13140000413;23052014;08121808;227 ~~~~~~~~~~~~~~~~~~~~~~~~~~~~~~~~~~~~~~~~~~ 08-14
11031516;13072092n;12325852;14140000413;24052014;09121808;228;938;843 ~~~~~~~~~~~~~~~~~~~~~~~~~~~~~~~~~~ 08-15
12031516;14072092n;13325852;15140000413;25052014;10121808;229;724;511;567 ~~~~~~~~~~~~~~~~~~~~~~~~~~~~~~ 08-16
13031516;15072092n;14325852;16140000413;26052014;11121808;230;388;542;556;909;910;925;948;567;843 ~~~~~~ 08-17
14031516;16072092n;15325852;17140000413;27052014;12121808;231 ~~~~~~~~~~~~~~~~~~~~~~~~~~~~~~~~~~~~~~~~~~ 08-18
15031516;17072092n;16325852;18140000413;28052014;13121808;232;618 ~~~~~~~~~~~~~~~~~~~~~~~~~~~~~~~~~~~~~~ 08-19
16031516;18072092n;17325852;19140000413;29052014;14121808;233;875 ~~~~~~~~~~~~~~~~~~~~~~~~~~~~~~~~~~~~~~ 08-20
17031516;19072092n;18325852;00150000413;30052014;15121808;234;511 ~~~~~~~~~~~~~~~~~~~~~~~~~~~~~~~~~~~~~~ 08-21
18031516;20072092n;19325852;01150000413;31052014;16121808;235;427;415 ~~~~~~~~~~~~~~~~~~~~~~~~~~~~~~~~~~ 08-22
19031516;21072092n;20325852;02150000413;01062014;17121808;236;843;618 ~~~~~~~~~~~~~~~~~~~~~~~~~~~~~~~~~~ 08-23
20031516;22072092n;21325852;03150000413;02062014;18121808;237;428;398;835 ~~~~~~~~~~~~~~~~~~~~~~~~~~~~~~ 08-24
21031516;23072092n;22325852;04150000413;03062014;19121808;238;796;513;883;409;618 ~~~~~~~~~~~~~~~~~~~~~~ 08-25
22031516;24072092n;23325852;05150000413;04062014;20121808;239;594 ~~~~~~~~~~~~~~~~~~~~~~~~~~~~~~~~~~~~~~ 08-26
23031516;25072092n;24325852;06150000413;05062014;21121808;240;595;618 ~~~~~~~~~~~~~~~~~~~~~~~~~~~~~~~~~~ 08-27
24031516;26072092n;25325852;07150000413;06062014;22121808;241;503 ~~~~~~~~~~~~~~~~~~~~~~~~~~~~~~~~~~~~~~ 08-28
25031516;27072092n;26325852;08150000413;07062014;23121808;242;596 ~~~~~~~~~~~~~~~~~~~~~~~~~~~~~~~~~~~~~~ 08-29
26031516;28072092n;27325852;09150000413;08062014;24121808;243;429;725;415 ~~~~~~~~~~~~~~~~~~~~~~~~~~~~~~ 08-30
27031516;29072092n;28325852;10150000413;09062014;25121808;244;430;725;409 ~~~~~~~~~~~~~~~~~~~~~~~~~~~~~~ 08-31
28031516;30072092n;29325852;11150000413;10062014;26121808;245;434;380;928 ~~~~~~~~~~~~~~~~~~~~~~~~~~~~~~ 09-01
29031516;01082092n;30325852;12150000413;11062014;27121808;246;435;406 ~~~~~~~~~~~~~~~~~~~~~~~~~~~~~~~~~~ 09-02
30031516;02082092n;01335852;13150000413;12062014;28121808;247 ~~~~~~~~~~~~~~~~~~~~~~~~~~~~~~~~~~~~~~~~~~ 09-03
01041516;03082092n;02335852;14150000413;13062014;29121808;248;597 ~~~~~~~~~~~~~~~~~~~~~~~~~~~~~~~~~~~~~~ 09-04
02041516;04082092n;03335852;15150000413;14062014;30121808;249;727;550 ~~~~~~~~~~~~~~~~~~~~~~~~~~~~~~~~~~ 09-05
03041516;05082092n;04335852;16150000413;15062014;01131808;250;637;728;915;409 ~~~~~~~~~~~~~~~~~~~~~~~~~~ 09-06
04041516;06082092n;05335852;17150000413;16062014;02131808;251;455;845;406 ~~~~~~~~~~~~~~~~~~~~~~~~~~~~~~ 09-07
05041516;07082092n;06335852;18150000413;17062014;03131808;252;729;846;397;514 ~~~~~~~~~~~~~~~~~~~~~~~~~~ 09-08
06041516;08082092n;07335852;19150000413;18062014;04131808;253;908 ~~~~~~~~~~~~~~~~~~~~~~~~~~~~~~~~~~~~~~ 09-09
07041516;09082092n;08335852;00160000413;19062014;05131808;254 ~~~~~~~~~~~~~~~~~~~~~~~~~~~~~~~~~~~~~~~~~~ 09-10
08041516;10082092n;09335852;01160000413;20062014;01011809;255;730;903 ~~~~~~~~~~~~~~~~~~~~~~~~~~~~~~~~~~ 09-11
09041516;11082092n;10335852;02160000413;21062014;02011809;256;726;847;554;897;406;409 ~~~~~~~~~~~~~~~~~~ 09-12
10041516;12082092n;11335852;03160000413;22062014;03011809;257;838 ~~~~~~~~~~~~~~~~~~~~~~~~~~~~~~~~~~~~~~ 09-13
11041516;13082092n;12335852;04160000413;23062014;04011809;258;520;551;832 ~~~~~~~~~~~~~~~~~~~~~~~~~~~~~~ 09-14
12041516;14082092n;13335852;05160000413;24062014;05011809;259;389;390;534;415 ~~~~~~~~~~~~~~~~~~~~~~~~~~ 09-15
13041516;15082092n;14335852;06160000413;25062014;06011809;260;732;907;570 ~~~~~~~~~~~~~~~~~~~~~~~~~~~~~~ 09-16
14041516;16082092n;15335852;07160000413;26062014;07011809;261;406 ~~~~~~~~~~~~~~~~~~~~~~~~~~~~~~~~~~~~~~ 09-17
15041516;17082092n;16335852;08160000413;27062014;08011809;262;733;409 ~~~~~~~~~~~~~~~~~~~~~~~~~~~~~~~~~~ 09-18
16041516;18082092n;17335852;09160000413;28062014;09011809;263;734;848 ~~~~~~~~~~~~~~~~~~~~~~~~~~~~~~~~~~ 09-19
17041516;19082092n;18335852;10160000413;29062014;10011809;264;735 ~~~~~~~~~~~~~~~~~~~~~~~~~~~~~~~~~~~~~~ 09-20
18041516;20082092n;19335852;11160000413;30062014;11011809;265;731;462;619;848 ~~~~~~~~~~~~~~~~~~~~~~~~~~ 09-21
19041516;21082092n;20335852;12160000413;31062014;12011809;266;736;513;423;406 ~~~~~~~~~~~~~~~~~~~~~~~~~~ 09-22
20041516;22082092n;21335852;13160000413;01072014;13011809;267;737;398;432;463;619 ~~~~~~~~~~~~~~~~~~~~~~ 09-23
21041516;23082092n;22335852;14160000413;02072014;14011809;268;742;409 ~~~~~~~~~~~~~~~~~~~~~~~~~~~~~~~~~~ 09-24
22041516;24082092n;23335852;15160000413;03072014;15011809;269;741;619;848 ~~~~~~~~~~~~~~~~~~~~~~~~~~~~~~ 09-25
23041516;25082092n;24335852;16160000413;04072014;16011809;270;738 ~~~~~~~~~~~~~~~~~~~~~~~~~~~~~~~~~~~~~~ 09-26
24041516;26082092n;25335852;17160000413;05072014;17011809;271;739;743;869;406;619 ~~~~~~~~~~~~~~~~~~~~~~ 09-27
25041516;27082092n;26335852;18160000413;06072014;18011809;272;740 ~~~~~~~~~~~~~~~~~~~~~~~~~~~~~~~~~~~~~~ 09-28
26041516;28082092n;27335852;19160000413;07072014;19011809;273;833 ~~~~~~~~~~~~~~~~~~~~~~~~~~~~~~~~~~~~~~ 09-29
27041516;29082092n;28335852;00170000413;08072014;20011809;274;853 ~~~~~~~~~~~~~~~~~~~~~~~~~~~~~~~~~~~~~~ 09-30
28041516;01092092n;29335852;01170000413;09072014;21011809;275;746;790;380;920;521;853;415 ~~~~~~~~~~~~~~ 10-01
29041516;02092092n;01015853;02170000413;10072014;22011809;276;747;790;895;521;853;406 ~~~~~~~~~~~~~~~~~~ 10-02
01051516;03092092n;02015853;03170000413;11072014;23011809;277;748;790;521;620;848 ~~~~~~~~~~~~~~~~~~~~~~ 10-03
02051516;04092092n;03015853;04170000413;12072014;24011809;278;637;790;514;421 ~~~~~~~~~~~~~~~~~~~~~~~~~~ 10-04
03051516;05092092n;04015853;05170000413;13072014;25011809;279;749;790;620 ~~~~~~~~~~~~~~~~~~~~~~~~~~~~~~ 10-05
04051516;06092092n;05015853;06170000413;14072014;26011809;280;744;790;409 ~~~~~~~~~~~~~~~~~~~~~~~~~~~~~~ 10-06
05051516;07092092n;06015853;07170000413;15072014;27011809;281;745;790;397;436;918;406 ~~~~~~~~~~~~~~~~~~ 10-07
06051516;08092092n;07015853;08170000413;16072014;28011809;282;752;548;919 ~~~~~~~~~~~~~~~~~~~~~~~~~~~~~~ 10-08
07051516;09092092n;08015853;09170000413;17072014;29011809;283;753;885;563;620 ~~~~~~~~~~~~~~~~~~~~~~~~~~ 10-09
08051516;10092092n;09015853;10170000413;18072014;30011809;284;367;549;560 ~~~~~~~~~~~~~~~~~~~~~~~~~~~~~~ 10-10
09051516;11092092n;10015853;11170000413;19072014;01021809;285;754;368;899;527;620;848 ~~~~~~~~~~~~~~~~~~ 10-11
10051516;12092092n;11015853;12170000413;20072014;02021809;286;750;410 ~~~~~~~~~~~~~~~~~~~~~~~~~~~~~~~~~~ 10-12
11051516;13092092n;12015853;13170000413;21072014;03021809;287;751;620;848 ~~~~~~~~~~~~~~~~~~~~~~~~~~~~~~ 10-13
12051516;14092092n;13015853;14170000413;22072014;04021809;288;791;813;882;922 ~~~~~~~~~~~~~~~~~~~~~~~~~~ 10-14
13051516;15092092n;14015853;15170000413;23072014;05021809;289;757;393;532;817;620 ~~~~~~~~~~~~~~~~~~~~~~ 10-15
14051516;16092092n;15015853;16170000413;24072014;06021809;290;631;523 ~~~~~~~~~~~~~~~~~~~~~~~~~~~~~~~~~~ 10-16
15051516;17092092n;16015853;17170000413;25072014;07021809;291;523;406;415 ~~~~~~~~~~~~~~~~~~~~~~~~~~~~~~ 10-17
16051516;18092092n;17015853;18170000413;26072014;08021809;292;758;523 ~~~~~~~~~~~~~~~~~~~~~~~~~~~~~~~~~~ 10-18
17051516;19092092n;18015853;19170000413;27072014;09021809;293;881;523;620 ~~~~~~~~~~~~~~~~~~~~~~~~~~~~~~ 10-19
18051516;20092092n;19015853;00000100413;28072014;10021809;294;755;399;467;513;523;784 ~~~~~~~~~~~~~~~~~~ 10-20
19051516;21092092n;20015853;01000100413;29072014;11021809;295;756;369;523;785;620 ~~~~~~~~~~~~~~~~~~~~~~ 10-21
20051516;22092092n;21015853;02000100413;30072014;12021809;296;868;523;786;406 ~~~~~~~~~~~~~~~~~~~~~~~~~~ 10-22
21051516;23092092n;22015853;03000100413;01082014;13021809;297;398;499;524;787;400;620 ~~~~~~~~~~~~~~~~~~ 10-23
22051516;24092092n;23015853;04000100413;02082014;14021809;298;371;525 ~~~~~~~~~~~~~~~~~~~~~~~~~~~~~~~~~~ 10-24
23051516;25092092n;24015853;05000100413;03082014;15021809;299;759;620 ~~~~~~~~~~~~~~~~~~~~~~~~~~~~~~~~~~ 10-25
24051516;26092092n;25015853;06000100413;04082014;16021809;300;400 ~~~~~~~~~~~~~~~~~~~~~~~~~~~~~~~~~~~~~~ 10-26
25051516;27092092n;26015853;07000100413;05082014;17021809;301;558;911;406;620 ~~~~~~~~~~~~~~~~~~~~~~~~~~ 10-27
26051516;28092092n;27015853;08000100413;06082014;18021809;302;779;784 ~~~~~~~~~~~~~~~~~~~~~~~~~~~~~~~~~~ 10-28
27051516;29092092n;28015853;09000100413;07082014;19021809;303;780;785 ~~~~~~~~~~~~~~~~~~~~~~~~~~~~~~~~~~ 10-29
28051516;30092092n;29015853;10000100413;08082014;20021809;304;380;781;786;893 ~~~~~~~~~~~~~~~~~~~~~~~~~~ 10-30
29051516;01102092n;30015853;11000100413;09082014;21021809;305;849;782;787 ~~~~~~~~~~~~~~~~~~~~~~~~~~~~~~ 10-31
30051516;02102092n;01025853;12000100413;10082014;22021809;306;637;763;514;535;783;788;400;406 ~~~~~~~~~~ 11-01
01061516;03102092n;02025853;13000100413;11082014;23021809;307;415 ~~~~~~~~~~~~~~~~~~~~~~~~~~~~~~~~~~~~~~ 11-02
02061516;04102092n;03025853;14000100413;12082014;24021809;308;760;411 ~~~~~~~~~~~~~~~~~~~~~~~~~~~~~~~~~~ 11-03
03061516;05102092n;04025853;15000100413;13082014;25021809;309;850;431;543;400 ~~~~~~~~~~~~~~~~~~~~~~~~~~ 11-04
04061516;06102092n;05025853;16000100413;14082014;26021809;310;761;621 ~~~~~~~~~~~~~~~~~~~~~~~~~~~~~~~~~~ 11-05
05061516;07102092n;06025853;17000100413;15082014;27021809;311;762;397;433;406 ~~~~~~~~~~~~~~~~~~~~~~~~~~ 11-06
06061516;08102092n;07025853;18000100413;16082014;28021809;312;837 ~~~~~~~~~~~~~~~~~~~~~~~~~~~~~~~~~~~~~~ 11-07
07061516;09102092n;08025853;19000100413;17082014;29021809;313;879 ~~~~~~~~~~~~~~~~~~~~~~~~~~~~~~~~~~~~~~ 11-08
08061516;10102092n;09025853;00010100413;18082014;30021809;314;401;547 ~~~~~~~~~~~~~~~~~~~~~~~~~~~~~~~~~~ 11-09
09061516;11102092n;10025853;01010100413;19082014;01031809;315;934;412 ~~~~~~~~~~~~~~~~~~~~~~~~~~~~~~~~~~ 11-10
10061516;12102092n;11025853;02010100413;20082014;02031809;316;621 ~~~~~~~~~~~~~~~~~~~~~~~~~~~~~~~~~~~~~~ 11-11
11061516;13102092n;12025853;03010100413;21082014;03031809;317 ~~~~~~~~~~~~~~~~~~~~~~~~~~~~~~~~~~~~~~~~~~ 11-12
12061516;14102092n;13025853;04010100413;22082014;04031809;318;764;392;880 ~~~~~~~~~~~~~~~~~~~~~~~~~~~~~~ 11-13
13061516;15102092n;14025853;05010100413;23082014;05031809;319 ~~~~~~~~~~~~~~~~~~~~~~~~~~~~~~~~~~~~~~~~~~ 11-14
14061516;16102092n;15025853;06010100413;24082014;06031809;320;767 ~~~~~~~~~~~~~~~~~~~~~~~~~~~~~~~~~~~~~~ 11-15
15061516;17102092n;16025853;07010100413;25082014;07031809;321;765;437;406 ~~~~~~~~~~~~~~~~~~~~~~~~~~~~~~ 11-16
16061516;18102092n;17025853;08010100413;26082014;08031809;322;513;412 ~~~~~~~~~~~~~~~~~~~~~~~~~~~~~~~~~~ 11-17
17061516;19102092n;18025853;09010100413;27082014;09031809;323;415 ~~~~~~~~~~~~~~~~~~~~~~~~~~~~~~~~~~~~~~ 11-18
18061516;20102092n;19025853;10010100413;28082014;10031809;324;621 ~~~~~~~~~~~~~~~~~~~~~~~~~~~~~~~~~~~~~~ 11-19
19061516;21102092n;20025853;11010100413;29082014;11031809;325;766 ~~~~~~~~~~~~~~~~~~~~~~~~~~~~~~~~~~~~~~ 11-20
20061516;22102092n;21025853;12010100413;30082014;12031809;326 ~~~~~~~~~~~~~~~~~~~~~~~~~~~~~~~~~~~~~~~~~~ 11-21
21061516;23102092n;22025853;13010100413;01092014;13031809;327;768;398;876;788 ~~~~~~~~~~~~~~~~~~~~~~~~~~ 11-22
22061516;24102092n;23025853;14010100413;02092014;14031809;328;374 ~~~~~~~~~~~~~~~~~~~~~~~~~~~~~~~~~~~~~~ 11-23
23061516;25102092n;24025853;15010100413;03092014;15031809;329 ~~~~~~~~~~~~~~~~~~~~~~~~~~~~~~~~~~~~~~~~~~ 11-24
24061516;26102092n;25025853;16010100413;04092014;16031809;330;936 ~~~~~~~~~~~~~~~~~~~~~~~~~~~~~~~~~~~~~~ 11-25
25061516;27102092n;26025853;17010100413;05092014;17031809;331;769;406 ~~~~~~~~~~~~~~~~~~~~~~~~~~~~~~~~~~ 11-26
26061516;28102092n;27025853;18010100413;06092014;18031809;332;440;621 ~~~~~~~~~~~~~~~~~~~~~~~~~~~~~~~~~~ 11-27
27061516;29102092n;28025853;19010100413;07092014;19031809;333;596;441;380;369;416 ~~~~~~~~~~~~~~~~~~~~~~ 11-28
28061516;01112092n;29025853;00020100413;08092014;20031809;334;770;514 ~~~~~~~~~~~~~~~~~~~~~~~~~~~~~~~~~~ 11-29
29061516;02112092n;01035853;01020100413;09092014;21031809;335;589 ~~~~~~~~~~~~~~~~~~~~~~~~~~~~~~~~~~~~~~ 11-30
01071516;03112092n;02035853;02020100413;10092014;22031809;336;442;406;412 ~~~~~~~~~~~~~~~~~~~~~~~~~~~~~~ 12-01
02071516;04112092n;03035853;03020100413;11092014;23031809;337;771;773;370 ~~~~~~~~~~~~~~~~~~~~~~~~~~~~~~ 12-02
03071516;05112092n;04035853;04020100413;12092014;24031809;338;772;417;944 ~~~~~~~~~~~~~~~~~~~~~~~~~~~~~~ 12-03
04071516;06112092n;05035853;05020100413;13092014;25031809;339 ~~~~~~~~~~~~~~~~~~~~~~~~~~~~~~~~~~~~~~~~~~ 12-04
05071516;07112092n;06035853;06020100413;14092014;26031809;340;774;397;622 ~~~~~~~~~~~~~~~~~~~~~~~~~~~~~~ 12-05
06071516;08112092n;07035853;07020100413;15092014;27031809;341;637;775 ~~~~~~~~~~~~~~~~~~~~~~~~~~~~~~~~~~ 12-06
07071516;09112092n;08035853;08020100413;16092014;28031809;342;590;622 ~~~~~~~~~~~~~~~~~~~~~~~~~~~~~~~~~~ 12-07
08071516;10112092n;09035853;09020100413;17092014;29031809;343;412 ~~~~~~~~~~~~~~~~~~~~~~~~~~~~~~~~~~~~~~ 12-08
09071516;11112092n;10035853;10020100413;18092014;30031809;344;557;890;622 ~~~~~~~~~~~~~~~~~~~~~~~~~~~~~~ 12-09
10071516;12112092n;11035853;11020100413;19092014;01041809;345 ~~~~~~~~~~~~~~~~~~~~~~~~~~~~~~~~~~~~~~~~~~ 12-10
11071516;13112092n;12035853;12020100413;20092014;02041809;346;406;622 ~~~~~~~~~~~~~~~~~~~~~~~~~~~~~~~~~~ 12-11
12071516;14112092n;13035853;13020100413;21092014;03041809;347;596;418 ~~~~~~~~~~~~~~~~~~~~~~~~~~~~~~~~~~ 12-12
13071516;15112092n;14035853;14020100413;22092014;04041809;348;776;395;545;887;421 ~~~~~~~~~~~~~~~~~~~~~~ 12-13
14071516;16112092n;15035853;15020100413;23092014;05041809;349;777;513;591 ~~~~~~~~~~~~~~~~~~~~~~~~~~~~~~ 12-14
15071516;17112092n;16035853;16020100413;24092014;06041809;350;375 ~~~~~~~~~~~~~~~~~~~~~~~~~~~~~~~~~~~~~~ 12-15
16071516;18112092n;17035853;17020100413;25092014;07041809;351;406 ~~~~~~~~~~~~~~~~~~~~~~~~~~~~~~~~~~~~~~ 12-16
17071516;19112092n;18035853;18020100413;26092014;08041809;352 ~~~~~~~~~~~~~~~~~~~~~~~~~~~~~~~~~~~~~~~~~~ 12-17
18071516;20112092n;19035853;19020100413;27092014;09041809;353 ~~~~~~~~~~~~~~~~~~~~~~~~~~~~~~~~~~~~~~~~~~ 12-18
19071516;21112092n;20035853;00030100413;28092014;10041809;354;778 ~~~~~~~~~~~~~~~~~~~~~~~~~~~~~~~~~~~~~~ 12-19
20071516;22112092n;21035853;01030100413;29092014;11041809;355;371;432;466 ~~~~~~~~~~~~~~~~~~~~~~~~~~~~~~ 12-20
21071516;23112092n;22035853;02030100413;30092014;12041809;356;398;829;592;426;406;418 ~~~~~~~~~~~~~~~~~~ 12-21
22071516;24112092n;23035853;03030100413;01102014;13041809;357;465 ~~~~~~~~~~~~~~~~~~~~~~~~~~~~~~~~~~~~~~ 12-22
23071516;25112092n;24035853;04030100413;02102014;14041809;358;421;622 ~~~~~~~~~~~~~~~~~~~~~~~~~~~~~~~~~~ 12-23
24071516;26112092n;25035853;05030100413;03102014;15041809;359;516 ~~~~~~~~~~~~~~~~~~~~~~~~~~~~~~~~~~~~~~ 12-24
25071516;27112092n;26035853;06030100413;04102014;16041809;360;917;516;622 ~~~~~~~~~~~~~~~~~~~~~~~~~~~~~~ 12-25
26071516;28112092n;27035853;07030100413;05102014;17041809;361;516;406 ~~~~~~~~~~~~~~~~~~~~~~~~~~~~~~~~~~ 12-31
27071516;29112092n;28035853;08030100413;06102014;18041809;362;509;516 ~~~~~~~~~~~~~~~~~~~~~~~~~~~~~~~~~~ 12-27
28071516;30112092n;29035853;09030100413;07102014;19041809;363;380;514;516 ~~~~~~~~~~~~~~~~~~~~~~~~~~~~~~ 12-28
29071516;01122092n;30035853;10030100413;08102014;20041809;364 ~~~~~~~~~~~~~~~~~~~~~~~~~~~~~~~~~~~~~~~~~~ 12-29
30071516;02122092n;01045853;11030100413;09102014;21041809;365;516 ~~~~~~~~~~~~~~~~~~~~~~~~~~~~~~~~~~~~~~ 12-30
01081516;03122092n;02045853;12030100413;10102014;22041809;366;516 ~~~~~~~~~~~~~~~~~~~~~~~~~~~~~~~~~~~~~~ 12-31
