02011497;04122073U;02045834;11160100313;11101995;23041790;001;516;611 ~~~~~~~~~~~~~~~~~~~~~~~~~~~~~~~~~~ 01-01
03011497;05122073U;03045834;12160100313;12101995;24041790;002;516 ~~~~~~~~~~~~~~~~~~~~~~~~~~~~~~~~~~~~~~ 01-02
04011497;06122073U;04045834;13160100313;13101995;25041790;003;611 ~~~~~~~~~~~~~~~~~~~~~~~~~~~~~~~~~~~~~~ 01-03
05011497;07122073U;05045834;14160100313;14101995;26041790;004;397;405 ~~~~~~~~~~~~~~~~~~~~~~~~~~~~~~~~~~ 01-04
06011497;08122073U;06045834;15160100313;15101995;27041790;005;372;496;611 ~~~~~~~~~~~~~~~~~~~~~~~~~~~~~~ 01-05
07011497;09122073U;07045834;16160100313;16101995;28041790;006;637;513 ~~~~~~~~~~~~~~~~~~~~~~~~~~~~~~~~~~ 01-06
08011497;10122073U;08045834;17160100313;17101995;29041790;007;496;611 ~~~~~~~~~~~~~~~~~~~~~~~~~~~~~~~~~~ 01-07
09011497;11122073U;09045834;18160100313;18101995;30041790;008;628;453 ~~~~~~~~~~~~~~~~~~~~~~~~~~~~~~~~~~ 01-08
10011497;12122073U;10045834;19160100313;19101995;01051790;009;629;905;498;611 ~~~~~~~~~~~~~~~~~~~~~~~~~~ 01-09
11011497;13122073U;11045834;00170100313;20101995;02051790;010;418 ~~~~~~~~~~~~~~~~~~~~~~~~~~~~~~~~~~~~~~ 01-10
12011497;14122073U;12045834;01170100313;21101995;03051790;011;611 ~~~~~~~~~~~~~~~~~~~~~~~~~~~~~~~~~~~~~~ 01-11
13011497;15122073U;13045834;02170100313;22101995;04051790;012;381 ~~~~~~~~~~~~~~~~~~~~~~~~~~~~~~~~~~~~~~ 01-12
14011497;16122073U;14045834;03170100313;23101995;05051790;013;626;904;611 ~~~~~~~~~~~~~~~~~~~~~~~~~~~~~~ 01-13
15011497;17122073U;15045834;04170100313;24101995;06051790;014;627;793 ~~~~~~~~~~~~~~~~~~~~~~~~~~~~~~~~~~ 01-14
16011497;18122073U;16045834;05170100313;25101995;07051790;015;492;496;611 ~~~~~~~~~~~~~~~~~~~~~~~~~~~~~~ 01-15
17011497;19122073U;17045834;06170100313;26101995;08051790;016;916 ~~~~~~~~~~~~~~~~~~~~~~~~~~~~~~~~~~~~~~ 01-16
18011497;20122073U;18045834;07170100313;27101995;09051790;017;436;864;611 ~~~~~~~~~~~~~~~~~~~~~~~~~~~~~~ 01-17
19011497;21122073U;19045834;08170100313;28101995;10051790;018;631 ~~~~~~~~~~~~~~~~~~~~~~~~~~~~~~~~~~~~~~ 01-18
20011497;22122073U;20045834;09170100313;29101995;11051790;019;406;496;611 ~~~~~~~~~~~~~~~~~~~~~~~~~~~~~~ 01-19
21011497;23122073U;21045834;10170100313;30101995;12051790;020;630;398 ~~~~~~~~~~~~~~~~~~~~~~~~~~~~~~~~~~ 01-20
22011497;24122073U;22045834;11170100313;01111995;13051790;021;625;514;611 ~~~~~~~~~~~~~~~~~~~~~~~~~~~~~~ 01-21
23011497;25122073U;23045834;12170100313;02111995;14051790;022 ~~~~~~~~~~~~~~~~~~~~~~~~~~~~~~~~~~~~~~~~~~ 01-22
24011497;26122073U;24045834;13170100313;03111995;15051790;023;923;496;611 ~~~~~~~~~~~~~~~~~~~~~~~~~~~~~~ 01-23
25011497;27122073U;25045834;14170100313;04111995;16051790;024;632;399;433;406 ~~~~~~~~~~~~~~~~~~~~~~~~~~ 01-24
26011497;28122073U;26045834;15170100313;05111995;17051790;025;611 ~~~~~~~~~~~~~~~~~~~~~~~~~~~~~~~~~~~~~~ 01-25
27011497;29122073U;27045834;16170100313;06111995;18051790;026;633;380 ~~~~~~~~~~~~~~~~~~~~~~~~~~~~~~~~~~ 01-26
28011497;01012074V;28045834;17170100313;07111995;19051790;027;634;888;932;950;479;490;400;611 ~~~~~~~~~~ 01-27
29011497;02012074V;29045834;18170100313;08111995;20051790;028;635;457;566;479;490 ~~~~~~~~~~~~~~~~~~~~~~ 01-28
30011497;03012074V;01055834;19170100313;09111995;21051790;029;636;497;566;406;611 ~~~~~~~~~~~~~~~~~~~~~~ 01-29
01021497;04012074V;02055834;00000200313;10111995;22051790;030;566;400;580 ~~~~~~~~~~~~~~~~~~~~~~~~~~~~~~ 01-30
02021497;05012074V;03055834;01000200313;11111995;23051790;031;566;409;611 ~~~~~~~~~~~~~~~~~~~~~~~~~~~~~~ 01-31
03021497;06012074V;04055834;01000200313;12111995;24051790;032;638;940 ~~~~~~~~~~~~~~~~~~~~~~~~~~~~~~~~~~ 02-01
04021497;07012074V;05055834;02000200313;13111995;25051790;033;639;400;612 ~~~~~~~~~~~~~~~~~~~~~~~~~~~~~~ 02-02
05021497;08012074V;06055834;03000200313;14111995;26051790;034;637;640;397;513;914;406 ~~~~~~~~~~~~~~~~~~ 02-03
06021497;09012074V;07055834;04000200313;15111995;27051790;035;536;612 ~~~~~~~~~~~~~~~~~~~~~~~~~~~~~~~~~~ 02-04
07021497;10012074V;08055834;05000200313;16111995;28051790;036 ~~~~~~~~~~~~~~~~~~~~~~~~~~~~~~~~~~~~~~~~~~ 02-05
08021497;11012074V;09055834;06000200313;17111995;29051790;037;418;612 ~~~~~~~~~~~~~~~~~~~~~~~~~~~~~~~~~~ 02-06
09021497;12012074V;10055834;07000200313;18111995;30051790;038;873 ~~~~~~~~~~~~~~~~~~~~~~~~~~~~~~~~~~~~~~ 02-07
10021497;13012074V;11055834;08000200313;19111995;01061790;039;642;406;612 ~~~~~~~~~~~~~~~~~~~~~~~~~~~~~~ 02-08
11021497;14012074V;12055834;09000200313;20111995;02061790;040 ~~~~~~~~~~~~~~~~~~~~~~~~~~~~~~~~~~~~~~~~~~ 02-09
12021497;15012074V;13055834;10000200313;21111995;03061790;041;643;612 ~~~~~~~~~~~~~~~~~~~~~~~~~~~~~~~~~~ 02-10
13021497;16012074V;14055834;11000200313;22111995;04061790;042;382;884;948;581 ~~~~~~~~~~~~~~~~~~~~~~~~~~ 02-11
14021497;17012074V;15055834;12000200313;23111995;05061790;043;641;542;612 ~~~~~~~~~~~~~~~~~~~~~~~~~~~~~~ 02-12
15021497;18012074V;16055834;13000200313;24111995;06061790;044;858;406 ~~~~~~~~~~~~~~~~~~~~~~~~~~~~~~~~~~ 02-13
16021497;19012074V;17055834;14000200313;25111995;07061790;045;401;857;612 ~~~~~~~~~~~~~~~~~~~~~~~~~~~~~~ 02-14
17021497;20012074V;18055834;15000200313;26111995;08061790;046;644;514 ~~~~~~~~~~~~~~~~~~~~~~~~~~~~~~~~~~ 02-15
18021497;21012074V;19055834;16000200313;27111995;09061790;047;645;612 ~~~~~~~~~~~~~~~~~~~~~~~~~~~~~~~~~~ 02-16
19021497;22012074V;20055834;17000200313;28111995;10061790;048;854 ~~~~~~~~~~~~~~~~~~~~~~~~~~~~~~~~~~~~~~ 02-17
20021497;23012074V;21055834;18000200313;29111995;11061790;049;398;844;854;612 ~~~~~~~~~~~~~~~~~~~~~~~~~~ 02-18
21021497;24012074V;22055834;19000200313;30111995;12061790;050;450 ~~~~~~~~~~~~~~~~~~~~~~~~~~~~~~~~~~~~~~ 02-19
22021497;25012074V;23055834;00010200313;01121995;13061790;051;612 ~~~~~~~~~~~~~~~~~~~~~~~~~~~~~~~~~~~~~~ 02-20
23021497;26012074V;24055834;01010200313;02121995;14061790;052;943 ~~~~~~~~~~~~~~~~~~~~~~~~~~~~~~~~~~~~~~ 02-21
24021497;27012074V;25055834;02010200313;03121995;15061790;053;647;648;612 ~~~~~~~~~~~~~~~~~~~~~~~~~~~~~~ 02-22
25021497;28012074V;26055834;03010200313;04121995;16061790;054;649 ~~~~~~~~~~~~~~~~~~~~~~~~~~~~~~~~~~~~~~ 02-23
26021497;29012074V;27055834;04010200313;05121995;17061790;055;886;409;612 ~~~~~~~~~~~~~~~~~~~~~~~~~~~~~~ 02-24
27021497;30012074V;28055834;05010200313;06121995;18061790;056;380 ~~~~~~~~~~~~~~~~~~~~~~~~~~~~~~~~~~~~~~ 02-25
28021497;01022074V;29055834;06010200313;07121995;19061790;057;612 ~~~~~~~~~~~~~~~~~~~~~~~~~~~~~~~~~~~~~~ 02-26
29021497;02022074V;30055834;07010200313;08121995;20061790;058;443;646;437 ~~~~~~~~~~~~~~~~~~~~~~~~~~~~~~ 02-27
01031497;03022074V;01065834;08010200313;09121995;21061790;059;444;650;406;612 ~~~~~~~~~~~~~~~~~~~~~~~~~~ 02-28
02031497;04022074V;02065834;12010200313;10121995;22061790;061;653 ~~~~~~~~~~~~~~~~~~~~~~~~~~~~~~~~~~~~~~ 03-01
03031497;05022074V;03065834;13010200313;11121995;23061790;062;654;613 ~~~~~~~~~~~~~~~~~~~~~~~~~~~~~~~~~~ 03-02
04031497;06022074V;04065834;14010200313;12121995;24061790;063;637;513 ~~~~~~~~~~~~~~~~~~~~~~~~~~~~~~~~~~ 03-03
05031497;07022074V;05065834;15010200313;13121995;25061790;064;655;613 ~~~~~~~~~~~~~~~~~~~~~~~~~~~~~~~~~~ 03-04
06031497;08022074V;06065834;16010200313;14121995;26061790;065;397;406;418 ~~~~~~~~~~~~~~~~~~~~~~~~~~~~~~ 03-05
07031497;09022074V;07065834;17010200313;15121995;27061790;066;613 ~~~~~~~~~~~~~~~~~~~~~~~~~~~~~~~~~~~~~~ 03-06
08031497;10022074V;08065834;18010200313;16121995;28061790;067;613 ~~~~~~~~~~~~~~~~~~~~~~~~~~~~~~~~~~~~~~ 03-07
09031497;11022074V;09065834;19010200313;17121995;29061790;068;656;409;613 ~~~~~~~~~~~~~~~~~~~~~~~~~~~~~~ 03-08
10031497;12022074V;10065834;00020200313;18121995;30061790;069;432;517;613 ~~~~~~~~~~~~~~~~~~~~~~~~~~~~~~ 03-09
11031497;13022074V;11065834;01020200313;19121995;01071790;070;843;613 ~~~~~~~~~~~~~~~~~~~~~~~~~~~~~~~~~~ 03-10
12031497;14022074V;12065834;02020200313;20121995;02071790;071;511;613 ~~~~~~~~~~~~~~~~~~~~~~~~~~~~~~~~~~ 03-11
13031497;15022074V;13065834;03020200313;21121995;03071790;072;544;623;855;613 ~~~~~~~~~~~~~~~~~~~~~~~~~~ 03-12
14031497;16022074V;14065834;04020200313;22121995;04071790;073;383;598;906;519 ~~~~~~~~~~~~~~~~~~~~~~~~~~ 03-13
15031497;17022074V;15065834;05020200313;23121995;05071790;074;562;409;843;613 ~~~~~~~~~~~~~~~~~~~~~~~~~~ 03-14
16031497;18022074V;16065834;06020200313;24121995;06071790;075;658;514;562;406;613 ~~~~~~~~~~~~~~~~~~~~~~ 03-15
17031497;19022074V;17065834;07020200313;25121995;07071790;076;411;562;511;613 ~~~~~~~~~~~~~~~~~~~~~~~~~~ 03-16
18031497;20022074V;18065834;08020200313;26121995;08071790;077 ~~~~~~~~~~~~~~~~~~~~~~~~~~~~~~~~~~~~~~~~~~ 03-17
19031497;21022074V;19065834;09020200313;27121995;09071790;078;613 ~~~~~~~~~~~~~~~~~~~~~~~~~~~~~~~~~~~~~~ 03-18
20031497;22022074V;20065834;10020200313;28121995;10071790;079;398;466;613 ~~~~~~~~~~~~~~~~~~~~~~~~~~~~~~ 03-19
21031497;23022074V;21065834;11020200313;29121995;11071790;080;657;533;924;424;406;409;613 ~~~~~~~~~~~~~~ 03-20
22031497;24022074V;22065834;12020200313;30121995;12071790;081;459;613 ~~~~~~~~~~~~~~~~~~~~~~~~~~~~~~~~~~ 03-21
23031497;25022074V;23065834;13020200313;01011996;13071790;082;851;613 ~~~~~~~~~~~~~~~~~~~~~~~~~~~~~~~~~~ 03-22
24031497;26022074V;24065834;14020200313;02011996;14071790;083;900;412 ~~~~~~~~~~~~~~~~~~~~~~~~~~~~~~~~~~ 03-23
25031497;27022074V;25065834;15020200313;03011996;15071790;084;613 ~~~~~~~~~~~~~~~~~~~~~~~~~~~~~~~~~~~~~~ 03-24
26031497;28022074V;26065834;16020200313;04011996;16071790;085;406;613 ~~~~~~~~~~~~~~~~~~~~~~~~~~~~~~~~~~ 03-25
27031497;29022074V;27065834;17020200313;05011996;17071790;086;407;409;613 ~~~~~~~~~~~~~~~~~~~~~~~~~~~~~~ 03-26
28031497;01032074V;28065834;18020200313;06011996;18071790;087;659;380;419;613 ~~~~~~~~~~~~~~~~~~~~~~~~~~ 03-27
29031497;02032074V;29065834;19020200313;07011996;19071790;088;660;538;559;935;613 ~~~~~~~~~~~~~~~~~~~~~~ 03-28
30031497;03032074V;01075834;00030200313;08011996;20071790;089;652;410;613 ~~~~~~~~~~~~~~~~~~~~~~~~~~~~~~ 03-29
01041497;04032074V;02075834;01030200313;09011996;21071790;090;555;577;852;613 ~~~~~~~~~~~~~~~~~~~~~~~~~~ 03-30
02041497;05032074V;03075834;02030200313;10011996;22071790;091;513 ~~~~~~~~~~~~~~~~~~~~~~~~~~~~~~~~~~~~~~ 03-31
03041497;06032074V;04075834;03030200313;11011996;23071790;092;662;614 ~~~~~~~~~~~~~~~~~~~~~~~~~~~~~~~~~~ 04-01
04041497;07032074V;05075834;04030200313;12011996;24071790;093;651;830 ~~~~~~~~~~~~~~~~~~~~~~~~~~~~~~~~~~ 04-02
05041497;08032074V;06075834;05030200313;13011996;25071790;094;945;651;614 ~~~~~~~~~~~~~~~~~~~~~~~~~~~~~~ 04-03
06041497;09032074V;07075834;06030200313;14011996;26071790;095;663;397;651;571;614 ~~~~~~~~~~~~~~~~~~~~~~ 04-04
07041497;10032074V;08075834;07030200313;15011996;27071790;096;651;614 ~~~~~~~~~~~~~~~~~~~~~~~~~~~~~~~~~~ 04-05
08041497;11032074V;09075834;08030200313;16011996;28071790;097;576;651;933 ~~~~~~~~~~~~~~~~~~~~~~~~~~~~~~ 04-06
09041497;12032074V;10075834;09030200313;17011996;29071790;098;637;661;651;614 ~~~~~~~~~~~~~~~~~~~~~~~~~~ 04-07
10041497;13032074V;11075834;10030200313;18011996;30071790;099;493;877;614 ~~~~~~~~~~~~~~~~~~~~~~~~~~~~~~ 04-08
11041497;14032074V;12075834;11030200313;19011996;01081790;100;614 ~~~~~~~~~~~~~~~~~~~~~~~~~~~~~~~~~~~~~~ 04-09
12041497;15032074V;13075834;12030200313;20011996;02081790;101;614 ~~~~~~~~~~~~~~~~~~~~~~~~~~~~~~~~~~~~~~ 04-10
13041497;16032074V;14075834;13030200313;21011996;03081790;102;384;539;575;614 ~~~~~~~~~~~~~~~~~~~~~~~~~~ 04-11
14041497;17032074V;15075834;14030200313;22011996;04081790;103;514;515 ~~~~~~~~~~~~~~~~~~~~~~~~~~~~~~~~~~ 04-12
15041497;18032074V;16075834;15030200313;23011996;05081790;104;445;614 ~~~~~~~~~~~~~~~~~~~~~~~~~~~~~~~~~~ 04-13
16041497;19032074V;17075834;16030200313;24011996;06081790;105;446;414;614 ~~~~~~~~~~~~~~~~~~~~~~~~~~~~~~ 04-14
17041497;20032074V;18075834;17030200313;25011996;07081790;106;447;614 ~~~~~~~~~~~~~~~~~~~~~~~~~~~~~~~~~~ 04-15
18041497;21032074V;19075834;18030200313;26011996;08081790;107;448;794;614 ~~~~~~~~~~~~~~~~~~~~~~~~~~~~~~ 04-16
19041497;22032074V;20075834;19030200313;27011996;09081790;108;614 ~~~~~~~~~~~~~~~~~~~~~~~~~~~~~~~~~~~~~~ 04-17
20041497;23032074V;21075834;00040200313;28011996;10081790;109;398 ~~~~~~~~~~~~~~~~~~~~~~~~~~~~~~~~~~~~~~ 04-18
21041497;24032074V;22075834;01040200313;29011996;11081790;110;631;664;614 ~~~~~~~~~~~~~~~~~~~~~~~~~~~~~~ 04-19
22041497;25032074V;23075834;02040200313;30011996;12081790;111;665;412 ~~~~~~~~~~~~~~~~~~~~~~~~~~~~~~~~~~ 04-20
23041497;26032074V;24075834;03040200313;01021996;13081790;112;666;939;614 ~~~~~~~~~~~~~~~~~~~~~~~~~~~~~~ 04-21
24041497;27032074V;25075834;04040200313;02021996;14081790;113;433 ~~~~~~~~~~~~~~~~~~~~~~~~~~~~~~~~~~~~~~ 04-22
25041497;28032074V;26075834;05040200313;03021996;15081790;114;526;614 ~~~~~~~~~~~~~~~~~~~~~~~~~~~~~~~~~~ 04-23
26041497;29032074V;27075834;06040200313;04021996;16081790;115 ~~~~~~~~~~~~~~~~~~~~~~~~~~~~~~~~~~~~~~~~~~ 04-24
27041497;30032074V;28075834;07040200313;05021996;17081790;116;670;380;614 ~~~~~~~~~~~~~~~~~~~~~~~~~~~~~~ 04-25
28041497;01042074V;29075834;08040200313;06021996;18081790;117;667;614 ~~~~~~~~~~~~~~~~~~~~~~~~~~~~~~~~~~ 04-26
29041497;02042074V;30075834;09040200313;07021996;19081790;118;671;513;614 ~~~~~~~~~~~~~~~~~~~~~~~~~~~~~~ 04-27
01051497;03042074V;01085834;10040200313;08021996;20081790;119;668;614 ~~~~~~~~~~~~~~~~~~~~~~~~~~~~~~~~~~ 04-28
02051497;04042074V;02085834;11040200313;09021996;21081790;120;669;510;902;614 ~~~~~~~~~~~~~~~~~~~~~~~~~~ 04-29
03051497;05042074V;03085834;12040200313;10021996;22081790;121;415 ~~~~~~~~~~~~~~~~~~~~~~~~~~~~~~~~~~~~~~ 04-30
04051497;06042074V;04085834;13040200313;11021996;23081790;122;675;528;615 ~~~~~~~~~~~~~~~~~~~~~~~~~~~~~~ 05-01
05051497;07042074V;05085834;14040200313;12021996;24081790;123;676;529 ~~~~~~~~~~~~~~~~~~~~~~~~~~~~~~~~~~ 05-02
06051497;08042074V;06085834;15040200313;13021996;25081790;124;677;553;615 ~~~~~~~~~~~~~~~~~~~~~~~~~~~~~~ 05-03
07051497;09042074V;07085834;16040200313;14021996;26081790;125;679;397;412 ~~~~~~~~~~~~~~~~~~~~~~~~~~~~~~ 05-04
08051497;10042074V;08085834;17040200313;15021996;27081790;126;637;672;927;615 ~~~~~~~~~~~~~~~~~~~~~~~~~~ 05-05
09051497;11042074V;09085834;18040200313;16021996;28081790;127;673 ~~~~~~~~~~~~~~~~~~~~~~~~~~~~~~~~~~~~~~ 05-06
10051497;12042074V;10085834;19040200313;17021996;29081790;128;674;889;615 ~~~~~~~~~~~~~~~~~~~~~~~~~~~~~~ 05-07
11051497;13042074V;11085834;00050200313;18021996;30081790;129;378;415 ~~~~~~~~~~~~~~~~~~~~~~~~~~~~~~~~~~ 05-08
12051497;14042074V;12085834;01050200313;19021996;01091790;130;683;868;894;615 ~~~~~~~~~~~~~~~~~~~~~~~~~~ 05-09
13051497;15042074V;13085834;02050200313;20021996;02091790;131;385;436 ~~~~~~~~~~~~~~~~~~~~~~~~~~~~~~~~~~ 05-10
14051497;16042074V;14085834;03050200313;21021996;03091790;132;678;514;537;892;937;615 ~~~~~~~~~~~~~~~~~~ 05-11
15051497;17042074V;15085834;04050200313;22021996;04091790;133;681;680 ~~~~~~~~~~~~~~~~~~~~~~~~~~~~~~~~~~ 05-12
16051497;18042074V;16085834;05050200313;23021996;05091790;134;451;615 ~~~~~~~~~~~~~~~~~~~~~~~~~~~~~~~~~~ 05-13
17051497;19042074V;17085834;06050200313;24021996;06091790;135;682 ~~~~~~~~~~~~~~~~~~~~~~~~~~~~~~~~~~~~~~ 05-14
18051497;20042074V;18085834;07050200313;25021996;07091790;136;518;615 ~~~~~~~~~~~~~~~~~~~~~~~~~~~~~~~~~~ 05-15
19051497;21042074V;19085834;08050200313;26021996;08091790;137;685;415 ~~~~~~~~~~~~~~~~~~~~~~~~~~~~~~~~~~ 05-16
20051497;22042074V;20085834;09050200313;27021996;09091790;138;797;398;615 ~~~~~~~~~~~~~~~~~~~~~~~~~~~~~~ 05-17
21051497;23042074V;21085834;10050200313;28021996;10091790;139;686;573;412 ~~~~~~~~~~~~~~~~~~~~~~~~~~~~~~ 05-18
22051497;24042074V;22085834;11050200313;29021996;11091790;140;687;573;615 ~~~~~~~~~~~~~~~~~~~~~~~~~~~~~~ 05-19
23051497;25042074V;23085834;12050200313;30021996;12091790;141;684;573;624 ~~~~~~~~~~~~~~~~~~~~~~~~~~~~~~ 05-20
24051497;26042074V;24085834;13050200313;31021996;13091790;142;789;530;624;615 ~~~~~~~~~~~~~~~~~~~~~~~~~~ 05-21
25051497;27042074V;25085834;14050200313;01031996;14091790;143;399;624 ~~~~~~~~~~~~~~~~~~~~~~~~~~~~~~~~~~ 05-22
26051497;28042074V;26085834;15050200313;02031996;15091790;144;798;624;615 ~~~~~~~~~~~~~~~~~~~~~~~~~~~~~~ 05-23
27051497;29042074V;27085834;16050200313;03031996;16091790;145;494;513;861;624;415 ~~~~~~~~~~~~~~~~~~~~~~ 05-24
28051497;30042074V;28085834;17050200313;04031996;17091790;146;689;380;921;942;624;400;412;615 ~~~~~~~~~~ 05-25
29051497;01052074V;29085834;18050200313;05031996;18091790;147;439;624 ~~~~~~~~~~~~~~~~~~~~~~~~~~~~~~~~~~ 05-26
30051497;02052074V;01095834;19050200313;06031996;19091790;148;439;615 ~~~~~~~~~~~~~~~~~~~~~~~~~~~~~~~~~~ 05-27
01061497;03052074V;02095834;00060200313;07031996;20091790;149;438;400 ~~~~~~~~~~~~~~~~~~~~~~~~~~~~~~~~~~ 05-28
02061497;04052074V;03095834;01060200313;08031996;21091790;150;615 ~~~~~~~~~~~~~~~~~~~~~~~~~~~~~~~~~~~~~~ 05-29
03061497;05052074V;04095834;02060200313;09031996;22091790;151;688;564 ~~~~~~~~~~~~~~~~~~~~~~~~~~~~~~~~~~ 05-30
04061497;06052074V;05095834;03060200313;10031996;23091790;152;833;400;615 ~~~~~~~~~~~~~~~~~~~~~~~~~~~~~~ 05-31
05061497;07052074V;06095834;04060200313;11031996;24091790;153;596;692;694;522 ~~~~~~~~~~~~~~~~~~~~~~~~~~ 06-01
06061497;08052074V;07095834;05060200313;12031996;25091790;154;637;693;397;616 ~~~~~~~~~~~~~~~~~~~~~~~~~~ 06-02
07061497;09052074V;08095834;06060200313;13031996;26091790;155;449;690;400 ~~~~~~~~~~~~~~~~~~~~~~~~~~~~~~ 06-03
08061497;10052074V;09095834;07060200313;14031996;27091790;156;552;616 ~~~~~~~~~~~~~~~~~~~~~~~~~~~~~~~~~~ 06-04
09061497;11052074V;10095834;08060200313;15031996;28091790;157;432;896 ~~~~~~~~~~~~~~~~~~~~~~~~~~~~~~~~~~ 06-05
10061497;12052074V;11095834;09060200313;16031996;29091790;158;691;554;400;616 ~~~~~~~~~~~~~~~~~~~~~~~~~~ 06-06
11061497;13052074V;12095834;10060200313;17031996;30091790;159 ~~~~~~~~~~~~~~~~~~~~~~~~~~~~~~~~~~~~~~~~~~ 06-07
12061497;14052074V;13095834;11060200313;18031996;01101790;160;514;616 ~~~~~~~~~~~~~~~~~~~~~~~~~~~~~~~~~~ 06-08
13061497;15052074V;14095834;12060200313;19031996;02101790;161;697;799;386;874;941;400;415 ~~~~~~~~~~~~~~ 06-09
14061497;16052074V;15095834;13060200313;20031996;03101790;162;695;616 ~~~~~~~~~~~~~~~~~~~~~~~~~~~~~~~~~~ 06-10
15061497;17052074V;16095834;14060200313;21031996;04101790;163;569;616 ~~~~~~~~~~~~~~~~~~~~~~~~~~~~~~~~~~ 06-11
16061497;18052074V;17095834;15060200313;22031996;05101790;164;696;569;616 ~~~~~~~~~~~~~~~~~~~~~~~~~~~~~~ 06-12
17061497;19052074V;18095834;16060200313;23031996;06101790;165 ~~~~~~~~~~~~~~~~~~~~~~~~~~~~~~~~~~~~~~~~~~ 06-13
18061497;20052074V;19095834;17060200313;24031996;07101790;166;616 ~~~~~~~~~~~~~~~~~~~~~~~~~~~~~~~~~~~~~~ 06-14
19061497;21052074V;20095834;18060200313;25031996;08101790;167;701;699;401;412 ~~~~~~~~~~~~~~~~~~~~~~~~~~ 06-15
20061497;22052074V;21095834;19060200313;26031996;09101790;168;398;616 ~~~~~~~~~~~~~~~~~~~~~~~~~~~~~~~~~~ 06-16
21061497;23052074V;22095834;00070200313;27031996;10101790;169;452;452;415;616 ~~~~~~~~~~~~~~~~~~~~~~~~~~ 06-17
22061497;24052074V;23095834;01070200313;28031996;11101790;170;616 ~~~~~~~~~~~~~~~~~~~~~~~~~~~~~~~~~~~~~~ 06-18
23061497;25052074V;24095834;02070200313;29031996;12101790;171;616 ~~~~~~~~~~~~~~~~~~~~~~~~~~~~~~~~~~~~~~ 06-19
24061497;26052074V;25095834;03070200313;30031996;13101790;172;513;946;460;616 ~~~~~~~~~~~~~~~~~~~~~~~~~~ 06-20
25061497;27052074V;26095834;04070200313;31031996;14101790;173;698;831;425;616 ~~~~~~~~~~~~~~~~~~~~~~~~~~ 06-21
26061497;28052074V;27095834;05070200313;01041996;15101790;174;461;700;412;616 ~~~~~~~~~~~~~~~~~~~~~~~~~~ 06-22
27061497;29052074V;28095834;06070200313;02041996;16101790;175;702 ~~~~~~~~~~~~~~~~~~~~~~~~~~~~~~~~~~~~~~ 06-23
28061497;01062074V;29095834;07070200313;03041996;17101790;176;380;616 ~~~~~~~~~~~~~~~~~~~~~~~~~~~~~~~~~~ 06-24
29061497;02062074V;30095834;08070200313;04041996;18101790;177 ~~~~~~~~~~~~~~~~~~~~~~~~~~~~~~~~~~~~~~~~~~ 06-25
01071497;03062074V;01105834;09070200313;05041996;19101790;178;870;616 ~~~~~~~~~~~~~~~~~~~~~~~~~~~~~~~~~~ 06-26
02071497;04062074V;02105834;10070200313;06041996;20101790;179;704;616 ~~~~~~~~~~~~~~~~~~~~~~~~~~~~~~~~~~ 06-27
03071497;05062074V;03105834;11070200313;07041996;21101790;180;437;616 ~~~~~~~~~~~~~~~~~~~~~~~~~~~~~~~~~~ 06-28
04071497;06062074V;04105834;12070200313;08041996;22101790;181;703;412;616 ~~~~~~~~~~~~~~~~~~~~~~~~~~~~~~ 06-29
05071497;07062074V;05105834;13070200313;09041996;23101790;182;838;616 ~~~~~~~~~~~~~~~~~~~~~~~~~~~~~~~~~~ 06-30
06071497;08062074V;06105834;14070200313;10041996;24101790;183;795;397 ~~~~~~~~~~~~~~~~~~~~~~~~~~~~~~~~~~ 07-01
07071497;09062074V;07105834;15070200313;11041996;25101790;184;617 ~~~~~~~~~~~~~~~~~~~~~~~~~~~~~~~~~~~~~~ 07-02
08071497;10062074V;08105834;16070200313;12041996;26101790;185 ~~~~~~~~~~~~~~~~~~~~~~~~~~~~~~~~~~~~~~~~~~ 07-03
09071497;11062074V;09105834;17070200313;13041996;27101790;186;373;617 ~~~~~~~~~~~~~~~~~~~~~~~~~~~~~~~~~~ 07-04
10071497;12062074V;10105834;18070200313;14041996;28101790;187;546;617 ~~~~~~~~~~~~~~~~~~~~~~~~~~~~~~~~~~ 07-05
11071497;13062074V;11105834;19070200313;15041996;29101790;188;514;565;617 ~~~~~~~~~~~~~~~~~~~~~~~~~~~~~~ 07-06
12071497;14062074V;12105834;00080200313;16041996;30101790;189;637;705;840;565 ~~~~~~~~~~~~~~~~~~~~~~~~~~ 07-07
13071497;15062074V;13105834;01080200313;17041996;01111790;190;387;420;531;542;561;948;617 ~~~~~~~~~~~~~~ 07-08
14071497;16062074V;14105834;02080200313;18041996;02111790;191;707 ~~~~~~~~~~~~~~~~~~~~~~~~~~~~~~~~~~~~~~ 07-09
15071497;17062074V;15105834;03080200313;19041996;03111790;192;617 ~~~~~~~~~~~~~~~~~~~~~~~~~~~~~~~~~~~~~~ 07-10
16071497;18062074V;16105834;04080200313;20041996;04111790;193;617 ~~~~~~~~~~~~~~~~~~~~~~~~~~~~~~~~~~~~~~ 07-11
17071497;19062074V;17105834;05080200313;21041996;05111790;194;617 ~~~~~~~~~~~~~~~~~~~~~~~~~~~~~~~~~~~~~~ 07-12
18071497;20062074V;18105834;06080200313;22041996;06111790;195;617 ~~~~~~~~~~~~~~~~~~~~~~~~~~~~~~~~~~~~~~ 07-13
19071497;21062074V;19105834;07080200313;23041996;07111790;196;706;617 ~~~~~~~~~~~~~~~~~~~~~~~~~~~~~~~~~~ 07-14
20071497;22062074V;20105834;08080200313;24041996;08111790;197;709;398;617 ~~~~~~~~~~~~~~~~~~~~~~~~~~~~~~ 07-15
21071497;23062074V;21105834;09080200313;25041996;09111790;198;710;617 ~~~~~~~~~~~~~~~~~~~~~~~~~~~~~~~~~~ 07-16
22071497;24062074V;22105834;10080200313;26041996;10111790;199;617 ~~~~~~~~~~~~~~~~~~~~~~~~~~~~~~~~~~~~~~ 07-17
23071497;25062074V;23105834;11080200313;27041996;11111790;200;711;513;617 ~~~~~~~~~~~~~~~~~~~~~~~~~~~~~~ 07-18
24071497;26062074V;24105834;12080200313;28041996;12111790;201;631;433;878;617 ~~~~~~~~~~~~~~~~~~~~~~~~~~ 07-19
25071497;27062074V;25105834;13080200313;29041996;13111790;202;617 ~~~~~~~~~~~~~~~~~~~~~~~~~~~~~~~~~~~~~~ 07-20
26071497;28062074V;26105834;14080200313;30041996;14111790;203;708;617 ~~~~~~~~~~~~~~~~~~~~~~~~~~~~~~~~~~ 07-21
27071497;29062074V;27105834;15080200313;31041996;15111790;204;714;509;617 ~~~~~~~~~~~~~~~~~~~~~~~~~~~~~~ 07-22
28071497;30062074V;28105834;16080200313;01051996;16111790;205;380;617 ~~~~~~~~~~~~~~~~~~~~~~~~~~~~~~~~~~ 07-23
29071497;01262074V;29105834;17080200313;02051996;17111790;206;932;950;617 ~~~~~~~~~~~~~~~~~~~~~~~~~~~~~~ 07-24
30071497;02262074V;01115834;18080200313;03051996;18111790;207;374;617 ~~~~~~~~~~~~~~~~~~~~~~~~~~~~~~~~~~ 07-25
01081497;03262074V;02115834;19080200313;04051996;19111790;208;712;715;617 ~~~~~~~~~~~~~~~~~~~~~~~~~~~~~~ 07-26
02081497;04262074V;03115834;00090200313;05051996;20111790;209;716;579;617 ~~~~~~~~~~~~~~~~~~~~~~~~~~~~~~ 07-27
03081497;05262074V;04115834;01090200313;06051996;21111790;210;713;891;421;617 ~~~~~~~~~~~~~~~~~~~~~~~~~~ 07-28
04081497;06262074V;05115834;02090200313;07051996;22111790;211;617 ~~~~~~~~~~~~~~~~~~~~~~~~~~~~~~~~~~~~~~ 07-29
05081497;07262074V;06115834;03090200313;08051996;23111790;212;617 ~~~~~~~~~~~~~~~~~~~~~~~~~~~~~~~~~~~~~~ 07-30
06081497;08262074V;07115834;04090200313;09051996;24111790;213;397;866 ~~~~~~~~~~~~~~~~~~~~~~~~~~~~~~~~~~ 07-31
07081497;09262074V;08115834;05090200313;10051996;25111790;214;618 ~~~~~~~~~~~~~~~~~~~~~~~~~~~~~~~~~~~~~~ 08-01
08081497;10262074V;09115834;06090200313;11051996;26111790;215 ~~~~~~~~~~~~~~~~~~~~~~~~~~~~~~~~~~~~~~~~~~ 08-02
09081497;11262074V;10115834;07090200313;12051996;27111790;216;719;413;514;926;938;618 ~~~~~~~~~~~~~~~~~~ 08-03
10081497;12262074V;11115834;08090200313;13051996;28111790;217;637;720 ~~~~~~~~~~~~~~~~~~~~~~~~~~~~~~~~~~ 08-04
11081497;13262074V;12115834;09090200313;14051996;29111790;218;717;618 ~~~~~~~~~~~~~~~~~~~~~~~~~~~~~~~~~~ 08-05
12081497;14262074V;13115834;10090200313;15051996;30111790;219;388;909;910 ~~~~~~~~~~~~~~~~~~~~~~~~~~~~~~ 08-06
13081497;15262074V;14115834;11090200313;16051996;01121790;220;718;542;556;925;948;618 ~~~~~~~~~~~~~~~~~~ 08-07
14081497;16262074V;15115834;12090200313;17051996;02121790;221;722;512 ~~~~~~~~~~~~~~~~~~~~~~~~~~~~~~~~~~ 08-08
15081497;17262074V;16115834;13090200313;18051996;03121790;222;875;618 ~~~~~~~~~~~~~~~~~~~~~~~~~~~~~~~~~~ 08-09
16081497;18262074V;17115834;14090200313;19051996;04121790;223 ~~~~~~~~~~~~~~~~~~~~~~~~~~~~~~~~~~~~~~~~~~ 08-10
17081497;19262074V;18115834;15090200313;20051996;05121790;224;723;618 ~~~~~~~~~~~~~~~~~~~~~~~~~~~~~~~~~~ 08-11
18081497;20262074V;19115834;16090200313;21051996;06121790;225;721 ~~~~~~~~~~~~~~~~~~~~~~~~~~~~~~~~~~~~~~ 08-12
19081497;21262074V;20115834;17090200313;22051996;07121790;226;618 ~~~~~~~~~~~~~~~~~~~~~~~~~~~~~~~~~~~~~~ 08-13
20081497;22262074V;21115834;18090200313;23051996;08121790;227;398;872 ~~~~~~~~~~~~~~~~~~~~~~~~~~~~~~~~~~ 08-14
21081497;23262074V;22115834;19090200313;24051996;09121790;228;513;871;618 ~~~~~~~~~~~~~~~~~~~~~~~~~~~~~~ 08-15
22081497;24262074V;23115834;00100200313;25051996;10121790;229 ~~~~~~~~~~~~~~~~~~~~~~~~~~~~~~~~~~~~~~~~~~ 08-16
23081497;25262074V;24115834;01100200313;26051996;11121790;230;421;618 ~~~~~~~~~~~~~~~~~~~~~~~~~~~~~~~~~~ 08-17
24081497;26262074V;25115834;02100200313;27051996;12121790;231;724;503 ~~~~~~~~~~~~~~~~~~~~~~~~~~~~~~~~~~ 08-18
25081497;27262074V;26115834;03100200313;28051996;13121790;232;618 ~~~~~~~~~~~~~~~~~~~~~~~~~~~~~~~~~~~~~~ 08-19
26081497;28262074V;27115834;04100200313;29051996;14121790;233 ~~~~~~~~~~~~~~~~~~~~~~~~~~~~~~~~~~~~~~~~~~ 08-20
27081497;29262074V;28115834;05100200313;30051996;15121790;234;618 ~~~~~~~~~~~~~~~~~~~~~~~~~~~~~~~~~~~~~~ 08-21
28081497;01072074V;29115834;06100200313;31051996;16121790;235;380 ~~~~~~~~~~~~~~~~~~~~~~~~~~~~~~~~~~~~~~ 08-22
29081497;02072074V;30115834;07100200313;01061996;17121790;236;618 ~~~~~~~~~~~~~~~~~~~~~~~~~~~~~~~~~~~~~~ 08-23
01091497;03072074V;01125834;08100200313;02061996;18121790;237;427;596;504 ~~~~~~~~~~~~~~~~~~~~~~~~~~~~~~ 08-24
02091497;04072074V;02125834;09100200313;03061996;19121790;238;725;597;618 ~~~~~~~~~~~~~~~~~~~~~~~~~~~~~~ 08-25
03091497;05072074V;03125834;10100200313;04061996;20121790;239;428;725;550;915 ~~~~~~~~~~~~~~~~~~~~~~~~~~ 08-26
04091497;06072074V;04125834;11100200313;05061996;21121790;240;796;421;618 ~~~~~~~~~~~~~~~~~~~~~~~~~~~~~~ 08-27
05091497;07072074V;05125834;12100200313;06061996;22121790;241;594;514;572;415 ~~~~~~~~~~~~~~~~~~~~~~~~~~ 08-28
06091497;08072074V;06125834;13100200313;07061996;23121790;242;595;397;908;618 ~~~~~~~~~~~~~~~~~~~~~~~~~~ 08-29
07091497;09072074V;07125834;14100200313;08061996;24121790;243;864;505 ~~~~~~~~~~~~~~~~~~~~~~~~~~~~~~~~~~ 08-30
08091497;10072074V;08125834;15100200313;09061996;25121790;244;596;618 ~~~~~~~~~~~~~~~~~~~~~~~~~~~~~~~~~~ 08-31
09091497;11072074V;09125834;16100200313;10061996;26121790;245;429;637;728;432;903;505 ~~~~~~~~~~~~~~~~~~ 09-01
10091497;12072074V;10125834;17100200313;11061996;27121790;246;430;619 ~~~~~~~~~~~~~~~~~~~~~~~~~~~~~~~~~~ 09-02
11091497;13072074V;11125834;18100200313;12061996;28121790;247;434;897;619 ~~~~~~~~~~~~~~~~~~~~~~~~~~~~~~ 09-03
12091497;14072074V;12125834;19100200313;13061996;29121790;248;435;520;551;567;619 ~~~~~~~~~~~~~~~~~~~~~~ 09-04
13091497;15072074V;13125834;00110200313;14061996;30121790;249;389;534;567;415 ~~~~~~~~~~~~~~~~~~~~~~~~~~ 09-05
14091497;16072074V;14125834;01110200313;15061996;01131790;250;907;421;619 ~~~~~~~~~~~~~~~~~~~~~~~~~~~~~~ 09-06
15091497;17072074V;15125834;02110200313;16061996;02131790;251;727;436;865 ~~~~~~~~~~~~~~~~~~~~~~~~~~~~~~ 09-07
16091497;18072074V;16125834;03110200313;17061996;03131790;252;619 ~~~~~~~~~~~~~~~~~~~~~~~~~~~~~~~~~~~~~~ 09-08
17091497;19072074V;17125834;04110200313;18061996;04131790;253;455;845;505;619 ~~~~~~~~~~~~~~~~~~~~~~~~~~ 09-09
18091497;20072074V;18125834;05110200313;19061996;05131790;254;729;846;619 ~~~~~~~~~~~~~~~~~~~~~~~~~~~~~~ 09-10
19091497;21072074V;19125834;06110200313;20061996;01011791;255 ~~~~~~~~~~~~~~~~~~~~~~~~~~~~~~~~~~~~~~~~~~ 09-11
20091497;22072074V;20125834;07110200313;21061996;02011791;256;847;513;619 ~~~~~~~~~~~~~~~~~~~~~~~~~~~~~~ 09-12
21091497;23072074V;21125834;08110200313;22061996;03011791;257;730;726;398;415;505 ~~~~~~~~~~~~~~~~~~~~~~ 09-13
22091497;24072074V;22125834;09110200313;23061996;04011791;258;619 ~~~~~~~~~~~~~~~~~~~~~~~~~~~~~~~~~~~~~~ 09-14
23091497;25072074V;23125834;10110200313;24061996;05011791;259;735;416;505;619 ~~~~~~~~~~~~~~~~~~~~~~~~~~ 09-15
24091497;26072074V;24125834;11110200313;25061996;06011791;260;731;421;619 ~~~~~~~~~~~~~~~~~~~~~~~~~~~~~~ 09-16
25091497;27072074V;25125834;12110200313;26061996;07011791;261;869;505;848 ~~~~~~~~~~~~~~~~~~~~~~~~~~~~~~ 09-17
26091497;28072074V;26125834;13110200313;27061996;08011791;262;732;402;619 ~~~~~~~~~~~~~~~~~~~~~~~~~~~~~~ 09-18
27091497;29072074V;27125834;14110200313;28061996;09011791;263;508;848 ~~~~~~~~~~~~~~~~~~~~~~~~~~~~~~~~~~ 09-19
28091497;30072074V;28125834;15110200313;29061996;10011791;264;733;380;399;920;619 ~~~~~~~~~~~~~~~~~~~~~~ 09-20
29091497;01082074V;29125834;16110200313;30061996;11011791;265;734;507;895;462;521;505;619 ~~~~~~~~~~~~~~ 09-21
30091497;02082074V;01015835;17110200313;31061996;12011791;266;739;423;506;521;403;619 ~~~~~~~~~~~~~~~~~~ 09-22
01101497;03082074V;02015835;18110200313;01071996;13011791;267;740;514;463;502;521;400;619;848 ~~~~~~~~~~ 09-23
02101497;04082074V;03015835;19110200313;02071996;14011791;268;736;619 ~~~~~~~~~~~~~~~~~~~~~~~~~~~~~~~~~~ 09-24
03101497;05082074V;04015835;00120200313;03071996;15011791;269;737;619;848 ~~~~~~~~~~~~~~~~~~~~~~~~~~~~~~ 09-25
04101497;06082074V;05015835;01120200313;04071996;16011791;270;742;790;400;403;619 ~~~~~~~~~~~~~~~~~~~~~~ 09-26
05101497;07082074V;06015835;02120200313;05071996;17011791;271;741;790;397;918 ~~~~~~~~~~~~~~~~~~~~~~~~~~ 09-27
06101497;08082074V;07015835;03120200313;06071996;18011791;272;596;738;790;548;885;919;619 ~~~~~~~~~~~~~~ 09-28
07101497;09082074V;08015835;04120200313;07071996;19011791;273;743;790;549;560;375;400 ~~~~~~~~~~~~~~~~~~ 09-29
08101497;10082074V;09015835;05120200313;08071996;20011791;274;790;853;403;619 ~~~~~~~~~~~~~~~~~~~~~~~~~~ 09-30
09101497;11082074V;10015835;06120200313;09071996;21011791;275;744;790;467;899;527;853;848 ~~~~~~~~~~~~~~ 10-01
10101497;12082074V;11015835;07120200313;10071996;22011791;276;745;790;853;400;620 ~~~~~~~~~~~~~~~~~~~~~~ 10-02
11101497;13082074V;12015835;08120200313;11071996;23011791;277;746;804 ~~~~~~~~~~~~~~~~~~~~~~~~~~~~~~~~~~ 10-03
12101497;14082074V;13015835;09120200313;12071996;24011791;278;747;391;390;882;922;403;620 ~~~~~~~~~~~~~~ 10-04
13101497;15082074V;14015835;10120200313;13071996;25011791;279;748;532;570;400;848 ~~~~~~~~~~~~~~~~~~~~~~ 10-05
14101497;16082074V;15015835;11120200313;14071996;26011791;280;637;523;620 ~~~~~~~~~~~~~~~~~~~~~~~~~~~~~~ 10-06
15101497;17082074V;16015835;12120200313;15071996;27011791;281;749;523;848 ~~~~~~~~~~~~~~~~~~~~~~~~~~~~~~ 10-07
16101497;18082074V;17015835;13120200313;16071996;28011791;282;751;881;523;400;403;620 ~~~~~~~~~~~~~~~~~~ 10-08
17101497;19082074V;18015835;14120200313;17071996;29011791;283;791;513;523;848 ~~~~~~~~~~~~~~~~~~~~~~~~~~ 10-09
18101497;20082074V;19015835;15120200313;18071996;30011791;284;752;367;523;620 ~~~~~~~~~~~~~~~~~~~~~~~~~~ 10-10
19101497;21082074V;20015835;16120200313;19071996;01021791;285;753;368;523;400 ~~~~~~~~~~~~~~~~~~~~~~~~~~ 10-11
20101497;22082074V;21015835;17120200313;20071996;02021791;286;398;401;499;523;620 ~~~~~~~~~~~~~~~~~~~~~~ 10-12
21101497;23082074V;22015835;18120200313;21071996;03021791;287;754;524 ~~~~~~~~~~~~~~~~~~~~~~~~~~~~~~~~~~ 10-13
22101497;24082074V;23015835;19120200313;22071996;04021791;288;750;525;620 ~~~~~~~~~~~~~~~~~~~~~~~~~~~~~~ 10-14
23101497;25082074V;24015835;00130200313;23071996;05021791;289;755;433;620 ~~~~~~~~~~~~~~~~~~~~~~~~~~~~~~ 10-15
24101497;26082074V;25015835;01130200313;24071996;06021791;290;756;911;403;620 ~~~~~~~~~~~~~~~~~~~~~~~~~~ 10-16
25101497;27082074V;26015835;02130200313;25071996;07021791;291;757;558;779 ~~~~~~~~~~~~~~~~~~~~~~~~~~~~~~ 10-17
26101497;28082074V;27015835;03130200313;26071996;08021791;292;631;780;784;785;574;620 ~~~~~~~~~~~~~~~~~~ 10-18
27101497;29082074V;28015835;04130200313;27071996;09021791;293;437;781;786;825;893;620 ~~~~~~~~~~~~~~~~~~ 10-19
28101497;01092074V;29015835;05130200313;28071996;10021791;294;758;380;782;787;784;403;620 ~~~~~~~~~~~~~~ 10-20
29101497;02092074V;30015835;06130200313;29071996;11021791;295;514;535;783;788;785;375 ~~~~~~~~~~~~~~~~~~ 10-21
01111497;03092074V;01025835;07130200313;30071996;12021791;296;369;786;620 ~~~~~~~~~~~~~~~~~~~~~~~~~~~~~~ 10-22
02111497;04092074V;02025835;08130200313;01081996;13021791;297;787 ~~~~~~~~~~~~~~~~~~~~~~~~~~~~~~~~~~~~~~ 10-23
03111497;05092074V;03025835;09130200313;02081996;14021791;298;417;620 ~~~~~~~~~~~~~~~~~~~~~~~~~~~~~~~~~~ 10-24
04111497;06092074V;04025835;10130200313;03081996;15021791;299;371;543;620 ~~~~~~~~~~~~~~~~~~~~~~~~~~~~~~ 10-25
05111497;07092074V;05025835;11130200313;04081996;16021791;300;596;849;397;815;421;620 ~~~~~~~~~~~~~~~~~~ 10-26
06111497;08092074V;06025835;12130200313;05081996;17021791;301;759;620 ~~~~~~~~~~~~~~~~~~~~~~~~~~~~~~~~~~ 10-27
07111497;09092074V;07025835;13130200313;06081996;18021791;302;563;403;620 ~~~~~~~~~~~~~~~~~~~~~~~~~~~~~~ 10-28
08111497;10092074V;08025835;14130200313;07081996;19021791;303;879;620 ~~~~~~~~~~~~~~~~~~~~~~~~~~~~~~~~~~ 10-29
09111497;11092074V;09025835;15130200313;08081996;20021791;304;404;547;620 ~~~~~~~~~~~~~~~~~~~~~~~~~~~~~~ 10-30
10111497;12092074V;10025835;16130200313;09081996;21021791;305;431;934 ~~~~~~~~~~~~~~~~~~~~~~~~~~~~~~~~~~ 10-31
11111497;13092074V;11025835;17130200313;10081996;22021791;306;762;375;621 ~~~~~~~~~~~~~~~~~~~~~~~~~~~~~~ 11-01
12111497;14092074V;12025835;18130200313;11081996;23021791;307 ~~~~~~~~~~~~~~~~~~~~~~~~~~~~~~~~~~~~~~~~~~ 11-02
13111497;15092074V;13025835;19130200313;12081996;24021791;308;637;763;394;880;621 ~~~~~~~~~~~~~~~~~~~~~~ 11-03
14111497;16092074V;14025835;00140200313;13081996;25021791;309 ~~~~~~~~~~~~~~~~~~~~~~~~~~~~~~~~~~~~~~~~~~ 11-04
15111497;17092074V;15025835;01140200313;14081996;26021791;310;760;421;621 ~~~~~~~~~~~~~~~~~~~~~~~~~~~~~~ 11-05
16111497;18092074V;16025835;02140200313;15081996;27021791;311;850;513 ~~~~~~~~~~~~~~~~~~~~~~~~~~~~~~~~~~ 11-06
17111497;19092074V;17025835;03140200313;16081996;28021791;312;761;621 ~~~~~~~~~~~~~~~~~~~~~~~~~~~~~~~~~~ 11-07
18111497;20092074V;18025835;04140200313;17081996;29021791;313;764 ~~~~~~~~~~~~~~~~~~~~~~~~~~~~~~~~~~~~~~ 11-08
19111497;21092074V;19025835;05140200313;18081996;30021791;314;621 ~~~~~~~~~~~~~~~~~~~~~~~~~~~~~~~~~~~~~~ 11-09
20111497;22092074V;20025835;06140200313;19081996;01031791;315 ~~~~~~~~~~~~~~~~~~~~~~~~~~~~~~~~~~~~~~~~~~ 11-10
21111497;23092074V;21025835;07140200313;20081996;02031791;316;398;876;621 ~~~~~~~~~~~~~~~~~~~~~~~~~~~~~~ 11-11
22111497;24092074V;22025835;08140200313;21081996;03031791;317 ~~~~~~~~~~~~~~~~~~~~~~~~~~~~~~~~~~~~~~~~~~ 11-12
23111497;25092074V;23025835;09140200313;22081996;04031791;318;865;621 ~~~~~~~~~~~~~~~~~~~~~~~~~~~~~~~~~~ 11-13
24111497;26092074V;24025835;10140200313;23081996;05031791;319;810 ~~~~~~~~~~~~~~~~~~~~~~~~~~~~~~~~~~~~~~ 11-14
25111497;27092074V;25025835;11140200313;24081996;06031791;320;766;936;621 ~~~~~~~~~~~~~~~~~~~~~~~~~~~~~~ 11-15
26111497;28092074V;26025835;12140200313;25081996;07031791;321 ~~~~~~~~~~~~~~~~~~~~~~~~~~~~~~~~~~~~~~~~~~ 11-16
27111497;29092074V;27025835;13140200313;26081996;08031791;322;767;621 ~~~~~~~~~~~~~~~~~~~~~~~~~~~~~~~~~~ 11-17
28111497;30092074V;28025835;14140200313;27081996;09031791;323;765;380 ~~~~~~~~~~~~~~~~~~~~~~~~~~~~~~~~~~ 11-18
29111497;01102074V;29025835;15140200313;28081996;10031791;324;514;621 ~~~~~~~~~~~~~~~~~~~~~~~~~~~~~~~~~~ 11-19
30111497;02102074V;01035835;16140200313;29081996;11031791;325 ~~~~~~~~~~~~~~~~~~~~~~~~~~~~~~~~~~~~~~~~~~ 11-20
01121497;03102074V;02035835;17140200313;30081996;12031791;326;769;621 ~~~~~~~~~~~~~~~~~~~~~~~~~~~~~~~~~~ 11-21
02121497;04102074V;03035835;18140200313;01091996;13031791;327;440;788 ~~~~~~~~~~~~~~~~~~~~~~~~~~~~~~~~~~ 11-22
03121497;05102074V;04035835;19140200313;02091996;14031791;328;441;944;375;621 ~~~~~~~~~~~~~~~~~~~~~~~~~~ 11-23
04121497;06102074V;05035835;00150200313;03091996;15031791;329;770;768 ~~~~~~~~~~~~~~~~~~~~~~~~~~~~~~~~~~ 11-24
05121497;07102074V;06035835;01150200313;04091996;16031791;330;397;621 ~~~~~~~~~~~~~~~~~~~~~~~~~~~~~~~~~~ 11-25
06121497;08102074V;07035835;02150200313;05091996;17031791;331;442 ~~~~~~~~~~~~~~~~~~~~~~~~~~~~~~~~~~~~~~ 11-26
07121497;09102074V;08035835;03150200313;06091996;18031791;332;771;621 ~~~~~~~~~~~~~~~~~~~~~~~~~~~~~~~~~~ 11-27
08121497;10102074V;09035835;04150200313;07091996;19031791;333;772;369;432 ~~~~~~~~~~~~~~~~~~~~~~~~~~~~~~ 11-28
09121497;11102074V;10035835;05150200313;08091996;20031791;334;557;890;501;418;621 ~~~~~~~~~~~~~~~~~~~~~~ 11-29
10121497;12102074V;11035835;06150200313;09091996;21031791;335;500 ~~~~~~~~~~~~~~~~~~~~~~~~~~~~~~~~~~~~~~ 11-30
11121497;13102074V;12035835;07150200313;10091996;22031791;336;637;775;500;622 ~~~~~~~~~~~~~~~~~~~~~~~~~~ 12-01
12121497;14102074V;13035835;08150200313;11091996;23031791;337;370;589 ~~~~~~~~~~~~~~~~~~~~~~~~~~~~~~~~~~ 12-02
13121497;15102074V;14035835;09150200313;12091996;24031791;338;395;513;545;887;500;622 ~~~~~~~~~~~~~~~~~~ 12-03
14121497;16102074V;15035835;10150200313;13091996;25031791;339;773;500 ~~~~~~~~~~~~~~~~~~~~~~~~~~~~~~~~~~ 12-04
15121497;17102074V;16035835;11150200313;14091996;26031791;340;421;622 ~~~~~~~~~~~~~~~~~~~~~~~~~~~~~~~~~~ 12-05
16121497;18102074V;17035835;12150200313;15091996;27031791;341 ~~~~~~~~~~~~~~~~~~~~~~~~~~~~~~~~~~~~~~~~~~ 12-06
17121497;19102074V;18035835;13150200313;16091996;28031791;342;774;622 ~~~~~~~~~~~~~~~~~~~~~~~~~~~~~~~~~~ 12-07
18121497;20102074V;19035835;14150200313;17091996;29031791;343;776;841 ~~~~~~~~~~~~~~~~~~~~~~~~~~~~~~~~~~ 12-08
19121497;21102074V;20035835;15150200313;18091996;30031791;344;777;590;622 ~~~~~~~~~~~~~~~~~~~~~~~~~~~~~~ 12-09
20121497;22102074V;21035835;16150200313;19091996;01041791;345 ~~~~~~~~~~~~~~~~~~~~~~~~~~~~~~~~~~~~~~~~~~ 12-10
21121497;23102074V;22035835;17150200313;20091996;02041791;346;398;816;622 ~~~~~~~~~~~~~~~~~~~~~~~~~~~~~~ 12-11
22121497;24102074V;23035835;18150200313;21091996;03041791;347 ~~~~~~~~~~~~~~~~~~~~~~~~~~~~~~~~~~~~~~~~~~ 12-12
23121497;25102074V;24035835;19150200313;22091996;04041791;348;622 ~~~~~~~~~~~~~~~~~~~~~~~~~~~~~~~~~~~~~~ 12-13
24121497;26102074V;25035835;00160200313;23091996;05041791;349;917;842;516 ~~~~~~~~~~~~~~~~~~~~~~~~~~~~~~ 12-14
25121497;27102074V;26035835;01160200313;24091996;06041791;350;516;622 ~~~~~~~~~~~~~~~~~~~~~~~~~~~~~~~~~~ 12-15
26121497;28102074V;27035835;02160200313;25091996;07041791;351;591;516 ~~~~~~~~~~~~~~~~~~~~~~~~~~~~~~~~~~ 12-16
27121497;29102074V;28035835;03160200313;26091996;08041791;352;380;514;824;516;622 ~~~~~~~~~~~~~~~~~~~~~~ 12-17
28121497;01112074V;29035835;04160200313;27091996;09041791;353;516 ~~~~~~~~~~~~~~~~~~~~~~~~~~~~~~~~~~~~~~ 12-18
29121497;02112074V;01045835;05160200313;28091996;10041791;354;516;622 ~~~~~~~~~~~~~~~~~~~~~~~~~~~~~~~~~~ 12-19
01011498;03112074V;02045835;06160200313;29091996;11041791;355;371;422;867;868;466;495;516 ~~~~~~~~~~~~~~ 12-20
02011498;04112074V;03045835;07160200313;30091996;12041791;356;778;426;516;622 ~~~~~~~~~~~~~~~~~~~~~~~~~~ 12-21
03011498;05112074V;04045835;08160200313;01101996;13041791;357;465 ~~~~~~~~~~~~~~~~~~~~~~~~~~~~~~~~~~~~~~ 12-22
04011498;06112074V;05045835;09160200313;02101996;14041791;358;820;592;622 ~~~~~~~~~~~~~~~~~~~~~~~~~~~~~~ 12-23
05011498;07112074V;06045835;10160200313;03101996;15041791;359;397 ~~~~~~~~~~~~~~~~~~~~~~~~~~~~~~~~~~~~~~ 12-24
06011498;08112074V;07045835;11160200313;04101996;16041791;360;622 ~~~~~~~~~~~~~~~~~~~~~~~~~~~~~~~~~~~~~~ 12-25
07011498;09112074V;08045835;12160200313;05101996;17041791;361 ~~~~~~~~~~~~~~~~~~~~~~~~~~~~~~~~~~~~~~~~~~ 12-26
08011498;10112074V;09045835;13160200313;06101996;18041791;362;622 ~~~~~~~~~~~~~~~~~~~~~~~~~~~~~~~~~~~~~~ 12-27
09011498;11112074V;10045835;14160200313;07101996;19041791;363;905 ~~~~~~~~~~~~~~~~~~~~~~~~~~~~~~~~~~~~~~ 12-28
10011498;12112074V;11045835;15160200313;08101996;20041791;364;376;408;498;622 ~~~~~~~~~~~~~~~~~~~~~~~~~~ 12-29
11011498;13112074V;12045835;16160200313;09101996;21041791;365;513 ~~~~~~~~~~~~~~~~~~~~~~~~~~~~~~~~~~~~~~ 12-30
12011498;14112074V;13045835;17160200313;10101996;22041791;366;622 ~~~~~~~~~~~~~~~~~~~~~~~~~~~~~~~~~~~~~~ 12-31
