29111493;01122070R;01255831;15151800213;11101992;23041787;001;380 ~~~~~~~~~~~~~~~~~~~~~~~~~~~~~~~~~~~~~~ 01-01
30111493;02122070R;02255831;16151800213;12101992;24041787;002;453 ~~~~~~~~~~~~~~~~~~~~~~~~~~~~~~~~~~~~~~ 01-02
01121493;03122070R;03255831;17151800213;13101992;25041787;003;637 ~~~~~~~~~~~~~~~~~~~~~~~~~~~~~~~~~~~~~~ 01-03
02121493;04122070R;04255831;18151800213;14101992;26041787;004 ~~~~~~~~~~~~~~~~~~~~~~~~~~~~~~~~~~~~~~~~~~ 01-04
03121493;05122070R;05255831;19151800213;15101992;27041787;005;372;824 ~~~~~~~~~~~~~~~~~~~~~~~~~~~~~~~~~~ 01-05
04121493;06122070R;06255831;00161800213;16101992;28041787;006 ~~~~~~~~~~~~~~~~~~~~~~~~~~~~~~~~~~~~~~~~~~ 01-06
05121493;07122070R;07255831;01161800213;17101992;29041787;007 ~~~~~~~~~~~~~~~~~~~~~~~~~~~~~~~~~~~~~~~~~~ 01-07
06121493;08122070R;08255831;02161800213;18101992;30041787;008 ~~~~~~~~~~~~~~~~~~~~~~~~~~~~~~~~~~~~~~~~~~ 01-08
07121493;09122070R;09255831;03161800213;19101992;01051787;009;397 ~~~~~~~~~~~~~~~~~~~~~~~~~~~~~~~~~~~~~~ 01-09
08121493;10122070R;10255831;04161800213;20101992;02051787;010;626;820 ~~~~~~~~~~~~~~~~~~~~~~~~~~~~~~~~~~ 01-10
09121493;11122070R;11255831;05161800213;21101992;03051787;011;627;501 ~~~~~~~~~~~~~~~~~~~~~~~~~~~~~~~~~~ 01-11
10121493;12122070R;12255831;06161800213;22101992;04051787;012;628;905;500 ~~~~~~~~~~~~~~~~~~~~~~~~~~~~~~ 01-12
11121493;13122070R;13255831;07161800213;23101992;05051787;013;629;829;500 ~~~~~~~~~~~~~~~~~~~~~~~~~~~~~~ 01-13
12121493;14122070R;14255831;08161800213;24101992;06051787;014 ~~~~~~~~~~~~~~~~~~~~~~~~~~~~~~~~~~~~~~~~~~ 01-14
13121493;15122070R;15255831;09161800213;25101992;07051787;015;631;381;514;500 ~~~~~~~~~~~~~~~~~~~~~~~~~~ 01-15
14121493;16122070R;16255831;10161800213;26101992;08051787;016;904;500 ~~~~~~~~~~~~~~~~~~~~~~~~~~~~~~~~~~ 01-16
15121493;17122070R;17255831;11161800213;27101992;09051787;017;630 ~~~~~~~~~~~~~~~~~~~~~~~~~~~~~~~~~~~~~~ 01-17
16121493;18122070R;18255831;12161800213;28101992;10051787;018;625 ~~~~~~~~~~~~~~~~~~~~~~~~~~~~~~~~~~~~~~ 01-18
17121493;19122070R;19255831;13161800213;29101992;11051787;019;492;916 ~~~~~~~~~~~~~~~~~~~~~~~~~~~~~~~~~~ 01-19
18121493;20122070R;20255831;14161800213;30101992;12051787;020;432;841 ~~~~~~~~~~~~~~~~~~~~~~~~~~~~~~~~~~ 01-20
19121493;21122070R;21255831;15161800213;01111992;13051787;021 ~~~~~~~~~~~~~~~~~~~~~~~~~~~~~~~~~~~~~~~~~~ 01-21
20121493;22122070R;22255831;16161800213;02111992;14051787;022;398 ~~~~~~~~~~~~~~~~~~~~~~~~~~~~~~~~~~~~~~ 01-22
21121493;23122070R;23255831;17161800213;03111992;15051787;023 ~~~~~~~~~~~~~~~~~~~~~~~~~~~~~~~~~~~~~~~~~~ 01-23
22121493;24122070R;24255831;18161800213;04111992;16051787;024 ~~~~~~~~~~~~~~~~~~~~~~~~~~~~~~~~~~~~~~~~~~ 01-24
23121493;25122070R;25255831;19161800213;05111992;17051787;025;635 ~~~~~~~~~~~~~~~~~~~~~~~~~~~~~~~~~~~~~~ 01-25
24121493;26122070R;26255831;00171800213;06111992;18051787;026;636;923;842 ~~~~~~~~~~~~~~~~~~~~~~~~~~~~~~ 01-26
25121493;27122070R;27255831;01171800213;07111992;19051787;027;513;580 ~~~~~~~~~~~~~~~~~~~~~~~~~~~~~~~~~~ 01-27
26121493;28122070R;28255831;02171800213;08111992;20051787;028;632;418 ~~~~~~~~~~~~~~~~~~~~~~~~~~~~~~~~~~ 01-28
27121493;29122070R;29255831;03171800213;09111992;21051787;029 ~~~~~~~~~~~~~~~~~~~~~~~~~~~~~~~~~~~~~~~~~~ 01-29
28121493;30122070R;30255831;04171800213;10111992;22051787;030;633;380 ~~~~~~~~~~~~~~~~~~~~~~~~~~~~~~~~~~ 01-30
29121493;01012071S;01265831;05171800213;11111992;23051787;031;634;888;479;490 ~~~~~~~~~~~~~~~~~~~~~~~~~~ 01-31
01011494;02012071S;02265831;05171800213;12111992;24051787;032;495;566;479;490 ~~~~~~~~~~~~~~~~~~~~~~~~~~ 02-01
02011494;03012071S;03265831;06171800213;13111992;25051787;033;566 ~~~~~~~~~~~~~~~~~~~~~~~~~~~~~~~~~~~~~~ 02-02
03011494;04012071S;04265831;07171800213;14111992;26051787;034;566;612 ~~~~~~~~~~~~~~~~~~~~~~~~~~~~~~~~~~ 02-03
04011494;05012071S;05265831;08171800213;15111992;27051787;035;566 ~~~~~~~~~~~~~~~~~~~~~~~~~~~~~~~~~~~~~~ 02-04
05011494;06012071S;06265831;09171800213;16111992;28051787;036;638;940;612 ~~~~~~~~~~~~~~~~~~~~~~~~~~~~~~ 02-05
06011494;07012071S;07265831;10171800213;17111992;29051787;037;639 ~~~~~~~~~~~~~~~~~~~~~~~~~~~~~~~~~~~~~~ 02-06
07011494;08012071S;08265831;11171800213;18111992;30051787;038;637;640;397;914 ~~~~~~~~~~~~~~~~~~~~~~~~~~ 02-07
08011494;09012071S;09265831;12171800213;19111992;01061787;039;536;581 ~~~~~~~~~~~~~~~~~~~~~~~~~~~~~~~~~~ 02-08
09011494;10012071S;10265831;13171800213;20111992;02061787;040;641;411 ~~~~~~~~~~~~~~~~~~~~~~~~~~~~~~~~~~ 02-09
10011494;11012071S;11265831;14171800213;21111992;03061787;041;873;498 ~~~~~~~~~~~~~~~~~~~~~~~~~~~~~~~~~~ 02-10
11011494;12012071S;12265831;15171800213;22111992;04061787;042;554;496;612 ~~~~~~~~~~~~~~~~~~~~~~~~~~~~~~ 02-11
12011494;13012071S;13265831;16171800213;23111992;05061787;043;642;514 ~~~~~~~~~~~~~~~~~~~~~~~~~~~~~~~~~~ 02-12
13011494;14012071S;14265831;17171800213;24111992;06061787;044;496;612 ~~~~~~~~~~~~~~~~~~~~~~~~~~~~~~~~~~ 02-13
14011494;15012071S;15265831;18171800213;25111992;07061787;045;643;382;884 ~~~~~~~~~~~~~~~~~~~~~~~~~~~~~~ 02-14
15011494;16012071S;16265831;19171800213;26111992;08061787;046 ~~~~~~~~~~~~~~~~~~~~~~~~~~~~~~~~~~~~~~~~~~ 02-15
16011494;17012071S;17265831;00001900213;27111992;09061787;047;450;412 ~~~~~~~~~~~~~~~~~~~~~~~~~~~~~~~~~~ 02-16
17011494;18012071S;18265831;01001900213;28111992;10061787;048;854 ~~~~~~~~~~~~~~~~~~~~~~~~~~~~~~~~~~~~~~ 02-17
18011494;19012071S;19265831;02001900213;29111992;11061787;049;854 ~~~~~~~~~~~~~~~~~~~~~~~~~~~~~~~~~~~~~~ 02-18
19011494;20012071S;20265831;03001900213;30111992;12061787;050;644;612 ~~~~~~~~~~~~~~~~~~~~~~~~~~~~~~~~~~ 02-19
20011494;21012071S;21265831;04001900213;01121992;13061787;051;645 ~~~~~~~~~~~~~~~~~~~~~~~~~~~~~~~~~~~~~~ 02-20
21011494;22012071S;22265831;05001900213;02121992;14061787;052;398;496;612 ~~~~~~~~~~~~~~~~~~~~~~~~~~~~~~ 02-21
22011494;23012071S;23265831;06001900213;03121992;15061787;053 ~~~~~~~~~~~~~~~~~~~~~~~~~~~~~~~~~~~~~~~~~~ 02-22
23011494;24012071S;24265831;07001900213;04121992;16061787;054;412;496 ~~~~~~~~~~~~~~~~~~~~~~~~~~~~~~~~~~ 02-23
24011494;25012071S;25265831;08001900213;05121992;17061787;055;646;513 ~~~~~~~~~~~~~~~~~~~~~~~~~~~~~~~~~~ 02-24
25011494;26012071S;26265831;09001900213;06121992;18061787;056;943;496;612 ~~~~~~~~~~~~~~~~~~~~~~~~~~~~~~ 02-25
26011494;27012071S;27265831;10001900213;07121992;19061787;057;647;648 ~~~~~~~~~~~~~~~~~~~~~~~~~~~~~~~~~~ 02-26
27011494;28012071S;28265831;11001900213;08121992;20061787;058;649 ~~~~~~~~~~~~~~~~~~~~~~~~~~~~~~~~~~~~~~ 02-27
28011494;29012071S;29265831;12001900213;09121992;21061787;059;650;886 ~~~~~~~~~~~~~~~~~~~~~~~~~~~~~~~~~~ 02-28
29011494;30012071S;30265831;16001900213;10121992;22061787;061;655;380;612 ~~~~~~~~~~~~~~~~~~~~~~~~~~~~~~ 03-01
30011494;01022071S;01275831;17001900213;11121992;23061787;062;497 ~~~~~~~~~~~~~~~~~~~~~~~~~~~~~~~~~~~~~~ 03-02
01021494;02022071S;02275831;18001900213;12121992;24061787;063;443;612;613 ~~~~~~~~~~~~~~~~~~~~~~~~~~~~~~ 03-03
02021494;03022071S;03275831;19001900213;13121992;25061787;064;444 ~~~~~~~~~~~~~~~~~~~~~~~~~~~~~~~~~~~~~~ 03-04
03021494;04022071S;04275831;00011900213;14121992;26061787;065;653;433;418;613 ~~~~~~~~~~~~~~~~~~~~~~~~~~ 03-05
04021494;05022071S;05275831;01011900213;15121992;27061787;066;654 ~~~~~~~~~~~~~~~~~~~~~~~~~~~~~~~~~~~~~~ 03-06
05021494;06022071S;06275831;02011900213;16121992;28061787;067;637;613 ~~~~~~~~~~~~~~~~~~~~~~~~~~~~~~~~~~ 03-07
06021494;07022071S;07275831;03011900213;17121992;29061787;068;397 ~~~~~~~~~~~~~~~~~~~~~~~~~~~~~~~~~~~~~~ 03-08
07021494;08022071S;08275831;04011900213;18121992;30061787;069;436;412;612 ~~~~~~~~~~~~~~~~~~~~~~~~~~~~~~ 03-09
08021494;09022071S;09275831;05011900213;19121992;01071787;070 ~~~~~~~~~~~~~~~~~~~~~~~~~~~~~~~~~~~~~~~~~~ 03-10
09021494;10022071S;10275831;06011900213;20121992;02071787;071 ~~~~~~~~~~~~~~~~~~~~~~~~~~~~~~~~~~~~~~~~~~ 03-11
10021494;11022071S;11275831;07011900213;21121992;03071787;072;656;514;517 ~~~~~~~~~~~~~~~~~~~~~~~~~~~~~~ 03-12
11021494;12022071S;12275831;08011900213;22121992;04071787;073;612;613 ~~~~~~~~~~~~~~~~~~~~~~~~~~~~~~~~~~ 03-13
12021494;13022071S;13275831;09011900213;23121992;05071787;074 ~~~~~~~~~~~~~~~~~~~~~~~~~~~~~~~~~~~~~~~~~~ 03-14
13021494;14022071S;14275831;10011900213;24121992;06071787;075;383;544;623;831;519;612;613 ~~~~~~~~~~~~~~ 03-15
14021494;15022071S;15275831;11011900213;25121992;07071787;076;399;542;598;906;948;412 ~~~~~~~~~~~~~~~~~~ 03-16
15021494;16022071S;16275831;12011900213;26121992;08071787;077;657;562;613 ~~~~~~~~~~~~~~~~~~~~~~~~~~~~~~ 03-17
16021494;17022071S;17275831;13011900213;27121992;09071787;078;562 ~~~~~~~~~~~~~~~~~~~~~~~~~~~~~~~~~~~~~~ 03-18
17021494;18022071S;18275831;14011900213;28121992;10071787;079;658;562;466;400;613 ~~~~~~~~~~~~~~~~~~~~~~ 03-19
18021494;19022071S;19275831;15011900213;29121992;11071787;080;830;424 ~~~~~~~~~~~~~~~~~~~~~~~~~~~~~~~~~~ 03-20
19021494;20022071S;20275831;16011900213;30121992;12071787;081;419;459;612;613 ~~~~~~~~~~~~~~~~~~~~~~~~~~ 03-21
20021494;21022071S;21275831;17011900213;01011993;13071787;082;844;851;400 ~~~~~~~~~~~~~~~~~~~~~~~~~~~~~~ 03-22
21021494;22022071S;22275831;18011900213;02011993;14071787;083;398;533;924;612;613 ~~~~~~~~~~~~~~~~~~~~~~ 03-23
22021494;23022071S;23275831;19011900213;03011993;15071787;084;659;513 ~~~~~~~~~~~~~~~~~~~~~~~~~~~~~~~~~~ 03-24
23021494;24022071S;24275831;00021900213;04011993;16071787;085;660;400 ~~~~~~~~~~~~~~~~~~~~~~~~~~~~~~~~~~ 03-25
24021494;25022071S;25275831;01021900213;05011993;17071787;086 ~~~~~~~~~~~~~~~~~~~~~~~~~~~~~~~~~~~~~~~~~~ 03-26
25021494;26022071S;26275831;02021900213;06011993;18071787;087;900;613 ~~~~~~~~~~~~~~~~~~~~~~~~~~~~~~~~~~ 03-27
26021494;27022071S;27275831;03021900213;07011993;19071787;088;400 ~~~~~~~~~~~~~~~~~~~~~~~~~~~~~~~~~~~~~~ 03-28
27021494;28022071S;28275831;04021900213;08011993;20071787;089;652;377 ~~~~~~~~~~~~~~~~~~~~~~~~~~~~~~~~~~ 03-29
28021494;29022071S;29275831;05021900213;09011993;21071787;090;852 ~~~~~~~~~~~~~~~~~~~~~~~~~~~~~~~~~~~~~~ 03-30
29021494;01032071S;01285831;06021900213;10011993;22071787;091;380;932;950;400;612 ~~~~~~~~~~~~~~~~~~~~~~ 03-31
01031494;02032071S;02285831;07021900213;11011993;23071787;092;663;414;538;559;935 ~~~~~~~~~~~~~~~~~~~~~~ 04-01
02031494;03032071S;03285831;08021900213;12011993;24071787;093 ~~~~~~~~~~~~~~~~~~~~~~~~~~~~~~~~~~~~~~~~~~ 04-02
03031494;04032071S;04285831;09021900213;13011993;25071787;094;555;577;400 ~~~~~~~~~~~~~~~~~~~~~~~~~~~~~~ 04-03
04031494;05032071S;05285831;10021900213;14011993;26071787;095;637;661;571;612 ~~~~~~~~~~~~~~~~~~~~~~~~~~ 04-04
05031494;06032071S;06285831;11021900213;15011993;27071787;096;662 ~~~~~~~~~~~~~~~~~~~~~~~~~~~~~~~~~~~~~~ 04-05
06031494;07032071S;07285831;12021900213;16011993;28071787;097;651;514;945;400;412 ~~~~~~~~~~~~~~~~~~~~~~ 04-06
07031494;08032071S;08285831;13021900213;17011993;29071787;098;397;651 ~~~~~~~~~~~~~~~~~~~~~~~~~~~~~~~~~~ 04-07
08031494;09032071S;09285831;14021900213;18011993;30071787;099;401;576;651;806;933;612;614 ~~~~~~~~~~~~~~ 04-08
09031494;10032071S;10285831;15021900213;19011993;01081787;100;651 ~~~~~~~~~~~~~~~~~~~~~~~~~~~~~~~~~~~~~~ 04-09
10031494;11032071S;11285831;16021900213;20011993;02081787;101;877;651 ~~~~~~~~~~~~~~~~~~~~~~~~~~~~~~~~~~ 04-10
11031494;12032071S;12285831;17021900213;21011993;03081787;102;843;651 ~~~~~~~~~~~~~~~~~~~~~~~~~~~~~~~~~~ 04-11
12031494;13032071S;13285831;18021900213;22011993;04081787;103;493;868;511 ~~~~~~~~~~~~~~~~~~~~~~~~~~~~~~ 04-12
13031494;14032071S;14285831;19021900213;23011993;05081787;104;412 ~~~~~~~~~~~~~~~~~~~~~~~~~~~~~~~~~~~~~~ 04-13
14031494;15032071S;15285831;00031900213;24011993;06081787;105;384;539;575;515 ~~~~~~~~~~~~~~~~~~~~~~~~~~ 04-14
15031494;16032071S;16285831;01031900213;25011993;07081787;106 ~~~~~~~~~~~~~~~~~~~~~~~~~~~~~~~~~~~~~~~~~~ 04-15
16031494;17032071S;17285831;02031900213;26011993;08081787;107;631;664;612;614 ~~~~~~~~~~~~~~~~~~~~~~~~~~ 04-16
17031494;18032071S;18285831;03031900213;27011993;09081787;108;445;665;511;415;843 ~~~~~~~~~~~~~~~~~~~~~~ 04-17
18031494;19032071S;19285831;04031900213;28011993;10081787;109;446;666;432;861 ~~~~~~~~~~~~~~~~~~~~~~~~~~ 04-18
19031494;20032071S;20285831;05031900213;29011993;11081787;110;447 ~~~~~~~~~~~~~~~~~~~~~~~~~~~~~~~~~~~~~~ 04-19
20031494;21032071S;21285831;06031900213;30011993;12081787;111;448;794;412;612 ~~~~~~~~~~~~~~~~~~~~~~~~~~ 04-20
21031494;22032071S;22285831;07031900213;01021993;13081787;112;513 ~~~~~~~~~~~~~~~~~~~~~~~~~~~~~~~~~~~~~~ 04-21
22031494;23032071S;23285831;08031900213;02021993;14081787;113;398;437;612 ~~~~~~~~~~~~~~~~~~~~~~~~~~~~~~ 04-22
23031494;24032071S;24285831;09031900213;03021993;15081787;114;667 ~~~~~~~~~~~~~~~~~~~~~~~~~~~~~~~~~~~~~~ 04-23
24031494;25032071S;25285831;10031900213;04021993;16081787;115;671 ~~~~~~~~~~~~~~~~~~~~~~~~~~~~~~~~~~~~~~ 04-24
25031494;26032071S;26285831;11031900213;05021993;17081787;116;668 ~~~~~~~~~~~~~~~~~~~~~~~~~~~~~~~~~~~~~~ 04-25
26031494;27032071S;27285831;12031900213;06021993;18081787;117;669;526;939;612;614 ~~~~~~~~~~~~~~~~~~~~~~ 04-26
27031494;28032071S;28285831;13031900213;07021993;19081787;118 ~~~~~~~~~~~~~~~~~~~~~~~~~~~~~~~~~~~~~~~~~~ 04-27
28031494;29032071S;29285831;14031900213;08021993;20081787;119;612 ~~~~~~~~~~~~~~~~~~~~~~~~~~~~~~~~~~~~~~ 04-28
29031494;30032071S;30285831;15031900213;09021993;21081787;120;670;380 ~~~~~~~~~~~~~~~~~~~~~~~~~~~~~~~~~~ 04-29
30031494;01042071S;01295831;16031900213;10021993;22081787;121 ~~~~~~~~~~~~~~~~~~~~~~~~~~~~~~~~~~~~~~~~~~ 04-30
01041494;02042071S;02295831;17031900213;11021993;23081787;122;679 ~~~~~~~~~~~~~~~~~~~~~~~~~~~~~~~~~~~~~~ 05-01
02041494;03042071S;03295831;18031900213;12021993;24081787;123;637;672;510;902 ~~~~~~~~~~~~~~~~~~~~~~~~~~ 05-02
03041494;04042071S;04295831;19031900213;13021993;25081787;124;673;514;528;615 ~~~~~~~~~~~~~~~~~~~~~~~~~~ 05-03
04041494;05042071S;05295831;00041900213;14021993;26081787;125;674;529;412;612 ~~~~~~~~~~~~~~~~~~~~~~~~~~ 05-04
05041494;06042071S;06295831;01041900213;15021993;27081787;126;675 ~~~~~~~~~~~~~~~~~~~~~~~~~~~~~~~~~~~~~~ 05-05
06041494;07042071S;07295831;02041900213;16021993;28081787;127;676;397;553;810;612 ~~~~~~~~~~~~~~~~~~~~~~ 05-06
07041494;08042071S;08295831;03041900213;17021993;29081787;128;677;615 ~~~~~~~~~~~~~~~~~~~~~~~~~~~~~~~~~~ 05-07
08041494;09042071S;09295831;04041900213;18021993;30081787;129;678;927 ~~~~~~~~~~~~~~~~~~~~~~~~~~~~~~~~~~ 05-08
09041494;10042071S;10295831;05041900213;19021993;01091787;130;681;680;615 ~~~~~~~~~~~~~~~~~~~~~~~~~~~~~~ 05-09
10041494;11042071S;11295831;06041900213;20021993;02091787;131;451;889 ~~~~~~~~~~~~~~~~~~~~~~~~~~~~~~~~~~ 05-10
11041494;12042071S;12295831;07041900213;21021993;03091787;132;682;412;415 ~~~~~~~~~~~~~~~~~~~~~~~~~~~~~~ 05-11
12041494;13042071S;13295831;08041900213;22021993;04091787;133;894;612 ~~~~~~~~~~~~~~~~~~~~~~~~~~~~~~~~~~ 05-12
13041494;14042071S;14295831;09041900213;23021993;05091787;134;683;385 ~~~~~~~~~~~~~~~~~~~~~~~~~~~~~~~~~~ 05-13
14041494;15042071S;15295831;10041900213;24021993;06091787;135;537;937;612 ~~~~~~~~~~~~~~~~~~~~~~~~~~~~~~ 05-14
15041494;16042071S;16295831;11041900213;25021993;07091787;136;686;818;892;573;615 ~~~~~~~~~~~~~~~~~~~~~~ 05-15
16041494;17042071S;17295831;12041900213;26021993;08091787;137;687;833;568;573;612 ~~~~~~~~~~~~~~~~~~~~~~ 05-16
17041494;18042071S;18295831;13041900213;27021993;09091787;138;684;859;518;568;573;615 ~~~~~~~~~~~~~~~~~~ 05-17
18041494;19042071S;19295831;14041900213;28021993;10091787;139;789;513;412 ~~~~~~~~~~~~~~~~~~~~~~~~~~~~~~ 05-18
19041494;20042071S;20295831;15041900213;29021993;11091787;140;415;615 ~~~~~~~~~~~~~~~~~~~~~~~~~~~~~~~~~~ 05-19
20041494;21042071S;21295831;16041900213;30021993;12091787;141;685;819 ~~~~~~~~~~~~~~~~~~~~~~~~~~~~~~~~~~ 05-20
21041494;22042071S;22295831;17041900213;31021993;13091787;142;797;398;866;615 ~~~~~~~~~~~~~~~~~~~~~~~~~~ 05-21
22041494;23042071S;23295831;18041900213;01031993;14091787;143;689 ~~~~~~~~~~~~~~~~~~~~~~~~~~~~~~~~~~~~~~ 05-22
23041494;24042071S;24295831;19041900213;02031993;15091787;144;439;798 ~~~~~~~~~~~~~~~~~~~~~~~~~~~~~~~~~~ 05-23
24041494;25042071S;25295831;00051900213;03031993;16091787;145;439;624;612 ~~~~~~~~~~~~~~~~~~~~~~~~~~~~~~ 05-24
25041494;26042071S;26295831;01051900213;04031993;17091787;146;438;530;624;412 ~~~~~~~~~~~~~~~~~~~~~~~~~~ 05-25
26041494;27042071S;27295831;02051900213;05031993;18091787;147;624;612 ~~~~~~~~~~~~~~~~~~~~~~~~~~~~~~~~~~ 05-26
27041494;28042071S;28295831;03051900213;06031993;19091787;148;688;624;615 ~~~~~~~~~~~~~~~~~~~~~~~~~~~~~~ 05-27
28041494;29042071S;29295831;04051900213;07031993;20091787;149;494;624 ~~~~~~~~~~~~~~~~~~~~~~~~~~~~~~~~~~ 05-28
29041494;01052071S;01305831;05051900213;08031993;21091787;150;380;921;942;624;615 ~~~~~~~~~~~~~~~~~~~~~~ 05-29
01051494;02052071S;02305831;06051900213;09031993;22091787;151;624 ~~~~~~~~~~~~~~~~~~~~~~~~~~~~~~~~~~~~~~ 05-30
02051494;03052071S;03305831;07051900213;10031993;23091787;152;514 ~~~~~~~~~~~~~~~~~~~~~~~~~~~~~~~~~~~~~~ 05-31
03051494;04052071S;04305831;08051900213;11031993;24091787;153;433;412 ~~~~~~~~~~~~~~~~~~~~~~~~~~~~~~~~~~ 06-01
04051494;05052071S;05305831;09051900213;12031993;25091787;154;694;564 ~~~~~~~~~~~~~~~~~~~~~~~~~~~~~~~~~~ 06-02
05051494;06052071S;06305831;10051900213;13031993;26091787;155;691;522 ~~~~~~~~~~~~~~~~~~~~~~~~~~~~~~~~~~ 06-03
06051494;07052071S;07305831;11051900213;14031993;27091787;156;397 ~~~~~~~~~~~~~~~~~~~~~~~~~~~~~~~~~~~~~~ 06-04
07051494;08052071S;08305831;12051900213;15031993;28091787;157;596;692;616 ~~~~~~~~~~~~~~~~~~~~~~~~~~~~~~ 06-05
08051494;09052071S;09305831;13051900213;16031993;29091787;158;637;693 ~~~~~~~~~~~~~~~~~~~~~~~~~~~~~~~~~~ 06-06
09051494;10052071S;10305831;14051900213;17031993;30091787;159;449;690;552;612 ~~~~~~~~~~~~~~~~~~~~~~~~~~ 06-07
10051494;11052071S;11305831;15051900213;18031993;01101787;160;896;412 ~~~~~~~~~~~~~~~~~~~~~~~~~~~~~~~~~~ 06-08
11051494;12052071S;12305831;16051900213;19031993;02101787;161;696;612 ~~~~~~~~~~~~~~~~~~~~~~~~~~~~~~~~~~ 06-09
12051494;13052071S;13305831;17051900213;20031993;03101787;162 ~~~~~~~~~~~~~~~~~~~~~~~~~~~~~~~~~~~~~~~~~~ 06-10
13051494;14052071S;14305831;18051900213;21031993;04101787;163;569 ~~~~~~~~~~~~~~~~~~~~~~~~~~~~~~~~~~~~~~ 06-11
14051494;15052071S;15305831;19051900213;22031993;05101787;164;386;803;874;941;569 ~~~~~~~~~~~~~~~~~~~~~~ 06-12
15051494;16052071S;16305831;00061900213;23031993;06101787;165;697;799;612 ~~~~~~~~~~~~~~~~~~~~~~~~~~~~~~ 06-13
16051494;17052071S;17305831;01061900213;24031993;07101787;166;695 ~~~~~~~~~~~~~~~~~~~~~~~~~~~~~~~~~~~~~~ 06-14
17051494;18052071S;18305831;02061900213;25031993;08101787;167;513;821;412 ~~~~~~~~~~~~~~~~~~~~~~~~~~~~~~ 06-15
18051494;19052071S;19305831;03061900213;26031993;09101787;168;838 ~~~~~~~~~~~~~~~~~~~~~~~~~~~~~~~~~~~~~~ 06-16
19051494;20052071S;20305831;04061900213;27031993;10101787;169;612 ~~~~~~~~~~~~~~~~~~~~~~~~~~~~~~~~~~~~~~ 06-17
20051494;21052071S;21305831;05061900213;28031993;11101787;170;698 ~~~~~~~~~~~~~~~~~~~~~~~~~~~~~~~~~~~~~~ 06-18
21051494;22052071S;22305831;06061900213;29031993;12101787;171;596;701;699;700 ~~~~~~~~~~~~~~~~~~~~~~~~~~ 06-19
22051494;23052071S;23305831;07061900213;30031993;13101787;172;398;460 ~~~~~~~~~~~~~~~~~~~~~~~~~~~~~~~~~~ 06-20
23051494;24052071S;24305831;08061900213;31031993;14101787;173;452;452;425;612 ~~~~~~~~~~~~~~~~~~~~~~~~~~ 06-21
24051494;25052071S;25305831;09061900213;01041993;15101787;174;461 ~~~~~~~~~~~~~~~~~~~~~~~~~~~~~~~~~~~~~~ 06-22
25051494;26052071S;26305831;10061900213;02041993;16101787;175;811;612;616 ~~~~~~~~~~~~~~~~~~~~~~~~~~~~~~ 06-23
26051494;27052071S;27305831;11061900213;03041993;17101787;176;704;946 ~~~~~~~~~~~~~~~~~~~~~~~~~~~~~~~~~~ 06-24
27051494;28052071S;28305831;12061900213;04041993;18101787;177;865;616 ~~~~~~~~~~~~~~~~~~~~~~~~~~~~~~~~~~ 06-25
28051494;29052071S;29305831;13061900213;05041993;19101787;178;703 ~~~~~~~~~~~~~~~~~~~~~~~~~~~~~~~~~~~~~~ 06-26
29051494;30052071S;30305831;14061900213;06041993;20101787;179;702;380;413;616 ~~~~~~~~~~~~~~~~~~~~~~~~~~ 06-27
30051494;01062071S;01315831;15061900213;07041993;21101787;180;514 ~~~~~~~~~~~~~~~~~~~~~~~~~~~~~~~~~~~~~~ 06-28
01061494;02062071S;02315831;16061900213;08041993;22101787;181;870 ~~~~~~~~~~~~~~~~~~~~~~~~~~~~~~~~~~~~~~ 06-29
02061494;03062071S;03315831;17061900213;09041993;23101787;182 ~~~~~~~~~~~~~~~~~~~~~~~~~~~~~~~~~~~~~~~~~~ 06-30
03061494;04062071S;04315831;18061900213;10041993;24101787;183;612 ~~~~~~~~~~~~~~~~~~~~~~~~~~~~~~~~~~~~~~ 07-01
04061494;05062071S;05315831;19061900213;11041993;25101787;184 ~~~~~~~~~~~~~~~~~~~~~~~~~~~~~~~~~~~~~~~~~~ 07-02
05061494;06062071S;06315831;00071900213;12041993;26101787;185;565 ~~~~~~~~~~~~~~~~~~~~~~~~~~~~~~~~~~~~~~ 07-03
06061494;07062071S;07315831;01071900213;13041993;27101787;186;637;705;840;397;373;565 ~~~~~~~~~~~~~~~~~~ 07-04
07061494;08062071S;08315831;02071900213;14041993;28101787;187;795;420;436;612;617 ~~~~~~~~~~~~~~~~~~~~~~ 07-05
08061494;09062071S;09315831;03071900213;15041993;29101787;188 ~~~~~~~~~~~~~~~~~~~~~~~~~~~~~~~~~~~~~~~~~~ 07-06
09061494;10062071S;10315831;04071900213;16041993;30101787;189;546;617 ~~~~~~~~~~~~~~~~~~~~~~~~~~~~~~~~~~ 07-07
10061494;11062071S;11315831;05071900213;17041993;01111787;190;402 ~~~~~~~~~~~~~~~~~~~~~~~~~~~~~~~~~~~~~~ 07-08
11061494;12062071S;12315831;06071900213;18041993;02111787;191;617 ~~~~~~~~~~~~~~~~~~~~~~~~~~~~~~~~~~~~~~ 07-09
12061494;13062071S;13315831;07071900213;19041993;03111787;192 ~~~~~~~~~~~~~~~~~~~~~~~~~~~~~~~~~~~~~~~~~~ 07-10
13061494;14062071S;14315831;08071900213;20041993;04111787;193;706 ~~~~~~~~~~~~~~~~~~~~~~~~~~~~~~~~~~~~~~ 07-11
14061494;15062071S;15315831;09071900213;21041993;05111787;194;387;513;531;561;825 ~~~~~~~~~~~~~~~~~~~~~~ 07-12
15061494;16062071S;16315831;10071900213;22041993;06111787;195;707 ~~~~~~~~~~~~~~~~~~~~~~~~~~~~~~~~~~~~~~ 07-13
16061494;17062071S;17315831;11071900213;23041993;07111787;196;374;415 ~~~~~~~~~~~~~~~~~~~~~~~~~~~~~~~~~~ 07-14
17061494;18062071S;18315831;12071900213;24041993;08111787;197;711;432;617 ~~~~~~~~~~~~~~~~~~~~~~~~~~~~~~ 07-15
18061494;19062071S;19315831;13071900213;25041993;09111787;198;631 ~~~~~~~~~~~~~~~~~~~~~~~~~~~~~~~~~~~~~~ 07-16
19061494;20062071S;20315831;14071900213;26041993;10111787;199;617 ~~~~~~~~~~~~~~~~~~~~~~~~~~~~~~~~~~~~~~ 07-17
20061494;21062071S;21315831;15071900213;27041993;11111787;200;708 ~~~~~~~~~~~~~~~~~~~~~~~~~~~~~~~~~~~~~~ 07-18
21061494;22062071S;22315831;16071900213;28041993;12111787;201;709;399 ~~~~~~~~~~~~~~~~~~~~~~~~~~~~~~~~~~ 07-19
22061494;23062071S;23315831;17071900213;29041993;13111787;202;710;398 ~~~~~~~~~~~~~~~~~~~~~~~~~~~~~~~~~~ 07-20
23061494;24062071S;24315831;18071900213;30041993;14111787;203;612 ~~~~~~~~~~~~~~~~~~~~~~~~~~~~~~~~~~~~~~ 07-21
24061494;25062071S;25315831;19071900213;31041993;15111787;204 ~~~~~~~~~~~~~~~~~~~~~~~~~~~~~~~~~~~~~~~~~~ 07-22
25061494;26062071S;26315831;00081900213;01051993;16111787;205;712;878;612 ~~~~~~~~~~~~~~~~~~~~~~~~~~~~~~ 07-23
26061494;27062071S;27315831;01081900213;02051993;17111787;206;403 ~~~~~~~~~~~~~~~~~~~~~~~~~~~~~~~~~~~~~~ 07-24
27061494;28062071S;28315831;02081900213;03051993;18111787;207;713;400;421;612 ~~~~~~~~~~~~~~~~~~~~~~~~~~ 07-25
28061494;29062071S;29315831;03081900213;04051993;19111787;208;714;380;514;812 ~~~~~~~~~~~~~~~~~~~~~~~~~~ 07-26
29061494;01072071S;01325831;04081900213;05051993;20111787;209;928 ~~~~~~~~~~~~~~~~~~~~~~~~~~~~~~~~~~~~~~ 07-27
01071494;02072071S;02325831;05081900213;06051993;21111787;210;403 ~~~~~~~~~~~~~~~~~~~~~~~~~~~~~~~~~~~~~~ 07-28
02071494;03072071S;03325831;06081900213;07051993;22111787;211;579;612 ~~~~~~~~~~~~~~~~~~~~~~~~~~~~~~~~~~ 07-29
03071494;04072071S;04325831;07081900213;08051993;23111787;212;715;415 ~~~~~~~~~~~~~~~~~~~~~~~~~~~~~~~~~~ 07-30
04071494;05072071S;05325831;08081900213;09051993;24111787;213;716;891;400 ~~~~~~~~~~~~~~~~~~~~~~~~~~~~~~ 07-31
05071494;06072071S;06325831;09081900213;10051993;25111787;214;637;720;403 ~~~~~~~~~~~~~~~~~~~~~~~~~~~~~~ 08-01
06071494;07072071S;07325831;10081900213;11051993;26111787;215;717;397;572;612 ~~~~~~~~~~~~~~~~~~~~~~~~~~ 08-02
07071494;08072071S;08325831;11081900213;12051993;27111787;216;864;400 ~~~~~~~~~~~~~~~~~~~~~~~~~~~~~~~~~~ 08-03
08071494;09072071S;09325831;12081900213;13051993;28111787;217;718;612 ~~~~~~~~~~~~~~~~~~~~~~~~~~~~~~~~~~ 08-04
09071494;10072071S;10325831;13081900213;14051993;29111787;218;375;403 ~~~~~~~~~~~~~~~~~~~~~~~~~~~~~~~~~~ 08-05
10071494;11072071S;11325831;14081900213;15051993;30111787;219;926 ~~~~~~~~~~~~~~~~~~~~~~~~~~~~~~~~~~~~~~ 08-06
11071494;12072071S;12325831;15081900213;16051993;01121787;220;596;719;938;415;618 ~~~~~~~~~~~~~~~~~~~~~~ 08-07
12071494;13072071S;13325831;16081900213;17051993;02121787;221;723;513 ~~~~~~~~~~~~~~~~~~~~~~~~~~~~~~~~~~ 08-08
13071494;14072071S;14325831;17081900213;18051993;03121787;222;721;567;400;403;618 ~~~~~~~~~~~~~~~~~~~~~~ 08-09
14071494;15072071S;15325831;18081900213;19051993;04121787;223;388;556;909;910;925;567 ~~~~~~~~~~~~~~~~~~ 08-10
15071494;16072071S;16325831;19081900213;20051993;05121787;224 ~~~~~~~~~~~~~~~~~~~~~~~~~~~~~~~~~~~~~~~~~~ 08-11
16071494;17072071S;17325831;00091900213;21051993;06121787;225;722;401;612 ~~~~~~~~~~~~~~~~~~~~~~~~~~~~~~ 08-12
17071494;18072071S;18325831;01091900213;22051993;07121787;226;403;618 ~~~~~~~~~~~~~~~~~~~~~~~~~~~~~~~~~~ 08-13
18071494;19072071S;19325831;02091900213;23051993;08121787;227;875 ~~~~~~~~~~~~~~~~~~~~~~~~~~~~~~~~~~~~~~ 08-14
19071494;20072071S;20325831;03091900213;24051993;09121787;228;724;415;618 ~~~~~~~~~~~~~~~~~~~~~~~~~~~~~~ 08-15
20071494;21072071S;21325831;04091900213;25051993;10121787;229;612 ~~~~~~~~~~~~~~~~~~~~~~~~~~~~~~~~~~~~~~ 08-16
21071494;22072071S;22325831;05091900213;26051993;11121787;230 ~~~~~~~~~~~~~~~~~~~~~~~~~~~~~~~~~~~~~~~~~~ 08-17
22071494;23072071S;23325831;06091900213;27051993;12121787;231;398;872 ~~~~~~~~~~~~~~~~~~~~~~~~~~~~~~~~~~ 08-18
23071494;24072071S;24325831;07091900213;28051993;13121787;232;871 ~~~~~~~~~~~~~~~~~~~~~~~~~~~~~~~~~~~~~~ 08-19
24071494;25072071S;25325831;08091900213;29051993;14121787;233;437 ~~~~~~~~~~~~~~~~~~~~~~~~~~~~~~~~~~~~~~ 08-20
25071494;26072071S;26325831;09091900213;30051993;15121787;234;404;503;618 ~~~~~~~~~~~~~~~~~~~~~~~~~~~~~~ 08-21
26071494;27072071S;27325831;10091900213;31051993;16121787;235;554;612 ~~~~~~~~~~~~~~~~~~~~~~~~~~~~~~~~~~ 08-22
27071494;28072071S;28325831;11091900213;01061993;17121787;236;509;415;618 ~~~~~~~~~~~~~~~~~~~~~~~~~~~~~~ 08-23
28071494;29072071S;29325831;12091900213;02061993;18121787;237;514;612 ~~~~~~~~~~~~~~~~~~~~~~~~~~~~~~~~~~ 08-24
29071494;01082071S;30325831;13091900213;03061993;19121787;238;380 ~~~~~~~~~~~~~~~~~~~~~~~~~~~~~~~~~~~~~~ 08-25
30071494;02082071S;01335831;14091900213;04061993;20121787;239;612 ~~~~~~~~~~~~~~~~~~~~~~~~~~~~~~~~~~~~~~ 08-26
01081494;03082071S;02335831;15091900213;05061993;21121787;240;597;375 ~~~~~~~~~~~~~~~~~~~~~~~~~~~~~~~~~~ 08-27
02081494;04082071S;03335831;16091900213;06061993;22121787;241;427;433;550 ~~~~~~~~~~~~~~~~~~~~~~~~~~~~~~ 08-28
03081494;05082071S;04335831;17091900213;07061993;23121787;242;725;915 ~~~~~~~~~~~~~~~~~~~~~~~~~~~~~~~~~~ 08-29
04081494;06082071S;05335831;18091900213;08061993;24121787;243;428;725 ~~~~~~~~~~~~~~~~~~~~~~~~~~~~~~~~~~ 08-30
05081494;07082071S;06335831;19091900213;09061993;25121787;244;796 ~~~~~~~~~~~~~~~~~~~~~~~~~~~~~~~~~~~~~~ 08-31
06081494;08082071S;07335831;00101900213;10061993;26121787;245;594;397;908;612 ~~~~~~~~~~~~~~~~~~~~~~~~~~ 09-01
07081494;09082071S;08335831;01101900213;11061993;27121787;246;595;416 ~~~~~~~~~~~~~~~~~~~~~~~~~~~~~~~~~~ 09-02
08081494;10082071S;09335831;02101900213;12061993;28121787;247;612;619 ~~~~~~~~~~~~~~~~~~~~~~~~~~~~~~~~~~ 09-03
09081494;11082071S;10335831;03101900213;13061993;29121787;248;596;727;865 ~~~~~~~~~~~~~~~~~~~~~~~~~~~~~~ 09-04
10081494;12082071S;11335831;04101900213;14061993;30121787;249;429;637;728;513;903;612;619 ~~~~~~~~~~~~~~ 09-05
11081494;13082071S;12335831;05101900213;15061993;01131787;250;430;845;897 ~~~~~~~~~~~~~~~~~~~~~~~~~~~~~~ 09-06
12081494;14082071S;13335831;06101900213;16061993;02131787;251;434;846;375;612;619 ~~~~~~~~~~~~~~~~~~~~~~ 09-07
13081494;15082071S;14335831;07101900213;17061993;03131787;252;435;520;551;570 ~~~~~~~~~~~~~~~~~~~~~~~~~~ 09-08
14081494;16082071S;15335831;08101900213;18061993;04131787;253;389;534;542;948;512 ~~~~~~~~~~~~~~~~~~~~~~ 09-09
15081494;17082071S;16335831;09101900213;19061993;05131787;254;730;907 ~~~~~~~~~~~~~~~~~~~~~~~~~~~~~~~~~~ 09-10
16081494;18082071S;17335831;10101900213;20061993;06131787;255;619 ~~~~~~~~~~~~~~~~~~~~~~~~~~~~~~~~~~~~~~ 09-11
17081494;19082071S;18335831;11101900213;21061993;01011788;256;847 ~~~~~~~~~~~~~~~~~~~~~~~~~~~~~~~~~~~~~~ 09-12
18081494;20082071S;19335831;12101900213;22061993;02011788;257;455;726;612;619 ~~~~~~~~~~~~~~~~~~~~~~~~~~ 09-13
19081494;21082071S;20335831;13101900213;23061993;03011788;258;729 ~~~~~~~~~~~~~~~~~~~~~~~~~~~~~~~~~~~~~~ 09-14
20081494;22082071S;21335831;14101900213;24061993;04011788;259;732;612;619 ~~~~~~~~~~~~~~~~~~~~~~~~~~~~~~ 09-15
21081494;23082071S;22335831;15101900213;25061993;05011788;260;398 ~~~~~~~~~~~~~~~~~~~~~~~~~~~~~~~~~~~~~~ 09-16
22081494;24082071S;23335831;16101900213;26061993;06011788;261;733;619;848 ~~~~~~~~~~~~~~~~~~~~~~~~~~~~~~ 09-17
23081494;25082071S;24335831;17101900213;27061993;07011788;262;734;375 ~~~~~~~~~~~~~~~~~~~~~~~~~~~~~~~~~~ 09-18
24081494;26082071S;25335831;18101900213;28061993;08011788;263;735;619 ~~~~~~~~~~~~~~~~~~~~~~~~~~~~~~~~~~ 09-19
25081494;27082071S;26335831;19101900213;29061993;09011788;264;731;869 ~~~~~~~~~~~~~~~~~~~~~~~~~~~~~~~~~~ 09-20
26081494;28082071S;27335831;00111900213;30061993;10011788;265;514 ~~~~~~~~~~~~~~~~~~~~~~~~~~~~~~~~~~~~~~ 09-21
27081494;29082071S;28335831;01111900213;31061993;11011788;266;737;462 ~~~~~~~~~~~~~~~~~~~~~~~~~~~~~~~~~~ 09-22
28081494;30082071S;29335831;02111900213;01071993;12011788;267;380;920;930;953;423;521;421;612;619;848 ~~ 09-23
29081494;01282071S;01015832;03111900213;02071993;13011788;268;741;408;895;463;521 ~~~~~~~~~~~~~~~~~~~~~~ 09-24
01091494;02282071S;02015832;04111900213;03071993;14011788;269;596;738;504;521;612;619 ~~~~~~~~~~~~~~~~~~ 09-25
02091494;03282071S;03015832;05111900213;04071993;15011788;270;739;743 ~~~~~~~~~~~~~~~~~~~~~~~~~~~~~~~~~~ 09-26
03091494;04282071S;04015832;06111900213;05071993;16011788;271;740;619 ~~~~~~~~~~~~~~~~~~~~~~~~~~~~~~~~~~ 09-27
04091494;05282071S;05015832;07111900213;06071993;17011788;272;736;467 ~~~~~~~~~~~~~~~~~~~~~~~~~~~~~~~~~~ 09-28
05091494;06282071S;06015832;08111900213;07071993;18011788;273;375;848 ~~~~~~~~~~~~~~~~~~~~~~~~~~~~~~~~~~ 09-29
06091494;07282071S;07015832;09111900213;08071993;19011788;274;742;790;397;918;853 ~~~~~~~~~~~~~~~~~~~~~~ 09-30
07091494;08282071S;08015832;10111900213;09071993;20011788;275;747;790;548;919;853 ~~~~~~~~~~~~~~~~~~~~~~ 10-01
08091494;09282071S;09015832;11111900213;10071993;21011788;276;748;790;513;885;853 ~~~~~~~~~~~~~~~~~~~~~~ 10-02
09091494;10282071S;10015832;12111900213;11071993;22011788;277;637;790;549;560;527;505;620 ~~~~~~~~~~~~~~ 10-03
10091494;11282071S;11015832;13111900213;12071993;23011788;278;749;790;378;899 ~~~~~~~~~~~~~~~~~~~~~~~~~~ 10-04
11091494;12282071S;12015832;14111900213;13071993;24011788;279;744;790;612;620 ~~~~~~~~~~~~~~~~~~~~~~~~~~ 10-05
12091494;13282071S;13015832;15111900213;14071993;25011788;280;745;790;409 ~~~~~~~~~~~~~~~~~~~~~~~~~~~~~~ 10-06
13091494;14282071S;14015832;16111900213;15071993;26011788;281;746 ~~~~~~~~~~~~~~~~~~~~~~~~~~~~~~~~~~~~~~ 10-07
14091494;15282071S;15015832;17111900213;16071993;27011788;282;753;393;390;813;882;922;523 ~~~~~~~~~~~~~~ 10-08
15091494;16282071S;16015832;18111900213;17071993;28011788;283;532;823;867;523;505;620 ~~~~~~~~~~~~~~~~~~ 10-09
16091494;17282071S;17015832;19111900213;18071993;29011788;284;754;523 ~~~~~~~~~~~~~~~~~~~~~~~~~~~~~~~~~~ 10-10
17091494;18282071S;18015832;00121900213;19071993;30011788;285;750;367;432;523;848 ~~~~~~~~~~~~~~~~~~~~~~ 10-11
18091494;19282071S;19015832;01121900213;20071993;01021788;286;751;368;881;523 ~~~~~~~~~~~~~~~~~~~~~~~~~~ 10-12
19091494;20282071S;20015832;02121900213;21071993;02021788;287;791;523;612 ~~~~~~~~~~~~~~~~~~~~~~~~~~~~~~ 10-13
20091494;21282071S;21015832;03121900213;22071993;03021788;288;752;523 ~~~~~~~~~~~~~~~~~~~~~~~~~~~~~~~~~~ 10-14
21091494;22282071S;22015832;04121900213;23071993;04021788;289;631;499;524;612 ~~~~~~~~~~~~~~~~~~~~~~~~~~ 10-15
22091494;23282071S;23015832;05121900213;24071993;05021788;290;398;525 ~~~~~~~~~~~~~~~~~~~~~~~~~~~~~~~~~~ 10-16
23091494;24282071S;24015832;06121900213;25071993;06021788;291;758;620 ~~~~~~~~~~~~~~~~~~~~~~~~~~~~~~~~~~ 10-17
24091494;25282071S;25015832;07121900213;26071993;07021788;292;417;514 ~~~~~~~~~~~~~~~~~~~~~~~~~~~~~~~~~~ 10-18
25091494;26282071S;26015832;08121900213;27071993;08021788;293;755;558;911;505;612 ~~~~~~~~~~~~~~~~~~~~~~ 10-19
26091494;27282071S;27015832;09121900213;28071993;09021788;294;756;779;784;784 ~~~~~~~~~~~~~~~~~~~~~~~~~~ 10-20
27091494;28282071S;28015832;10121900213;29071993;10021788;295;757;780;785;508;785;612;620 ~~~~~~~~~~~~~~ 10-21
28091494;29282071S;29015832;11121900213;30071993;11021788;296;380;369;781;786;893;786 ~~~~~~~~~~~~~~~~~~ 10-22
29091494;01092071S;30015832;12121900213;01081993;12021788;297;507;782;787;787;612 ~~~~~~~~~~~~~~~~~~~~~~ 10-23
30091494;02092071S;01025832;13121900213;02081993;13021788;298;759;535;783;788;506;409 ~~~~~~~~~~~~~~~~~~ 10-24
01101494;03092071S;02025832;14121900213;03081993;14021788;299;371;502;612 ~~~~~~~~~~~~~~~~~~~~~~~~~~~~~~ 10-25
02101494;04092071S;03025832;15121900213;04081993;15021788;300 ~~~~~~~~~~~~~~~~~~~~~~~~~~~~~~~~~~~~~~~~~~ 10-26
03101494;05092071S;04025832;16121900213;05081993;16021788;301;612;620 ~~~~~~~~~~~~~~~~~~~~~~~~~~~~~~~~~~ 10-27
04101494;06092071S;05025832;17121900213;06081993;17021788;302 ~~~~~~~~~~~~~~~~~~~~~~~~~~~~~~~~~~~~~~~~~~ 10-28
05101494;07092071S;06025832;18121900213;07081993;18021788;303;543;620 ~~~~~~~~~~~~~~~~~~~~~~~~~~~~~~~~~~ 10-29
06101494;08092071S;07025832;19121900213;08081993;19021788;304;849;397;431;513 ~~~~~~~~~~~~~~~~~~~~~~~~~~ 10-30
07101494;09092071S;08025832;00131900213;09081993;20021788;305;436;803;563;612 ~~~~~~~~~~~~~~~~~~~~~~~~~~ 10-31
08101494;10092071S;09025832;01131900213;10081993;21021788;306 ~~~~~~~~~~~~~~~~~~~~~~~~~~~~~~~~~~~~~~~~~~ 11-01
09101494;11092071S;10025832;02131900213;11081993;22021788;307;760;879;421 ~~~~~~~~~~~~~~~~~~~~~~~~~~~~~~ 11-02
10101494;12092071S;11025832;03131900213;12081993;23021788;308;547 ~~~~~~~~~~~~~~~~~~~~~~~~~~~~~~~~~~~~~~ 11-03
11101494;13092071S;12025832;04131900213;13081993;24021788;309;761;934 ~~~~~~~~~~~~~~~~~~~~~~~~~~~~~~~~~~ 11-04
12101494;14092071S;13025832;05131900213;14081993;25021788;310;762;409;621 ~~~~~~~~~~~~~~~~~~~~~~~~~~~~~~ 11-05
13101494;15092071S;14025832;06131900213;15081993;26021788;311 ~~~~~~~~~~~~~~~~~~~~~~~~~~~~~~~~~~~~~~~~~~ 11-06
14101494;16092071S;15025832;07131900213;16081993;27021788;312;637;763;392;880;621 ~~~~~~~~~~~~~~~~~~~~~~ 11-07
15101494;17092071S;16025832;08131900213;17081993;28021788;313 ~~~~~~~~~~~~~~~~~~~~~~~~~~~~~~~~~~~~~~~~~~ 11-08
16101494;18092071S;17025832;09131900213;18081993;29021788;314 ~~~~~~~~~~~~~~~~~~~~~~~~~~~~~~~~~~~~~~~~~~ 11-09
17101494;19092071S;18025832;10131900213;19081993;30021788;315;612 ~~~~~~~~~~~~~~~~~~~~~~~~~~~~~~~~~~~~~~ 11-10
18101494;20092071S;19025832;11131900213;20081993;01031788;316;399;409 ~~~~~~~~~~~~~~~~~~~~~~~~~~~~~~~~~~ 11-11
19101494;21092071S;20025832;12131900213;21081993;02031788;317;764;514;421 ~~~~~~~~~~~~~~~~~~~~~~~~~~~~~~ 11-12
20101494;22092071S;21025832;13131900213;22081993;03031788;318 ~~~~~~~~~~~~~~~~~~~~~~~~~~~~~~~~~~~~~~~~~~ 11-13
21101494;23092071S;22025832;14131900213;23081993;04031788;319;398;876;400;418;612 ~~~~~~~~~~~~~~~~~~~~~~ 11-14
22101494;24092071S;23025832;15131900213;24081993;05031788;320;765;621 ~~~~~~~~~~~~~~~~~~~~~~~~~~~~~~~~~~ 11-15
23101494;25092071S;24025832;16131900213;25081993;06031788;321;612 ~~~~~~~~~~~~~~~~~~~~~~~~~~~~~~~~~~~~~~ 11-16
24101494;26092071S;25025832;17131900213;26081993;07031788;322;936;400;409;621 ~~~~~~~~~~~~~~~~~~~~~~~~~~ 11-17
25101494;27092071S;26025832;18131900213;27081993;08031788;323;612 ~~~~~~~~~~~~~~~~~~~~~~~~~~~~~~~~~~~~~~ 11-18
26101494;28092071S;27025832;19131900213;28081993;09031788;324;766 ~~~~~~~~~~~~~~~~~~~~~~~~~~~~~~~~~~~~~~ 11-19
27101494;29092071S;28025832;00141900213;29081993;10031788;325;400;612 ~~~~~~~~~~~~~~~~~~~~~~~~~~~~~~~~~~ 11-20
28101494;30092071S;29025832;01141900213;30081993;11031788;326;767;380 ~~~~~~~~~~~~~~~~~~~~~~~~~~~~~~~~~~ 11-21
29101494;01102071S;30025832;02141900213;01091993;12031788;327;788;421;612 ~~~~~~~~~~~~~~~~~~~~~~~~~~~~~~ 11-22
01111494;02102071S;01035832;03141900213;02091993;13031788;328;457;868;400;621 ~~~~~~~~~~~~~~~~~~~~~~~~~~ 11-23
02111494;03102071S;02035832;04141900213;03091993;14031788;329;433 ~~~~~~~~~~~~~~~~~~~~~~~~~~~~~~~~~~~~~~ 11-24
03111494;04102071S;03035832;05141900213;04091993;15031788;330;769;621 ~~~~~~~~~~~~~~~~~~~~~~~~~~~~~~~~~~ 11-25
04111494;05102071S;04035832;06141900213;05091993;16031788;331;440;944;400;612 ~~~~~~~~~~~~~~~~~~~~~~~~~~ 11-26
05111494;06102071S;05035832;07141900213;06091993;17031788;332;441;513 ~~~~~~~~~~~~~~~~~~~~~~~~~~~~~~~~~~ 11-27
06111494;07102071S;06035832;08141900213;07091993;18031788;333;770;768 ~~~~~~~~~~~~~~~~~~~~~~~~~~~~~~~~~~ 11-28
07111494;08102071S;07035832;09141900213;08091993;19031788;334;397;369;589 ~~~~~~~~~~~~~~~~~~~~~~~~~~~~~~ 11-29
08111494;09102071S;08035832;10141900213;09091993;20031788;335;442;401 ~~~~~~~~~~~~~~~~~~~~~~~~~~~~~~~~~~ 11-30
09111494;10102071S;09035832;11141900213;10091993;21031788;336;771;773 ~~~~~~~~~~~~~~~~~~~~~~~~~~~~~~~~~~ 12-01
10111494;11102071S;10035832;12141900213;11091993;22031788;337;772;405 ~~~~~~~~~~~~~~~~~~~~~~~~~~~~~~~~~~ 12-02
11111494;12102071S;11035832;13141900213;12091993;23031788;338;370;557;890 ~~~~~~~~~~~~~~~~~~~~~~~~~~~~~~ 12-03
12111494;13102071S;12035832;14141900213;13091993;24031788;339;774;612 ~~~~~~~~~~~~~~~~~~~~~~~~~~~~~~~~~~ 12-04
13111494;14102071S;13035832;15141900213;14091993;25031788;340;637;775;622 ~~~~~~~~~~~~~~~~~~~~~~~~~~~~~~ 12-05
14111494;15102071S;14035832;16141900213;15091993;26031788;341;395;545;590;612 ~~~~~~~~~~~~~~~~~~~~~~~~~~ 12-06
15111494;16102071S;15035832;17141900213;16091993;27031788;342;887;406 ~~~~~~~~~~~~~~~~~~~~~~~~~~~~~~~~~~ 12-07
16111494;17102071S;16035832;18141900213;17091993;28031788;343;612 ~~~~~~~~~~~~~~~~~~~~~~~~~~~~~~~~~~~~~~ 12-08
17111494;18102071S;17035832;19141900213;18091993;29031788;344;437;514 ~~~~~~~~~~~~~~~~~~~~~~~~~~~~~~~~~~ 12-09
18111494;19102071S;18035832;00151900213;19091993;30031788;345;835;612 ~~~~~~~~~~~~~~~~~~~~~~~~~~~~~~~~~~ 12-10
19111494;20102071S;19035832;01151900213;20091993;01041788;346;409;418;622 ~~~~~~~~~~~~~~~~~~~~~~~~~~~~~~ 12-11
20111494;21102071S;20035832;02151900213;21091993;02041788;347;776;406;421;612 ~~~~~~~~~~~~~~~~~~~~~~~~~~ 12-12
21111494;22102071S;21035832;03151900213;22091993;03041788;348;777;398;591 ~~~~~~~~~~~~~~~~~~~~~~~~~~~~~~ 12-13
22111494;23102071S;22035832;04151900213;23091993;04041788;349 ~~~~~~~~~~~~~~~~~~~~~~~~~~~~~~~~~~~~~~~~~~ 12-14
23111494;24102071S;23035832;05151900213;24091993;05041788;350 ~~~~~~~~~~~~~~~~~~~~~~~~~~~~~~~~~~~~~~~~~~ 12-15
24111494;25102071S;24035832;06151900213;25091993;06041788;351;612 ~~~~~~~~~~~~~~~~~~~~~~~~~~~~~~~~~~~~~~ 12-16
25111494;26102071S;25035832;07151900213;26091993;07041788;352;422;917;516;406;409 ~~~~~~~~~~~~~~~~~~~~~~ 12-17
26111494;27102071S;26035832;08151900213;27091993;08041788;353;778;376;516;612 ~~~~~~~~~~~~~~~~~~~~~~~~~~ 12-18
27111494;28102071S;27035832;09151900213;28091993;09041788;354;516 ~~~~~~~~~~~~~~~~~~~~~~~~~~~~~~~~~~~~~~ 12-19
28111494;29102071S;28035832;10151900213;29091993;10041788;355;371;592;516;418 ~~~~~~~~~~~~~~~~~~~~~~~~~~ 12-20
29111494;01112071S;29035832;11151900213;30091993;11041788;356;380;928;466;516 ~~~~~~~~~~~~~~~~~~~~~~~~~~ 12-21
30111494;02112071S;30035832;12151900213;01101993;12041788;357;426;406 ~~~~~~~~~~~~~~~~~~~~~~~~~~~~~~~~~~ 12-22
01121494;03112071S;01045832;13151900213;02101993;13041788;358;465;516;409 ~~~~~~~~~~~~~~~~~~~~~~~~~~~~~~ 12-23
02121494;04112071S;02045832;14151900213;03101993;14041788;359;516 ~~~~~~~~~~~~~~~~~~~~~~~~~~~~~~~~~~~~~~ 12-24
03121494;05112071S;03045832;15151900213;04101993;15041788;360;513;516 ~~~~~~~~~~~~~~~~~~~~~~~~~~~~~~~~~~ 12-25
04121494;06112071S;04045832;16151900213;05101993;16041788;361;612 ~~~~~~~~~~~~~~~~~~~~~~~~~~~~~~~~~~~~~~ 12-26
05121494;07112071S;05045832;17151900213;06101993;17041788;362;803;406;622 ~~~~~~~~~~~~~~~~~~~~~~~~~~~~~~ 12-27
06121494;08112071S;06045832;18151900213;07101993;18041788;363 ~~~~~~~~~~~~~~~~~~~~~~~~~~~~~~~~~~~~~~~~~~ 12-28
07121494;09112071S;07045832;19151900213;08101993;19041788;364;397;409;622 ~~~~~~~~~~~~~~~~~~~~~~~~~~~~~~ 12-29
08121494;10112071S;08045832;00161900213;09101993;20041788;365 ~~~~~~~~~~~~~~~~~~~~~~~~~~~~~~~~~~~~~~~~~~ 12-30
09121494;11112071S;09045832;01161900213;10101993;21041788;366;501 ~~~~~~~~~~~~~~~~~~~~~~~~~~~~~~~~~~~~~~ 12-31
