17091520;18112096r;17045857;12040500413;11102018;23041813;001 ~~~~~~~~~~~~~~~~~~~~~~~~~~~~~~~~~~~~~~~~~~ 01-01
18091520;19112096r;18045857;13040500413;12102018;24041813;002 ~~~~~~~~~~~~~~~~~~~~~~~~~~~~~~~~~~~~~~~~~~ 01-02
19091520;20112096r;19045857;14040500413;13102018;25041813;003;372 ~~~~~~~~~~~~~~~~~~~~~~~~~~~~~~~~~~~~~~ 01-03
20091520;21112096r;20045857;15040500413;14102018;26041813;004;457 ~~~~~~~~~~~~~~~~~~~~~~~~~~~~~~~~~~~~~~ 01-04
21091520;22112096r;21045857;16040500413;15102018;27041813;005;637;398 ~~~~~~~~~~~~~~~~~~~~~~~~~~~~~~~~~~ 01-05
22091520;23112096r;22045857;17040500413;16102018;28041813;006 ~~~~~~~~~~~~~~~~~~~~~~~~~~~~~~~~~~~~~~~~~~ 01-06
23091520;24112096r;23045857;18040500413;17102018;29041813;007 ~~~~~~~~~~~~~~~~~~~~~~~~~~~~~~~~~~~~~~~~~~ 01-07
24091520;25112096r;24045857;19040500413;18102018;30041813;008;629 ~~~~~~~~~~~~~~~~~~~~~~~~~~~~~~~~~~~~~~ 01-08
25091520;26112096r;25045857;00050500413;19102018;01051813;009;513;917;505 ~~~~~~~~~~~~~~~~~~~~~~~~~~~~~~ 01-09
26091520;27112096r;26045857;01050500413;20102018;02051813;010;418 ~~~~~~~~~~~~~~~~~~~~~~~~~~~~~~~~~~~~~~ 01-10
27091520;28112096r;27045857;02050500413;21102018;03051813;011;507;508 ~~~~~~~~~~~~~~~~~~~~~~~~~~~~~~~~~~ 01-11
28091520;29112096r;28045857;03050500413;22102018;04051813;012;626;422 ~~~~~~~~~~~~~~~~~~~~~~~~~~~~~~~~~~ 01-12
29091520;01122096r;29045857;04050500413;23102018;05051813;013;627;380 ~~~~~~~~~~~~~~~~~~~~~~~~~~~~~~~~~~ 01-13
30091520;02122096r;01055857;05050500413;24102018;06051813;014;628;506 ~~~~~~~~~~~~~~~~~~~~~~~~~~~~~~~~~~ 01-14
01101520;03122096r;02055857;06050500413;25102018;07051813;015;502 ~~~~~~~~~~~~~~~~~~~~~~~~~~~~~~~~~~~~~~ 01-15
02101520;04122096r;03055857;07050500413;26102018;08051813;016 ~~~~~~~~~~~~~~~~~~~~~~~~~~~~~~~~~~~~~~~~~~ 01-16
03101520;05122096r;04055857;08050500413;27102018;09051813;017;631 ~~~~~~~~~~~~~~~~~~~~~~~~~~~~~~~~~~~~~~ 01-17
04101520;06122096r;05055857;09050500413;28102018;10051813;018 ~~~~~~~~~~~~~~~~~~~~~~~~~~~~~~~~~~~~~~~~~~ 01-18
05101520;07122096r;06055857;10050500413;29102018;11051813;019;630;418 ~~~~~~~~~~~~~~~~~~~~~~~~~~~~~~~~~~ 01-19
06101520;08122096r;07055857;11050500413;30102018;12051813;020;625;397 ~~~~~~~~~~~~~~~~~~~~~~~~~~~~~~~~~~ 01-20
07101520;09122096r;08055857;12050500413;01112018;13051813;021;492 ~~~~~~~~~~~~~~~~~~~~~~~~~~~~~~~~~~~~~~ 01-21
08101520;10122096r;09055857;13050500413;02112018;14051813;022;412 ~~~~~~~~~~~~~~~~~~~~~~~~~~~~~~~~~~~~~~ 01-22
09101520;11122096r;10055857;14050500413;03112018;15051813;023;632 ~~~~~~~~~~~~~~~~~~~~~~~~~~~~~~~~~~~~~~ 01-23
10101520;12122096r;11055857;15050500413;04112018;16051813;024;432;905 ~~~~~~~~~~~~~~~~~~~~~~~~~~~~~~~~~~ 01-24
11101520;13122096r;12055857;16050500413;05112018;17051813;025;633;514;409 ~~~~~~~~~~~~~~~~~~~~~~~~~~~~~~ 01-25
12101520;14122096r;13055857;17050500413;06112018;18051813;026;634;865 ~~~~~~~~~~~~~~~~~~~~~~~~~~~~~~~~~~ 01-26
13101520;15122096r;14055857;18050500413;07112018;19051813;027;635;381;904 ~~~~~~~~~~~~~~~~~~~~~~~~~~~~~~ 01-27
14101520;16122096r;15055857;19050500413;08112018;20051813;028;636 ~~~~~~~~~~~~~~~~~~~~~~~~~~~~~~~~~~~~~~ 01-28
15101520;17122096r;16055857;00060500413;09112018;21051813;029;412;580 ~~~~~~~~~~~~~~~~~~~~~~~~~~~~~~~~~~ 01-29
16101520;18122096r;17055857;01060500413;10112018;22051813;030;374;916 ~~~~~~~~~~~~~~~~~~~~~~~~~~~~~~~~~~ 01-30
17101520;19122096r;18055857;02060500413;11112018;23051813;031 ~~~~~~~~~~~~~~~~~~~~~~~~~~~~~~~~~~~~~~~~~~ 01-31
18101520;20122096r;19055857;02060500413;12112018;24051813;032;596;639 ~~~~~~~~~~~~~~~~~~~~~~~~~~~~~~~~~~ 02-01
19101520;21122096r;20055857;03060500413;13112018;25051813;033;637;640 ~~~~~~~~~~~~~~~~~~~~~~~~~~~~~~~~~~ 02-02
20101520;22122096r;21055857;04060500413;14112018;26051813;034;398;612 ~~~~~~~~~~~~~~~~~~~~~~~~~~~~~~~~~~ 02-03
21101520;23122096r;22055857;05060500413;15112018;27051813;035 ~~~~~~~~~~~~~~~~~~~~~~~~~~~~~~~~~~~~~~~~~~ 02-04
22101520;24122096r;23055857;06060500413;16112018;28051813;036;612 ~~~~~~~~~~~~~~~~~~~~~~~~~~~~~~~~~~~~~~ 02-05
23101520;25122096r;24055857;07060500413;17112018;29051813;037;513;409 ~~~~~~~~~~~~~~~~~~~~~~~~~~~~~~~~~~ 02-06
24101520;26122096r;25055857;08060500413;18112018;30051813;038;638 ~~~~~~~~~~~~~~~~~~~~~~~~~~~~~~~~~~~~~~ 02-07
25101520;27122096r;26055857;09060500413;19112018;01061813;039;402;923 ~~~~~~~~~~~~~~~~~~~~~~~~~~~~~~~~~~ 02-08
26101520;28122096r;27055857;10060500413;20112018;02061813;040;643 ~~~~~~~~~~~~~~~~~~~~~~~~~~~~~~~~~~~~~~ 02-09
27101520;29122096r;28055857;11060500413;21112018;03061813;041;581 ~~~~~~~~~~~~~~~~~~~~~~~~~~~~~~~~~~~~~~ 02-10
28101520;30122096r;29055857;12060500413;22112018;04061813;042;641;380;868 ~~~~~~~~~~~~~~~~~~~~~~~~~~~~~~ 02-11
29101520;01012097s;30055857;13060500413;23112018;05061813;043;443;888;479;490;403;409;412 ~~~~~~~~~~~~~~ 02-12
01111520;02012097s;01065857;14060500413;24112018;06061813;044;444;566;479;490 ~~~~~~~~~~~~~~~~~~~~~~~~~~ 02-13
02111520;03012097s;02065857;15060500413;25112018;07061813;045;642;566 ~~~~~~~~~~~~~~~~~~~~~~~~~~~~~~~~~~ 02-14
03111520;04012097s;03065857;16060500413;26112018;08061813;046;645;566;418;612 ~~~~~~~~~~~~~~~~~~~~~~~~~~ 02-15
04111520;05012097s;04065857;17060500413;27112018;09061813;047;940;566;403 ~~~~~~~~~~~~~~~~~~~~~~~~~~~~~~ 02-16
05111520;06012097s;05065857;18060500413;28112018;10061813;048;854 ~~~~~~~~~~~~~~~~~~~~~~~~~~~~~~~~~~~~~~ 02-17
06111520;07012097s;06065857;19060500413;29112018;11061813;049;450;914;854 ~~~~~~~~~~~~~~~~~~~~~~~~~~~~~~ 02-18
07111520;08012097s;07065857;00070500413;30112018;12061813;050;397;536 ~~~~~~~~~~~~~~~~~~~~~~~~~~~~~~~~~~ 02-19
08111520;09012097s;08065857;01070500413;01122018;13061813;051;403 ~~~~~~~~~~~~~~~~~~~~~~~~~~~~~~~~~~~~~~ 02-20
09111520;10012097s;09065857;02070500413;02122018;14061813;052;644 ~~~~~~~~~~~~~~~~~~~~~~~~~~~~~~~~~~~~~~ 02-21
10111520;11012097s;10065857;03070500413;03122018;15061813;053;649;514;873 ~~~~~~~~~~~~~~~~~~~~~~~~~~~~~~ 02-22
11111520;12012097s;11065857;04070500413;04122018;16061813;054;612 ~~~~~~~~~~~~~~~~~~~~~~~~~~~~~~~~~~~~~~ 02-23
12111520;13012097s;12065857;05070500413;05122018;17061813;055;409;418 ~~~~~~~~~~~~~~~~~~~~~~~~~~~~~~~~~~ 02-24
13111520;14012097s;13065857;06070500413;06122018;18061813;056;612 ~~~~~~~~~~~~~~~~~~~~~~~~~~~~~~~~~~~~~~ 02-25
14111520;15012097s;14065857;07070500413;07122018;19061813;057;646;382;884;519;412 ~~~~~~~~~~~~~~~~~~~~~~ 02-26
15111520;16012097s;15065857;08070500413;08122018;20061813;058;453;612 ~~~~~~~~~~~~~~~~~~~~~~~~~~~~~~~~~~ 02-27
16111520;17012097s;16065857;09070500413;09122018;21061813;059;647;648;650;403 ~~~~~~~~~~~~~~~~~~~~~~~~~~ 02-28
17111520;18012097s;17065857;13070500413;10122018;22061813;061;654;612 ~~~~~~~~~~~~~~~~~~~~~~~~~~~~~~~~~~ 03-01
18111520;19012097s;18065857;14070500413;11122018;23061813;062;637;409 ~~~~~~~~~~~~~~~~~~~~~~~~~~~~~~~~~~ 03-02
19111520;20012097s;19065857;15070500413;12122018;24061813;063;655;612;613 ~~~~~~~~~~~~~~~~~~~~~~~~~~~~~~ 03-03
20111520;21012097s;20065857;16070500413;13122018;25061813;064;861 ~~~~~~~~~~~~~~~~~~~~~~~~~~~~~~~~~~~~~~ 03-04
21111520;22012097s;21065857;17070500413;14122018;26061813;065;398;410;412;613 ~~~~~~~~~~~~~~~~~~~~~~~~~~ 03-05
22111520;23012097s;22065857;18070500413;15122018;27061813;066;513 ~~~~~~~~~~~~~~~~~~~~~~~~~~~~~~~~~~~~~~ 03-06
23111520;24012097s;23065857;19070500413;16122018;28061813;067;653;612 ~~~~~~~~~~~~~~~~~~~~~~~~~~~~~~~~~~ 03-07
24111520;25012097s;24065857;00080500413;17122018;29061813;068;403 ~~~~~~~~~~~~~~~~~~~~~~~~~~~~~~~~~~~~~~ 03-08
25111520;26012097s;25065857;01080500413;18122018;30061813;069;433;943;613 ~~~~~~~~~~~~~~~~~~~~~~~~~~~~~~ 03-09
26111520;27012097s;26065857;02080500413;19122018;01071813;070 ~~~~~~~~~~~~~~~~~~~~~~~~~~~~~~~~~~~~~~~~~~ 03-10
27111520;28012097s;27065857;03080500413;20122018;02071813;071;824;612 ~~~~~~~~~~~~~~~~~~~~~~~~~~~~~~~~~~ 03-11
28111520;29012097s;28065857;04080500413;21122018;03071813;072;886;403;412 ~~~~~~~~~~~~~~~~~~~~~~~~~~~~~~ 03-12
29111520;30012097s;29065857;05080500413;22122018;04071813;073;380;612 ~~~~~~~~~~~~~~~~~~~~~~~~~~~~~~~~~~ 03-13
30111520;01022097s;01075857;06080500413;23122018;05071813;074;656;436;418 ~~~~~~~~~~~~~~~~~~~~~~~~~~~~~~ 03-14
01121520;02022097s;02075857;07080500413;24122018;06071813;075;613 ~~~~~~~~~~~~~~~~~~~~~~~~~~~~~~~~~~~~~~ 03-15
02121520;03022097s;03075857;08080500413;25122018;07071813;076;403 ~~~~~~~~~~~~~~~~~~~~~~~~~~~~~~~~~~~~~~ 03-16
03121520;04022097s;04075857;09080500413;26122018;08071813;077;613 ~~~~~~~~~~~~~~~~~~~~~~~~~~~~~~~~~~~~~~ 03-17
04121520;05022097s;05075857;10080500413;27122018;09071813;078;514 ~~~~~~~~~~~~~~~~~~~~~~~~~~~~~~~~~~~~~~ 03-18
05121520;06022097s;06075857;11080500413;28122018;10071813;079;657;466;412 ~~~~~~~~~~~~~~~~~~~~~~~~~~~~~~ 03-19
06121520;07022097s;07075857;12080500413;29122018;11071813;080;397;424;403 ~~~~~~~~~~~~~~~~~~~~~~~~~~~~~~ 03-20
07121520;08022097s;08075857;13080500413;30122018;12071813;081;658;399;459;612 ~~~~~~~~~~~~~~~~~~~~~~~~~~ 03-21
08121520;09022097s;09075857;14080500413;01012019;13071813;082;404;851 ~~~~~~~~~~~~~~~~~~~~~~~~~~~~~~~~~~ 03-22
09121520;10022097s;10075857;15080500413;02012019;14071813;083;517;501;612;613 ~~~~~~~~~~~~~~~~~~~~~~~~~~ 03-23
10121520;11022097s;11075857;16080500413;03012019;15071813;084;493;554;500 ~~~~~~~~~~~~~~~~~~~~~~~~~~~~~~ 03-24
11121520;12022097s;12075857;17080500413;04012019;16071813;085;500;613 ~~~~~~~~~~~~~~~~~~~~~~~~~~~~~~~~~~ 03-25
12121520;13022097s;13075857;18080500413;05012019;17071813;086;659 ~~~~~~~~~~~~~~~~~~~~~~~~~~~~~~~~~~~~~~ 03-26
13121520;14022097s;14075857;19080500413;06012019;18071813;087;660;383;544;623;906;500 ~~~~~~~~~~~~~~~~~~ 03-27
14121520;15022097s;15075857;00090500413;07012019;19071813;088;598;500;515 ~~~~~~~~~~~~~~~~~~~~~~~~~~~~~~ 03-28
15121520;16022097s;16075857;01090500413;08012019;20071813;089;445;652;562;612;613 ~~~~~~~~~~~~~~~~~~~~~~ 03-29
16121520;17022097s;17075857;02090500413;09012019;21071813;090;446;562;852 ~~~~~~~~~~~~~~~~~~~~~~~~~~~~~~ 03-30
17121520;18022097s;18075857;03090500413;10012019;22071813;091;447;562;612 ~~~~~~~~~~~~~~~~~~~~~~~~~~~~~~ 03-31
18121520;19022097s;19075857;04090500413;11012019;23071813;092;448;865;841 ~~~~~~~~~~~~~~~~~~~~~~~~~~~~~~ 04-01
19121520;20022097s;20075857;05090500413;12012019;24071813;093;400 ~~~~~~~~~~~~~~~~~~~~~~~~~~~~~~~~~~~~~~ 04-02
20121520;21022097s;21075857;06090500413;13012019;25071813;094;663;513 ~~~~~~~~~~~~~~~~~~~~~~~~~~~~~~~~~~ 04-03
21121520;22022097s;22075857;07090500413;14012019;26071813;095;398;533;924;571;614 ~~~~~~~~~~~~~~~~~~~~~~ 04-04
22121520;23022097s;23075857;08090500413;15012019;27071813;096;400 ~~~~~~~~~~~~~~~~~~~~~~~~~~~~~~~~~~~~~~ 04-05
23121520;24022097s;24075857;09090500413;16012019;28071813;097;637;661;614 ~~~~~~~~~~~~~~~~~~~~~~~~~~~~~~ 04-06
24121520;25022097s;25075857;10090500413;17012019;29071813;098;662;842 ~~~~~~~~~~~~~~~~~~~~~~~~~~~~~~~~~~ 04-07
25121520;26022097s;26075857;11090500413;18012019;30071813;099;651;526;900;614 ~~~~~~~~~~~~~~~~~~~~~~~~~~ 04-08
26121520;27022097s;27075857;12090500413;19012019;01081813;100;651 ~~~~~~~~~~~~~~~~~~~~~~~~~~~~~~~~~~~~~~ 04-09
27121520;28022097s;28075857;13090500413;20012019;02081813;101;612;651;614 ~~~~~~~~~~~~~~~~~~~~~~~~~~~~~~ 04-10
28121520;29022097s;29075857;14090500413;21012019;03081813;102;400;651 ~~~~~~~~~~~~~~~~~~~~~~~~~~~~~~~~~~ 04-11
29121520;01032097s;30075857;15090500413;22012019;04081813;103;380;651 ~~~~~~~~~~~~~~~~~~~~~~~~~~~~~~~~~~ 04-12
01011521;02032097s;01085857;16090500413;23012019;05081813;104;401;538;651;559;935;495 ~~~~~~~~~~~~~~~~~~ 04-13
02011521;03032097s;02085857;17090500413;24012019;06081813;105;514;612;614 ~~~~~~~~~~~~~~~~~~~~~~~~~~~~~~ 04-14
03011521;04032097s;03085857;18090500413;25012019;07081813;106;794;555;577 ~~~~~~~~~~~~~~~~~~~~~~~~~~~~~~ 04-15
04011521;05032097s;04085857;19090500413;26012019;08081813;107;528;412;612;614 ~~~~~~~~~~~~~~~~~~~~~~~~~~ 04-16
05011521;06032097s;05085857;00100500413;27012019;09081813;108;945;529;375;496 ~~~~~~~~~~~~~~~~~~~~~~~~~~ 04-17
06011521;07032097s;06085857;01100500413;28012019;10081813;109;631;664;397;614 ~~~~~~~~~~~~~~~~~~~~~~~~~~ 04-18
07011521;08032097s;07085857;02100500413;29012019;11081813;110;665;418 ~~~~~~~~~~~~~~~~~~~~~~~~~~~~~~~~~~ 04-19
08011521;09032097s;08085857;03100500413;30012019;12081813;111;666;576;933 ~~~~~~~~~~~~~~~~~~~~~~~~~~~~~~ 04-20
09011521;10032097s;09085857;04100500413;01022019;13081813;112 ~~~~~~~~~~~~~~~~~~~~~~~~~~~~~~~~~~~~~~~~~~ 04-21
10011521;11032097s;10085857;05100500413;02022019;14081813;113;432;877;498;614 ~~~~~~~~~~~~~~~~~~~~~~~~~~ 04-22
11011521;12032097s;11085857;06100500413;03022019;15081813;114;412;496 ~~~~~~~~~~~~~~~~~~~~~~~~~~~~~~~~~~ 04-23
12011521;13032097s;12085857;07100500413;04022019;16081813;115;670;612 ~~~~~~~~~~~~~~~~~~~~~~~~~~~~~~~~~~ 04-24
13011521;14032097s;13085857;08100500413;05022019;17081813;116;667;496 ~~~~~~~~~~~~~~~~~~~~~~~~~~~~~~~~~~ 04-25
14011521;15032097s;14085857;09100500413;06022019;18081813;117;671;384;539;540;575;824;947;614 ~~~~~~~~~~ 04-26
15011521;16032097s;15085857;10100500413;07022019;19081813;118;668;496 ~~~~~~~~~~~~~~~~~~~~~~~~~~~~~~~~~~ 04-27
16011521;17032097s;16085857;11100500413;08022019;20081813;119;669;437;614 ~~~~~~~~~~~~~~~~~~~~~~~~~~~~~~ 04-28
17011521;18032097s;17085857;12100500413;09022019;21081813;120 ~~~~~~~~~~~~~~~~~~~~~~~~~~~~~~~~~~~~~~~~~~ 04-29
18011521;19032097s;18085857;13100500413;10022019;22081813;121;513;518;412;612 ~~~~~~~~~~~~~~~~~~~~~~~~~~ 04-30
19011521;20032097s;19085857;14100500413;11022019;23081813;122;676 ~~~~~~~~~~~~~~~~~~~~~~~~~~~~~~~~~~~~~~ 05-01
20011521;21032097s;20085857;15100500413;12022019;24081813;123;677 ~~~~~~~~~~~~~~~~~~~~~~~~~~~~~~~~~~~~~~ 05-02
21011521;22032097s;21085857;16100500413;13022019;25081813;124;679;615 ~~~~~~~~~~~~~~~~~~~~~~~~~~~~~~~~~~ 05-03
22011521;23032097s;22085857;17100500413;14022019;26081813;125;637;672;398 ~~~~~~~~~~~~~~~~~~~~~~~~~~~~~~ 05-04
23011521;24032097s;23085857;18100500413;15022019;27081813;126;673;624 ~~~~~~~~~~~~~~~~~~~~~~~~~~~~~~~~~~ 05-05
24011521;25032097s;24085857;19100500413;16022019;28081813;127;674;624;612 ~~~~~~~~~~~~~~~~~~~~~~~~~~~~~~ 05-06
25011521;26032097s;25085857;00110500413;17022019;29081813;128;675;624;412;496 ~~~~~~~~~~~~~~~~~~~~~~~~~~ 05-07
26011521;27032097s;26085857;01110500413;18022019;30081813;129;683;378;939;624 ~~~~~~~~~~~~~~~~~~~~~~~~~~ 05-08
27011521;28032097s;27085857;02110500413;19022019;01091813;130;494;624;615 ~~~~~~~~~~~~~~~~~~~~~~~~~~~~~~ 05-09
28011521;29032097s;28085857;03110500413;20022019;02091813;131;678;867;624;612 ~~~~~~~~~~~~~~~~~~~~~~~~~~ 05-10
29011521;30032097s;29085857;04110500413;21022019;03091813;132;681;680;380;930;953;624 ~~~~~~~~~~~~~~~~~~ 05-11
30011521;01042097s;01095857;05110500413;22022019;04091813;133;451;413;497;612 ~~~~~~~~~~~~~~~~~~~~~~~~~~ 05-12
01021521;02042097s;02095857;06110500413;23022019;05091813;134;682;514;902;615 ~~~~~~~~~~~~~~~~~~~~~~~~~~ 05-13
02021521;03042097s;03095857;07110500413;24022019;06091813;135;510 ~~~~~~~~~~~~~~~~~~~~~~~~~~~~~~~~~~~~~~ 05-14
03021521;04042097s;04095857;08110500413;25022019;07091813;136;685 ~~~~~~~~~~~~~~~~~~~~~~~~~~~~~~~~~~~~~~ 05-15
04021521;05042097s;05095857;09110500413;26022019;08091813;137;797 ~~~~~~~~~~~~~~~~~~~~~~~~~~~~~~~~~~~~~~ 05-16
05021521;06042097s;06095857;10110500413;27022019;09091813;138;686;553;836;522;573 ~~~~~~~~~~~~~~~~~~~~~~ 05-17
06021521;07042097s;07095857;11110500413;28022019;10091813;139;687;397;419;568;573 ~~~~~~~~~~~~~~~~~~~~~~ 05-18
07021521;08042097s;08095857;12110500413;29022019;11091813;140;449;684;818;927;568;573 ~~~~~~~~~~~~~~~~~~ 05-19
08021521;09042097s;09095857;13110500413;30022019;12091813;141;789;612 ~~~~~~~~~~~~~~~~~~~~~~~~~~~~~~~~~~ 05-20
09021521;10042097s;10095857;14110500413;31022019;13091813;142;889 ~~~~~~~~~~~~~~~~~~~~~~~~~~~~~~~~~~~~~~ 05-21
10021521;11042097s;11095857;15110500413;01032019;14091813;143;612 ~~~~~~~~~~~~~~~~~~~~~~~~~~~~~~~~~~~~~~ 05-22
11021521;12042097s;12095857;16110500413;02032019;15091813;144;798 ~~~~~~~~~~~~~~~~~~~~~~~~~~~~~~~~~~~~~~ 05-23
12021521;13042097s;13095857;17110500413;03032019;16091813;145;689;894;612 ~~~~~~~~~~~~~~~~~~~~~~~~~~~~~~ 05-24
13021521;14042097s;14095857;18110500413;04032019;17091813;146;439;385 ~~~~~~~~~~~~~~~~~~~~~~~~~~~~~~~~~~ 05-25
14021521;15042097s;15095857;19110500413;05032019;18091813;147;439;537;937 ~~~~~~~~~~~~~~~~~~~~~~~~~~~~~~ 05-26
15021521;16042097s;16095857;00120500413;06032019;19091813;148;438;892;615 ~~~~~~~~~~~~~~~~~~~~~~~~~~~~~~ 05-27
16021521;17042097s;17095857;01120500413;07032019;20091813;149;513;612 ~~~~~~~~~~~~~~~~~~~~~~~~~~~~~~~~~~ 05-28
17021521;18042097s;18095857;02120500413;08032019;21091813;150;688 ~~~~~~~~~~~~~~~~~~~~~~~~~~~~~~~~~~~~~~ 05-29
18021521;19042097s;19095857;03120500413;09032019;22091813;151 ~~~~~~~~~~~~~~~~~~~~~~~~~~~~~~~~~~~~~~~~~~ 05-30
19021521;20042097s;20095857;04120500413;10032019;23091813;152 ~~~~~~~~~~~~~~~~~~~~~~~~~~~~~~~~~~~~~~~~~~ 05-31
20021521;21042097s;21095857;05120500413;11032019;24091813;153;637;693;844;612 ~~~~~~~~~~~~~~~~~~~~~~~~~~ 06-01
21021521;22042097s;22095857;06120500413;12032019;25091813;154;690;398 ~~~~~~~~~~~~~~~~~~~~~~~~~~~~~~~~~~ 06-02
22021521;23042097s;23095857;07120500413;13032019;26091813;155;694;616 ~~~~~~~~~~~~~~~~~~~~~~~~~~~~~~~~~~ 06-03
23021521;24042097s;24095857;08120500413;14032019;27091813;156;864 ~~~~~~~~~~~~~~~~~~~~~~~~~~~~~~~~~~~~~~ 06-04
24021521;25042097s;25095857;09120500413;15032019;28091813;157;691;433;616 ~~~~~~~~~~~~~~~~~~~~~~~~~~~~~~ 06-05
25021521;26042097s;26095857;10120500413;16032019;29091813;158;530 ~~~~~~~~~~~~~~~~~~~~~~~~~~~~~~~~~~~~~~ 06-06
26021521;27042097s;27095857;11120500413;17032019;30091813;159;692;376;616 ~~~~~~~~~~~~~~~~~~~~~~~~~~~~~~ 06-07
27021521;28042097s;28095857;12120500413;18032019;01101813;160;697;799 ~~~~~~~~~~~~~~~~~~~~~~~~~~~~~~~~~~ 06-08
28021521;29042097s;29095857;13120500413;19032019;02101813;161;695;380;942;612 ~~~~~~~~~~~~~~~~~~~~~~~~~~ 06-09
29021521;01052097s;30095857;14120500413;20032019;03101813;162;514;921 ~~~~~~~~~~~~~~~~~~~~~~~~~~~~~~~~~~ 06-10
01031521;02052097s;01105857;15120500413;21032019;04101813;163;696;569;616 ~~~~~~~~~~~~~~~~~~~~~~~~~~~~~~ 06-11
02031521;03052097s;02105857;16120500413;22032019;05101813;164;569 ~~~~~~~~~~~~~~~~~~~~~~~~~~~~~~~~~~~~~~ 06-12
03031521;04052097s;03105857;17120500413;23032019;06101813;165 ~~~~~~~~~~~~~~~~~~~~~~~~~~~~~~~~~~~~~~~~~~ 06-13
04031521;05052097s;04105857;18120500413;24032019;07101813;166;699;564 ~~~~~~~~~~~~~~~~~~~~~~~~~~~~~~~~~~ 06-14
05031521;06052097s;05105857;19120500413;25032019;08101813;167;830;612 ~~~~~~~~~~~~~~~~~~~~~~~~~~~~~~~~~~ 06-15
06031521;07052097s;06105857;00130500413;26032019;09101813;168;452;452;397 ~~~~~~~~~~~~~~~~~~~~~~~~~~~~~~ 06-16
07031521;08052097s;07105857;01130500413;27032019;10101813;169;612;616 ~~~~~~~~~~~~~~~~~~~~~~~~~~~~~~~~~~ 06-17
08031521;09052097s;08105857;02130500413;28032019;11101813;170 ~~~~~~~~~~~~~~~~~~~~~~~~~~~~~~~~~~~~~~~~~~ 06-18
09031521;10052097s;09105857;03130500413;29032019;12101813;171;552;460 ~~~~~~~~~~~~~~~~~~~~~~~~~~~~~~~~~~ 06-19
10031521;11052097s;10105857;04130500413;30032019;13101813;172;698;896;425 ~~~~~~~~~~~~~~~~~~~~~~~~~~~~~~ 06-20
11031521;12052097s;11105857;05130500413;31032019;14101813;173;701;461;700;843;616 ~~~~~~~~~~~~~~~~~~~~~~ 06-21
12031521;13052097s;12105857;06130500413;01042019;15101813;174;702;511 ~~~~~~~~~~~~~~~~~~~~~~~~~~~~~~~~~~ 06-22
13031521;14052097s;13105857;07130500413;02042019;16101813;175;843;612;616 ~~~~~~~~~~~~~~~~~~~~~~~~~~~~~~ 06-23
14031521;15052097s;14105857;08130500413;03042019;17101813;176;386;513;874;941 ~~~~~~~~~~~~~~~~~~~~~~~~~~ 06-24
15031521;16052097s;15105857;09130500413;04042019;18101813;177;819;612;616 ~~~~~~~~~~~~~~~~~~~~~~~~~~~~~~ 06-25
16031521;17052097s;16105857;10130500413;05042019;19101813;178;704 ~~~~~~~~~~~~~~~~~~~~~~~~~~~~~~~~~~~~~~ 06-26
17031521;18052097s;17105857;11130500413;06042019;20101813;179;511;616 ~~~~~~~~~~~~~~~~~~~~~~~~~~~~~~~~~~ 06-27
18031521;19052097s;18105857;12130500413;07042019;21101813;180;703 ~~~~~~~~~~~~~~~~~~~~~~~~~~~~~~~~~~~~~~ 06-28
19031521;20052097s;19105857;13130500413;08042019;22101813;181;612 ~~~~~~~~~~~~~~~~~~~~~~~~~~~~~~~~~~~~~~ 06-29
20031521;21052097s;20105857;14130500413;09042019;23101813;182;795;405 ~~~~~~~~~~~~~~~~~~~~~~~~~~~~~~~~~~ 06-30
21031521;22052097s;21105857;15130500413;10042019;24101813;183;612 ~~~~~~~~~~~~~~~~~~~~~~~~~~~~~~~~~~~~~~ 07-01
22031521;23052097s;22105857;16130500413;11042019;25101813;184;398 ~~~~~~~~~~~~~~~~~~~~~~~~~~~~~~~~~~~~~~ 07-02
23031521;24052097s;23105857;17130500413;12042019;26101813;185;843;617 ~~~~~~~~~~~~~~~~~~~~~~~~~~~~~~~~~~ 07-03
24031521;25052097s;24105857;18130500413;13042019;27101813;186 ~~~~~~~~~~~~~~~~~~~~~~~~~~~~~~~~~~~~~~~~~~ 07-04
25031521;26052097s;25105857;19130500413;14042019;28101813;187;946;565;406;612 ~~~~~~~~~~~~~~~~~~~~~~~~~~ 07-05
26031521;27052097s;26105857;00140500413;15042019;29101813;188;637;705;840;373;554;565 ~~~~~~~~~~~~~~~~~~ 07-06
27031521;28052097s;27105857;01140500413;16042019;30101813;189;617 ~~~~~~~~~~~~~~~~~~~~~~~~~~~~~~~~~~~~~~ 07-07
28031521;29052097s;28105857;02140500413;17042019;01111813;190;707;514 ~~~~~~~~~~~~~~~~~~~~~~~~~~~~~~~~~~ 07-08
29031521;01062097s;29105857;03140500413;18042019;02111813;191;380;617 ~~~~~~~~~~~~~~~~~~~~~~~~~~~~~~~~~~ 07-09
30031521;02062097s;01115857;04140500413;19042019;03111813;192;436 ~~~~~~~~~~~~~~~~~~~~~~~~~~~~~~~~~~~~~~ 07-10
01041521;03062097s;02115857;05140500413;20042019;04111813;193;870 ~~~~~~~~~~~~~~~~~~~~~~~~~~~~~~~~~~~~~~ 07-11
02041521;04062097s;03115857;06140500413;21042019;05111813;194 ~~~~~~~~~~~~~~~~~~~~~~~~~~~~~~~~~~~~~~~~~~ 07-12
03041521;05062097s;04115857;07140500413;22042019;06111813;195;706;612 ~~~~~~~~~~~~~~~~~~~~~~~~~~~~~~~~~~ 07-13
04041521;06062097s;05115857;08140500413;23042019;07111813;196 ~~~~~~~~~~~~~~~~~~~~~~~~~~~~~~~~~~~~~~~~~~ 07-14
05041521;07062097s;06115857;09140500413;24042019;08111813;197;710;397;406 ~~~~~~~~~~~~~~~~~~~~~~~~~~~~~~ 07-15
06041521;08062097s;07115857;10140500413;25042019;09111813;198 ~~~~~~~~~~~~~~~~~~~~~~~~~~~~~~~~~~~~~~~~~~ 07-16
07041521;09062097s;08115857;11140500413;26042019;10111813;199;711;612;617 ~~~~~~~~~~~~~~~~~~~~~~~~~~~~~~ 07-17
08041521;10062097s;09115857;12140500413;27042019;11111813;200;631;414 ~~~~~~~~~~~~~~~~~~~~~~~~~~~~~~~~~~ 07-18
09041521;11062097s;10115857;13140500413;28042019;12111813;201;432;546 ~~~~~~~~~~~~~~~~~~~~~~~~~~~~~~~~~~ 07-19
10041521;12062097s;11115857;14140500413;29042019;13111813;202;708;406 ~~~~~~~~~~~~~~~~~~~~~~~~~~~~~~~~~~ 07-20
11041521;13062097s;12115857;15140500413;30042019;14111813;203;709;513;612;617 ~~~~~~~~~~~~~~~~~~~~~~~~~~ 07-21
12041521;14062097s;13115857;16140500413;31042019;15111813;204 ~~~~~~~~~~~~~~~~~~~~~~~~~~~~~~~~~~~~~~~~~~ 07-22
13041521;15062097s;14115857;17140500413;01052019;16111813;205;612 ~~~~~~~~~~~~~~~~~~~~~~~~~~~~~~~~~~~~~~ 07-23
14041521;16062097s;15115857;18140500413;02052019;17111813;206;387;399;531;561 ~~~~~~~~~~~~~~~~~~~~~~~~~~ 07-24
15041521;17062097s;16115857;19140500413;03052019;18111813;207;712;715;406;612 ~~~~~~~~~~~~~~~~~~~~~~~~~~ 07-25
16041521;18062097s;17115857;00150500413;04052019;19111813;208;716 ~~~~~~~~~~~~~~~~~~~~~~~~~~~~~~~~~~~~~~ 07-26
17041521;19062097s;18115857;01150500413;05052019;20111813;209;713;400 ~~~~~~~~~~~~~~~~~~~~~~~~~~~~~~~~~~ 07-27
18041521;20062097s;19115857;02150500413;06052019;21111813;210;714 ~~~~~~~~~~~~~~~~~~~~~~~~~~~~~~~~~~~~~~ 07-28
19041521;21062097s;20115857;03150500413;07052019;22111813;211;612;617 ~~~~~~~~~~~~~~~~~~~~~~~~~~~~~~~~~~ 07-29
20041521;22062097s;21115857;04150500413;08052019;23111813;212;400 ~~~~~~~~~~~~~~~~~~~~~~~~~~~~~~~~~~~~~~ 07-30
21041521;23062097s;22115857;05150500413;09052019;24111813;213;398;857 ~~~~~~~~~~~~~~~~~~~~~~~~~~~~~~~~~~ 07-31
22041521;24062097s;23115857;06150500413;10052019;25111813;214;420 ~~~~~~~~~~~~~~~~~~~~~~~~~~~~~~~~~~~~~~ 08-01
23041521;25062097s;24115857;07150500413;11052019;26111813;215;719;400;612 ~~~~~~~~~~~~~~~~~~~~~~~~~~~~~~ 08-02
24041521;26062097s;25115857;08150500413;12052019;27111813;216;637;720;858;415;618 ~~~~~~~~~~~~~~~~~~~~~~ 08-03
25041521;27062097s;26115857;09150500413;13052019;28111813;217;717;878;406;612 ~~~~~~~~~~~~~~~~~~~~~~~~~~ 08-04
26041521;28062097s;27115857;10150500413;14052019;29111813;218;400;618 ~~~~~~~~~~~~~~~~~~~~~~~~~~~~~~~~~~ 08-05
27041521;29062097s;28115857;11150500413;15052019;30111813;219;718;514;612 ~~~~~~~~~~~~~~~~~~~~~~~~~~~~~~ 08-06
28041521;01072097s;29115857;12150500413;16052019;01121813;220;380 ~~~~~~~~~~~~~~~~~~~~~~~~~~~~~~~~~~~~~~ 08-07
29041521;02072097s;30115857;13150500413;17052019;02121813;221;400 ~~~~~~~~~~~~~~~~~~~~~~~~~~~~~~~~~~~~~~ 08-08
01051521;03072097s;01125857;14150500413;18052019;03121813;222;596 ~~~~~~~~~~~~~~~~~~~~~~~~~~~~~~~~~~~~~~ 08-09
02051521;04072097s;02125857;15150500413;19052019;04121813;223;723;579 ~~~~~~~~~~~~~~~~~~~~~~~~~~~~~~~~~~ 08-10
03051521;05072097s;03125857;16150500413;20052019;05121813;224;721;400;618 ~~~~~~~~~~~~~~~~~~~~~~~~~~~~~~ 08-11
04051521;06072097s;04125857;17150500413;21052019;06121813;225;891 ~~~~~~~~~~~~~~~~~~~~~~~~~~~~~~~~~~~~~~ 08-12
05051521;07072097s;05125857;18150500413;22052019;07121813;226;572;618 ~~~~~~~~~~~~~~~~~~~~~~~~~~~~~~~~~~ 08-13
06051521;08072097s;06125857;19150500413;23052019;08121813;227;722;397;400 ~~~~~~~~~~~~~~~~~~~~~~~~~~~~~~ 08-14
07051521;09072097s;07125857;00160500413;24052019;09121813;228;618 ~~~~~~~~~~~~~~~~~~~~~~~~~~~~~~~~~~~~~~ 08-15
08051521;10072097s;08125857;01160500413;25052019;10121813;229;938 ~~~~~~~~~~~~~~~~~~~~~~~~~~~~~~~~~~~~~~ 08-16
09051521;11072097s;09125857;02160500413;26052019;11121813;230;724;401;618 ~~~~~~~~~~~~~~~~~~~~~~~~~~~~~~ 08-17
10051521;12072097s;10125857;03160500413;27052019;12121813;231;513;926;612 ~~~~~~~~~~~~~~~~~~~~~~~~~~~~~~ 08-18
11051521;13072097s;11125857;04160500413;28052019;13121813;232;415;618 ~~~~~~~~~~~~~~~~~~~~~~~~~~~~~~~~~~ 08-19
12051521;14072097s;12125857;05160500413;29052019;14121813;233;567;612 ~~~~~~~~~~~~~~~~~~~~~~~~~~~~~~~~~~ 08-20
13051521;15072097s;13125857;06160500413;30052019;15121813;234;897;567;421;618 ~~~~~~~~~~~~~~~~~~~~~~~~~~ 08-21
14051521;16072097s;14125857;07160500413;31052019;16121813;235;388;556;909;910;925 ~~~~~~~~~~~~~~~~~~~~~~ 08-22
15051521;17072097s;15125857;08160500413;01062019;17121813;236;427;618 ~~~~~~~~~~~~~~~~~~~~~~~~~~~~~~~~~~ 08-23
16051521;18072097s;16125857;09160500413;02062019;18121813;237;725;612 ~~~~~~~~~~~~~~~~~~~~~~~~~~~~~~~~~~ 08-24
17051521;19072097s;17125857;10160500413;03062019;19121813;238;428;725;437;875 ~~~~~~~~~~~~~~~~~~~~~~~~~~ 08-25
18051521;20072097s;18125857;11160500413;04062019;20121813;239;796;612 ~~~~~~~~~~~~~~~~~~~~~~~~~~~~~~~~~~ 08-26
19051521;21072097s;19125857;12160500413;05062019;21121813;240;594;415 ~~~~~~~~~~~~~~~~~~~~~~~~~~~~~~~~~~ 08-27
20051521;22072097s;20125857;13160500413;06062019;22121813;241;595 ~~~~~~~~~~~~~~~~~~~~~~~~~~~~~~~~~~~~~~ 08-28
21051521;23072097s;21125857;14160500413;07062019;23121813;242;831;406;618 ~~~~~~~~~~~~~~~~~~~~~~~~~~~~~~ 08-29
22051521;24072097s;22125857;15160500413;08062019;24121813;243;596;398;883;612 ~~~~~~~~~~~~~~~~~~~~~~~~~~ 08-30
23051521;25072097s;23125857;16160500413;09062019;25121813;244;429;407 ~~~~~~~~~~~~~~~~~~~~~~~~~~~~~~~~~~ 08-31
24051521;26072097s;24125857;17160500413;10062019;26121813;245;430;433;612 ~~~~~~~~~~~~~~~~~~~~~~~~~~~~~~ 09-01
25051521;27072097s;25125857;18160500413;11062019;27121813;246;434;503;514 ~~~~~~~~~~~~~~~~~~~~~~~~~~~~~~ 09-02
26051521;28072097s;26125857;19160500413;12062019;28121813;247;435 ~~~~~~~~~~~~~~~~~~~~~~~~~~~~~~~~~~~~~~ 09-03
27051521;29072097s;27125857;00170500413;13062019;29121813;248 ~~~~~~~~~~~~~~~~~~~~~~~~~~~~~~~~~~~~~~~~~~ 09-04
28051521;30072097s;28125857;01170500413;14062019;30121813;249;380 ~~~~~~~~~~~~~~~~~~~~~~~~~~~~~~~~~~~~~~ 09-05
29051521;01082097s;29125857;02170500413;15062019;01131813;250;727;521 ~~~~~~~~~~~~~~~~~~~~~~~~~~~~~~~~~~ 09-06
30051521;02082097s;01215858;03170500413;16062019;02131813;251;637;728;521;612;619 ~~~~~~~~~~~~~~~~~~~~~~ 09-07
01061521;03082097s;02215858;04170500413;17062019;03131813;252;455;845;597;521 ~~~~~~~~~~~~~~~~~~~~~~~~~~ 09-08
02061521;04082097s;03215858;05170500413;18062019;04131813;253;729;846;550;612 ~~~~~~~~~~~~~~~~~~~~~~~~~~ 09-09
03061521;05082097s;04215858;06170500413;19062019;05131813;254;915;421 ~~~~~~~~~~~~~~~~~~~~~~~~~~~~~~~~~~ 09-10
04061521;06082097s;05215858;07170500413;20062019;01011814;255 ~~~~~~~~~~~~~~~~~~~~~~~~~~~~~~~~~~~~~~~~~~ 09-11
05061521;07082097s;06215858;08170500413;21062019;02011814;256;730;847;415 ~~~~~~~~~~~~~~~~~~~~~~~~~~~~~~ 09-12
06061521;08082097s;07215858;09170500413;22062019;03011814;257;726;397;908;612;619 ~~~~~~~~~~~~~~~~~~~~~~ 09-13
07061521;09082097s;08215858;10170500413;23062019;04011814;258;513 ~~~~~~~~~~~~~~~~~~~~~~~~~~~~~~~~~~~~~~ 09-14
08061521;10082097s;09215858;11170500413;24062019;05011814;259;731;859;612 ~~~~~~~~~~~~~~~~~~~~~~~~~~~~~~ 09-15
09061521;11082097s;10215858;12170500413;25062019;06011814;260;527 ~~~~~~~~~~~~~~~~~~~~~~~~~~~~~~~~~~~~~~ 09-16
10061521;12082097s;11215858;13170500413;26062019;07011814;261;732;903;612 ~~~~~~~~~~~~~~~~~~~~~~~~~~~~~~ 09-17
11061521;13082097s;12215858;14170500413;27062019;08011814;262 ~~~~~~~~~~~~~~~~~~~~~~~~~~~~~~~~~~~~~~~~~~ 09-18
12061521;14082097s;13215858;15170500413;28062019;09011814;263;733;612 ~~~~~~~~~~~~~~~~~~~~~~~~~~~~~~~~~~ 09-19
13061521;15082097s;14215858;16170500413;29062019;10011814;264;734;520;551;570;421 ~~~~~~~~~~~~~~~~~~~~~~ 09-20
14061521;16082097s;15215858;17170500413;30062019;11011814;265;735;389;390;534;462;523;848 ~~~~~~~~~~~~~~ 09-21
15061521;17082097s;16215858;18170500413;31062019;12011814;266;740;907;423;523 ~~~~~~~~~~~~~~~~~~~~~~~~~~ 09-22
16061521;18082097s;17215858;19170500413;01072019;13011814;267;736;833;463;523;612;619;848 ~~~~~~~~~~~~~~ 09-23
17061521;19082097s;18215858;00000600413;02072019;14011814;268;737;868;523 ~~~~~~~~~~~~~~~~~~~~~~~~~~~~~~ 09-24
18061521;20082097s;19215858;01000600413;03072019;15011814;269;742;790;523;612;619 ~~~~~~~~~~~~~~~~~~~~~~ 09-25
19061521;21082097s;20215858;02000600413;04072019;16011814;270;741;790;523 ~~~~~~~~~~~~~~~~~~~~~~~~~~~~~~ 09-26
20061521;22082097s;21215858;03000600413;05072019;17011814;271;738;790;523;612 ~~~~~~~~~~~~~~~~~~~~~~~~~~ 09-27
21061521;23082097s;22215858;04000600413;06072019;18011814;272;739;743;790;398;524;415 ~~~~~~~~~~~~~~~~~~ 09-28
22061521;24082097s;23215858;05000600413;07072019;19011814;273;790;514;525;612;619;848 ~~~~~~~~~~~~~~~~~~ 09-29
23061521;25082097s;24215858;06000600413;08072019;20011814;274;790;853 ~~~~~~~~~~~~~~~~~~~~~~~~~~~~~~~~~~ 09-30
24061521;26082097s;25215858;07000600413;09072019;21011814;275;745;790;869;853;612 ~~~~~~~~~~~~~~~~~~~~~~ 10-01
25061521;27082097s;26215858;08000600413;10072019;22011814;276;746;853 ~~~~~~~~~~~~~~~~~~~~~~~~~~~~~~~~~~ 10-02
26061521;28082097s;27215858;09000600413;11072019;23011814;277;747;612;620 ~~~~~~~~~~~~~~~~~~~~~~~~~~~~~~ 10-03
27061521;29082097s;28215858;10000600413;12072019;24011814;278;748;835;838 ~~~~~~~~~~~~~~~~~~~~~~~~~~~~~~ 10-04
28061521;01092097s;29215858;11000600413;13072019;25011814;279;637;380;863;920;620;848;574 ~~~~~~~~~~~~~~ 10-05
29061521;02092097s;30215858;12000600413;14072019;26011814;280;749;895 ~~~~~~~~~~~~~~~~~~~~~~~~~~~~~~~~~~ 10-06
01071521;03092097s;01225858;13000600413;15072019;27011814;281;744;612;848 ~~~~~~~~~~~~~~~~~~~~~~~~~~~~~~ 10-07
02071521;04092097s;02225858;14000600413;16072019;28011814;282;791 ~~~~~~~~~~~~~~~~~~~~~~~~~~~~~~~~~~~~~~ 10-08
03071521;05092097s;03225858;15000600413;17072019;29011814;283;752 ~~~~~~~~~~~~~~~~~~~~~~~~~~~~~~~~~~~~~~ 10-09
04071521;06092097s;04225858;16000600413;18072019;30011814;284;753;367;421 ~~~~~~~~~~~~~~~~~~~~~~~~~~~~~~ 10-10
05071521;07092097s;05225858;17000600413;19072019;01021814;285;596;368;918;620;848 ~~~~~~~~~~~~~~~~~~~~~~ 10-11
06071521;08092097s;06225858;18000600413;20072019;02021814;286;754;513;919 ~~~~~~~~~~~~~~~~~~~~~~~~~~~~~~ 10-12
07071521;09092097s;07225858;19000600413;21072019;03021814;287;750;397;548;563 ~~~~~~~~~~~~~~~~~~~~~~~~~~ 10-13
08071521;10092097s;08225858;00010600413;22072019;04021814;288;751;885 ~~~~~~~~~~~~~~~~~~~~~~~~~~~~~~~~~~ 10-14
09071521;11092097s;09225858;01010600413;23072019;05021814;289;756;432;549;560;612;620 ~~~~~~~~~~~~~~~~~~ 10-15
10071521;12092097s;10225858;02010600413;24072019;06021814;290;757 ~~~~~~~~~~~~~~~~~~~~~~~~~~~~~~~~~~~~~~ 10-16
11071521;13092097s;11225858;03010600413;25072019;07021814;291;631;899;612 ~~~~~~~~~~~~~~~~~~~~~~~~~~~~~~ 10-17
12071521;14092097s;12225858;04010600413;26072019;08021814;292;596 ~~~~~~~~~~~~~~~~~~~~~~~~~~~~~~~~~~~~~~ 10-18
13071521;15092097s;13225858;05010600413;27072019;09021814;293;758;620 ~~~~~~~~~~~~~~~~~~~~~~~~~~~~~~~~~~ 10-19
14071521;16092097s;14225858;06010600413;28072019;10021814;294;391;882;922;784;421 ~~~~~~~~~~~~~~~~~~~~~~ 10-20
15071521;17092097s;15225858;07010600413;29072019;11021814;295;755;369;532;541;949;785;612 ~~~~~~~~~~~~~~ 10-21
16071521;18092097s;16225858;08010600413;30072019;12021814;296;786;415 ~~~~~~~~~~~~~~~~~~~~~~~~~~~~~~~~~~ 10-22
17071521;19092097s;17225858;09010600413;01082019;13021814;297;787;612 ~~~~~~~~~~~~~~~~~~~~~~~~~~~~~~~~~~ 10-23
18071521;20092097s;18225858;10010600413;02082019;14021814;298;371;514;881 ~~~~~~~~~~~~~~~~~~~~~~~~~~~~~~ 10-24
19071521;21092097s;19225858;11010600413;03082019;15021814;299;849;467 ~~~~~~~~~~~~~~~~~~~~~~~~~~~~~~~~~~ 10-25
20071521;22092097s;20225858;12010600413;04082019;16021814;300;759 ~~~~~~~~~~~~~~~~~~~~~~~~~~~~~~~~~~~~~~ 10-26
21071521;23092097s;21225858;13010600413;05082019;17021814;301;398;499 ~~~~~~~~~~~~~~~~~~~~~~~~~~~~~~~~~~ 10-27
22071521;24092097s;22225858;14010600413;06082019;18021814;302 ~~~~~~~~~~~~~~~~~~~~~~~~~~~~~~~~~~~~~~~~~~ 10-28
23071521;25092097s;23225858;15010600413;07082019;19021814;303 ~~~~~~~~~~~~~~~~~~~~~~~~~~~~~~~~~~~~~~~~~~ 10-29
24071521;26092097s;24225858;16010600413;08082019;20021814;304 ~~~~~~~~~~~~~~~~~~~~~~~~~~~~~~~~~~~~~~~~~~ 10-30
25071521;27092097s;25225858;17010600413;09082019;21021814;305;558;911;612 ~~~~~~~~~~~~~~~~~~~~~~~~~~~~~~ 10-31
26071521;28092097s;26225858;18010600413;10082019;22021814;306;779;784 ~~~~~~~~~~~~~~~~~~~~~~~~~~~~~~~~~~ 11-01
27071521;29092097s;27225858;19010600413;11082019;23021814;307;637;763;780;785;509;612 ~~~~~~~~~~~~~~~~~~ 11-02
28071521;30092097s;28225858;00020600413;12082019;24021814;308;380;781;786;893 ~~~~~~~~~~~~~~~~~~~~~~~~~~ 11-03
29071521;01102097s;29225858;01020600413;13082019;25021814;309;760;782;787;932;950;612 ~~~~~~~~~~~~~~~~~~ 11-04
30071521;02102097s;30225858;02020600413;14082019;26021814;310;436;535;783;788 ~~~~~~~~~~~~~~~~~~~~~~~~~~ 11-05
01081521;03102097s;01235858;03020600413;15082019;27021814;311;761;431;612 ~~~~~~~~~~~~~~~~~~~~~~~~~~~~~~ 11-06
02081521;04102097s;02235858;04020600413;16082019;28021814;312;762;415;621 ~~~~~~~~~~~~~~~~~~~~~~~~~~~~~~ 11-07
03081521;05102097s;03235858;05020600413;17082019;29021814;313 ~~~~~~~~~~~~~~~~~~~~~~~~~~~~~~~~~~~~~~~~~~ 11-08
04081521;06102097s;04235858;06020600413;18082019;30021814;314;513;621 ~~~~~~~~~~~~~~~~~~~~~~~~~~~~~~~~~~ 11-09
05081521;07102097s;05235858;07020600413;19082019;01031814;315;543;612 ~~~~~~~~~~~~~~~~~~~~~~~~~~~~~~~~~~ 11-10
06081521;08102097s;06235858;08020600413;20082019;02031814;316;397;621 ~~~~~~~~~~~~~~~~~~~~~~~~~~~~~~~~~~ 11-11
07081521;09102097s;07235858;09020600413;21082019;03031814;317;612 ~~~~~~~~~~~~~~~~~~~~~~~~~~~~~~~~~~~~~~ 11-12
08081521;10102097s;08235858;10020600413;22082019;04031814;318 ~~~~~~~~~~~~~~~~~~~~~~~~~~~~~~~~~~~~~~~~~~ 11-13
09081521;11102097s;09235858;11020600413;23082019;05031814;319;764;879 ~~~~~~~~~~~~~~~~~~~~~~~~~~~~~~~~~~ 11-14
10081521;12102097s;10235858;12020600413;24082019;06031814;320;399;547;621 ~~~~~~~~~~~~~~~~~~~~~~~~~~~~~~ 11-15
11081521;13102097s;11235858;13020600413;25082019;07031814;321;767;934 ~~~~~~~~~~~~~~~~~~~~~~~~~~~~~~~~~~ 11-16
12081521;14102097s;12235858;14020600413;26082019;08031814;322;765 ~~~~~~~~~~~~~~~~~~~~~~~~~~~~~~~~~~~~~~ 11-17
13081521;15102097s;13235858;15020600413;27082019;09031814;323;400 ~~~~~~~~~~~~~~~~~~~~~~~~~~~~~~~~~~~~~~ 11-18
14081521;16102097s;14235858;16020600413;28082019;10031814;324;394;880;512;421 ~~~~~~~~~~~~~~~~~~~~~~~~~~ 11-19
15081521;17102097s;15235858;17020600413;29082019;11031814;325;612 ~~~~~~~~~~~~~~~~~~~~~~~~~~~~~~~~~~~~~~ 11-20
16081521;18102097s;16235858;18020600413;30082019;12031814;326;766;514;621 ~~~~~~~~~~~~~~~~~~~~~~~~~~~~~~ 11-21
17081521;19102097s;17235858;19020600413;01092019;13031814;327;788;612 ~~~~~~~~~~~~~~~~~~~~~~~~~~~~~~~~~~ 11-22
18081521;20102097s;18235858;00030600413;02092019;14031814;328;768;415 ~~~~~~~~~~~~~~~~~~~~~~~~~~~~~~~~~~ 11-23
19081521;21102097s;19235858;01030600413;03092019;15031814;329 ~~~~~~~~~~~~~~~~~~~~~~~~~~~~~~~~~~~~~~~~~~ 11-24
20081521;22102097s;20235858;02030600413;04092019;16031814;330;398 ~~~~~~~~~~~~~~~~~~~~~~~~~~~~~~~~~~~~~~ 11-25
21081521;23102097s;21235858;03030600413;05092019;17031814;331;876 ~~~~~~~~~~~~~~~~~~~~~~~~~~~~~~~~~~~~~~ 11-26
22081521;24102097s;22235858;04030600413;06092019;18031814;332;769;400;621 ~~~~~~~~~~~~~~~~~~~~~~~~~~~~~~ 11-27
23081521;25102097s;23235858;05030600413;07092019;19031814;333;440;369;433 ~~~~~~~~~~~~~~~~~~~~~~~~~~~~~~ 11-28
24081521;26102097s;24235858;06030600413;08092019;20031814;334;441;936;421 ~~~~~~~~~~~~~~~~~~~~~~~~~~~~~~ 11-29
25081521;27102097s;25235858;07030600413;09092019;21031814;335;770;516 ~~~~~~~~~~~~~~~~~~~~~~~~~~~~~~~~~~ 11-30
26081521;28102097s;26235858;08030600413;10092019;22031814;336;589;516 ~~~~~~~~~~~~~~~~~~~~~~~~~~~~~~~~~~ 12-01
27081521;29102097s;27235858;09030600413;11092019;23031814;337;442;370;516 ~~~~~~~~~~~~~~~~~~~~~~~~~~~~~~ 12-02
28081521;30102097s;28235858;10030600413;12092019;24031814;338;771;773;380;516;400;622 ~~~~~~~~~~~~~~~~~~ 12-03
29081521;01112097s;29235858;11030600413;13092019;25031814;339;772;516;612 ~~~~~~~~~~~~~~~~~~~~~~~~~~~~~~ 12-04
01091521;02112097s;30235858;12030600413;14092019;26031814;340;401;504;622 ~~~~~~~~~~~~~~~~~~~~~~~~~~~~~~ 12-05
02091521;03112097s;01245858;13030600413;15092019;27031814;341;774;516;612 ~~~~~~~~~~~~~~~~~~~~~~~~~~~~~~ 12-06
03091521;04112097s;02245858;14030600413;16092019;28031814;342;637;775;408;513;516 ~~~~~~~~~~~~~~~~~~~~~~ 12-07
04091521;05112097s;03245858;15030600413;17092019;29031814;343;777;590;516 ~~~~~~~~~~~~~~~~~~~~~~~~~~~~~~ 12-08
05091521;06112097s;04245858;16030600413;18092019;30031814;344;944;421 ~~~~~~~~~~~~~~~~~~~~~~~~~~~~~~~~~~ 12-09
06091521;07112097s;05245858;17030600413;19092019;01041814;345;612 ~~~~~~~~~~~~~~~~~~~~~~~~~~~~~~~~~~~~~~ 12-10
07091521;08112097s;06245858;18030600413;20092019;02041814;346;397 ~~~~~~~~~~~~~~~~~~~~~~~~~~~~~~~~~~~~~~ 12-11
08091521;09112097s;07245858;19030600413;21092019;03041814;347 ~~~~~~~~~~~~~~~~~~~~~~~~~~~~~~~~~~~~~~~~~~ 12-12
09091521;10112097s;08245858;00040600413;22092019;04041814;348;409;622 ~~~~~~~~~~~~~~~~~~~~~~~~~~~~~~~~~~ 12-13
10091521;11112097s;09245858;01040600413;23092019;05041814;349;776;417;437 ~~~~~~~~~~~~~~~~~~~~~~~~~~~~~~ 12-14
11091521;12112097s;10245858;02040600413;24092019;06041814;350;557;890;591 ~~~~~~~~~~~~~~~~~~~~~~~~~~~~~~ 12-15
12091521;13112097s;11245858;03040600413;25092019;07041814;351 ~~~~~~~~~~~~~~~~~~~~~~~~~~~~~~~~~~~~~~~~~~ 12-16
13091521;14112097s;12245858;04040600413;26092019;08041814;352;622 ~~~~~~~~~~~~~~~~~~~~~~~~~~~~~~~~~~~~~~ 12-17
14091521;15112097s;13245858;05040600413;27092019;09041814;353;395;416;545;887 ~~~~~~~~~~~~~~~~~~~~~~~~~~ 12-18
15091521;16112097s;14245858;06040600413;28092019;10041814;354;514;421;622 ~~~~~~~~~~~~~~~~~~~~~~~~~~~~~~ 12-19
16091521;17112097s;15245858;07040600413;29092019;11041814;355;778;371;466 ~~~~~~~~~~~~~~~~~~~~~~~~~~~~~~ 12-20
17091521;18112097s;16245858;08040600413;30092019;12041814;356;426;622 ~~~~~~~~~~~~~~~~~~~~~~~~~~~~~~~~~~ 12-21
18091521;19112097s;17245858;09040600413;01102019;13041814;357;592;465 ~~~~~~~~~~~~~~~~~~~~~~~~~~~~~~~~~~ 12-22
19091521;20112097s;18245858;10040600413;02102019;14041814;358;418;622 ~~~~~~~~~~~~~~~~~~~~~~~~~~~~~~~~~~ 12-23
20091521;21112097s;19245858;11040600413;03102019;15041814;359 ~~~~~~~~~~~~~~~~~~~~~~~~~~~~~~~~~~~~~~~~~~ 12-24
21091521;22112097s;20245858;12040600413;04102019;16041814;360;398;409;622 ~~~~~~~~~~~~~~~~~~~~~~~~~~~~~~ 12-25
22091521;23112097s;21245858;13040600413;05102019;17041814;361 ~~~~~~~~~~~~~~~~~~~~~~~~~~~~~~~~~~~~~~~~~~ 12-26
23091521;24112097s;22245858;14040600413;06102019;18041814;362;622 ~~~~~~~~~~~~~~~~~~~~~~~~~~~~~~~~~~~~~~ 12-27
24091521;25112097s;23245858;15040600413;07102019;19041814;363;612 ~~~~~~~~~~~~~~~~~~~~~~~~~~~~~~~~~~~~~~ 12-28
25091521;26112097s;24245858;16040600413;08102019;20041814;364;917;421;622 ~~~~~~~~~~~~~~~~~~~~~~~~~~~~~~ 12-29
26091521;27112097s;25245858;17040600413;09102019;21041814;365 ~~~~~~~~~~~~~~~~~~~~~~~~~~~~~~~~~~~~~~~~~~ 12-30
27091521;28112097s;26245858;18040600413;10102019;22041814;366;508 ~~~~~~~~~~~~~~~~~~~~~~~~~~~~~~~~~~~~~~ 12-31
