10051475;121120529;11045813;01110000213;11101974;23041769;001;905;611 ~~~~~~~~~~~~~~~~~~~~~~~~~~~~~~~~~~ 01-01
11051475;131120529;12045813;02110000213;12101974;24041769;002 ~~~~~~~~~~~~~~~~~~~~~~~~~~~~~~~~~~~~~~~~~~ 01-02
12051475;141120529;13045813;03110000213;13101974;25041769;003;372;514;611 ~~~~~~~~~~~~~~~~~~~~~~~~~~~~~~ 01-03
13051475;151120529;14045813;04110000213;14101974;26041769;004;637;381;904 ~~~~~~~~~~~~~~~~~~~~~~~~~~~~~~ 01-04
14051475;161120529;15045813;05110000213;15101974;27041769;005;611 ~~~~~~~~~~~~~~~~~~~~~~~~~~~~~~~~~~~~~~ 01-05
15051475;171120529;16045813;06110000213;16101974;28041769;006;406 ~~~~~~~~~~~~~~~~~~~~~~~~~~~~~~~~~~~~~~ 01-06
16051475;181120529;17045813;07110000213;17101974;29041769;007;916;611 ~~~~~~~~~~~~~~~~~~~~~~~~~~~~~~~~~~ 01-07
17051475;191120529;18045813;08110000213;18101974;30041769;008;414 ~~~~~~~~~~~~~~~~~~~~~~~~~~~~~~~~~~~~~~ 01-08
18051475;201120529;19045813;09110000213;19101974;01051769;009;611 ~~~~~~~~~~~~~~~~~~~~~~~~~~~~~~~~~~~~~~ 01-09
19051475;211120529;20045813;10110000213;20101974;02051769;010;418 ~~~~~~~~~~~~~~~~~~~~~~~~~~~~~~~~~~~~~~ 01-10
20051475;221120529;21045813;11110000213;21101974;03051769;011;626;398;611 ~~~~~~~~~~~~~~~~~~~~~~~~~~~~~~ 01-11
21051475;231120529;22045813;12110000213;22101974;04051769;012;627 ~~~~~~~~~~~~~~~~~~~~~~~~~~~~~~~~~~~~~~ 01-12
22051475;241120529;23045813;13110000213;23101974;05051769;013;628;611 ~~~~~~~~~~~~~~~~~~~~~~~~~~~~~~~~~~ 01-13
23051475;251120529;24045813;14110000213;24101974;06051769;014;629 ~~~~~~~~~~~~~~~~~~~~~~~~~~~~~~~~~~~~~~ 01-14
24051475;261120529;25045813;15110000213;25101974;07051769;015;923;611 ~~~~~~~~~~~~~~~~~~~~~~~~~~~~~~~~~~ 01-15
25051475;271120529;26045813;16110000213;26101974;08051769;016;631;513;406;415 ~~~~~~~~~~~~~~~~~~~~~~~~~~ 01-16
26051475;281120529;27045813;17110000213;27101974;09051769;017;596;611 ~~~~~~~~~~~~~~~~~~~~~~~~~~~~~~~~~~ 01-17
27051475;291120529;28045813;18110000213;28101974;10051769;018;630 ~~~~~~~~~~~~~~~~~~~~~~~~~~~~~~~~~~~~~~ 01-18
28051475;301120529;29045813;19110000213;29101974;11051769;019;625;380;888;418;611 ~~~~~~~~~~~~~~~~~~~~~~ 01-19
29051475;011220529;01055813;00120000213;30101974;12051769;020;492 ~~~~~~~~~~~~~~~~~~~~~~~~~~~~~~~~~~~~~~ 01-20
30051475;021220529;02055813;01120000213;01111974;13051769;021;611 ~~~~~~~~~~~~~~~~~~~~~~~~~~~~~~~~~~~~~~ 01-21
01061475;031220529;03055813;02120000213;02111974;14051769;022;632 ~~~~~~~~~~~~~~~~~~~~~~~~~~~~~~~~~~~~~~ 01-22
02061475;041220529;04055813;03120000213;03111974;15051769;023;611 ~~~~~~~~~~~~~~~~~~~~~~~~~~~~~~~~~~~~~~ 01-23
03061475;051220529;05055813;04120000213;04111974;16051769;024;940 ~~~~~~~~~~~~~~~~~~~~~~~~~~~~~~~~~~~~~~ 01-24
04061475;061220529;06055813;05120000213;05111974;17051769;025;634;611 ~~~~~~~~~~~~~~~~~~~~~~~~~~~~~~~~~~ 01-25
05061475;071220529;07055813;06120000213;06111974;18051769;026;635;406 ~~~~~~~~~~~~~~~~~~~~~~~~~~~~~~~~~~ 01-26
06061475;081220529;08055813;07120000213;07111974;19051769;027;636;397;536;914;611 ~~~~~~~~~~~~~~~~~~~~~~ 01-27
07061475;091220529;09055813;08120000213;08111974;20051769;028;580 ~~~~~~~~~~~~~~~~~~~~~~~~~~~~~~~~~~~~~~ 01-28
08061475;101220529;10055813;09120000213;09111974;21051769;029;611 ~~~~~~~~~~~~~~~~~~~~~~~~~~~~~~~~~~~~~~ 01-29
09061475;111220529;11055813;10120000213;10111974;22051769;030;873 ~~~~~~~~~~~~~~~~~~~~~~~~~~~~~~~~~~~~~~ 01-30
10061475;121220529;12055813;11120000213;11111974;23051769;031;633;406;611 ~~~~~~~~~~~~~~~~~~~~~~~~~~~~~~ 01-31
11061475;131220529;13055813;11120000213;12111974;24051769;032;637;640;514 ~~~~~~~~~~~~~~~~~~~~~~~~~~~~~~ 02-01
12061475;141220529;14055813;12120000213;13111974;25051769;033;382;612 ~~~~~~~~~~~~~~~~~~~~~~~~~~~~~~~~~~ 02-02
13061475;151220529;15055813;13120000213;14111974;26051769;034;884 ~~~~~~~~~~~~~~~~~~~~~~~~~~~~~~~~~~~~~~ 02-03
14061475;161220529;16055813;14120000213;15111974;27051769;035;823;612 ~~~~~~~~~~~~~~~~~~~~~~~~~~~~~~~~~~ 02-04
15061475;171220529;17055813;15120000213;16111974;28051769;036;406 ~~~~~~~~~~~~~~~~~~~~~~~~~~~~~~~~~~~~~~ 02-05
16061475;181220529;18055813;16120000213;17111974;29051769;037;638;612 ~~~~~~~~~~~~~~~~~~~~~~~~~~~~~~~~~~ 02-06
17061475;191220529;19055813;17120000213;18111974;30051769;038;639;436;803 ~~~~~~~~~~~~~~~~~~~~~~~~~~~~~~ 02-07
18061475;201220529;20055813;18120000213;19111974;01061769;039;643;419;612 ~~~~~~~~~~~~~~~~~~~~~~~~~~~~~~ 02-08
19061475;211220529;21055813;19120000213;20111974;02061769;040;581 ~~~~~~~~~~~~~~~~~~~~~~~~~~~~~~~~~~~~~~ 02-09
20061475;221220529;22055813;00130000213;21111974;03061769;041;641;398;433;406;612 ~~~~~~~~~~~~~~~~~~~~~~ 02-10
21061475;231220529;23055813;01130000213;22111974;04061769;042 ~~~~~~~~~~~~~~~~~~~~~~~~~~~~~~~~~~~~~~~~~~ 02-11
22061475;241220529;24055813;02130000213;23111974;05061769;043;612 ~~~~~~~~~~~~~~~~~~~~~~~~~~~~~~~~~~~~~~ 02-12
23061475;251220529;25055813;03130000213;24111974;06061769;044;642;513 ~~~~~~~~~~~~~~~~~~~~~~~~~~~~~~~~~~ 02-13
24061475;261220529;26055813;04130000213;25111974;07061769;045;596;399;943;612 ~~~~~~~~~~~~~~~~~~~~~~~~~~ 02-14
25061475;271220529;27055813;05130000213;26111974;08061769;046 ~~~~~~~~~~~~~~~~~~~~~~~~~~~~~~~~~~~~~~~~~~ 02-15
26061475;281220529;28055813;06130000213;27111974;09061769;047;864;886;612 ~~~~~~~~~~~~~~~~~~~~~~~~~~~~~~ 02-16
27061475;291220529;29055813;07130000213;28111974;10061769;048;450;854;400 ~~~~~~~~~~~~~~~~~~~~~~~~~~~~~~ 02-17
28061475;301220529;30055813;08130000213;29111974;11061769;049;443;380;854;612 ~~~~~~~~~~~~~~~~~~~~~~~~~~ 02-18
29061475;01012053A;01065813;09130000213;30111974;12061769;050;444;408;479;490 ~~~~~~~~~~~~~~~~~~~~~~~~~~ 02-19
01071475;02012053A;02065813;10130000213;01121974;13061769;051;644;566;479;490;400;612 ~~~~~~~~~~~~~~~~~~ 02-20
02071475;03012053A;03065813;11130000213;02121974;14061769;052;596;645;566 ~~~~~~~~~~~~~~~~~~~~~~~~~~~~~~ 02-21
03071475;04012053A;04065813;12130000213;03121974;15061769;053;566;612 ~~~~~~~~~~~~~~~~~~~~~~~~~~~~~~~~~~ 02-22
04071475;05012053A;05065813;13130000213;04121974;16061769;054;566;400 ~~~~~~~~~~~~~~~~~~~~~~~~~~~~~~~~~~ 02-23
05071475;06012053A;06065813;14130000213;05121974;17061769;055;612 ~~~~~~~~~~~~~~~~~~~~~~~~~~~~~~~~~~~~~~ 02-24
06071475;07012053A;07065813;15130000213;06121974;18061769;056;646;397;813;406;409;415 ~~~~~~~~~~~~~~~~~~ 02-25
07071475;08012053A;08065813;16130000213;07121974;19061769;057;400;612 ~~~~~~~~~~~~~~~~~~~~~~~~~~~~~~~~~~ 02-26
08071475;09012053A;09065813;17130000213;08121974;20061769;058;647;648 ~~~~~~~~~~~~~~~~~~~~~~~~~~~~~~~~~~ 02-27
09071475;10012053A;10065813;18130000213;09121974;21061769;059;649;650;514;517;612 ~~~~~~~~~~~~~~~~~~~~~~ 02-28
10071475;11012053A;11065813;02140000213;10121974;22061769;061;637;554;400 ~~~~~~~~~~~~~~~~~~~~~~~~~~~~~~ 03-01
11071475;12012053A;12065813;03140000213;11121974;23061769;062;655;406;613 ~~~~~~~~~~~~~~~~~~~~~~~~~~~~~~ 03-02
12071475;13012053A;13065813;04140000213;12121974;24061769;063;409 ~~~~~~~~~~~~~~~~~~~~~~~~~~~~~~~~~~~~~~ 03-03
13071475;14012053A;14065813;05140000213;13121974;25061769;064;383;542;544;623;906;948;519;613 ~~~~~~~~~~ 03-04
14071475;15012053A;15065813;06140000213;14121974;26061769;065;598;613 ~~~~~~~~~~~~~~~~~~~~~~~~~~~~~~~~~~ 03-05
15071475;16012053A;16065813;07140000213;15121974;27061769;066;653;562;613 ~~~~~~~~~~~~~~~~~~~~~~~~~~~~~~ 03-06
16071475;17012053A;17065813;08140000213;16121974;28061769;067;654;562;400;613 ~~~~~~~~~~~~~~~~~~~~~~~~~~ 03-07
17071475;18012053A;18065813;09140000213;17121974;29061769;068;401;562;613 ~~~~~~~~~~~~~~~~~~~~~~~~~~~~~~ 03-08
18071475;19012053A;19065813;10140000213;18121974;30061769;069;409 ~~~~~~~~~~~~~~~~~~~~~~~~~~~~~~~~~~~~~~ 03-09
19071475;20012053A;20065813;11140000213;19121974;01071769;070;613 ~~~~~~~~~~~~~~~~~~~~~~~~~~~~~~~~~~~~~~ 03-10
20071475;21012053A;21065813;12140000213;20121974;02071769;071;613 ~~~~~~~~~~~~~~~~~~~~~~~~~~~~~~~~~~~~~~ 03-11
21071475;22012053A;22065813;13140000213;21121974;03071769;072;398;513;533;924;406;613 ~~~~~~~~~~~~~~~~~~ 03-12
22071475;23012053A;23065813;14140000213;22121974;04071769;073;656;415;613 ~~~~~~~~~~~~~~~~~~~~~~~~~~~~~~ 03-13
23071475;24012053A;24065813;15140000213;23121974;05071769;074;613 ~~~~~~~~~~~~~~~~~~~~~~~~~~~~~~~~~~~~~~ 03-14
24071475;25012053A;25065813;16140000213;24121974;06071769;075;793;409 ~~~~~~~~~~~~~~~~~~~~~~~~~~~~~~~~~~ 03-15
25071475;26012053A;26065813;17140000213;25121974;07071769;076;900;613 ~~~~~~~~~~~~~~~~~~~~~~~~~~~~~~~~~~ 03-16
26071475;27012053A;27065813;18140000213;26121974;08071769;077 ~~~~~~~~~~~~~~~~~~~~~~~~~~~~~~~~~~~~~~~~~~ 03-17
27071475;28012053A;28065813;19140000213;27121974;09071769;078;657;509;613 ~~~~~~~~~~~~~~~~~~~~~~~~~~~~~~ 03-18
28071475;29012053A;29065813;00150000213;28121974;10071769;079;466;613 ~~~~~~~~~~~~~~~~~~~~~~~~~~~~~~~~~~ 03-19
29071475;01022053A;01075813;01150000213;29121974;11071769;080;658;380;932;950;424;613 ~~~~~~~~~~~~~~~~~~ 03-20
30071475;02022053A;02075813;02150000213;30121974;12071769;081;538;559;935;459;409;415;613 ~~~~~~~~~~~~~~ 03-21
01081475;03022053A;03075813;03150000213;01011975;13071769;082;437;851;406;613 ~~~~~~~~~~~~~~~~~~~~~~~~~~ 03-22
02081475;04022053A;04075813;04150000213;02011975;14071769;083;555;577;838;613 ~~~~~~~~~~~~~~~~~~~~~~~~~~ 03-23
03081475;05022053A;05075813;05150000213;03011975;15071769;084;613 ~~~~~~~~~~~~~~~~~~~~~~~~~~~~~~~~~~~~~~ 03-24
04081475;06022053A;06075813;06150000213;04011975;16071769;085;659;514;945 ~~~~~~~~~~~~~~~~~~~~~~~~~~~~~~ 03-25
05081475;07022053A;07075813;07150000213;05011975;17071769;086;660;397;432;823;613 ~~~~~~~~~~~~~~~~~~~~~~ 03-26
06081475;08022053A;08075813;08150000213;06011975;18071769;087;406;409;613 ~~~~~~~~~~~~~~~~~~~~~~~~~~~~~~ 03-27
07081475;09022053A;09075813;09150000213;07011975;19071769;088;576;933;613 ~~~~~~~~~~~~~~~~~~~~~~~~~~~~~~ 03-28
08081475;10022053A;10075813;10150000213;08011975;20071769;089;652;415 ~~~~~~~~~~~~~~~~~~~~~~~~~~~~~~~~~~ 03-29
09081475;11022053A;11075813;11150000213;09011975;21071769;090;493;877;852;613 ~~~~~~~~~~~~~~~~~~~~~~~~~~ 03-30
10081475;12022053A;12075813;12150000213;10011975;22071769;091 ~~~~~~~~~~~~~~~~~~~~~~~~~~~~~~~~~~~~~~~~~~ 03-31
11081475;13022053A;13075813;13150000213;11011975;23071769;092;406;614 ~~~~~~~~~~~~~~~~~~~~~~~~~~~~~~~~~~ 04-01
12081475;14022053A;14075813;14150000213;12011975;24071769;093;663;384 ~~~~~~~~~~~~~~~~~~~~~~~~~~~~~~~~~~ 04-02
13081475;15022053A;15075813;15150000213;13011975;25071769;094;539;575;515;614 ~~~~~~~~~~~~~~~~~~~~~~~~~~ 04-03
14081475;16022053A;16075813;16150000213;14011975;26071769;095;445;571;512 ~~~~~~~~~~~~~~~~~~~~~~~~~~~~~~ 04-04
15081475;17022053A;17075813;17150000213;15011975;27071769;096;446;637;661;614 ~~~~~~~~~~~~~~~~~~~~~~~~~~ 04-05
16081475;18022053A;18075813;18150000213;16011975;28071769;097;447;662;406 ~~~~~~~~~~~~~~~~~~~~~~~~~~~~~~ 04-06
17081475;19022053A;19075813;19150000213;17011975;29071769;098;448;651;614 ~~~~~~~~~~~~~~~~~~~~~~~~~~~~~~ 04-07
18081475;20022053A;20075813;00160000213;18011975;30071769;099;409;614;651 ~~~~~~~~~~~~~~~~~~~~~~~~~~~~~~ 04-08
19081475;21022053A;21075813;01160000213;19011975;01081769;100;513;651;614 ~~~~~~~~~~~~~~~~~~~~~~~~~~~~~~ 04-09
20081475;22022053A;22075813;02160000213;20011975;02081769;101;398;651;614 ~~~~~~~~~~~~~~~~~~~~~~~~~~~~~~ 04-10
21081475;23022053A;23075813;03160000213;21011975;03081769;102;406;651;614 ~~~~~~~~~~~~~~~~~~~~~~~~~~~~~~ 04-11
22081475;24022053A;24075813;04160000213;22011975;04081769;103;614;651 ~~~~~~~~~~~~~~~~~~~~~~~~~~~~~~~~~~ 04-12
23081475;25022053A;25075813;05160000213;23011975;05081769;104;614 ~~~~~~~~~~~~~~~~~~~~~~~~~~~~~~~~~~~~~~ 04-13
24081475;26022053A;26075813;06160000213;24011975;06081769;105;526;939;409;415;614 ~~~~~~~~~~~~~~~~~~~~~~ 04-14
25081475;27022053A;27075813;07160000213;25011975;07081769;106;614 ~~~~~~~~~~~~~~~~~~~~~~~~~~~~~~~~~~~~~~ 04-15
26081475;28022053A;28075813;08160000213;26011975;08081769;107 ~~~~~~~~~~~~~~~~~~~~~~~~~~~~~~~~~~~~~~~~~~ 04-16
27081475;29022053A;29075813;09160000213;27011975;09081769;108;631;664;614 ~~~~~~~~~~~~~~~~~~~~~~~~~~~~~~ 04-17
28081475;30022053A;30075813;10160000213;28011975;10081769;109;665;380;614 ~~~~~~~~~~~~~~~~~~~~~~~~~~~~~~ 04-18
29081475;01032053A;01085813;11160000213;29011975;11081769;110;666;817;614 ~~~~~~~~~~~~~~~~~~~~~~~~~~~~~~ 04-19
01091475;02032053A;02085813;12160000213;30011975;12081769;111;457;902;504;614 ~~~~~~~~~~~~~~~~~~~~~~~~~~ 04-20
02091475;03032053A;03085813;13160000213;01021975;13081769;112;794;374;510;514;406;614 ~~~~~~~~~~~~~~~~~~ 04-21
03091475;04032053A;04085813;14160000213;02021975;14081769;113;528;415;614 ~~~~~~~~~~~~~~~~~~~~~~~~~~~~~~ 04-22
04091475;05032053A;05085813;15160000213;03021975;15081769;114;529;614 ~~~~~~~~~~~~~~~~~~~~~~~~~~~~~~~~~~ 04-23
05091475;06032053A;06085813;16160000213;04021975;16081769;115;667;553 ~~~~~~~~~~~~~~~~~~~~~~~~~~~~~~~~~~ 04-24
06091475;07032053A;07085813;17160000213;05021975;17081769;116;671;397;614 ~~~~~~~~~~~~~~~~~~~~~~~~~~~~~~ 04-25
07091475;08032053A;08085813;18160000213;06021975;18081769;117;668;927 ~~~~~~~~~~~~~~~~~~~~~~~~~~~~~~~~~~ 04-26
08091475;09032053A;09085813;19160000213;07021975;19081769;118;669;614 ~~~~~~~~~~~~~~~~~~~~~~~~~~~~~~~~~~ 04-27
09091475;10032053A;10085813;00170000213;08021975;20081769;119;889;505;614 ~~~~~~~~~~~~~~~~~~~~~~~~~~~~~~ 04-28
10091475;11032053A;11085813;01170000213;09021975;21081769;120;614 ~~~~~~~~~~~~~~~~~~~~~~~~~~~~~~~~~~~~~~ 04-29
11091475;12032053A;12085813;02170000213;10021975;22081769;121;670;415 ~~~~~~~~~~~~~~~~~~~~~~~~~~~~~~~~~~ 04-30
12091475;13032053A;13085813;03170000213;11021975;23081769;122;677;894;406;615 ~~~~~~~~~~~~~~~~~~~~~~~~~~ 05-01
13091475;14032053A;14085813;04170000213;12021975;24081769;123;679;385;537;937;375;409 ~~~~~~~~~~~~~~~~~~ 05-02
14091475;15032053A;15085813;05170000213;13021975;25081769;124;637;672;892;615 ~~~~~~~~~~~~~~~~~~~~~~~~~~ 05-03
15091475;16032053A;16085813;06170000213;14021975;26081769;125;673;505 ~~~~~~~~~~~~~~~~~~~~~~~~~~~~~~~~~~ 05-04
16091475;17032053A;17085813;07170000213;15021975;27081769;126;674;615 ~~~~~~~~~~~~~~~~~~~~~~~~~~~~~~~~~~ 05-05
17091475;18032053A;18085813;08170000213;16021975;28081769;127;675;518;406 ~~~~~~~~~~~~~~~~~~~~~~~~~~~~~~ 05-06
18091475;19032053A;19085813;09170000213;17021975;29081769;128;676;513;615 ~~~~~~~~~~~~~~~~~~~~~~~~~~~~~~ 05-07
19091475;20032053A;20085813;10170000213;18021975;30081769;129;833;409;505 ~~~~~~~~~~~~~~~~~~~~~~~~~~~~~~ 05-08
20091475;21032053A;21085813;11170000213;19021975;01091769;130;678;433;615 ~~~~~~~~~~~~~~~~~~~~~~~~~~~~~~ 05-09
21091475;22032053A;22085813;12170000213;20021975;02091769;131;681;680;398 ~~~~~~~~~~~~~~~~~~~~~~~~~~~~~~ 05-10
22091475;23032053A;23085813;13170000213;21021975;03091769;132;451;624;406;615 ~~~~~~~~~~~~~~~~~~~~~~~~~~ 05-11
23091475;24032053A;24085813;14170000213;22021975;04091769;133;682;624 ~~~~~~~~~~~~~~~~~~~~~~~~~~~~~~~~~~ 05-12
24091475;25032053A;25085813;15170000213;23021975;05091769;134;624;375;615 ~~~~~~~~~~~~~~~~~~~~~~~~~~~~~~ 05-13
25091475;26032053A;26085813;16170000213;24021975;06091769;135;683;530;624;409 ~~~~~~~~~~~~~~~~~~~~~~~~~~ 05-14
26091475;27032053A;27085813;17170000213;25021975;07091769;136;494;797;624;615 ~~~~~~~~~~~~~~~~~~~~~~~~~~ 05-15
27091475;28032053A;28085813;18170000213;26021975;08091769;137;686;507;508;573;624;406;415;505 ~~~~~~~~~~ 05-16
28091475;29032053A;29085813;19170000213;27021975;09091769;138;687;380;942;568;573;624;615 ~~~~~~~~~~~~~~ 05-17
29091475;01042053A;01095813;00000100213;28021975;10091769;139;684;825;921;568;573 ~~~~~~~~~~~~~~~~~~~~~~ 05-18
30091475;02042053A;02095813;01000100213;29021975;11091769;140;789;514;506;615 ~~~~~~~~~~~~~~~~~~~~~~~~~~ 05-19
01101475;03042053A;03095813;02000100213;30021975;12091769;141;502 ~~~~~~~~~~~~~~~~~~~~~~~~~~~~~~~~~~~~~~ 05-20
02101475;04042053A;04095813;03000100213;31021975;13091769;142;685;615 ~~~~~~~~~~~~~~~~~~~~~~~~~~~~~~~~~~ 05-21
03101475;05042053A;05095813;04000100213;01031975;14091769;143 ~~~~~~~~~~~~~~~~~~~~~~~~~~~~~~~~~~~~~~~~~~ 05-22
04101475;06042053A;06095813;05000100213;02031975;15091769;144;689;798;522;615 ~~~~~~~~~~~~~~~~~~~~~~~~~~ 05-23
05101475;07042053A;07095813;06000100213;03031975;16091769;145;439;397;415 ~~~~~~~~~~~~~~~~~~~~~~~~~~~~~~ 05-24
06101475;08042053A;08095813;07000100213;04031975;17091769;146;449;439;615 ~~~~~~~~~~~~~~~~~~~~~~~~~~~~~~ 05-25
07101475;09042053A;09095813;08000100213;05031975;18091769;147;438;406;409 ~~~~~~~~~~~~~~~~~~~~~~~~~~~~~~ 05-26
08101475;10042053A;10095813;09000100213;06031975;19091769;148;552;615 ~~~~~~~~~~~~~~~~~~~~~~~~~~~~~~~~~~ 05-27
09101475;11042053A;11095813;10000100213;07031975;20091769;149;688;896 ~~~~~~~~~~~~~~~~~~~~~~~~~~~~~~~~~~ 05-28
10101475;12042053A;12095813;11000100213;08031975;21091769;150;615 ~~~~~~~~~~~~~~~~~~~~~~~~~~~~~~~~~~~~~~ 05-29
11101475;13042053A;13095813;12000100213;09031975;22091769;151 ~~~~~~~~~~~~~~~~~~~~~~~~~~~~~~~~~~~~~~~~~~ 05-30
12101475;14042053A;14095813;13000100213;10031975;23091769;152;941;615 ~~~~~~~~~~~~~~~~~~~~~~~~~~~~~~~~~~ 05-31
13101475;15042053A;15095813;14000100213;11031975;24091769;153;690;386;874;409 ~~~~~~~~~~~~~~~~~~~~~~~~~~ 06-01
14101475;16042053A;16095813;15000100213;12031975;25091769;154;694;436;616 ~~~~~~~~~~~~~~~~~~~~~~~~~~~~~~ 06-02
15101475;17042053A;17095813;16000100213;13031975;26091769;155;513;616 ~~~~~~~~~~~~~~~~~~~~~~~~~~~~~~~~~~ 06-03
16101475;18042053A;18095813;17000100213;14031975;27091769;156;691;375;616 ~~~~~~~~~~~~~~~~~~~~~~~~~~~~~~ 06-04
17101475;19042053A;19095813;18000100213;15031975;28091769;157;406;616 ~~~~~~~~~~~~~~~~~~~~~~~~~~~~~~~~~~ 06-05
18101475;20042053A;20095813;19000100213;16031975;29091769;158;692;616 ~~~~~~~~~~~~~~~~~~~~~~~~~~~~~~~~~~ 06-06
19101475;21042053A;21095813;00010100213;17031975;30091769;159;637;693;416;616 ~~~~~~~~~~~~~~~~~~~~~~~~~~ 06-07
20101475;22042053A;22095813;01010100213;18031975;01101769;160;695;616 ~~~~~~~~~~~~~~~~~~~~~~~~~~~~~~~~~~ 06-08
21101475;23042053A;23095813;02010100213;19031975;02101769;161;398;800;825;868 ~~~~~~~~~~~~~~~~~~~~~~~~~~ 06-09
22101475;24042053A;24095813;03010100213;20031975;03101769;162;696;406;616 ~~~~~~~~~~~~~~~~~~~~~~~~~~~~~~ 06-10
23101475;25042053A;25095813;04010100213;21031975;04101769;163;569;616 ~~~~~~~~~~~~~~~~~~~~~~~~~~~~~~~~~~ 06-11
24101475;26042053A;26095813;05010100213;22031975;05101769;164;946;569;616 ~~~~~~~~~~~~~~~~~~~~~~~~~~~~~~ 06-12
25101475;27042053A;27095813;06010100213;23031975;06101769;165;699;420;554;409;616 ~~~~~~~~~~~~~~~~~~~~~~ 06-13
26101475;28042053A;28095813;07010100213;24031975;07101769;166;697;799;616 ~~~~~~~~~~~~~~~~~~~~~~~~~~~~~~ 06-14
27101475;29042053A;29095813;08010100213;25031975;08101769;167;452;452;375;616 ~~~~~~~~~~~~~~~~~~~~~~~~~~ 06-15
28101475;01052053A;30095813;09010100213;26031975;09101769;168;380;399;514;928;616 ~~~~~~~~~~~~~~~~~~~~~~ 06-16
29101475;02052053A;01105813;10010100213;27031975;10101769;169;616 ~~~~~~~~~~~~~~~~~~~~~~~~~~~~~~~~~~~~~~ 06-17
01111475;03052053A;02105813;11010100213;28031975;11101769;170;616 ~~~~~~~~~~~~~~~~~~~~~~~~~~~~~~~~~~~~~~ 06-18
02111475;04052053A;03105813;12010100213;29031975;12101769;171;698;400;409 ~~~~~~~~~~~~~~~~~~~~~~~~~~~~~~ 06-19
03111475;05052053A;04105813;13010100213;30031975;13101769;172;701;460;564;700;406;616 ~~~~~~~~~~~~~~~~~~ 06-20
04111475;06052053A;05105813;14010100213;31031975;14101769;173;432;425 ~~~~~~~~~~~~~~~~~~~~~~~~~~~~~~~~~~ 06-21
05111475;07052053A;06105813;15010100213;01041975;15101769;174;397;410;461;616 ~~~~~~~~~~~~~~~~~~~~~~~~~~ 06-22
06111475;08052053A;07105813;16010100213;02041975;16101769;175;616 ~~~~~~~~~~~~~~~~~~~~~~~~~~~~~~~~~~~~~~ 06-23
07111475;09052053A;08105813;17010100213;03041975;17101769;176;411;616 ~~~~~~~~~~~~~~~~~~~~~~~~~~~~~~~~~~ 06-24
08111475;10052053A;09105813;18010100213;04041975;18101769;177;704;400;406;616 ~~~~~~~~~~~~~~~~~~~~~~~~~~ 06-25
09111475;11052053A;10105813;19010100213;05041975;19101769;178;898;616 ~~~~~~~~~~~~~~~~~~~~~~~~~~~~~~~~~~ 06-26
10111475;12052053A;11105813;00020100213;06041975;20101769;179;703 ~~~~~~~~~~~~~~~~~~~~~~~~~~~~~~~~~~~~~~ 06-27
11111475;13052053A;12105813;01020100213;07041975;21101769;180;702;400;616 ~~~~~~~~~~~~~~~~~~~~~~~~~~~~~~ 06-28
12111475;14052053A;13105813;02020100213;08041975;22101769;181;795;616 ~~~~~~~~~~~~~~~~~~~~~~~~~~~~~~~~~~ 06-29
13111475;15052053A;14105813;03020100213;09041975;23101769;182;387;406;616 ~~~~~~~~~~~~~~~~~~~~~~~~~~~~~~ 06-30
14111475;16052053A;15105813;04020100213;10041975;24101769;183;513;400 ~~~~~~~~~~~~~~~~~~~~~~~~~~~~~~~~~~ 07-01
15111475;17052053A;16105813;05020100213;11041975;25101769;184;617 ~~~~~~~~~~~~~~~~~~~~~~~~~~~~~~~~~~~~~~ 07-02
16111475;18052053A;17105813;06020100213;12041975;26101769;185;855;617 ~~~~~~~~~~~~~~~~~~~~~~~~~~~~~~~~~~ 07-03
17111475;19052053A;18105813;07020100213;13041975;27101769;186;565;400;617 ~~~~~~~~~~~~~~~~~~~~~~~~~~~~~~ 07-04
18111475;20052053A;19105813;08020100213;14041975;28101769;187;637;705;840;565 ~~~~~~~~~~~~~~~~~~~~~~~~~~ 07-05
19111475;21052053A;20105813;09020100213;15041975;29101769;188;373;617 ~~~~~~~~~~~~~~~~~~~~~~~~~~~~~~~~~~ 07-06
20111475;22052053A;21105813;10020100213;16041975;30101769;189;400 ~~~~~~~~~~~~~~~~~~~~~~~~~~~~~~~~~~~~~~ 07-07
21111475;23052053A;22105813;11020100213;17041975;01111769;190;398;617 ~~~~~~~~~~~~~~~~~~~~~~~~~~~~~~~~~~ 07-08
22111475;24052053A;23105813;12020100213;18041975;02111769;191;617 ~~~~~~~~~~~~~~~~~~~~~~~~~~~~~~~~~~~~~~ 07-09
23111475;25052053A;24105813;13020100213;19041975;03111769;192;401;617 ~~~~~~~~~~~~~~~~~~~~~~~~~~~~~~~~~~ 07-10
24111475;26052053A;25105813;14020100213;20041975;04111769;193 ~~~~~~~~~~~~~~~~~~~~~~~~~~~~~~~~~~~~~~~~~~ 07-11
25111475;27052053A;26105813;15020100213;21041975;05111769;194;706;901;617 ~~~~~~~~~~~~~~~~~~~~~~~~~~~~~~ 07-12
26111475;28052053A;27105813;16020100213;22041975;06111769;195 ~~~~~~~~~~~~~~~~~~~~~~~~~~~~~~~~~~~~~~~~~~ 07-13
27111475;29052053A;28105813;17020100213;23041975;07111769;196;707;832;617 ~~~~~~~~~~~~~~~~~~~~~~~~~~~~~~ 07-14
28111475;30052053A;29105813;18020100213;24041975;08111769;197;380;514;406 ~~~~~~~~~~~~~~~~~~~~~~~~~~~~~~ 07-15
29111475;01062053A;01115813;19020100213;25041975;09111769;198;711;617 ~~~~~~~~~~~~~~~~~~~~~~~~~~~~~~~~~~ 07-16
30111475;02062053A;02115813;00030100213;26041975;10111769;199;631;870 ~~~~~~~~~~~~~~~~~~~~~~~~~~~~~~~~~~ 07-17
01121475;03062053A;03115813;01030100213;27041975;11111769;200;375;617 ~~~~~~~~~~~~~~~~~~~~~~~~~~~~~~~~~~ 07-18
02121475;04062053A;04115813;02030100213;28041975;12111769;201;708;617 ~~~~~~~~~~~~~~~~~~~~~~~~~~~~~~~~~~ 07-19
03121475;05062053A;05115813;03030100213;29041975;13111769;202;709;406;617 ~~~~~~~~~~~~~~~~~~~~~~~~~~~~~~ 07-20
04121475;06062053A;06115813;04030100213;30041975;14111769;203;710;437 ~~~~~~~~~~~~~~~~~~~~~~~~~~~~~~~~~~ 07-21
05121475;07062053A;07115813;05030100213;31041975;15111769;204;397;617 ~~~~~~~~~~~~~~~~~~~~~~~~~~~~~~~~~~ 07-22
06121475;08062053A;08115813;06030100213;01051975;16111769;205;421;617 ~~~~~~~~~~~~~~~~~~~~~~~~~~~~~~~~~~ 07-23
07121475;09062053A;09115813;07030100213;02051975;17111769;206;712;617 ~~~~~~~~~~~~~~~~~~~~~~~~~~~~~~~~~~ 07-24
08121475;10062053A;10115813;08030100213;03051975;18111769;207;716 ~~~~~~~~~~~~~~~~~~~~~~~~~~~~~~~~~~~~~~ 07-25
09121475;11062053A;11115813;09030100213;04051975;19111769;208;713;546;501;617 ~~~~~~~~~~~~~~~~~~~~~~~~~~ 07-26
10121475;12062053A;12115813;10030100213;05051975;20111769;209;714;500;617 ~~~~~~~~~~~~~~~~~~~~~~~~~~~~~~ 07-27
11121475;13062053A;13115813;11030100213;06051975;21111769;210;513;500;617 ~~~~~~~~~~~~~~~~~~~~~~~~~~~~~~ 07-28
12121475;14062053A;14115813;12030100213;07051975;22111769;211 ~~~~~~~~~~~~~~~~~~~~~~~~~~~~~~~~~~~~~~~~~~ 07-29
13121475;15062053A;15115813;13030100213;08051975;23111769;212;396;396;531;561;500;406;617 ~~~~~~~~~~~~~~ 07-30
14121475;16062053A;16115813;14030100213;09051975;24111769;213;715;500 ~~~~~~~~~~~~~~~~~~~~~~~~~~~~~~~~~~ 07-31
15121475;17062053A;17115813;15030100213;10051975;25111769;214;719;618 ~~~~~~~~~~~~~~~~~~~~~~~~~~~~~~~~~~ 08-01
16121475;18062053A;18115813;16030100213;11051975;26111769;215;637;720 ~~~~~~~~~~~~~~~~~~~~~~~~~~~~~~~~~~ 08-02
17121475;19062053A;19115813;17030100213;12051975;27111769;216;717;618 ~~~~~~~~~~~~~~~~~~~~~~~~~~~~~~~~~~ 08-03
18121475;20062053A;20115813;18030100213;13051975;28111769;217;433;841;406 ~~~~~~~~~~~~~~~~~~~~~~~~~~~~~~ 08-04
19121475;21062053A;21115813;19030100213;14051975;29111769;218;718;412;618 ~~~~~~~~~~~~~~~~~~~~~~~~~~~~~~ 08-05
20121475;22062053A;22115813;00040100213;15051975;30111769;219 ~~~~~~~~~~~~~~~~~~~~~~~~~~~~~~~~~~~~~~~~~~ 08-06
21121475;23062053A;23115813;01040100213;16051975;01121769;220;398;618 ~~~~~~~~~~~~~~~~~~~~~~~~~~~~~~~~~~ 08-07
22121475;24062053A;24115813;02040100213;17051975;02121769;221 ~~~~~~~~~~~~~~~~~~~~~~~~~~~~~~~~~~~~~~~~~~ 08-08
23121475;25062053A;25115813;03040100213;18051975;03121769;222;723;406;618 ~~~~~~~~~~~~~~~~~~~~~~~~~~~~~~ 08-09
24121475;26062053A;26115813;04040100213;19051975;04121769;223;721;878;842 ~~~~~~~~~~~~~~~~~~~~~~~~~~~~~~ 08-10
25121475;27062053A;27115813;05040100213;20051975;05121769;224;618 ~~~~~~~~~~~~~~~~~~~~~~~~~~~~~~~~~~~~~~ 08-11
26121475;28062053A;28115813;06040100213;21051975;06121769;225;514;421 ~~~~~~~~~~~~~~~~~~~~~~~~~~~~~~~~~~ 08-12
27121475;29062053A;29115813;07040100213;22051975;07121769;226;722;380;618 ~~~~~~~~~~~~~~~~~~~~~~~~~~~~~~ 08-13
28121475;01072053A;30115813;08040100213;23051975;08121769;227 ~~~~~~~~~~~~~~~~~~~~~~~~~~~~~~~~~~~~~~~~~~ 08-14
29121475;02072053A;01125813;09040100213;24051975;09121769;228;618 ~~~~~~~~~~~~~~~~~~~~~~~~~~~~~~~~~~~~~~ 08-15
30121475;03072053A;02125813;10040100213;25051975;10121769;229;724;579;836 ~~~~~~~~~~~~~~~~~~~~~~~~~~~~~~ 08-16
01011476;04072053A;03125813;11040100213;26051975;11121769;230;495;618 ~~~~~~~~~~~~~~~~~~~~~~~~~~~~~~~~~~ 08-17
02011476;05072053A;04125813;12040100213;27051975;12121769;231;891 ~~~~~~~~~~~~~~~~~~~~~~~~~~~~~~~~~~~~~~ 08-18
03011476;06072053A;05125813;13040100213;28051975;13121769;232;412;496;618 ~~~~~~~~~~~~~~~~~~~~~~~~~~~~~~ 08-19
04011476;07072053A;06125813;14040100213;29051975;14121769;233;397;572 ~~~~~~~~~~~~~~~~~~~~~~~~~~~~~~~~~~ 08-20
05011476;08072053A;07125813;15040100213;30051975;15121769;234;618 ~~~~~~~~~~~~~~~~~~~~~~~~~~~~~~~~~~~~~~ 08-21
06011476;09072053A;08125813;16040100213;31051975;16121769;235;427 ~~~~~~~~~~~~~~~~~~~~~~~~~~~~~~~~~~~~~~ 08-22
07011476;10072053A;09125813;17040100213;01061975;17121769;236;618 ~~~~~~~~~~~~~~~~~~~~~~~~~~~~~~~~~~~~~~ 08-23
08011476;11072053A;10125813;18040100213;02061975;18121769;237;428;513;926;406 ~~~~~~~~~~~~~~~~~~~~~~~~~~ 08-24
09011476;12072053A;11125813;19040100213;03061975;19121769;238;796;496;618 ~~~~~~~~~~~~~~~~~~~~~~~~~~~~~~ 08-25
10011476;13072053A;12125813;00050100213;04061975;20121769;239;594;498 ~~~~~~~~~~~~~~~~~~~~~~~~~~~~~~~~~~ 08-26
11011476;14072053A;13125813;01050100213;05061975;21121769;240;595;897;567;618 ~~~~~~~~~~~~~~~~~~~~~~~~~~ 08-27
12011476;15072053A;14125813;02050100213;06061975;22121769;241;567 ~~~~~~~~~~~~~~~~~~~~~~~~~~~~~~~~~~~~~~ 08-28
13011476;16072053A;15125813;03050100213;07061975;23121769;242;596;388;542;556;909;910;925;938;948 ~~~~~~ 08-29
14011476;17072053A;16125813;04050100213;08061975;24121769;243;429;725 ~~~~~~~~~~~~~~~~~~~~~~~~~~~~~~~~~~ 08-30
15011476;18072053A;17125813;05050100213;09061975;25121769;244;430;725;496;618 ~~~~~~~~~~~~~~~~~~~~~~~~~~ 08-31
16011476;19072053A;18125813;06050100213;10061975;26121769;245;434;820;875 ~~~~~~~~~~~~~~~~~~~~~~~~~~~~~~ 09-01
17011476;20072053A;19125813;07050100213;11061975;27121769;246;435;412;619 ~~~~~~~~~~~~~~~~~~~~~~~~~~~~~~ 09-02
18011476;21072053A;20125813;08050100213;12061975;28121769;247;861;406;619 ~~~~~~~~~~~~~~~~~~~~~~~~~~~~~~ 09-03
19011476;22072053A;21125813;09050100213;13061975;29121769;248;496;619 ~~~~~~~~~~~~~~~~~~~~~~~~~~~~~~~~~~ 09-04
20011476;23072053A;22125813;10050100213;14061975;30121769;249;727;398;872 ~~~~~~~~~~~~~~~~~~~~~~~~~~~~~~ 09-05
21011476;24072053A;23125813;11050100213;15061975;01131769;250;637;728;467;871;619 ~~~~~~~~~~~~~~~~~~~~~~ 09-06
22011476;25072053A;24125813;12050100213;16061975;02131769;251;455;845;417;824;619 ~~~~~~~~~~~~~~~~~~~~~~ 09-07
23011476;26072053A;25125813;13050100213;17061975;03131769;252;729;846;503;406;619 ~~~~~~~~~~~~~~~~~~~~~~ 09-08
24011476;27072053A;26125813;14050100213;18061975;04131769;253;514;412 ~~~~~~~~~~~~~~~~~~~~~~~~~~~~~~~~~~ 09-09
25011476;28072053A;27125813;15050100213;19061975;05131769;254;496;619 ~~~~~~~~~~~~~~~~~~~~~~~~~~~~~~~~~~ 09-10
26011476;29072053A;28125813;16050100213;20061975;01011770;255;730;619 ~~~~~~~~~~~~~~~~~~~~~~~~~~~~~~~~~~ 09-11
27011476;01082053A;29125813;17050100213;21061975;02011770;256;847;380;930;953;521;619 ~~~~~~~~~~~~~~~~~~ 09-12
28011476;02082053A;01215814;18050100213;22061975;03011770;257;726;376;521 ~~~~~~~~~~~~~~~~~~~~~~~~~~~~~~ 09-13
29011476;03082053A;02215814;19050100213;23061975;04011770;258;831;521;496;619 ~~~~~~~~~~~~~~~~~~~~~~~~~~ 09-14
30011476;04082053A;03215814;00060100213;24061975;05011770;259;550;597;497 ~~~~~~~~~~~~~~~~~~~~~~~~~~~~~~ 09-15
01021476;05082053A;04215814;01060100213;25061975;06011770;260;732;915;412;619 ~~~~~~~~~~~~~~~~~~~~~~~~~~ 09-16
02021476;06082053A;05215814;02060100213;26061975;07011770;261;432;848 ~~~~~~~~~~~~~~~~~~~~~~~~~~~~~~~~~~ 09-17
03021476;07082053A;06215814;03060100213;27061975;08011770;262;733;406;619 ~~~~~~~~~~~~~~~~~~~~~~~~~~~~~~ 09-18
04021476;08082053A;07215814;04060100213;28061975;09011770;263;734;397;848 ~~~~~~~~~~~~~~~~~~~~~~~~~~~~~~ 09-19
05021476;09082053A;08215814;05060100213;29061975;10011770;264;735;908;619 ~~~~~~~~~~~~~~~~~~~~~~~~~~~~~~ 09-20
06021476;10082053A;09215814;06060100213;30061975;11011770;265;731;513;462;848 ~~~~~~~~~~~~~~~~~~~~~~~~~~ 09-21
07021476;11082053A;10215814;07060100213;31061975;12011770;266;736;423;527;619 ~~~~~~~~~~~~~~~~~~~~~~~~~~ 09-22
08021476;12082053A;11215814;08060100213;01071975;13011770;267;737;903;463;406 ~~~~~~~~~~~~~~~~~~~~~~~~~~ 09-23
09021476;13082053A;12215814;09060100213;02071975;14011770;268;742;619 ~~~~~~~~~~~~~~~~~~~~~~~~~~~~~~~~~~ 09-24
10021476;14082053A;13215814;10060100213;03071975;15011770;269;741;619;848 ~~~~~~~~~~~~~~~~~~~~~~~~~~~~~~ 09-25
11021476;15082053A;14215814;11060100213;04071975;16011770;270;738;520;551;856;570;619 ~~~~~~~~~~~~~~~~~~ 09-26
12021476;16082053A;15215814;12060100213;05071975;17011770;271;739;743;389;390;534;523 ~~~~~~~~~~~~~~~~~~ 09-27
13021476;17082053A;16215814;13060100213;06071975;18011770;272;740;907;523;406;619 ~~~~~~~~~~~~~~~~~~~~~~ 09-28
14021476;18082053A;17215814;14060100213;07071975;19011770;273;436;864;523 ~~~~~~~~~~~~~~~~~~~~~~~~~~~~~~ 09-29
15021476;19082053A;18215814;15060100213;08071975;20011770;274;523;853;619 ~~~~~~~~~~~~~~~~~~~~~~~~~~~~~~ 09-30
16021476;20082053A;19215814;16060100213;09071975;21011770;275;746;790;523;853 ~~~~~~~~~~~~~~~~~~~~~~~~~~ 10-01
17021476;21082053A;20215814;17060100213;10071975;22011770;276;747;790;523;853;620 ~~~~~~~~~~~~~~~~~~~~~~ 10-02
18021476;22082053A;21215814;18060100213;11071975;23011770;277;748;790;523;406 ~~~~~~~~~~~~~~~~~~~~~~~~~~ 10-03
19021476;23082053A;22215814;19060100213;12071975;24011770;278;637;790;398;524;620 ~~~~~~~~~~~~~~~~~~~~~~ 10-04
20021476;24082053A;23215814;00070100213;13071975;25011770;279;749;790;844;525;848 ~~~~~~~~~~~~~~~~~~~~~~ 10-05
21021476;25082053A;24215814;01070100213;14071975;26011770;280;744;790;514;620 ~~~~~~~~~~~~~~~~~~~~~~~~~~ 10-06
22021476;26082053A;25215814;02070100213;15071975;27011770;281;745;790;412;848 ~~~~~~~~~~~~~~~~~~~~~~~~~~ 10-07
23021476;27082053A;26215814;03070100213;16071975;28011770;282;752;869;406;620 ~~~~~~~~~~~~~~~~~~~~~~~~~~ 10-08
24021476;28082053A;27215814;04070100213;17071975;29011770;283;753;620;848 ~~~~~~~~~~~~~~~~~~~~~~~~~~~~~~ 10-09
25021476;29082053A;28215814;05070100213;18071975;30011770;284;367;620 ~~~~~~~~~~~~~~~~~~~~~~~~~~~~~~~~~~ 10-10
26021476;30082053A;29215814;06070100213;19071975;01021770;285;754;380;368;920;421;848 ~~~~~~~~~~~~~~~~~~ 10-11
27021476;01092053A;30215814;07070100213;20071975;02021770;286;750;399;895;620 ~~~~~~~~~~~~~~~~~~~~~~~~~~ 10-12
28021476;02092053A;01225814;08070100213;21071975;03021770;287;751;406;418;620;848 ~~~~~~~~~~~~~~~~~~~~~~ 10-13
29021476;03092053A;02225814;09070100213;22071975;04021770;288;791;620 ~~~~~~~~~~~~~~~~~~~~~~~~~~~~~~~~~~ 10-14
01031476;04092053A;03225814;10070100213;23071975;05021770;289;757;400 ~~~~~~~~~~~~~~~~~~~~~~~~~~~~~~~~~~ 10-15
02031476;05092053A;04225814;11070100213;24071975;06021770;290;631;620 ~~~~~~~~~~~~~~~~~~~~~~~~~~~~~~~~~~ 10-16
03031476;06092053A;05225814;12070100213;25071975;07021770;291;918;620 ~~~~~~~~~~~~~~~~~~~~~~~~~~~~~~~~~~ 10-17
04031476;07092053A;06225814;13070100213;26071975;08021770;292;758;919;400;620 ~~~~~~~~~~~~~~~~~~~~~~~~~~ 10-18
05031476;08092053A;07225814;14070100213;27071975;09021770;293;397;513;866;620 ~~~~~~~~~~~~~~~~~~~~~~~~~~ 10-19
06031476;09092053A;08225814;15070100213;28071975;10021770;294;755;548;885;563;784;620 ~~~~~~~~~~~~~~~~~~ 10-20
07031476;10092053A;09225814;16070100213;29071975;11021770;295;756;369;549;560;785;400;412;620 ~~~~~~~~~~ 10-21
08031476;11092053A;10225814;17070100213;30071975;12021770;296;786;418;620 ~~~~~~~~~~~~~~~~~~~~~~~~~~~~~~ 10-22
09031476;12092053A;11225814;18070100213;01081975;13021770;297;899;787;406 ~~~~~~~~~~~~~~~~~~~~~~~~~~~~~~ 10-23
10031476;13092053A;12225814;19070100213;02081975;14021770;298;371;620 ~~~~~~~~~~~~~~~~~~~~~~~~~~~~~~~~~~ 10-24
11031476;14092053A;13225814;00080100213;03081975;15021770;299;759;431;620 ~~~~~~~~~~~~~~~~~~~~~~~~~~~~~~ 10-25
12031476;15092053A;14225814;01080100213;04081975;16021770;300;882;922;511;620 ~~~~~~~~~~~~~~~~~~~~~~~~~~ 10-26
13031476;16092053A;15225814;02080100213;05081975;17021770;301;393;532;400;620 ~~~~~~~~~~~~~~~~~~~~~~~~~~ 10-27
14031476;17092053A;16225814;03080100213;06081975;18021770;302;412;620 ~~~~~~~~~~~~~~~~~~~~~~~~~~~~~~~~~~ 10-28
15031476;18092053A;17225814;04080100213;07081975;19021770;303;843 ~~~~~~~~~~~~~~~~~~~~~~~~~~~~~~~~~~~~~~ 10-29
16031476;19092053A;18225814;05080100213;08081975;20021770;304;881;400;620 ~~~~~~~~~~~~~~~~~~~~~~~~~~~~~~ 10-30
17031476;20092053A;19225814;06080100213;09081975;21021770;305;596;849;433;514;511;421 ~~~~~~~~~~~~~~~~~~ 10-31
18031476;21092053A;20225814;07080100213;10081975;22021770;306;637;763;621 ~~~~~~~~~~~~~~~~~~~~~~~~~~~~~~ 11-01
19031476;22092053A;21225814;08080100213;11081975;23021770;307;398;401;499;406;843 ~~~~~~~~~~~~~~~~~~~~~~ 11-02
20031476;23092053A;22225814;09080100213;12081975;24021770;308;760;621 ~~~~~~~~~~~~~~~~~~~~~~~~~~~~~~~~~~ 11-03
21031476;24092053A;23225814;10080100213;13081975;25021770;309;412 ~~~~~~~~~~~~~~~~~~~~~~~~~~~~~~~~~~~~~~ 11-04
22031476;25092053A;24225814;11080100213;14081975;26021770;310;761;621 ~~~~~~~~~~~~~~~~~~~~~~~~~~~~~~~~~~ 11-05
23031476;26092053A;25225814;12080100213;15081975;27021770;311;762;558;911;843 ~~~~~~~~~~~~~~~~~~~~~~~~~~ 11-06
24031476;27092053A;26225814;13080100213;16081975;28021770;312;779;784;406;621 ~~~~~~~~~~~~~~~~~~~~~~~~~~ 11-07
25031476;28092053A;27225814;14080100213;17081975;29021770;313;780;785;843 ~~~~~~~~~~~~~~~~~~~~~~~~~~~~~~ 11-08
26031476;29092053A;28225814;15080100213;18081975;30021770;314;378;437;781;786;893;621 ~~~~~~~~~~~~~~~~~~ 11-09
27031476;01102053A;29225814;16080100213;19081975;01031770;315;380;413;782 ~~~~~~~~~~~~~~~~~~~~~~~~~~~~~~ 11-10
28031476;02102053A;30225814;17080100213;20081975;02031770;316;783;787;621 ~~~~~~~~~~~~~~~~~~~~~~~~~~~~~~ 11-11
29031476;03102053A;01235814;18080100213;21081975;03031770;317;535;788;406 ~~~~~~~~~~~~~~~~~~~~~~~~~~~~~~ 11-12
30031476;04102053A;02235814;19080100213;22081975;04031770;318;764;621 ~~~~~~~~~~~~~~~~~~~~~~~~~~~~~~~~~~ 11-13
01041476;05102053A;03235814;00090100213;23081975;05031770;319 ~~~~~~~~~~~~~~~~~~~~~~~~~~~~~~~~~~~~~~~~~~ 11-14
02041476;06102053A;04235814;01090100213;24081975;06031770;320;767;621 ~~~~~~~~~~~~~~~~~~~~~~~~~~~~~~~~~~ 11-15
03041476;07102053A;05235814;02090100213;25081975;07031770;321;765;513;543 ~~~~~~~~~~~~~~~~~~~~~~~~~~~~~~ 11-16
04041476;08102053A;06235814;03090100213;26081975;08031770;322;621 ~~~~~~~~~~~~~~~~~~~~~~~~~~~~~~~~~~~~~~ 11-17
05041476;09102053A;07235814;04090100213;27081975;09031770;323;397 ~~~~~~~~~~~~~~~~~~~~~~~~~~~~~~~~~~~~~~ 11-18
06041476;10102053A;08235814;05090100213;28081975;10031770;324;621 ~~~~~~~~~~~~~~~~~~~~~~~~~~~~~~~~~~~~~~ 11-19
07041476;11102053A;09235814;06090100213;29081975;11031770;325;766;421 ~~~~~~~~~~~~~~~~~~~~~~~~~~~~~~~~~~ 11-20
08041476;12102053A;10235814;07090100213;30081975;12031770;326;879;621 ~~~~~~~~~~~~~~~~~~~~~~~~~~~~~~~~~~ 11-21
09041476;13102053A;11235814;08090100213;01091975;13031770;327;768;547;788;406 ~~~~~~~~~~~~~~~~~~~~~~~~~~ 11-22
10041476;14102053A;12235814;09090100213;02091975;14031770;328;934;621 ~~~~~~~~~~~~~~~~~~~~~~~~~~~~~~~~~~ 11-23
11041476;15102053A;13235814;10090100213;03091975;15031770;329;812;819;820 ~~~~~~~~~~~~~~~~~~~~~~~~~~~~~~ 11-24
12041476;16102053A;14235814;11090100213;04091975;16031770;330;392;422;453;880;621 ~~~~~~~~~~~~~~~~~~~~~~ 11-25
13041476;17102053A;15235814;12090100213;05091975;17031770;331;769 ~~~~~~~~~~~~~~~~~~~~~~~~~~~~~~~~~~~~~~ 11-26
14041476;18102053A;16235814;13090100213;06091975;18031770;332;440;514;865;406;621 ~~~~~~~~~~~~~~~~~~~~~~ 11-27
15041476;19102053A;17235814;14090100213;07091975;19031770;333;441;369 ~~~~~~~~~~~~~~~~~~~~~~~~~~~~~~~~~~ 11-28
16041476;20102053A;18235814;15090100213;08091975;20031770;334;770;621 ~~~~~~~~~~~~~~~~~~~~~~~~~~~~~~~~~~ 11-29
17041476;21102053A;19235814;16090100213;09091975;21031770;335;589 ~~~~~~~~~~~~~~~~~~~~~~~~~~~~~~~~~~~~~~ 11-30
18041476;22102053A;20235814;17090100213;10091975;22031770;336;442;622 ~~~~~~~~~~~~~~~~~~~~~~~~~~~~~~~~~~ 12-01
19041476;23102053A;21235814;18090100213;11091975;23031770;337;771;773;398;370;876 ~~~~~~~~~~~~~~~~~~~~~~ 12-02
20041476;24102053A;22235814;19090100213;12091975;24031770;338;772;622 ~~~~~~~~~~~~~~~~~~~~~~~~~~~~~~~~~~ 12-03
21041476;25102053A;23235814;00100100213;13091975;25031770;339 ~~~~~~~~~~~~~~~~~~~~~~~~~~~~~~~~~~~~~~~~~~ 12-04
22041476;26102053A;24235814;01100100213;14091975;26031770;340;774;936;622 ~~~~~~~~~~~~~~~~~~~~~~~~~~~~~~ 12-05
23041476;27102053A;25235814;02100100213;15091975;27031770;341;637;775;516 ~~~~~~~~~~~~~~~~~~~~~~~~~~~~~~ 12-06
24041476;28102053A;26235814;03100100213;16091975;28031770;342;590;516;406;622 ~~~~~~~~~~~~~~~~~~~~~~~~~~ 12-07
25041476;29102053A;27235814;04100100213;17091975;29031770;343;516 ~~~~~~~~~~~~~~~~~~~~~~~~~~~~~~~~~~~~~~ 12-08
26041476;30102053A;28235814;05100100213;18091975;30031770;344;380;402;516;622 ~~~~~~~~~~~~~~~~~~~~~~~~~~ 12-09
27041476;01112053A;29235814;06100100213;19091975;01041770;345;516 ~~~~~~~~~~~~~~~~~~~~~~~~~~~~~~~~~~~~~~ 12-10
28041476;02112053A;30235814;07100100213;20091975;02041770;346;622 ~~~~~~~~~~~~~~~~~~~~~~~~~~~~~~~~~~~~~~ 12-11
29041476;03112053A;01245814;08100100213;21091975;03041770;347;516 ~~~~~~~~~~~~~~~~~~~~~~~~~~~~~~~~~~~~~~ 12-12
01051476;04112053A;02245814;09100100213;22091975;04041770;348;776;513;516;403;622 ~~~~~~~~~~~~~~~~~~~~~~ 12-13
02051476;05112053A;03245814;10100100213;23091975;05041770;349;777;432;591;516 ~~~~~~~~~~~~~~~~~~~~~~~~~~ 12-14
03051476;06112053A;04245814;11100100213;24091975;06041770;350;944;622 ~~~~~~~~~~~~~~~~~~~~~~~~~~~~~~~~~~ 12-15
04051476;07112053A;05245814;12100100213;25091975;07041770;351 ~~~~~~~~~~~~~~~~~~~~~~~~~~~~~~~~~~~~~~~~~~ 12-16
05051476;08112053A;06245814;13100100213;26091975;08041770;352;406;622 ~~~~~~~~~~~~~~~~~~~~~~~~~~~~~~~~~~ 12-17
06051476;09112053A;07245814;14100100213;27091975;09041770;353;397 ~~~~~~~~~~~~~~~~~~~~~~~~~~~~~~~~~~~~~~ 12-18
07051476;10112053A;08245814;15100100213;28091975;10041770;354;778;622 ~~~~~~~~~~~~~~~~~~~~~~~~~~~~~~~~~~ 12-19
08051476;11112053A;09245814;16100100213;29091975;11041770;355;371;466 ~~~~~~~~~~~~~~~~~~~~~~~~~~~~~~~~~~ 12-20
09051476;12112053A;10245814;17100100213;30091975;12041770;356;557;890;592;426;403;622 ~~~~~~~~~~~~~~~~~~ 12-21
10051476;13112053A;11245814;18100100213;01101975;13041770;357;465 ~~~~~~~~~~~~~~~~~~~~~~~~~~~~~~~~~~~~~~ 12-22
11051476;14112053A;12245814;19100100213;02101975;14041770;358;622 ~~~~~~~~~~~~~~~~~~~~~~~~~~~~~~~~~~~~~~ 12-23
12051476;15112053A;13245814;00110100213;03101975;15041770;359;545 ~~~~~~~~~~~~~~~~~~~~~~~~~~~~~~~~~~~~~~ 12-24
13051476;16112053A;14245814;01110100213;04101975;16041770;360;395;887;403;622 ~~~~~~~~~~~~~~~~~~~~~~~~~~ 12-25
14051476;17112053A;15245814;02110100213;05101975;17041770;361;514 ~~~~~~~~~~~~~~~~~~~~~~~~~~~~~~~~~~~~~~ 12-26
15051476;18112053A;16245814;03110100213;06101975;18041770;362;406;622 ~~~~~~~~~~~~~~~~~~~~~~~~~~~~~~~~~~ 12-27
16051476;19112053A;17245814;04110100213;07101975;19041770;363 ~~~~~~~~~~~~~~~~~~~~~~~~~~~~~~~~~~~~~~~~~~ 12-28
17051476;20112053A;18245814;05110100213;08101975;20041770;364;403;622 ~~~~~~~~~~~~~~~~~~~~~~~~~~~~~~~~~~ 12-29
18051476;21112053A;19245814;06110100213;09101975;21041770;365 ~~~~~~~~~~~~~~~~~~~~~~~~~~~~~~~~~~~~~~~~~~ 12-30
19051476;22112053A;20245814;07110100213;10101975;22041770;366;398;622 ~~~~~~~~~~~~~~~~~~~~~~~~~~~~~~~~~~ 12-31
