10081483;10122060H;09045821;03130800213;11101982;23041777;001;637;611 ~~~~~~~~~~~~~~~~~~~~~~~~~~~~~~~~~~ 01-01
11081483;11122060H;10045821;04130800213;12101982;24041777;002;905 ~~~~~~~~~~~~~~~~~~~~~~~~~~~~~~~~~~~~~~ 01-02
12081483;12122060H;11045821;05130800213;13101982;25041777;003;514;611 ~~~~~~~~~~~~~~~~~~~~~~~~~~~~~~~~~~ 01-03
13081483;13122060H;12045821;06130800213;14101982;26041777;004;372 ~~~~~~~~~~~~~~~~~~~~~~~~~~~~~~~~~~~~~~ 01-04
14081483;14122060H;13045821;07130800213;15101982;27041777;005;381;512;611 ~~~~~~~~~~~~~~~~~~~~~~~~~~~~~~ 01-05
15081483;15122060H;14045821;08130800213;16101982;28041777;006;829;904 ~~~~~~~~~~~~~~~~~~~~~~~~~~~~~~~~~~ 01-06
16081483;16122060H;15045821;09130800213;17101982;29041777;007;611 ~~~~~~~~~~~~~~~~~~~~~~~~~~~~~~~~~~~~~~ 01-07
17081483;17122060H;16045821;10130800213;18101982;30041777;008;626 ~~~~~~~~~~~~~~~~~~~~~~~~~~~~~~~~~~~~~~ 01-08
18081483;18122060H;17045821;11130800213;19101982;01051777;009;627;916;611 ~~~~~~~~~~~~~~~~~~~~~~~~~~~~~~ 01-09
19081483;19122060H;18045821;12130800213;20101982;02051777;010;628;855 ~~~~~~~~~~~~~~~~~~~~~~~~~~~~~~~~~~ 01-10
20081483;20122060H;19045821;13130800213;21101982;03051777;011;629;611 ~~~~~~~~~~~~~~~~~~~~~~~~~~~~~~~~~~ 01-11
21081483;21122060H;20045821;14130800213;22101982;04051777;012 ~~~~~~~~~~~~~~~~~~~~~~~~~~~~~~~~~~~~~~~~~~ 01-12
22081483;22122060H;21045821;15130800213;23101982;05051777;013;398;409;611 ~~~~~~~~~~~~~~~~~~~~~~~~~~~~~~ 01-13
23081483;23122060H;22045821;16130800213;24101982;06051777;014 ~~~~~~~~~~~~~~~~~~~~~~~~~~~~~~~~~~~~~~~~~~ 01-14
24081483;24122060H;23045821;17130800213;25101982;07051777;015;630;436;513;611 ~~~~~~~~~~~~~~~~~~~~~~~~~~ 01-15
25081483;25122060H;24045821;18130800213;26101982;08051777;016;625 ~~~~~~~~~~~~~~~~~~~~~~~~~~~~~~~~~~~~~~ 01-16
26081483;26122060H;25045821;19130800213;27101982;09051777;017;492;923;611 ~~~~~~~~~~~~~~~~~~~~~~~~~~~~~~ 01-17
27081483;27122060H;26045821;00140800213;28101982;10051777;018 ~~~~~~~~~~~~~~~~~~~~~~~~~~~~~~~~~~~~~~~~~~ 01-18
28081483;28122060H;27045821;01140800213;29101982;11051777;019;409;418;611 ~~~~~~~~~~~~~~~~~~~~~~~~~~~~~~ 01-19
29081483;29122060H;28045821;02140800213;30101982;12051777;020;631 ~~~~~~~~~~~~~~~~~~~~~~~~~~~~~~~~~~~~~~ 01-20
01091483;01012061I;29045821;03140800213;01111982;13051777;021;380;399;433;888;504;479;490;611 ~~~~~~~~~~ 01-21
02091483;02012061I;01055821;04140800213;02111982;14051777;022;566;479;490 ~~~~~~~~~~~~~~~~~~~~~~~~~~~~~~ 01-22
03091483;03012061I;02055821;05140800213;03111982;15051777;023;566;611 ~~~~~~~~~~~~~~~~~~~~~~~~~~~~~~~~~~ 01-23
04091483;04012061I;03055821;06140800213;04111982;16051777;024;566;400 ~~~~~~~~~~~~~~~~~~~~~~~~~~~~~~~~~~ 01-24
05091483;05012061I;04055821;07140800213;05111982;17051777;025;566;409;580;611 ~~~~~~~~~~~~~~~~~~~~~~~~~~ 01-25
06091483;06012061I;05055821;08140800213;06111982;18051777;026;632;940 ~~~~~~~~~~~~~~~~~~~~~~~~~~~~~~~~~~ 01-26
07091483;07012061I;06055821;09140800213;07111982;19051777;027;400;505;611 ~~~~~~~~~~~~~~~~~~~~~~~~~~~~~~ 01-27
08091483;08012061I;07055821;10140800213;08111982;20051777;028;633;397;536;914;418 ~~~~~~~~~~~~~~~~~~~~~~ 01-28
09091483;09012061I;08055821;11140800213;09111982;21051777;029;634;412;611 ~~~~~~~~~~~~~~~~~~~~~~~~~~~~~~ 01-29
10091483;10012061I;09055821;12140800213;10111982;22051777;030;635;514 ~~~~~~~~~~~~~~~~~~~~~~~~~~~~~~~~~~ 01-30
11091483;11012061I;10055821;13140800213;11111982;23051777;031;636;873;611 ~~~~~~~~~~~~~~~~~~~~~~~~~~~~~~ 01-31
12091483;12012061I;11055821;13140800213;12111982;24051777;032 ~~~~~~~~~~~~~~~~~~~~~~~~~~~~~~~~~~~~~~~~~~ 02-01
13091483;13012061I;12055821;14140800213;13111982;25051777;033;400;612 ~~~~~~~~~~~~~~~~~~~~~~~~~~~~~~~~~~ 02-02
14091483;14012061I;13055821;15140800213;14111982;26051777;034;638 ~~~~~~~~~~~~~~~~~~~~~~~~~~~~~~~~~~~~~~ 02-03
15091483;15012061I;14055821;16140800213;15111982;27051777;035;639;382;884;612 ~~~~~~~~~~~~~~~~~~~~~~~~~~ 02-04
16091483;16012061I;15055821;17140800213;16111982;28051777;036;637;640 ~~~~~~~~~~~~~~~~~~~~~~~~~~~~~~~~~~ 02-05
17091483;17012061I;16055821;18140800213;17111982;29051777;037;612 ~~~~~~~~~~~~~~~~~~~~~~~~~~~~~~~~~~~~~~ 02-06
18091483;18012061I;17055821;19140800213;18111982;30051777;038 ~~~~~~~~~~~~~~~~~~~~~~~~~~~~~~~~~~~~~~~~~~ 02-07
19091483;19012061I;18055821;00150800213;19111982;01061777;039;400;505;612 ~~~~~~~~~~~~~~~~~~~~~~~~~~~~~~ 02-08
20091483;20012061I;19055821;01150800213;20111982;02061777;040;413 ~~~~~~~~~~~~~~~~~~~~~~~~~~~~~~~~~~~~~~ 02-09
21091483;21012061I;20055821;02150800213;21111982;03061777;041;642;612 ~~~~~~~~~~~~~~~~~~~~~~~~~~~~~~~~~~ 02-10
22091483;22012061I;21055821;03150800213;22111982;04061777;042;401 ~~~~~~~~~~~~~~~~~~~~~~~~~~~~~~~~~~~~~~ 02-11
23091483;23012061I;22055821;04150800213;23111982;05061777;043;643;398;513;409;612 ~~~~~~~~~~~~~~~~~~~~~~ 02-12
24091483;24012061I;23055821;05150800213;24111982;06061777;044;581 ~~~~~~~~~~~~~~~~~~~~~~~~~~~~~~~~~~~~~~ 02-13
25091483;25012061I;24055821;06150800213;25111982;07061777;045;641;612 ~~~~~~~~~~~~~~~~~~~~~~~~~~~~~~~~~~ 02-14
26091483;26012061I;25055821;07150800213;26111982;08061777;046;414;864 ~~~~~~~~~~~~~~~~~~~~~~~~~~~~~~~~~~ 02-15
27091483;27012061I;26055821;08150800213;27111982;09061777;047;943;508;612 ~~~~~~~~~~~~~~~~~~~~~~~~~~~~~~ 02-16
28091483;28012061I;27055821;09150800213;28111982;10061777;048;644;854 ~~~~~~~~~~~~~~~~~~~~~~~~~~~~~~~~~~ 02-17
29091483;29012061I;28055821;10150800213;29111982;11061777;049;645;410;507;886;854;612 ~~~~~~~~~~~~~~~~~~ 02-18
30091483;30012061I;29055821;11150800213;30111982;12061777;050;380;506 ~~~~~~~~~~~~~~~~~~~~~~~~~~~~~~~~~~ 02-19
01101483;01022061I;30055821;12150800213;01121982;13061777;051;502;612 ~~~~~~~~~~~~~~~~~~~~~~~~~~~~~~~~~~ 02-20
02101483;02022061I;01065821;13150800213;02121982;14061777;052;450 ~~~~~~~~~~~~~~~~~~~~~~~~~~~~~~~~~~~~~~ 02-21
03101483;03022061I;02065821;14150800213;03121982;15061777;053;443;646;405;612 ~~~~~~~~~~~~~~~~~~~~~~~~~~ 02-22
04101483;04022061I;03065821;15150800213;04121982;16061777;054;444 ~~~~~~~~~~~~~~~~~~~~~~~~~~~~~~~~~~~~~~ 02-23
05101483;05022061I;04065821;16150800213;05121982;17061777;055;647;648;437;514;418;612 ~~~~~~~~~~~~~~~~~~ 02-24
06101483;06022061I;05065821;17150800213;06121982;18061777;056;649 ~~~~~~~~~~~~~~~~~~~~~~~~~~~~~~~~~~~~~~ 02-25
07101483;07022061I;06065821;18150800213;07121982;19061777;057;397;419;612 ~~~~~~~~~~~~~~~~~~~~~~~~~~~~~~ 02-26
08101483;08022061I;07065821;19150800213;08121982;20061777;058 ~~~~~~~~~~~~~~~~~~~~~~~~~~~~~~~~~~~~~~~~~~ 02-27
09101483;09022061I;08065821;00160800213;09121982;21061777;059;650;612 ~~~~~~~~~~~~~~~~~~~~~~~~~~~~~~~~~~ 02-28
10101483;10022061I;09065821;04160800213;10121982;22061777;061 ~~~~~~~~~~~~~~~~~~~~~~~~~~~~~~~~~~~~~~~~~~ 03-01
11101483;11022061I;10065821;05160800213;11121982;23061777;062;517;613 ~~~~~~~~~~~~~~~~~~~~~~~~~~~~~~~~~~ 03-02
12101483;12022061I;11065821;06160800213;12121982;24061777;063;653;613 ~~~~~~~~~~~~~~~~~~~~~~~~~~~~~~~~~~ 03-03
13101483;13022061I;12065821;07160800213;13121982;25061777;064;654;613 ~~~~~~~~~~~~~~~~~~~~~~~~~~~~~~~~~~ 03-04
14101483;14022061I;13065821;08160800213;14121982;26061777;065;637;383;544;623;613 ~~~~~~~~~~~~~~~~~~~~~~ 03-05
15101483;15022061I;14065821;09160800213;15121982;27061777;066;655;432;598;906;519;613 ~~~~~~~~~~~~~~~~~~ 03-06
16101483;16022061I;15065821;10160800213;16121982;28061777;067;562;613 ~~~~~~~~~~~~~~~~~~~~~~~~~~~~~~~~~~ 03-07
17101483;17022061I;16065821;11160800213;17121982;29061777;068;562;613 ~~~~~~~~~~~~~~~~~~~~~~~~~~~~~~~~~~ 03-08
18101483;18022061I;17065821;12160800213;18121982;30061777;069;562;613 ~~~~~~~~~~~~~~~~~~~~~~~~~~~~~~~~~~ 03-09
19101483;19022061I;18065821;13160800213;19121982;01071777;070;656;613 ~~~~~~~~~~~~~~~~~~~~~~~~~~~~~~~~~~ 03-10
20101483;20022061I;19065821;14160800213;20121982;02071777;071;415 ~~~~~~~~~~~~~~~~~~~~~~~~~~~~~~~~~~~~~~ 03-11
21101483;21022061I;20065821;15160800213;21121982;03071777;072;513;613 ~~~~~~~~~~~~~~~~~~~~~~~~~~~~~~~~~~ 03-12
22101483;22022061I;21065821;16160800213;22121982;04071777;073 ~~~~~~~~~~~~~~~~~~~~~~~~~~~~~~~~~~~~~~~~~~ 03-13
23101483;23022061I;22065821;17160800213;23121982;05071777;074;398;533;924;613 ~~~~~~~~~~~~~~~~~~~~~~~~~~ 03-14
24101483;24022061I;23065821;18160800213;24121982;06071777;075;657 ~~~~~~~~~~~~~~~~~~~~~~~~~~~~~~~~~~~~~~ 03-15
25101483;25022061I;24065821;19160800213;25121982;07071777;076;613 ~~~~~~~~~~~~~~~~~~~~~~~~~~~~~~~~~~~~~~ 03-16
26101483;26022061I;25065821;00170800213;26121982;08071777;077;658;900 ~~~~~~~~~~~~~~~~~~~~~~~~~~~~~~~~~~ 03-17
27101483;27022061I;26065821;01170800213;27121982;09071777;078;613 ~~~~~~~~~~~~~~~~~~~~~~~~~~~~~~~~~~~~~~ 03-18
28101483;28022061I;27065821;02170800213;28121982;10071777;079;466;406;415;613 ~~~~~~~~~~~~~~~~~~~~~~~~~~ 03-19
29101483;29022061I;28065821;03170800213;29121982;11071777;080;424;613 ~~~~~~~~~~~~~~~~~~~~~~~~~~~~~~~~~~ 03-20
01111483;30022061I;29065821;04170800213;30121982;12071777;081;380;928;459 ~~~~~~~~~~~~~~~~~~~~~~~~~~~~~~ 03-21
02111483;01032061I;01075821;05170800213;01011983;13071777;082;659;538;559;935;851;613 ~~~~~~~~~~~~~~~~~~ 03-22
03111483;02032061I;02075821;06170800213;02011983;14071777;083;514 ~~~~~~~~~~~~~~~~~~~~~~~~~~~~~~~~~~~~~~ 03-23
04111483;03032061I;03075821;07170800213;03011983;15071777;084;555;577;406;613 ~~~~~~~~~~~~~~~~~~~~~~~~~~ 03-24
05111483;04032061I;04075821;08170800213;04011983;16071777;085 ~~~~~~~~~~~~~~~~~~~~~~~~~~~~~~~~~~~~~~~~~~ 03-25
06111483;05032061I;05075821;09170800213;05011983;17071777;086;945;613 ~~~~~~~~~~~~~~~~~~~~~~~~~~~~~~~~~~ 03-26
07111483;06032061I;06075821;10170800213;06011983;18071777;087;415;613 ~~~~~~~~~~~~~~~~~~~~~~~~~~~~~~~~~~ 03-27
08111483;07032061I;07075821;11170800213;07011983;19071777;088;397;613 ~~~~~~~~~~~~~~~~~~~~~~~~~~~~~~~~~~ 03-28
09111483;08032061I;08075821;12170800213;08011983;20071777;089;652;576;933;406;613 ~~~~~~~~~~~~~~~~~~~~~~ 03-29
10111483;09032061I;09075821;13170800213;09011983;21071777;090;660;852;613 ~~~~~~~~~~~~~~~~~~~~~~~~~~~~~~ 03-30
11111483;10032061I;10075821;14170800213;10011983;22071777;091;877 ~~~~~~~~~~~~~~~~~~~~~~~~~~~~~~~~~~~~~~ 03-31
12111483;11032061I;11075821;15170800213;11011983;23071777;092;614 ~~~~~~~~~~~~~~~~~~~~~~~~~~~~~~~~~~~~~~ 04-01
13111483;12032061I;12075821;16170800213;12011983;24071777;093;637;661;857 ~~~~~~~~~~~~~~~~~~~~~~~~~~~~~~ 04-02
14111483;13032061I;13075821;17170800213;13011983;25071777;094;493;662;406;614 ~~~~~~~~~~~~~~~~~~~~~~~~~~ 04-03
15111483;14032061I;14075821;18170800213;14011983;26071777;095;384;651;539;575;949;571 ~~~~~~~~~~~~~~~~~~ 04-04
16111483;15032061I;15075821;19170800213;15011983;27071777;096;541;515;651;614 ~~~~~~~~~~~~~~~~~~~~~~~~~~ 04-05
17111483;16032061I;16075821;00000900213;16011983;28071777;097;663;651 ~~~~~~~~~~~~~~~~~~~~~~~~~~~~~~~~~~ 04-06
18111483;17032061I;17075821;01000900213;17011983;29071777;098;858;651;614 ~~~~~~~~~~~~~~~~~~~~~~~~~~~~~~ 04-07
19111483;18032061I;18075821;02000900213;18011983;30071777;099;445;513;651;406;614 ~~~~~~~~~~~~~~~~~~~~~~ 04-08
20111483;19032061I;19075821;03000900213;19011983;01081777;100;446;651;614 ~~~~~~~~~~~~~~~~~~~~~~~~~~~~~~ 04-09
21111483;20032061I;20075821;04000900213;20011983;02081777;101;447 ~~~~~~~~~~~~~~~~~~~~~~~~~~~~~~~~~~~~~~ 04-10
22111483;21032061I;21075821;05000900213;21011983;03081777;102;448;614 ~~~~~~~~~~~~~~~~~~~~~~~~~~~~~~~~~~ 04-11
23111483;22032061I;22075821;06000900213;22011983;04081777;103;398;415;614 ~~~~~~~~~~~~~~~~~~~~~~~~~~~~~~ 04-12
24111483;23032061I;23075821;07000900213;23011983;05081777;104;406;614 ~~~~~~~~~~~~~~~~~~~~~~~~~~~~~~~~~~ 04-13
25111483;24032061I;24075821;08000900213;24011983;06081777;105 ~~~~~~~~~~~~~~~~~~~~~~~~~~~~~~~~~~~~~~~~~~ 04-14
26111483;25032061I;25075821;09000900213;25011983;07081777;106;665;614 ~~~~~~~~~~~~~~~~~~~~~~~~~~~~~~~~~~ 04-15
27111483;26032061I;26075821;10000900213;26011983;08081777;107;666;939;614 ~~~~~~~~~~~~~~~~~~~~~~~~~~~~~~ 04-16
28111483;27032061I;27075821;11000900213;27011983;09081777;108;526;614 ~~~~~~~~~~~~~~~~~~~~~~~~~~~~~~~~~~ 04-17
29111483;28032061I;28075821;12000900213;28011983;10081777;109;794;406;614 ~~~~~~~~~~~~~~~~~~~~~~~~~~~~~~ 04-18
30111483;29032061I;29075821;13000900213;29011983;11081777;110;380;433;614 ~~~~~~~~~~~~~~~~~~~~~~~~~~~~~~ 04-19
01121483;01232061I;30075821;14000900213;30011983;12081777;111;930;953;415;614 ~~~~~~~~~~~~~~~~~~~~~~~~~~ 04-20
02121483;02232061I;01085821;15000900213;01021983;13081777;112;631;664;514;614 ~~~~~~~~~~~~~~~~~~~~~~~~~~ 04-21
03121483;03232061I;02085821;16000900213;02021983;14081777;113;596;510;902 ~~~~~~~~~~~~~~~~~~~~~~~~~~~~~~ 04-22
04121483;04232061I;03085821;17000900213;03021983;15081777;114;614 ~~~~~~~~~~~~~~~~~~~~~~~~~~~~~~~~~~~~~~ 04-23
05121483;05232061I;04085821;18000900213;04021983;16081777;115;669;528 ~~~~~~~~~~~~~~~~~~~~~~~~~~~~~~~~~~ 04-24
06121483;06232061I;05085821;19000900213;05021983;17081777;116;553;529;614 ~~~~~~~~~~~~~~~~~~~~~~~~~~~~~~ 04-25
07121483;07232061I;06085821;00010900213;06021983;18081777;117;397;614 ~~~~~~~~~~~~~~~~~~~~~~~~~~~~~~~~~~ 04-26
08121483;08232061I;07085821;01010900213;07021983;19081777;118;670;927;614 ~~~~~~~~~~~~~~~~~~~~~~~~~~~~~~ 04-27
09121483;09232061I;08085821;02010900213;08021983;20081777;119;667;501;406 ~~~~~~~~~~~~~~~~~~~~~~~~~~~~~~ 04-28
10121483;10232061I;09085821;03010900213;09021983;21081777;120;671;500;614 ~~~~~~~~~~~~~~~~~~~~~~~~~~~~~~ 04-29
11121483;11232061I;10085821;04010900213;10021983;22081777;121;668;838;889;500 ~~~~~~~~~~~~~~~~~~~~~~~~~~ 04-30
12121483;12232061I;11085821;05010900213;11021983;23081777;122;673;615 ~~~~~~~~~~~~~~~~~~~~~~~~~~~~~~~~~~ 05-01
13121483;13232061I;12085821;06010900213;12021983;24081777;123;674;894;500 ~~~~~~~~~~~~~~~~~~~~~~~~~~~~~~ 05-02
14121483;14232061I;13085821;07010900213;13021983;25081777;124;675;500;615 ~~~~~~~~~~~~~~~~~~~~~~~~~~~~~~ 05-03
15121483;15232061I;14085821;08010900213;14021983;26081777;125;676;385;537;937 ~~~~~~~~~~~~~~~~~~~~~~~~~~ 05-04
16121483;16232061I;15085821;09010900213;15021983;27081777;126;677;892;615 ~~~~~~~~~~~~~~~~~~~~~~~~~~~~~~ 05-05
17121483;17232061I;16085821;10010900213;16021983;28081777;127;679;678;513 ~~~~~~~~~~~~~~~~~~~~~~~~~~~~~~ 05-06
18121483;18232061I;17085821;11010900213;17021983;29081777;128;637;672;680;436;841;615 ~~~~~~~~~~~~~~~~~~ 05-07
19121483;19232061I;18085821;12010900213;18021983;30081777;129;451;518 ~~~~~~~~~~~~~~~~~~~~~~~~~~~~~~~~~~ 05-08
20121483;20232061I;19085821;13010900213;19021983;01091777;130;682;615 ~~~~~~~~~~~~~~~~~~~~~~~~~~~~~~~~~~ 05-09
21121483;21232061I;20085821;14010900213;20021983;02091777;131 ~~~~~~~~~~~~~~~~~~~~~~~~~~~~~~~~~~~~~~~~~~ 05-10
22121483;22232061I;21085821;15010900213;21021983;03091777;132;683;615 ~~~~~~~~~~~~~~~~~~~~~~~~~~~~~~~~~~ 05-11
23121483;23232061I;22085821;16010900213;22021983;04091777;133;398 ~~~~~~~~~~~~~~~~~~~~~~~~~~~~~~~~~~~~~~ 05-12
24121483;24232061I;23085821;17010900213;23021983;05091777;134;407;842;615 ~~~~~~~~~~~~~~~~~~~~~~~~~~~~~~ 05-13
25121483;25232061I;24085821;18010900213;24021983;06091777;135;681;568;415 ~~~~~~~~~~~~~~~~~~~~~~~~~~~~~~ 05-14
26121483;26232061I;25085821;19010900213;25021983;07091777;136;684;530;568;624;615 ~~~~~~~~~~~~~~~~~~~~~~ 05-15
27121483;27232061I;26085821;00020900213;26021983;08091777;137;554;624 ~~~~~~~~~~~~~~~~~~~~~~~~~~~~~~~~~~ 05-16
28121483;28232061I;27085821;01020900213;27021983;09091777;138;825;624;615 ~~~~~~~~~~~~~~~~~~~~~~~~~~~~~~ 05-17
29121483;29232061I;28085821;02020900213;28021983;10091777;139;685;624 ~~~~~~~~~~~~~~~~~~~~~~~~~~~~~~~~~~ 05-18
30121483;01042061I;29085821;03020900213;29021983;11091777;140;494;797;380;399;514;921;942;624;615 ~~~~~~ 05-19
01011484;02042061I;01095821;04020900213;30021983;12091777;141;686;495;573;624 ~~~~~~~~~~~~~~~~~~~~~~~~~~ 05-20
02011484;03042061I;02095821;05020900213;31021983;13091777;142;687;835;573;624;615 ~~~~~~~~~~~~~~~~~~~~~~ 05-21
03011484;04042061I;03095821;06020900213;01031983;14091777;143;833;573;400 ~~~~~~~~~~~~~~~~~~~~~~~~~~~~~~ 05-22
04011484;05042061I;04095821;07020900213;02031983;15091777;144;798;789;615 ~~~~~~~~~~~~~~~~~~~~~~~~~~~~~~ 05-23
05011484;06042061I;05095821;08020900213;03031983;16091777;145 ~~~~~~~~~~~~~~~~~~~~~~~~~~~~~~~~~~~~~~~~~~ 05-24
06011484;07042061I;06095821;09020900213;04031983;17091777;146;688;397;522;400;615 ~~~~~~~~~~~~~~~~~~~~~~ 05-25
07011484;08042061I;07095821;10020900213;05031983;18091777;147;496 ~~~~~~~~~~~~~~~~~~~~~~~~~~~~~~~~~~~~~~ 05-26
08011484;09042061I;08095821;11020900213;06031983;19091777;148;689;615 ~~~~~~~~~~~~~~~~~~~~~~~~~~~~~~~~~~ 05-27
09011484;10042061I;09095821;12020900213;07031983;20091777;149;439;552;400 ~~~~~~~~~~~~~~~~~~~~~~~~~~~~~~ 05-28
10011484;11042061I;10095821;13020900213;08031983;21091777;150;449;439;896;498;615 ~~~~~~~~~~~~~~~~~~~~~~ 05-29
11011484;12042061I;11095821;14020900213;09031983;22091777;151;438;415 ~~~~~~~~~~~~~~~~~~~~~~~~~~~~~~~~~~ 05-30
12011484;13042061I;12095821;15020900213;10031983;23091777;152;400;615 ~~~~~~~~~~~~~~~~~~~~~~~~~~~~~~~~~~ 05-31
13011484;14042061I;13095821;16020900213;11031983;24091777;153;691;496 ~~~~~~~~~~~~~~~~~~~~~~~~~~~~~~~~~~ 06-01
14011484;15042061I;14095821;17020900213;12031983;25091777;154;694;386;432;513;941;616 ~~~~~~~~~~~~~~~~~~ 06-02
15011484;16042061I;15095821;18020900213;13031983;26091777;155;692;874;400;496 ~~~~~~~~~~~~~~~~~~~~~~~~~~ 06-03
16011484;17042061I;16095821;19020900213;14031983;27091777;156;637;693;616 ~~~~~~~~~~~~~~~~~~~~~~~~~~~~~~ 06-04
17011484;18042061I;17095821;00030900213;15031983;28091777;157;690;496;616 ~~~~~~~~~~~~~~~~~~~~~~~~~~~~~~ 06-05
18011484;19042061I;18095821;01030900213;16031983;29091777;158;374;400;616;605 ~~~~~~~~~~~~~~~~~~~~~~~~~~ 06-06
19011484;20042061I;19095821;02030900213;17031983;30091777;159 ~~~~~~~~~~~~~~~~~~~~~~~~~~~~~~~~~~~~~~~~~~ 06-07
20011484;21042061I;20095821;03030900213;18031983;01101777;160;831;868;616 ~~~~~~~~~~~~~~~~~~~~~~~~~~~~~~ 06-08
21011484;22042061I;21095821;04030900213;19031983;02101777;161 ~~~~~~~~~~~~~~~~~~~~~~~~~~~~~~~~~~~~~~~~~~ 06-09
22011484;23042061I;22095821;05030900213;20031983;03101777;162;398;616 ~~~~~~~~~~~~~~~~~~~~~~~~~~~~~~~~~~ 06-10
23011484;24042061I;23095821;06030900213;21031983;04101777;163;697;799;569;616 ~~~~~~~~~~~~~~~~~~~~~~~~~~ 06-11
24011484;25042061I;24095821;07030900213;22031983;05101777;164;695;401;569;616 ~~~~~~~~~~~~~~~~~~~~~~~~~~ 06-12
25011484;26042061I;25095821;08030900213;23031983;06101777;165 ~~~~~~~~~~~~~~~~~~~~~~~~~~~~~~~~~~~~~~~~~~ 06-13
26011484;27042061I;26095821;09030900213;24031983;07101777;166;696;946;616 ~~~~~~~~~~~~~~~~~~~~~~~~~~~~~~ 06-14
27011484;28042061I;27095821;10030900213;25031983;08101777;167;496 ~~~~~~~~~~~~~~~~~~~~~~~~~~~~~~~~~~~~~~ 06-15
28011484;29042061I;28095821;11030900213;26031983;09101777;168;698;514;616 ~~~~~~~~~~~~~~~~~~~~~~~~~~~~~~ 06-16
29011484;30042061I;29095821;12030900213;27031983;10101777;169;701;699;380;700;616 ~~~~~~~~~~~~~~~~~~~~~~ 06-17
30011484;01052061I;30095821;13030900213;28031983;11101777;170;497;616 ~~~~~~~~~~~~~~~~~~~~~~~~~~~~~~~~~~ 06-18
01021484;02052061I;01105821;14030900213;29031983;12101777;171;452;452;870;616 ~~~~~~~~~~~~~~~~~~~~~~~~~~ 06-19
02021484;03052061I;02105821;15030900213;30031983;13101777;172;460;616 ~~~~~~~~~~~~~~~~~~~~~~~~~~~~~~~~~~ 06-20
03021484;04052061I;03105821;16030900213;31031983;14101777;173;425 ~~~~~~~~~~~~~~~~~~~~~~~~~~~~~~~~~~~~~~ 06-21
04021484;05052061I;04105821;17030900213;01041983;15101777;174;461;564;616 ~~~~~~~~~~~~~~~~~~~~~~~~~~~~~~ 06-22
05021484;06052061I;05105821;18030900213;02041983;16101777;175;420;616 ~~~~~~~~~~~~~~~~~~~~~~~~~~~~~~~~~~ 06-23
06021484;07052061I;06105821;19030900213;03041983;17101777;176;703;397;616 ~~~~~~~~~~~~~~~~~~~~~~~~~~~~~~ 06-24
07021484;08052061I;07105821;00040900213;04041983;18101777;177;702;437 ~~~~~~~~~~~~~~~~~~~~~~~~~~~~~~~~~~ 06-25
08021484;09052061I;08105821;01040900213;05041983;19101777;178;616 ~~~~~~~~~~~~~~~~~~~~~~~~~~~~~~~~~~~~~~ 06-26
09021484;10052061I;09105821;02040900213;06041983;20101777;179;616 ~~~~~~~~~~~~~~~~~~~~~~~~~~~~~~~~~~~~~~ 06-27
10021484;11052061I;10105821;03040900213;07041983;21101777;180;546;616 ~~~~~~~~~~~~~~~~~~~~~~~~~~~~~~~~~~ 06-28
11021484;12052061I;11105821;04040900213;08041983;22101777;181;704;513 ~~~~~~~~~~~~~~~~~~~~~~~~~~~~~~~~~~ 06-29
12021484;13052061I;12105821;05040900213;09041983;23101777;182;616 ~~~~~~~~~~~~~~~~~~~~~~~~~~~~~~~~~~~~~~ 06-30
13021484;14052061I;13105821;06040900213;10041983;24101777;183;565 ~~~~~~~~~~~~~~~~~~~~~~~~~~~~~~~~~~~~~~ 07-01
14021484;15052061I;14105821;07040900213;11041983;25101777;184;637;705;840;387;531;561;821;565;617 ~~~~~~ 07-02
15021484;16052061I;15105821;08040900213;12041983;26101777;185;795;617 ~~~~~~~~~~~~~~~~~~~~~~~~~~~~~~~~~~ 07-03
16021484;17052061I;16105821;09040900213;13041983;27101777;186;823;617 ~~~~~~~~~~~~~~~~~~~~~~~~~~~~~~~~~~ 07-04
17021484;18052061I;17105821;10040900213;14041983;28101777;187;617 ~~~~~~~~~~~~~~~~~~~~~~~~~~~~~~~~~~~~~~ 07-05
18021484;19052061I;18105821;11040900213;15041983;29101777;188;373;617 ~~~~~~~~~~~~~~~~~~~~~~~~~~~~~~~~~~ 07-06
19021484;20052061I;19105821;12040900213;16041983;30101777;189;617 ~~~~~~~~~~~~~~~~~~~~~~~~~~~~~~~~~~~~~~ 07-07
20021484;21052061I;20105821;13040900213;17041983;01111777;190;844;617 ~~~~~~~~~~~~~~~~~~~~~~~~~~~~~~~~~~ 07-08
21021484;22052061I;21105821;14040900213;18041983;02111777;191;706;617 ~~~~~~~~~~~~~~~~~~~~~~~~~~~~~~~~~~ 07-09
22021484;23052061I;22105821;15040900213;19041983;03111777;192;398;617 ~~~~~~~~~~~~~~~~~~~~~~~~~~~~~~~~~~ 07-10
23021484;24052061I;23105821;16040900213;20041983;04111777;193;707 ~~~~~~~~~~~~~~~~~~~~~~~~~~~~~~~~~~~~~~ 07-11
24021484;25052061I;24105821;17040900213;21041983;05111777;194;617 ~~~~~~~~~~~~~~~~~~~~~~~~~~~~~~~~~~~~~~ 07-12
25021484;26052061I;25105821;18040900213;22041983;06111777;195;878;617 ~~~~~~~~~~~~~~~~~~~~~~~~~~~~~~~~~~ 07-13
26021484;27052061I;26105821;19040900213;23041983;07111777;196;617 ~~~~~~~~~~~~~~~~~~~~~~~~~~~~~~~~~~~~~~ 07-14
27021484;28052061I;27105821;00050900213;24041983;08111777;197;596;514 ~~~~~~~~~~~~~~~~~~~~~~~~~~~~~~~~~~ 07-15
28021484;29052061I;28105821;01050900213;25041983;09111777;198;708;380;416;433;617 ~~~~~~~~~~~~~~~~~~~~~~ 07-16
29021484;01062061I;29105821;02050900213;26041983;10111777;199;709;617 ~~~~~~~~~~~~~~~~~~~~~~~~~~~~~~~~~~ 07-17
01031484;02062061I;01115821;03050900213;27041983;11111777;200;710;617 ~~~~~~~~~~~~~~~~~~~~~~~~~~~~~~~~~~ 07-18
02031484;03062061I;02115821;04050900213;28041983;12111777;201 ~~~~~~~~~~~~~~~~~~~~~~~~~~~~~~~~~~~~~~~~~~ 07-19
03031484;04062061I;03115821;05050900213;29041983;13111777;202;711;375;617 ~~~~~~~~~~~~~~~~~~~~~~~~~~~~~~ 07-20
04031484;05062061I;04115821;06050900213;30041983;14111777;203;631 ~~~~~~~~~~~~~~~~~~~~~~~~~~~~~~~~~~~~~~ 07-21
05031484;06062061I;05115821;07050900213;31041983;15111777;204;617 ~~~~~~~~~~~~~~~~~~~~~~~~~~~~~~~~~~~~~~ 07-22
06031484;07062061I;06115821;08050900213;01051983;16111777;205;713;617 ~~~~~~~~~~~~~~~~~~~~~~~~~~~~~~~~~~ 07-23
07031484;08062061I;07115821;09050900213;02051983;17111777;206;714;397;617 ~~~~~~~~~~~~~~~~~~~~~~~~~~~~~~ 07-24
08031484;09062061I;08115821;10050900213;03051983;18111777;207;378;617 ~~~~~~~~~~~~~~~~~~~~~~~~~~~~~~~~~~ 07-25
09031484;10062061I;09115821;11050900213;04051983;19111777;208;617 ~~~~~~~~~~~~~~~~~~~~~~~~~~~~~~~~~~~~~~ 07-26
10031484;11062061I;10115821;12050900213;05051983;20111777;209;513 ~~~~~~~~~~~~~~~~~~~~~~~~~~~~~~~~~~~~~~ 07-27
11031484;12062061I;11115821;13050900213;06051983;21111777;210;712;715;898;843;617 ~~~~~~~~~~~~~~~~~~~~~~ 07-28
12031484;13062061I;12115821;14050900213;07051983;22111777;211;716;511;617 ~~~~~~~~~~~~~~~~~~~~~~~~~~~~~~ 07-29
13031484;14062061I;13115821;15050900213;08051983;23111777;212;617 ~~~~~~~~~~~~~~~~~~~~~~~~~~~~~~~~~~~~~~ 07-30
14031484;15062061I;14115821;16050900213;09051983;24111777;213 ~~~~~~~~~~~~~~~~~~~~~~~~~~~~~~~~~~~~~~~~~~ 07-31
15031484;16062061I;15115821;17050900213;10051983;25111777;214;388;925;618 ~~~~~~~~~~~~~~~~~~~~~~~~~~~~~~ 08-01
16031484;17062061I;16115821;18050900213;11051983;26111777;215;718 ~~~~~~~~~~~~~~~~~~~~~~~~~~~~~~~~~~~~~~ 08-02
17031484;18062061I;17115821;19050900213;12051983;27111777;216;511;618 ~~~~~~~~~~~~~~~~~~~~~~~~~~~~~~~~~~ 08-03
18031484;19062061I;18115821;00060900213;13051983;28111777;217 ~~~~~~~~~~~~~~~~~~~~~~~~~~~~~~~~~~~~~~~~~~ 08-04
19031484;20062061I;19115821;01060900213;14051983;29111777;218;719;618 ~~~~~~~~~~~~~~~~~~~~~~~~~~~~~~~~~~ 08-05
20031484;21062061I;20115821;02060900213;15051983;30111777;219;637;720 ~~~~~~~~~~~~~~~~~~~~~~~~~~~~~~~~~~ 08-06
21031484;22062061I;21115821;03060900213;16051983;01121777;220;717;618 ~~~~~~~~~~~~~~~~~~~~~~~~~~~~~~~~~~ 08-07
22031484;23062061I;22115821;04060900213;17051983;02121777;221;398 ~~~~~~~~~~~~~~~~~~~~~~~~~~~~~~~~~~~~~~ 08-08
23031484;24062061I;23115821;05060900213;18051983;03121777;222;618 ~~~~~~~~~~~~~~~~~~~~~~~~~~~~~~~~~~~~~~ 08-09
24031484;25062061I;24115821;06060900213;19051983;04121777;223;722 ~~~~~~~~~~~~~~~~~~~~~~~~~~~~~~~~~~~~~~ 08-10
25031484;26062061I;25115821;07060900213;20051983;05121777;224;514;901;375;618 ~~~~~~~~~~~~~~~~~~~~~~~~~~ 08-11
26031484;27062061I;26115821;08060900213;21051983;06121777;225;421 ~~~~~~~~~~~~~~~~~~~~~~~~~~~~~~~~~~~~~~ 08-12
27031484;28062061I;27115821;09060900213;22051983;07121777;226;723;618 ~~~~~~~~~~~~~~~~~~~~~~~~~~~~~~~~~~ 08-13
28031484;29062061I;28115821;10060900213;23051983;08121777;227;721 ~~~~~~~~~~~~~~~~~~~~~~~~~~~~~~~~~~~~~~ 08-14
29031484;01072061I;29115821;11060900213;24051983;09121777;228;380;618 ~~~~~~~~~~~~~~~~~~~~~~~~~~~~~~~~~~ 08-15
30031484;02072061I;30115821;12060900213;25051983;10121777;229;816 ~~~~~~~~~~~~~~~~~~~~~~~~~~~~~~~~~~~~~~ 08-16
01041484;03072061I;01125821;13060900213;26051983;11121777;230;618 ~~~~~~~~~~~~~~~~~~~~~~~~~~~~~~~~~~~~~~ 08-17
02041484;04072061I;02125821;14060900213;27051983;12121777;231;579 ~~~~~~~~~~~~~~~~~~~~~~~~~~~~~~~~~~~~~~ 08-18
03041484;05072061I;03125821;15060900213;28051983;13121777;232;618 ~~~~~~~~~~~~~~~~~~~~~~~~~~~~~~~~~~~~~~ 08-19
04041484;06072061I;04125821;16060900213;29051983;14121777;233;724;891 ~~~~~~~~~~~~~~~~~~~~~~~~~~~~~~~~~~ 08-20
05041484;07072061I;05125821;17060900213;30051983;15121777;234;572;618 ~~~~~~~~~~~~~~~~~~~~~~~~~~~~~~~~~~ 08-21
06041484;08072061I;06125821;18060900213;31051983;16121777;235;397;421 ~~~~~~~~~~~~~~~~~~~~~~~~~~~~~~~~~~ 08-22
07041484;09072061I;07125821;19060900213;01061983;17121777;236;513;618 ~~~~~~~~~~~~~~~~~~~~~~~~~~~~~~~~~~ 08-23
08041484;10072061I;08125821;00070900213;02061983;18121777;237 ~~~~~~~~~~~~~~~~~~~~~~~~~~~~~~~~~~~~~~~~~~ 08-24
09041484;11072061I;09125821;01070900213;03061983;19121777;238;618 ~~~~~~~~~~~~~~~~~~~~~~~~~~~~~~~~~~~~~~ 08-25
10041484;12072061I;10125821;02070900213;04061983;20121777;239;427;926;938 ~~~~~~~~~~~~~~~~~~~~~~~~~~~~~~ 08-26
11041484;13072061I;11125821;03070900213;05061983;21121777;240;725;618 ~~~~~~~~~~~~~~~~~~~~~~~~~~~~~~~~~~ 08-27
12041484;14072061I;12125821;04070900213;06061983;22121777;241;428;725;567 ~~~~~~~~~~~~~~~~~~~~~~~~~~~~~~ 08-28
13041484;15072061I;13125821;05070900213;07061983;23121777;242;796;432;897;567;618 ~~~~~~~~~~~~~~~~~~~~~~ 08-29
14041484;16072061I;14125821;06070900213;08061983;24121777;243;594;396;396;556;909;910;925 ~~~~~~~~~~~~~~ 08-30
15041484;17072061I;15125821;07070900213;09061983;25121777;244;595;618 ~~~~~~~~~~~~~~~~~~~~~~~~~~~~~~~~~~ 08-31
16041484;18072061I;16125821;08070900213;10061983;26121777;245;421 ~~~~~~~~~~~~~~~~~~~~~~~~~~~~~~~~~~~~~~ 09-01
17041484;19072061I;17125821;09070900213;11061983;27121777;246;596;727;875;619 ~~~~~~~~~~~~~~~~~~~~~~~~~~ 09-02
18041484;20072061I;18125821;10070900213;12061983;28121777;247;429;637;728 ~~~~~~~~~~~~~~~~~~~~~~~~~~~~~~ 09-03
19041484;21072061I;19125821;11070900213;13061983;29121777;248;430;436;619 ~~~~~~~~~~~~~~~~~~~~~~~~~~~~~~ 09-04
20041484;22072061I;20125821;12070900213;14061983;30121777;249;434 ~~~~~~~~~~~~~~~~~~~~~~~~~~~~~~~~~~~~~~ 09-05
21041484;23072061I;21125821;13070900213;15061983;01131777;250;435;398;514;872;619 ~~~~~~~~~~~~~~~~~~~~~~ 09-06
22041484;24072061I;22125821;14070900213;16061983;02131777;251;871;619 ~~~~~~~~~~~~~~~~~~~~~~~~~~~~~~~~~~ 09-07
23041484;25072061I;23125821;15070900213;17061983;03131777;252;730;619 ~~~~~~~~~~~~~~~~~~~~~~~~~~~~~~~~~~ 09-08
24041484;26072061I;24125821;16070900213;18061983;04131777;253;503 ~~~~~~~~~~~~~~~~~~~~~~~~~~~~~~~~~~~~~~ 09-09
25041484;27072061I;25125821;17070900213;19061983;05131777;254;554;619 ~~~~~~~~~~~~~~~~~~~~~~~~~~~~~~~~~~ 09-10
26041484;28072061I;26125821;18070900213;20061983;01011778;255;455;845 ~~~~~~~~~~~~~~~~~~~~~~~~~~~~~~~~~~ 09-11
27041484;29072061I;27125821;19070900213;21061983;02011778;256;729;847;846;619 ~~~~~~~~~~~~~~~~~~~~~~~~~~ 09-12
28041484;30072061I;28125821;00080900213;22061983;03011778;257;726;380;619 ~~~~~~~~~~~~~~~~~~~~~~~~~~~~~~ 09-13
29041484;01082061I;29125821;01080900213;23061983;04011778;258;521;619 ~~~~~~~~~~~~~~~~~~~~~~~~~~~~~~~~~~ 09-14
01051484;02082061I;01215822;02080900213;24061983;05011778;259;733;521;619 ~~~~~~~~~~~~~~~~~~~~~~~~~~~~~~ 09-15
02051484;03082061I;02215822;03080900213;25061983;06011778;260;734;467;597;521;619 ~~~~~~~~~~~~~~~~~~~~~~ 09-16
03051484;04082061I;03215822;04080900213;26061983;07011778;261;735;399;550;848 ~~~~~~~~~~~~~~~~~~~~~~~~~~ 09-17
04051484;05082061I;04215822;05080900213;27061983;08011778;262;731;836;915;619 ~~~~~~~~~~~~~~~~~~~~~~~~~~ 09-18
05051484;06082061I;05215822;06080900213;28061983;09011778;263;848 ~~~~~~~~~~~~~~~~~~~~~~~~~~~~~~~~~~~~~~ 09-19
06051484;07082061I;06215822;07080900213;29061983;10011778;264;732;513;400;619 ~~~~~~~~~~~~~~~~~~~~~~~~~~ 09-20
07051484;08082061I;07215822;08080900213;30061983;11011778;265;397;462 ~~~~~~~~~~~~~~~~~~~~~~~~~~~~~~~~~~ 09-21
08051484;09082061I;08215822;09080900213;31061983;12011778;266;908;423;619 ~~~~~~~~~~~~~~~~~~~~~~~~~~~~~~ 09-22
09051484;10082061I;09215822;10080900213;01071983;13011778;267;738;463;400;619;848 ~~~~~~~~~~~~~~~~~~~~~~ 09-23
10051484;11082061I;10215822;11080900213;02071983;14011778;268;739;743;527;619 ~~~~~~~~~~~~~~~~~~~~~~~~~~ 09-24
11051484;12082061I;11215822;12080900213;03071983;15011778;269;740;417;903;848 ~~~~~~~~~~~~~~~~~~~~~~~~~~ 09-25
12051484;13082061I;12215822;13080900213;04071983;16011778;270;736;619 ~~~~~~~~~~~~~~~~~~~~~~~~~~~~~~~~~~ 09-26
13051484;14082061I;13215822;14080900213;05071983;17011778;271;737;848 ~~~~~~~~~~~~~~~~~~~~~~~~~~~~~~~~~~ 09-27
14051484;15082061I;14215822;15080900213;06071983;18011778;272;742;790;520;551;864;570;619 ~~~~~~~~~~~~~~ 09-28
15051484;16082061I;15215822;16080900213;07071983;19011778;273;741;790;389;390;534;541;907;949;523;400 ~~ 09-29
16051484;17082061I;16215822;17080900213;08071983;20011778;274;790;523;853;619 ~~~~~~~~~~~~~~~~~~~~~~~~~~ 09-30
17051484;18082061I;17215822;18080900213;09071983;21011778;275;637;790;523;853 ~~~~~~~~~~~~~~~~~~~~~~~~~~ 10-01
18051484;19082061I;18215822;19080900213;10071983;22011778;276;749;790;514;523;853;400;620 ~~~~~~~~~~~~~~ 10-02
19051484;20082061I;19215822;00090900213;11071983;23011778;277;744;790;523 ~~~~~~~~~~~~~~~~~~~~~~~~~~~~~~ 10-03
20051484;21082061I;20215822;01090900213;12071983;24011778;278;745;790;523;418;620 ~~~~~~~~~~~~~~~~~~~~~~ 10-04
21051484;22082061I;21215822;02090900213;13071983;25011778;279;746;398;523;400;620;848 ~~~~~~~~~~~~~~~~~~ 10-05
22051484;23082061I;22215822;03090900213;14071983;26011778;280;747;524;620 ~~~~~~~~~~~~~~~~~~~~~~~~~~~~~~ 10-06
23051484;24082061I;23215822;04090900213;15071983;27011778;281;748;525;848 ~~~~~~~~~~~~~~~~~~~~~~~~~~~~~~ 10-07
24051484;25082061I;24215822;05090900213;16071983;28011778;282;754;400;620 ~~~~~~~~~~~~~~~~~~~~~~~~~~~~~~ 10-08
25051484;26082061I;25215822;06090900213;17071983;29011778;283;750;401;869;848 ~~~~~~~~~~~~~~~~~~~~~~~~~~ 10-09
26051484;27082061I;26215822;07090900213;18071983;30011778;284;751;367;620 ~~~~~~~~~~~~~~~~~~~~~~~~~~~~~~ 10-10
27051484;28082061I;27215822;08090900213;19071983;01021778;285;791;368;620;848 ~~~~~~~~~~~~~~~~~~~~~~~~~~ 10-11
28051484;29082061I;28215822;09090900213;20071983;02021778;286;752;433;620 ~~~~~~~~~~~~~~~~~~~~~~~~~~~~~~ 10-12
29051484;01092061I;29215822;10090900213;21071983;03021778;287;753;380;411;920;932;950;620;574 ~~~~~~~~~~ 10-13
30051484;02092061I;30215822;11090900213;22071983;04021778;288;895;620 ~~~~~~~~~~~~~~~~~~~~~~~~~~~~~~~~~~ 10-14
01061484;03092061I;01225822;12090900213;23071983;05021778;289;758 ~~~~~~~~~~~~~~~~~~~~~~~~~~~~~~~~~~~~~~ 10-15
02061484;04092061I;02225822;13090900213;24071983;06021778;290;437;620 ~~~~~~~~~~~~~~~~~~~~~~~~~~~~~~~~~~ 10-16
03061484;05092061I;03225822;14090900213;25071983;07021778;291;755;866 ~~~~~~~~~~~~~~~~~~~~~~~~~~~~~~~~~~ 10-17
04061484;06092061I;04225822;15090900213;26071983;08021778;292;756;513;620 ~~~~~~~~~~~~~~~~~~~~~~~~~~~~~~ 10-18
05061484;07092061I;05225822;16090900213;27071983;09021778;293;757;918 ~~~~~~~~~~~~~~~~~~~~~~~~~~~~~~~~~~ 10-19
06061484;08092061I;06225822;17090900213;28071983;10021778;294;631;919;784;620 ~~~~~~~~~~~~~~~~~~~~~~~~~~ 10-20
07061484;09092061I;07225822;18090900213;29071983;11021778;295;397;369;563;785 ~~~~~~~~~~~~~~~~~~~~~~~~~~ 10-21
08061484;10092061I;08225822;19090900213;30071983;12021778;296;759;548;885;786;418;620 ~~~~~~~~~~~~~~~~~~ 10-22
09061484;11092061I;09225822;00100900213;01081983;13021778;297;549;560;787 ~~~~~~~~~~~~~~~~~~~~~~~~~~~~~~ 10-23
10061484;12092061I;10225822;01100900213;02081983;14021778;298;371;620 ~~~~~~~~~~~~~~~~~~~~~~~~~~~~~~~~~~ 10-24
11061484;13092061I;11225822;02100900213;03081983;15021778;299;899;620 ~~~~~~~~~~~~~~~~~~~~~~~~~~~~~~~~~~ 10-25
12061484;14092061I;12225822;03100900213;04081983;16021778;300;620 ~~~~~~~~~~~~~~~~~~~~~~~~~~~~~~~~~~~~~~ 10-26
13061484;15092061I;13225822;04100900213;05081983;17021778;301;431;620 ~~~~~~~~~~~~~~~~~~~~~~~~~~~~~~~~~~ 10-27
14061484;16092061I;14225822;05100900213;06081983;18021778;302;596;849;391;532;882;922;620 ~~~~~~~~~~~~~~ 10-28
15061484;17092061I;15225822;06100900213;07081983;19021778;303 ~~~~~~~~~~~~~~~~~~~~~~~~~~~~~~~~~~~~~~~~~~ 10-29
16061484;18092061I;16225822;07100900213;08081983;20021778;304;514;620 ~~~~~~~~~~~~~~~~~~~~~~~~~~~~~~~~~~ 10-30
17061484;19092061I;17225822;08100900213;09081983;21021778;305;881;421 ~~~~~~~~~~~~~~~~~~~~~~~~~~~~~~~~~~ 10-31
18061484;20092061I;18225822;09100900213;10081983;22021778;306;621 ~~~~~~~~~~~~~~~~~~~~~~~~~~~~~~~~~~~~~~ 11-01
19061484;21092061I;19225822;10100900213;11081983;23021778;307;761 ~~~~~~~~~~~~~~~~~~~~~~~~~~~~~~~~~~~~~~ 11-02
20061484;22092061I;20225822;11100900213;12081983;24021778;308;762;412;621 ~~~~~~~~~~~~~~~~~~~~~~~~~~~~~~ 11-03
21061484;23092061I;21225822;12100900213;13081983;25021778;309;398;499 ~~~~~~~~~~~~~~~~~~~~~~~~~~~~~~~~~~ 11-04
22061484;24092061I;22225822;13100900213;14081983;26021778;310;637;763;621 ~~~~~~~~~~~~~~~~~~~~~~~~~~~~~~ 11-05
23061484;25092061I;23225822;14100900213;15081983;27021778;311 ~~~~~~~~~~~~~~~~~~~~~~~~~~~~~~~~~~~~~~~~~~ 11-06
24061484;26092061I;24225822;15100900213;16081983;28021778;312;760;911;375;621 ~~~~~~~~~~~~~~~~~~~~~~~~~~ 11-07
25061484;27092061I;25225822;16100900213;17081983;29021778;313;376;558 ~~~~~~~~~~~~~~~~~~~~~~~~~~~~~~~~~~ 11-08
26061484;28092061I;26225822;17100900213;18081983;30021778;314;779;784;621 ~~~~~~~~~~~~~~~~~~~~~~~~~~~~~~ 11-09
27061484;29092061I;27225822;18100900213;19081983;01031778;315;764;780;785;412 ~~~~~~~~~~~~~~~~~~~~~~~~~~ 11-10
28061484;30092061I;28225822;19100900213;20081983;02031778;316;380;781;786;893;621 ~~~~~~~~~~~~~~~~~~~~~~ 11-11
29061484;01102061I;29225822;00110900213;21081983;03031778;317;782;787 ~~~~~~~~~~~~~~~~~~~~~~~~~~~~~~~~~~ 11-12
01071484;02102061I;30225822;01110900213;22081983;04031778;318;535;783;788;621 ~~~~~~~~~~~~~~~~~~~~~~~~~~ 11-13
02071484;03102061I;01235822;02110900213;23081983;05031778;319 ~~~~~~~~~~~~~~~~~~~~~~~~~~~~~~~~~~~~~~~~~~ 11-14
03071484;04102061I;02235822;03110900213;24081983;06031778;320;513;621 ~~~~~~~~~~~~~~~~~~~~~~~~~~~~~~~~~~ 11-15
04071484;05102061I;03235822;04110900213;25081983;07031778;321 ~~~~~~~~~~~~~~~~~~~~~~~~~~~~~~~~~~~~~~~~~~ 11-16
05071484;06102061I;04235822;05110900213;26081983;08031778;322;766;621 ~~~~~~~~~~~~~~~~~~~~~~~~~~~~~~~~~~ 11-17
06071484;07102061I;05235822;06110900213;27081983;09031778;323;596;543 ~~~~~~~~~~~~~~~~~~~~~~~~~~~~~~~~~~ 11-18
07071484;08102061I;06235822;07110900213;28081983;10031778;324;767;793;621 ~~~~~~~~~~~~~~~~~~~~~~~~~~~~~~ 11-19
08071484;09102061I;07235822;08110900213;29081983;11031778;325;765;397 ~~~~~~~~~~~~~~~~~~~~~~~~~~~~~~~~~~ 11-20
09071484;10102061I;08235822;09110900213;30081983;12031778;326;621 ~~~~~~~~~~~~~~~~~~~~~~~~~~~~~~~~~~~~~~ 11-21
10071484;11102061I;09235822;10110900213;01091983;13031778;327;879;788 ~~~~~~~~~~~~~~~~~~~~~~~~~~~~~~~~~~ 11-22
11071484;12102061I;10235822;11110900213;02091983;14031778;328;769;547;621 ~~~~~~~~~~~~~~~~~~~~~~~~~~~~~~ 11-23
12071484;13102061I;11235822;12110900213;03091983;15031778;329;440;408;934 ~~~~~~~~~~~~~~~~~~~~~~~~~~~~~~ 11-24
13071484;14102061I;12235822;13110900213;04091983;16031778;330;441;432;865;621 ~~~~~~~~~~~~~~~~~~~~~~~~~~ 11-25
14071484;15102061I;13235822;14110900213;05091983;17031778;331;770;768;392 ~~~~~~~~~~~~~~~~~~~~~~~~~~~~~~ 11-26
15071484;16102061I;14235822;15110900213;06091983;18031778;332;514;880;589;418;621 ~~~~~~~~~~~~~~~~~~~~~~ 11-27
16071484;17102061I;15235822;16110900213;07091983;19031778;333;442;369 ~~~~~~~~~~~~~~~~~~~~~~~~~~~~~~~~~~ 11-28
17071484;18102061I;16235822;17110900213;08091983;20031778;334;771;621 ~~~~~~~~~~~~~~~~~~~~~~~~~~~~~~~~~~ 11-29
18071484;19102061I;17235822;18110900213;09091983;21031778;335;772 ~~~~~~~~~~~~~~~~~~~~~~~~~~~~~~~~~~~~~~ 11-30
19071484;20102061I;18235822;19110900213;10091983;22031778;336;622 ~~~~~~~~~~~~~~~~~~~~~~~~~~~~~~~~~~~~~~ 12-01
20071484;21102061I;19235822;00120900213;11091983;23031778;337;774;370 ~~~~~~~~~~~~~~~~~~~~~~~~~~~~~~~~~~ 12-02
21071484;22102061I;20235822;01120900213;12091983;24031778;338;637;775;398;876;622 ~~~~~~~~~~~~~~~~~~~~~~ 12-03
22071484;23102061I;21235822;02120900213;13091983;25031778;339;590 ~~~~~~~~~~~~~~~~~~~~~~~~~~~~~~~~~~~~~~ 12-04
23071484;24102061I;22235822;03120900213;14091983;26031778;340;422;622 ~~~~~~~~~~~~~~~~~~~~~~~~~~~~~~~~~~ 12-05
24071484;25102061I;23235822;04120900213;15091983;27031778;341;773;418 ~~~~~~~~~~~~~~~~~~~~~~~~~~~~~~~~~~ 12-06
25071484;26102061I;24235822;05120900213;16091983;28031778;342;402;936;622 ~~~~~~~~~~~~~~~~~~~~~~~~~~~~~~ 12-07
26071484;27102061I;25235822;06120900213;17091983;29031778;343;516;412 ~~~~~~~~~~~~~~~~~~~~~~~~~~~~~~~~~~ 12-08
27071484;28102061I;26235822;07120900213;18091983;30031778;344;509;516;622 ~~~~~~~~~~~~~~~~~~~~~~~~~~~~~~ 12-09
28071484;29102061I;27235822;08120900213;19091983;01041778;345;776;516 ~~~~~~~~~~~~~~~~~~~~~~~~~~~~~~~~~~ 12-10
29071484;30102061I;28235822;09120900213;20091983;02041778;346;777;380;591;516;403;622 ~~~~~~~~~~~~~~~~~~ 12-11
30071484;01112061I;29235822;10120900213;21091983;03041778;347;513;516 ~~~~~~~~~~~~~~~~~~~~~~~~~~~~~~~~~~ 12-12
01081484;02112061I;30235822;11120900213;22091983;04041778;348;453;622 ~~~~~~~~~~~~~~~~~~~~~~~~~~~~~~~~~~ 12-13
02081484;03112061I;01245822;12120900213;23091983;05041778;349;516 ~~~~~~~~~~~~~~~~~~~~~~~~~~~~~~~~~~~~~~ 12-14
03081484;04112061I;02245822;13120900213;24091983;06041778;350;516;403;622 ~~~~~~~~~~~~~~~~~~~~~~~~~~~~~~ 12-15
04081484;05112061I;03245822;14120900213;25091983;07041778;351;778;516 ~~~~~~~~~~~~~~~~~~~~~~~~~~~~~~~~~~ 12-16
05081484;06112061I;04245822;15120900213;26091983;08041778;352;825;944;622 ~~~~~~~~~~~~~~~~~~~~~~~~~~~~~~ 12-17
06081484;07112061I;05245822;16120900213;27091983;09041778;353;592 ~~~~~~~~~~~~~~~~~~~~~~~~~~~~~~~~~~~~~~ 12-18
07081484;08112061I;06245822;17120900213;28091983;10041778;354;397;861;622 ~~~~~~~~~~~~~~~~~~~~~~~~~~~~~~ 12-19
08081484;09112061I;07245822;18120900213;29091983;11041778;355;371;859;466 ~~~~~~~~~~~~~~~~~~~~~~~~~~~~~~ 12-20
09081484;10112061I;08245822;19120900213;30091983;12041778;356;426;622 ~~~~~~~~~~~~~~~~~~~~~~~~~~~~~~~~~~ 12-21
10081484;11112061I;09245822;00130900213;01101983;13041778;357;465 ~~~~~~~~~~~~~~~~~~~~~~~~~~~~~~~~~~~~~~ 12-22
11081484;12112061I;10245822;01130900213;02101983;14041778;358;557;890;403;622 ~~~~~~~~~~~~~~~~~~~~~~~~~~ 12-23
12081484;13112061I;11245822;02130900213;03101983;15041778;359;409 ~~~~~~~~~~~~~~~~~~~~~~~~~~~~~~~~~~~~~~ 12-24
13081484;14112061I;12245822;03130900213;04101983;16041778;360;622 ~~~~~~~~~~~~~~~~~~~~~~~~~~~~~~~~~~~~~~ 12-25
14081484;15112061I;13245822;04130900213;05101983;17041778;361;395;514;545;887;512 ~~~~~~~~~~~~~~~~~~~~~~ 12-26
15081484;16112061I;14245822;05130900213;06101983;18041778;362;622 ~~~~~~~~~~~~~~~~~~~~~~~~~~~~~~~~~~~~~~ 12-27
16081484;17112061I;15245822;06130900213;07101983;19041778;363 ~~~~~~~~~~~~~~~~~~~~~~~~~~~~~~~~~~~~~~~~~~ 12-28
17081484;18112061I;16245822;07130900213;08101983;20041778;364;436;412;622 ~~~~~~~~~~~~~~~~~~~~~~~~~~~~~~ 12-29
18081484;19112061I;17245822;08130900213;09101983;21041778;365 ~~~~~~~~~~~~~~~~~~~~~~~~~~~~~~~~~~~~~~~~~~ 12-30
19081484;20112061I;18245822;09130900213;10101983;22041778;366;622 ~~~~~~~~~~~~~~~~~~~~~~~~~~~~~~~~~~~~~~ 12-31
