25081518;25112094p;25245855;01040300413;11102016;23041811;001;637;611 ~~~~~~~~~~~~~~~~~~~~~~~~~~~~~~~~~~ 01-01
26081518;26112094p;26245855;02040300413;12102016;24041811;002;917 ~~~~~~~~~~~~~~~~~~~~~~~~~~~~~~~~~~~~~~ 01-02
27081518;27112094p;27245855;03040300413;13102016;25041811;003;611 ~~~~~~~~~~~~~~~~~~~~~~~~~~~~~~~~~~~~~~ 01-03
28081518;28112094p;28245855;04040300413;14102016;26041811;004;372;399 ~~~~~~~~~~~~~~~~~~~~~~~~~~~~~~~~~~ 01-04
29081518;29112094p;29245855;05040300413;15102016;27041811;005;611 ~~~~~~~~~~~~~~~~~~~~~~~~~~~~~~~~~~~~~~ 01-05
01091518;01122094p;01255855;06040300413;16102016;28041811;006;380;504 ~~~~~~~~~~~~~~~~~~~~~~~~~~~~~~~~~~ 01-06
02091518;02122094p;02255855;07040300413;17102016;29041811;007;433;400;611 ~~~~~~~~~~~~~~~~~~~~~~~~~~~~~~ 01-07
03091518;03122094p;03255855;08040300413;18102016;30041811;008;626;412 ~~~~~~~~~~~~~~~~~~~~~~~~~~~~~~~~~~ 01-08
04091518;04122094p;04255855;09040300413;19102016;01051811;009;627;514;611 ~~~~~~~~~~~~~~~~~~~~~~~~~~~~~~ 01-09
05091518;05122094p;05255855;10040300413;20102016;02051811;010;628;422;400;418 ~~~~~~~~~~~~~~~~~~~~~~~~~~ 01-10
06091518;06122094p;06255855;11040300413;21102016;03051811;011;629;611 ~~~~~~~~~~~~~~~~~~~~~~~~~~~~~~~~~~ 01-11
07091518;07122094p;07255855;12040300413;22102016;04051811;012;397 ~~~~~~~~~~~~~~~~~~~~~~~~~~~~~~~~~~~~~~ 01-12
08091518;08122094p;08255855;13040300413;23102016;05051811;013;611 ~~~~~~~~~~~~~~~~~~~~~~~~~~~~~~~~~~~~~~ 01-13
09091518;09122094p;09255855;14040300413;24102016;06051811;014 ~~~~~~~~~~~~~~~~~~~~~~~~~~~~~~~~~~~~~~~~~~ 01-14
10091518;10122094p;10255855;15040300413;25102016;07051811;015;630;611 ~~~~~~~~~~~~~~~~~~~~~~~~~~~~~~~~~~ 01-15
11091518;11122094p;11255855;16040300413;26102016;08051811;016;625;905;400;505 ~~~~~~~~~~~~~~~~~~~~~~~~~~ 01-16
12091518;12122094p;12255855;17040300413;27102016;09051811;017;492;611 ~~~~~~~~~~~~~~~~~~~~~~~~~~~~~~~~~~ 01-17
13091518;13122094p;13255855;18040300413;28102016;10051811;018 ~~~~~~~~~~~~~~~~~~~~~~~~~~~~~~~~~~~~~~~~~~ 01-18
14091518;14122094p;14255855;19040300413;29102016;11051811;019;400;611 ~~~~~~~~~~~~~~~~~~~~~~~~~~~~~~~~~~ 01-19
15091518;15122094p;15255855;00050300413;30102016;12051811;020;631;381;904;505 ~~~~~~~~~~~~~~~~~~~~~~~~~~ 01-20
16091518;16122094p;16255855;01050300413;01112016;13051811;021;611 ~~~~~~~~~~~~~~~~~~~~~~~~~~~~~~~~~~~~~~ 01-21
17091518;17122094p;17255855;02050300413;02112016;14051811;022;400;505 ~~~~~~~~~~~~~~~~~~~~~~~~~~~~~~~~~~ 01-22
18091518;18122094p;18255855;03050300413;03112016;15051811;023;611 ~~~~~~~~~~~~~~~~~~~~~~~~~~~~~~~~~~~~~~ 01-23
19091518;19122094p;19255855;04050300413;04112016;16051811;024;401;916 ~~~~~~~~~~~~~~~~~~~~~~~~~~~~~~~~~~ 01-24
20091518;20122094p;20255855;05050300413;05112016;17051811;025;513;580;611 ~~~~~~~~~~~~~~~~~~~~~~~~~~~~~~ 01-25
21091518;21122094p;21255855;06050300413;06112016;18051811;026;632 ~~~~~~~~~~~~~~~~~~~~~~~~~~~~~~~~~~~~~~ 01-26
22091518;22122094p;22255855;07050300413;07112016;19051811;027;611 ~~~~~~~~~~~~~~~~~~~~~~~~~~~~~~~~~~~~~~ 01-27
23091518;23122094p;23255855;08050300413;08112016;20051811;028;596;633;398 ~~~~~~~~~~~~~~~~~~~~~~~~~~~~~~ 01-28
24091518;24122094p;24255855;09050300413;09112016;21051811;029;634;611 ~~~~~~~~~~~~~~~~~~~~~~~~~~~~~~~~~~ 01-29
25091518;25122094p;25255855;10050300413;10112016;22051811;030;635;505 ~~~~~~~~~~~~~~~~~~~~~~~~~~~~~~~~~~ 01-30
26091518;26122094p;26255855;11050300413;11112016;23051811;031;636;611 ~~~~~~~~~~~~~~~~~~~~~~~~~~~~~~~~~~ 01-31
27091518;27122094p;27255855;11050300413;12112016;24051811;032;923;508 ~~~~~~~~~~~~~~~~~~~~~~~~~~~~~~~~~~ 02-01
28091518;28122094p;28255855;12050300413;13112016;25051811;033;612 ~~~~~~~~~~~~~~~~~~~~~~~~~~~~~~~~~~~~~~ 02-02
29091518;29122094p;29255855;13050300413;14112016;26051811;034;638 ~~~~~~~~~~~~~~~~~~~~~~~~~~~~~~~~~~~~~~ 02-03
30091518;30122094p;30255855;14050300413;15112016;27051811;035;639;380;507;888;506;612 ~~~~~~~~~~~~~~~~~~ 02-04
01101518;01012095q;01265855;15050300413;16112016;28051811;036;637;640;437;502;479;490;412 ~~~~~~~~~~~~~~ 02-05
02101518;02012095q;02265855;16050300413;17112016;29051811;037;514;861;566;479;490;612 ~~~~~~~~~~~~~~~~~~ 02-06
03101518;03012095q;03265855;17050300413;18112016;30051811;038;566 ~~~~~~~~~~~~~~~~~~~~~~~~~~~~~~~~~~~~~~ 02-07
04101518;04012095q;04265855;18050300413;19112016;01061811;039;566;612 ~~~~~~~~~~~~~~~~~~~~~~~~~~~~~~~~~~ 02-08
05101518;05012095q;05265855;19050300413;20112016;02061811;040;940;566 ~~~~~~~~~~~~~~~~~~~~~~~~~~~~~~~~~~ 02-09
06101518;06012095q;06265855;00060300413;21112016;03061811;041;642;914;612 ~~~~~~~~~~~~~~~~~~~~~~~~~~~~~~ 02-10
07101518;07012095q;07265855;01060300413;22112016;04061811;042;397;536 ~~~~~~~~~~~~~~~~~~~~~~~~~~~~~~~~~~ 02-11
08101518;08012095q;08265855;02060300413;23112016;05061811;043;643;612 ~~~~~~~~~~~~~~~~~~~~~~~~~~~~~~~~~~ 02-12
09101518;09012095q;09265855;03060300413;24112016;06061811;044;581 ~~~~~~~~~~~~~~~~~~~~~~~~~~~~~~~~~~~~~~ 02-13
10101518;10012095q;10265855;04060300413;25112016;07061811;045;641;873;375;612 ~~~~~~~~~~~~~~~~~~~~~~~~~~ 02-14
11101518;11012095q;11265855;05060300413;26112016;08061811;046;836 ~~~~~~~~~~~~~~~~~~~~~~~~~~~~~~~~~~~~~~ 02-15
12101518;12012095q;12265855;06060300413;27112016;09061811;047;612 ~~~~~~~~~~~~~~~~~~~~~~~~~~~~~~~~~~~~~~ 02-16
13101518;13012095q;13265855;07060300413;28112016;10061811;048;644;854 ~~~~~~~~~~~~~~~~~~~~~~~~~~~~~~~~~~ 02-17
14101518;14012095q;14265855;08060300413;29112016;11061811;049;645;382;854;612 ~~~~~~~~~~~~~~~~~~~~~~~~~~ 02-18
15101518;15012095q;15265855;09060300413;30112016;12061811;050;884 ~~~~~~~~~~~~~~~~~~~~~~~~~~~~~~~~~~~~~~ 02-19
16101518;16012095q;16265855;10060300413;01122016;13061811;051;432;612 ~~~~~~~~~~~~~~~~~~~~~~~~~~~~~~~~~~ 02-20
17101518;17012095q;17265855;11060300413;02122016;14061811;052;450;513 ~~~~~~~~~~~~~~~~~~~~~~~~~~~~~~~~~~ 02-21
18101518;18012095q;18265855;12060300413;03122016;15061811;053;646;612 ~~~~~~~~~~~~~~~~~~~~~~~~~~~~~~~~~~ 02-22
19101518;19012095q;19265855;13060300413;04122016;16061811;054;453 ~~~~~~~~~~~~~~~~~~~~~~~~~~~~~~~~~~~~~~ 02-23
20101518;20012095q;20265855;14060300413;05122016;17061811;055;647;648;418;612 ~~~~~~~~~~~~~~~~~~~~~~~~~~ 02-24
21101518;21012095q;21265855;15060300413;06122016;18061811;056;649;375 ~~~~~~~~~~~~~~~~~~~~~~~~~~~~~~~~~~ 02-25
22101518;22012095q;22265855;16060300413;07122016;19061811;057;612 ~~~~~~~~~~~~~~~~~~~~~~~~~~~~~~~~~~~~~~ 02-26
23101518;23012095q;23265855;17060300413;08122016;20061811;058;398 ~~~~~~~~~~~~~~~~~~~~~~~~~~~~~~~~~~~~~~ 02-27
24101518;24012095q;24265855;18060300413;09122016;21061811;059;650;612 ~~~~~~~~~~~~~~~~~~~~~~~~~~~~~~~~~~ 02-28
25101518;25012095q;25265855;02070300413;10122016;22061811;061 ~~~~~~~~~~~~~~~~~~~~~~~~~~~~~~~~~~~~~~~~~~ 03-01
26101518;26012095q;26265855;03070300413;11122016;23061811;062;943;613 ~~~~~~~~~~~~~~~~~~~~~~~~~~~~~~~~~~ 03-02
27101518;27012095q;27265855;04070300413;12122016;24061811;063;653;613 ~~~~~~~~~~~~~~~~~~~~~~~~~~~~~~~~~~ 03-03
28101518;28012095q;28265855;05070300413;13122016;25061811;064;654;886;613 ~~~~~~~~~~~~~~~~~~~~~~~~~~~~~~ 03-04
29101518;29012095q;29265855;06070300413;14122016;26061811;065;637;380;412;418;613 ~~~~~~~~~~~~~~~~~~~~~~ 03-05
01111518;01022095q;30265855;07070300413;15122016;27061811;066;655;514;613 ~~~~~~~~~~~~~~~~~~~~~~~~~~~~~~ 03-06
02111518;02022095q;01275855;08070300413;16122016;28061811;067 ~~~~~~~~~~~~~~~~~~~~~~~~~~~~~~~~~~~~~~~~~~ 03-07
03111518;03022095q;02275855;09070300413;17122016;29061811;068;443;613 ~~~~~~~~~~~~~~~~~~~~~~~~~~~~~~~~~~ 03-08
04111518;04022095q;03275855;10070300413;18122016;30061811;069;444 ~~~~~~~~~~~~~~~~~~~~~~~~~~~~~~~~~~~~~~ 03-09
05111518;05022095q;04275855;11070300413;19122016;01071811;070;656;613 ~~~~~~~~~~~~~~~~~~~~~~~~~~~~~~~~~~ 03-10
06111518;06022095q;05275855;12070300413;20122016;02071811;071 ~~~~~~~~~~~~~~~~~~~~~~~~~~~~~~~~~~~~~~~~~~ 03-11
07111518;07022095q;06275855;13070300413;21122016;03071811;072;397;412;613 ~~~~~~~~~~~~~~~~~~~~~~~~~~~~~~ 03-12
08111518;08022095q;07275855;14070300413;22122016;04071811;073;613 ~~~~~~~~~~~~~~~~~~~~~~~~~~~~~~~~~~~~~~ 03-13
09111518;09022095q;08275855;15070300413;23122016;05071811;074;613 ~~~~~~~~~~~~~~~~~~~~~~~~~~~~~~~~~~~~~~ 03-14
10111518;10022095q;09275855;16070300413;24122016;06071811;075;657;613 ~~~~~~~~~~~~~~~~~~~~~~~~~~~~~~~~~~ 03-15
11111518;11022095q;10275855;17070300413;25122016;07071811;076;517;829;613 ~~~~~~~~~~~~~~~~~~~~~~~~~~~~~~ 03-16
12111518;12022095q;11275855;18070300413;26122016;08071811;077;658 ~~~~~~~~~~~~~~~~~~~~~~~~~~~~~~~~~~~~~~ 03-17
13111518;13022095q;12275855;19070300413;27122016;09071811;078;613 ~~~~~~~~~~~~~~~~~~~~~~~~~~~~~~~~~~~~~~ 03-18
14111518;14022095q;13275855;00080300413;28122016;10071811;079;466;412;613 ~~~~~~~~~~~~~~~~~~~~~~~~~~~~~~ 03-19
15111518;15022095q;14275855;01080300413;29122016;11071811;080;383;513;544;623;906;424;519;613 ~~~~~~~~~~ 03-20
16111518;16022095q;15275855;02080300413;30122016;12071811;081;598;459;613 ~~~~~~~~~~~~~~~~~~~~~~~~~~~~~~ 03-21
17111518;17022095q;16275855;03080300413;01012017;13071811;082;659;562;830;831;851;613 ~~~~~~~~~~~~~~~~~~ 03-22
18111518;18022095q;17275855;04080300413;02012017;14071811;083;562;418 ~~~~~~~~~~~~~~~~~~~~~~~~~~~~~~~~~~ 03-23
19111518;19022095q;18275855;05080300413;03012017;15071811;084;562;806;613 ~~~~~~~~~~~~~~~~~~~~~~~~~~~~~~ 03-24
20111518;20022095q;19275855;06080300413;04012017;16071811;085 ~~~~~~~~~~~~~~~~~~~~~~~~~~~~~~~~~~~~~~~~~~ 03-25
21111518;21022095q;20275855;07080300413;05012017;17071811;086;613 ~~~~~~~~~~~~~~~~~~~~~~~~~~~~~~~~~~~~~~ 03-26
22111518;22022095q;21275855;08080300413;06012017;18071811;087;613 ~~~~~~~~~~~~~~~~~~~~~~~~~~~~~~~~~~~~~~ 03-27
23111518;23022095q;22275855;09080300413;07012017;19071811;088;398;613 ~~~~~~~~~~~~~~~~~~~~~~~~~~~~~~~~~~ 03-28
24111518;24022095q;23275855;10080300413;08012017;20071811;089;652;533;924;613 ~~~~~~~~~~~~~~~~~~~~~~~~~~ 03-29
25111518;25022095q;24275855;11080300413;09012017;21071811;090;660;852;613 ~~~~~~~~~~~~~~~~~~~~~~~~~~~~~~ 03-30
26111518;26022095q;25275855;12080300413;10012017;22071811;091 ~~~~~~~~~~~~~~~~~~~~~~~~~~~~~~~~~~~~~~~~~~ 03-31
27111518;27022095q;26275855;13080300413;11012017;23071811;092;900;418;614 ~~~~~~~~~~~~~~~~~~~~~~~~~~~~~~ 04-01
28111518;28022095q;27275855;14080300413;12012017;24071811;093;637;661;412 ~~~~~~~~~~~~~~~~~~~~~~~~~~~~~~ 04-02
29111518;29022095q;28275855;15080300413;13012017;25071811;094;662;614 ~~~~~~~~~~~~~~~~~~~~~~~~~~~~~~~~~~ 04-03
30111518;30022095q;29275855;16080300413;14012017;26071811;095;651;380;514;928;571 ~~~~~~~~~~~~~~~~~~~~~~ 04-04
01121518;01032095q;01285855;17080300413;15012017;27071811;096;433;651;538;559;935;614 ~~~~~~~~~~~~~~~~~~ 04-05
02121518;02032095q;02285855;18080300413;16012017;28071811;097;663;800;651 ~~~~~~~~~~~~~~~~~~~~~~~~~~~~~~ 04-06
03121518;03032095q;03285855;19080300413;17012017;29071811;098;555;577;651;614 ~~~~~~~~~~~~~~~~~~~~~~~~~~ 04-07
04121518;04032095q;04285855;00090300413;18012017;30071811;099;596;596;651;614 ~~~~~~~~~~~~~~~~~~~~~~~~~~ 04-08
05121518;05032095q;05285855;01090300413;19012017;01081811;100;868;412;651;614 ~~~~~~~~~~~~~~~~~~~~~~~~~~ 04-09
06121518;06032095q;06285855;02090300413;20012017;02081811;101;945;418 ~~~~~~~~~~~~~~~~~~~~~~~~~~~~~~~~~~ 04-10
07121518;07032095q;07285855;03090300413;21012017;03081811;102;397;614 ~~~~~~~~~~~~~~~~~~~~~~~~~~~~~~~~~~ 04-11
08121518;08032095q;08285855;04090300413;22012017;04081811;103;913;614 ~~~~~~~~~~~~~~~~~~~~~~~~~~~~~~~~~~ 04-12
09121518;09032095q;09285855;05090300413;23012017;05081811;104;818;912;933;501;614 ~~~~~~~~~~~~~~~~~~~~~~ 04-13
10121518;10032095q;10285855;06090300413;24012017;06081811;105;500 ~~~~~~~~~~~~~~~~~~~~~~~~~~~~~~~~~~~~~~ 04-14
11121518;11032095q;11285855;07090300413;25012017;07081811;106;665;413;877;500;614 ~~~~~~~~~~~~~~~~~~~~~~ 04-15
12121518;12032095q;12285855;08090300413;26012017;08081811;107;666;513;817;614 ~~~~~~~~~~~~~~~~~~~~~~~~~~ 04-16
13121518;13032095q;13285855;09090300413;27012017;09081811;108;493;436;500;614 ~~~~~~~~~~~~~~~~~~~~~~~~~~ 04-17
14121518;14032095q;14285855;10090300413;28012017;10081811;109;794;819;500 ~~~~~~~~~~~~~~~~~~~~~~~~~~~~~~ 04-18
15121518;15032095q;15285855;11090300413;29012017;11081811;110;384;539;575;515;418;614 ~~~~~~~~~~~~~~~~~~ 04-19
16121518;16032095q;16285855;12090300413;30012017;12081811;111 ~~~~~~~~~~~~~~~~~~~~~~~~~~~~~~~~~~~~~~~~~~ 04-20
17121518;17032095q;17285855;13090300413;01022017;13081811;112;631;664;405;614 ~~~~~~~~~~~~~~~~~~~~~~~~~~ 04-21
18121518;18032095q;18285855;14090300413;02022017;14081811;113;445;841;614 ~~~~~~~~~~~~~~~~~~~~~~~~~~~~~~ 04-22
19121518;19032095q;19285855;15090300413;03022017;15081811;114;446;801;614 ~~~~~~~~~~~~~~~~~~~~~~~~~~~~~~ 04-23
20121518;20032095q;20285855;16090300413;04022017;16081811;115;447;669 ~~~~~~~~~~~~~~~~~~~~~~~~~~~~~~~~~~ 04-24
21121518;21032095q;21285855;17090300413;05022017;17081811;116;448;614 ~~~~~~~~~~~~~~~~~~~~~~~~~~~~~~~~~~ 04-25
22121518;22032095q;22285855;18090300413;06022017;18081811;117;406 ~~~~~~~~~~~~~~~~~~~~~~~~~~~~~~~~~~~~~~ 04-26
23121518;23032095q;23285855;19090300413;07022017;19081811;118;670;398;614 ~~~~~~~~~~~~~~~~~~~~~~~~~~~~~~ 04-27
24121518;24032095q;24285855;00100300413;08022017;20081811;119;667;399;842 ~~~~~~~~~~~~~~~~~~~~~~~~~~~~~~ 04-28
25121518;25032095q;25285855;01100300413;09022017;21081811;120;671;614 ~~~~~~~~~~~~~~~~~~~~~~~~~~~~~~~~~~ 04-29
26121518;26032095q;26285855;02100300413;10022017;22081811;121;668;939 ~~~~~~~~~~~~~~~~~~~~~~~~~~~~~~~~~~ 04-30
27121518;27032095q;27285855;03100300413;11022017;23081811;122;673;526;624;400;406;615 ~~~~~~~~~~~~~~~~~~ 05-01
28121518;28032095q;28285855;04100300413;12022017;24081811;123;674;514;624;375 ~~~~~~~~~~~~~~~~~~~~~~~~~~ 05-02
29121518;29032095q;29285855;05100300413;13022017;25081811;124;675;380;624;615 ~~~~~~~~~~~~~~~~~~~~~~~~~~ 05-03
30121518;01042095q;30285855;06100300413;14022017;26081811;125;676;376;624;400 ~~~~~~~~~~~~~~~~~~~~~~~~~~ 05-04
01011519;02042095q;01295855;07100300413;15022017;27081811;126;677;495;624;615 ~~~~~~~~~~~~~~~~~~~~~~~~~~ 05-05
02011519;03042095q;02295855;08100300413;16022017;28081811;127;679;678;510;902;624;406 ~~~~~~~~~~~~~~~~~~ 05-06
03011519;04042095q;03295855;09100300413;17022017;29081811;128;637;672;680;624;400;418;615 ~~~~~~~~~~~~~~ 05-07
04011519;05042095q;04295855;10100300413;18022017;30081811;129;451;528 ~~~~~~~~~~~~~~~~~~~~~~~~~~~~~~~~~~ 05-08
05011519;06042095q;05295855;11100300413;19022017;01091811;130;682;529;615 ~~~~~~~~~~~~~~~~~~~~~~~~~~~~~~ 05-09
06011519;07042095q;06295855;12100300413;20022017;02091811;131;397;553;400 ~~~~~~~~~~~~~~~~~~~~~~~~~~~~~~ 05-10
07011519;08042095q;07295855;13100300413;21022017;03091811;132;683;406;615 ~~~~~~~~~~~~~~~~~~~~~~~~~~~~~~ 05-11
08011519;09042095q;08295855;14100300413;22022017;04091811;133;927 ~~~~~~~~~~~~~~~~~~~~~~~~~~~~~~~~~~~~~~ 05-12
09011519;10042095q;09295855;15100300413;23022017;05091811;134;615 ~~~~~~~~~~~~~~~~~~~~~~~~~~~~~~~~~~~~~~ 05-13
10011519;11042095q;10295855;16100300413;24022017;06091811;135;681;419;513;866;498;568 ~~~~~~~~~~~~~~~~~~ 05-14
11011519;12042095q;11295855;17100300413;25022017;07091811;136;684;889;568;615 ~~~~~~~~~~~~~~~~~~~~~~~~~~ 05-15
12011519;13042095q;12295855;18100300413;26022017;08091811;137;400;406 ~~~~~~~~~~~~~~~~~~~~~~~~~~~~~~~~~~ 05-16
13011519;14042095q;13295855;19100300413;27022017;09091811;138;894;615 ~~~~~~~~~~~~~~~~~~~~~~~~~~~~~~~~~~ 05-17
14011519;15042095q;14295855;00110300413;28022017;10091811;139;685 ~~~~~~~~~~~~~~~~~~~~~~~~~~~~~~~~~~~~~~ 05-18
15011519;16042095q;15295855;01110300413;29022017;11091811;140;797;385;432;537;937;615 ~~~~~~~~~~~~~~~~~~ 05-19
16011519;17042095q;16295855;02110300413;30022017;12091811;141;686;892;573 ~~~~~~~~~~~~~~~~~~~~~~~~~~~~~~ 05-20
17011519;18042095q;17295855;03110300413;31022017;13091811;142;687;401;573;496;615 ~~~~~~~~~~~~~~~~~~~~~~ 05-21
18011519;19042095q;18295855;04110300413;01032017;14091811;143;518;573 ~~~~~~~~~~~~~~~~~~~~~~~~~~~~~~~~~~ 05-22
19011519;20042095q;19295855;05110300413;02032017;15091811;144;798;789;615 ~~~~~~~~~~~~~~~~~~~~~~~~~~~~~~ 05-23
20011519;21042095q;20295855;06110300413;03032017;16091811;145 ~~~~~~~~~~~~~~~~~~~~~~~~~~~~~~~~~~~~~~~~~~ 05-24
21011519;22042095q;21295855;07110300413;04032017;17091811;146;688;615 ~~~~~~~~~~~~~~~~~~~~~~~~~~~~~~~~~~ 05-25
22011519;23042095q;22295855;08110300413;05032017;18091811;147;398;857;406 ~~~~~~~~~~~~~~~~~~~~~~~~~~~~~~ 05-26
23011519;24042095q;23295855;09110300413;06032017;19091811;148;689;496;615 ~~~~~~~~~~~~~~~~~~~~~~~~~~~~~~ 05-27
24011519;25042095q;24295855;10110300413;07032017;20091811;149;439 ~~~~~~~~~~~~~~~~~~~~~~~~~~~~~~~~~~~~~~ 05-28
25011519;26042095q;25295855;11110300413;08032017;21091811;150;439;530;496;615 ~~~~~~~~~~~~~~~~~~~~~~~~~~ 05-29
26011519;27042095q;26295855;12110300413;09032017;22091811;151;438;514 ~~~~~~~~~~~~~~~~~~~~~~~~~~~~~~~~~~ 05-30
27011519;28042095q;27295855;13110300413;10032017;23091811;152;406;496;615 ~~~~~~~~~~~~~~~~~~~~~~~~~~~~~~ 05-31
28011519;29042095q;28295855;14110300413;11032017;24091811;153;691 ~~~~~~~~~~~~~~~~~~~~~~~~~~~~~~~~~~~~~~ 06-01
29011519;01052095q;29295855;15110300413;12032017;25091811;154;494;694;380;921;930;942;953;616 ~~~~~~~~~~ 06-02
30011519;02052095q;01305855;16110300413;13032017;26091811;155;692;858;497;616 ~~~~~~~~~~~~~~~~~~~~~~~~~~ 06-03
01021519;03052095q;02305855;17110300413;14032017;27091811;156;637;693;437;616 ~~~~~~~~~~~~~~~~~~~~~~~~~~ 06-04
02021519;04052095q;03305855;18110300413;15032017;28091811;157;690 ~~~~~~~~~~~~~~~~~~~~~~~~~~~~~~~~~~~~~~ 06-05
03021519;05052095q;04305855;19110300413;16032017;29091811;158;564;616 ~~~~~~~~~~~~~~~~~~~~~~~~~~~~~~~~~~ 06-06
04021519;06052095q;05305855;00120300413;17032017;30091811;159 ~~~~~~~~~~~~~~~~~~~~~~~~~~~~~~~~~~~~~~~~~~ 06-07
05021519;07052095q;06305855;01120300413;18032017;01101811;160;522;616 ~~~~~~~~~~~~~~~~~~~~~~~~~~~~~~~~~~ 06-08
06021519;08052095q;07305855;02120300413;19032017;02101811;161;397 ~~~~~~~~~~~~~~~~~~~~~~~~~~~~~~~~~~~~~~ 06-09
07021519;09052095q;08305855;03120300413;20032017;03101811;162;406;616 ~~~~~~~~~~~~~~~~~~~~~~~~~~~~~~~~~~ 06-10
08021519;10052095q;09305855;04120300413;21032017;04101811;163;697;799;513;569 ~~~~~~~~~~~~~~~~~~~~~~~~~~ 06-11
09021519;11052095q;10305855;05120300413;22032017;05101811;164;449;695;552;819;569;616 ~~~~~~~~~~~~~~~~~~ 06-12
10021519;12052095q;11305855;06120300413;23032017;06101811;165;896;616 ~~~~~~~~~~~~~~~~~~~~~~~~~~~~~~~~~~ 06-13
11021519;13052095q;12305855;07120300413;24032017;07101811;166;696;616 ~~~~~~~~~~~~~~~~~~~~~~~~~~~~~~~~~~ 06-14
12021519;14052095q;13305855;08120300413;25032017;08101811;167 ~~~~~~~~~~~~~~~~~~~~~~~~~~~~~~~~~~~~~~~~~~ 06-15
13021519;15052095q;14305855;09120300413;26032017;09101811;168;698;616 ~~~~~~~~~~~~~~~~~~~~~~~~~~~~~~~~~~ 06-16
14021519;16052095q;15305855;10120300413;27032017;10101811;169;701;699;386;865;874;941;947;700;616 ~~~~~~ 06-17
15021519;17052095q;16305855;11120300413;28032017;11101811;170;540;616 ~~~~~~~~~~~~~~~~~~~~~~~~~~~~~~~~~~ 06-18
16021519;18052095q;17305855;12120300413;29032017;12101811;171;452;452;817 ~~~~~~~~~~~~~~~~~~~~~~~~~~~~~~ 06-19
17021519;19052095q;18305855;13120300413;30032017;13101811;172;460;616 ~~~~~~~~~~~~~~~~~~~~~~~~~~~~~~~~~~ 06-20
18021519;20052095q;19305855;14120300413;31032017;14101811;173;425 ~~~~~~~~~~~~~~~~~~~~~~~~~~~~~~~~~~~~~~ 06-21
19021519;21052095q;20305855;15120300413;01042017;15101811;174;461;616 ~~~~~~~~~~~~~~~~~~~~~~~~~~~~~~~~~~ 06-22
20021519;22052095q;21305855;16120300413;02042017;16101811;175;844 ~~~~~~~~~~~~~~~~~~~~~~~~~~~~~~~~~~~~~~ 06-23
21021519;23052095q;22305855;17120300413;03042017;17101811;176;703;398;616 ~~~~~~~~~~~~~~~~~~~~~~~~~~~~~~ 06-24
22021519;24052095q;23305855;18120300413;04042017;18101811;177;702;514;406 ~~~~~~~~~~~~~~~~~~~~~~~~~~~~~~ 06-25
23021519;25052095q;24305855;19120300413;05042017;19101811;178;616 ~~~~~~~~~~~~~~~~~~~~~~~~~~~~~~~~~~~~~~ 06-26
24021519;26052095q;25305855;00130300413;06042017;20101811;179;946 ~~~~~~~~~~~~~~~~~~~~~~~~~~~~~~~~~~~~~~ 06-27
25021519;27052095q;26305855;01130300413;07042017;21101811;180;554;616 ~~~~~~~~~~~~~~~~~~~~~~~~~~~~~~~~~~ 06-28
26021519;28052095q;27305855;02130300413;08042017;22101811;181;704 ~~~~~~~~~~~~~~~~~~~~~~~~~~~~~~~~~~~~~~ 06-29
27021519;29052095q;28305855;03130300413;09042017;23101811;182;406;616 ~~~~~~~~~~~~~~~~~~~~~~~~~~~~~~~~~~ 06-30
28021519;30052095q;29305855;04130300413;10042017;24101811;183;380;565 ~~~~~~~~~~~~~~~~~~~~~~~~~~~~~~~~~~ 07-01
29021519;01062095q;30305855;05130300413;11042017;25101811;184;637;705;840;402;433;565;617 ~~~~~~~~~~~~~~ 07-02
01031519;02062095q;01315855;06130300413;12042017;26101811;185;795;407;870 ~~~~~~~~~~~~~~~~~~~~~~~~~~~~~~ 07-03
02031519;03062095q;02315855;07130300413;13042017;27101811;186;617 ~~~~~~~~~~~~~~~~~~~~~~~~~~~~~~~~~~~~~~ 07-04
03031519;04062095q;03315855;08130300413;14042017;28101811;187;373;617 ~~~~~~~~~~~~~~~~~~~~~~~~~~~~~~~~~~ 07-05
04031519;05062095q;04315855;09130300413;15042017;29101811;188;403;617 ~~~~~~~~~~~~~~~~~~~~~~~~~~~~~~~~~~ 07-06
05031519;06062095q;05315855;10130300413;16042017;30101811;189;617 ~~~~~~~~~~~~~~~~~~~~~~~~~~~~~~~~~~~~~~ 07-07
06031519;07062095q;06315855;11130300413;17042017;01111811;190;617 ~~~~~~~~~~~~~~~~~~~~~~~~~~~~~~~~~~~~~~ 07-08
07031519;08062095q;07315855;12130300413;18042017;02111811;191;706;397;513;617 ~~~~~~~~~~~~~~~~~~~~~~~~~~ 07-09
08031519;09062095q;08315855;13130300413;19042017;03111811;192;414;617 ~~~~~~~~~~~~~~~~~~~~~~~~~~~~~~~~~~ 07-10
09031519;10062095q;09315855;14130300413;20042017;04111811;193;707 ~~~~~~~~~~~~~~~~~~~~~~~~~~~~~~~~~~~~~~ 07-11
10031519;11062095q;10315855;15130300413;21042017;05111811;194;617 ~~~~~~~~~~~~~~~~~~~~~~~~~~~~~~~~~~~~~~ 07-12
11031519;12062095q;11315855;16130300413;22042017;06111811;195;546;617 ~~~~~~~~~~~~~~~~~~~~~~~~~~~~~~~~~~ 07-13
12031519;13062095q;12315855;17130300413;23042017;07111811;196;511;617 ~~~~~~~~~~~~~~~~~~~~~~~~~~~~~~~~~~ 07-14
13031519;14062095q;13315855;18130300413;24042017;08111811;197 ~~~~~~~~~~~~~~~~~~~~~~~~~~~~~~~~~~~~~~~~~~ 07-15
14031519;15062095q;14315855;19130300413;25042017;09111811;198;708;617 ~~~~~~~~~~~~~~~~~~~~~~~~~~~~~~~~~~ 07-16
15031519;16062095q;15315855;00140300413;26042017;10111811;199;709;387;531;561;617 ~~~~~~~~~~~~~~~~~~~~~~ 07-17
16031519;17062095q;16315855;01140300413;27042017;11111811;200;710;403;617 ~~~~~~~~~~~~~~~~~~~~~~~~~~~~~~ 07-18
17031519;18062095q;17315855;02140300413;28042017;12111811;201;511;617 ~~~~~~~~~~~~~~~~~~~~~~~~~~~~~~~~~~ 07-19
18031519;19062095q;18315855;03140300413;29042017;13111811;202;711;617 ~~~~~~~~~~~~~~~~~~~~~~~~~~~~~~~~~~ 07-20
19031519;20062095q;19315855;04140300413;30042017;14111811;203;631;514;617 ~~~~~~~~~~~~~~~~~~~~~~~~~~~~~~ 07-21
20031519;21062095q;20315855;05140300413;31042017;15111811;204;403;617 ~~~~~~~~~~~~~~~~~~~~~~~~~~~~~~~~~~ 07-22
21031519;22062095q;21315855;06140300413;01052017;16111811;205;713;398 ~~~~~~~~~~~~~~~~~~~~~~~~~~~~~~~~~~ 07-23
22031519;23062095q;22315855;07140300413;02052017;17111811;206;714;617 ~~~~~~~~~~~~~~~~~~~~~~~~~~~~~~~~~~ 07-24
23031519;24062095q;23315855;08140300413;03052017;18111811;207;823;617 ~~~~~~~~~~~~~~~~~~~~~~~~~~~~~~~~~~ 07-25
24031519;25062095q;24315855;09140300413;04052017;19111811;208;415;617 ~~~~~~~~~~~~~~~~~~~~~~~~~~~~~~~~~~ 07-26
25031519;26062095q;25315855;10140300413;05052017;20111811;209;878 ~~~~~~~~~~~~~~~~~~~~~~~~~~~~~~~~~~~~~~ 07-27
26031519;27062095q;26315855;11140300413;06052017;21111811;210;712;715;617 ~~~~~~~~~~~~~~~~~~~~~~~~~~~~~~ 07-28
27031519;28062095q;27315855;12140300413;07052017;22111811;211;716;617 ~~~~~~~~~~~~~~~~~~~~~~~~~~~~~~~~~~ 07-29
28031519;29062095q;28315855;13140300413;08052017;23111811;212;420;403;617 ~~~~~~~~~~~~~~~~~~~~~~~~~~~~~~ 07-30
29031519;01072095q;29315855;14140300413;09052017;24111811;213;380;864 ~~~~~~~~~~~~~~~~~~~~~~~~~~~~~~~~~~ 07-31
30031519;02072095q;01325855;15140300413;10052017;25111811;214;618 ~~~~~~~~~~~~~~~~~~~~~~~~~~~~~~~~~~~~~~ 08-01
01041519;03072095q;02325855;16140300413;11052017;26111811;215;718 ~~~~~~~~~~~~~~~~~~~~~~~~~~~~~~~~~~~~~~ 08-02
02041519;04072095q;03325855;17140300413;12052017;27111811;216;579;821;403;618 ~~~~~~~~~~~~~~~~~~~~~~~~~~ 08-03
03041519;05072095q;04325855;18140300413;13052017;28111811;217 ~~~~~~~~~~~~~~~~~~~~~~~~~~~~~~~~~~~~~~~~~~ 08-04
04041519;06072095q;05325855;19140300413;14052017;29111811;218;596;719;513;891;618 ~~~~~~~~~~~~~~~~~~~~~~ 08-05
05041519;07072095q;06325855;00150300413;15052017;30111811;219;637;720;572 ~~~~~~~~~~~~~~~~~~~~~~~~~~~~~~ 08-06
06041519;08072095q;07325855;01150300413;16052017;01121811;220;717;403;618 ~~~~~~~~~~~~~~~~~~~~~~~~~~~~~~ 08-07
07041519;09072095q;08325855;02150300413;17052017;02121811;221;397 ~~~~~~~~~~~~~~~~~~~~~~~~~~~~~~~~~~~~~~ 08-08
08041519;10072095q;09325855;03150300413;18052017;03121811;222;618 ~~~~~~~~~~~~~~~~~~~~~~~~~~~~~~~~~~~~~~ 08-09
09041519;11072095q;10325855;04150300413;19052017;04121811;223;722 ~~~~~~~~~~~~~~~~~~~~~~~~~~~~~~~~~~~~~~ 08-10
10041519;12072095q;11325855;05150300413;20052017;05121811;224;926;618 ~~~~~~~~~~~~~~~~~~~~~~~~~~~~~~~~~~ 08-11
11041519;13072095q;12325855;06150300413;21052017;06121811;225;938 ~~~~~~~~~~~~~~~~~~~~~~~~~~~~~~~~~~~~~~ 08-12
12041519;14072095q;13325855;07150300413;22052017;07121811;226;723;567;618 ~~~~~~~~~~~~~~~~~~~~~~~~~~~~~~ 08-13
13041519;15072095q;14325855;08150300413;23052017;08121811;227;721;404;567 ~~~~~~~~~~~~~~~~~~~~~~~~~~~~~~ 08-14
14041519;16072095q;15325855;09150300413;24052017;09121811;228;388;432;556;909;910;925;618 ~~~~~~~~~~~~~~ 08-15
15041519;17072095q;16325855;10150300413;25052017;10121811;229;436 ~~~~~~~~~~~~~~~~~~~~~~~~~~~~~~~~~~~~~~ 08-16
16041519;18072095q;17325855;11150300413;26052017;11121811;230;514;618 ~~~~~~~~~~~~~~~~~~~~~~~~~~~~~~~~~~ 08-17
17041519;19072095q;18325855;12150300413;27052017;12121811;231;875 ~~~~~~~~~~~~~~~~~~~~~~~~~~~~~~~~~~~~~~ 08-18
18041519;20072095q;19325855;13150300413;28052017;13121811;232;421;618 ~~~~~~~~~~~~~~~~~~~~~~~~~~~~~~~~~~ 08-19
19041519;21072095q;20325855;14150300413;29052017;14121811;233;724 ~~~~~~~~~~~~~~~~~~~~~~~~~~~~~~~~~~~~~~ 08-20
20041519;22072095q;21325855;15150300413;30052017;15121811;234;618 ~~~~~~~~~~~~~~~~~~~~~~~~~~~~~~~~~~~~~~ 08-21
21041519;23072095q;22325855;16150300413;31052017;16121811;235;398;883 ~~~~~~~~~~~~~~~~~~~~~~~~~~~~~~~~~~ 08-22
22041519;24072095q;23325855;17150300413;01062017;17121811;236;618 ~~~~~~~~~~~~~~~~~~~~~~~~~~~~~~~~~~~~~~ 08-23
23041519;25072095q;24325855;18150300413;02062017;18121811;237 ~~~~~~~~~~~~~~~~~~~~~~~~~~~~~~~~~~~~~~~~~~ 08-24
24041519;26072095q;25325855;19150300413;03062017;19121811;238;503;618 ~~~~~~~~~~~~~~~~~~~~~~~~~~~~~~~~~~ 08-25
25041519;27072095q;26325855;00160300413;04062017;20121811;239;427 ~~~~~~~~~~~~~~~~~~~~~~~~~~~~~~~~~~~~~~ 08-26
26041519;28072095q;27325855;01160300413;05062017;21121811;240;725;618 ~~~~~~~~~~~~~~~~~~~~~~~~~~~~~~~~~~ 08-27
27041519;29072095q;28325855;02160300413;06062017;22121811;241;428;725;865 ~~~~~~~~~~~~~~~~~~~~~~~~~~~~~~ 08-28
28041519;30072095q;29325855;03160300413;07062017;23121811;242;796;380;928;618 ~~~~~~~~~~~~~~~~~~~~~~~~~~ 08-29
29041519;01082095q;30325855;04160300413;08062017;24121811;243;594;399 ~~~~~~~~~~~~~~~~~~~~~~~~~~~~~~~~~~ 08-30
01051519;02082095q;01335855;05160300413;09062017;25121811;244;595;618 ~~~~~~~~~~~~~~~~~~~~~~~~~~~~~~~~~~ 08-31
02051519;03082095q;02335855;06160300413;10062017;26121811;245 ~~~~~~~~~~~~~~~~~~~~~~~~~~~~~~~~~~~~~~~~~~ 09-01
03051519;04082095q;03335855;07160300413;11062017;27121811;246;596;727;513;550;597;400;619 ~~~~~~~~~~~~~~ 09-02
04051519;05082095q;04335855;08160300413;12062017;28121811;247;429;637;728;619 ~~~~~~~~~~~~~~~~~~~~~~~~~~ 09-03
05051519;06082095q;05335855;09160300413;13062017;29121811;248;430;915;415;619 ~~~~~~~~~~~~~~~~~~~~~~~~~~ 09-04
06051519;07082095q;06335855;10160300413;14062017;30121811;249;434 ~~~~~~~~~~~~~~~~~~~~~~~~~~~~~~~~~~~~~~ 09-05
07051519;08082095q;07335855;11160300413;15062017;01131811;250;435;397;619 ~~~~~~~~~~~~~~~~~~~~~~~~~~~~~~ 09-06
08051519;09082095q;08335855;12160300413;16062017;02131811;251;908 ~~~~~~~~~~~~~~~~~~~~~~~~~~~~~~~~~~~~~~ 09-07
09051519;10082095q;09335855;13160300413;17062017;03131811;252;730;421;619 ~~~~~~~~~~~~~~~~~~~~~~~~~~~~~~ 09-08
10051519;11082095q;10335855;14160300413;18062017;04131811;253;619 ~~~~~~~~~~~~~~~~~~~~~~~~~~~~~~~~~~~~~~ 09-09
11051519;12082095q;11335855;15160300413;19062017;05131811;254;903;619 ~~~~~~~~~~~~~~~~~~~~~~~~~~~~~~~~~~ 09-10
12051519;13082095q;12335855;16160300413;20062017;06131811;255;455;845;897;400 ~~~~~~~~~~~~~~~~~~~~~~~~~~ 09-11
13051519;14082095q;13335855;17160300413;21062017;01011812;256;729;847;846;619 ~~~~~~~~~~~~~~~~~~~~~~~~~~ 09-12
14051519;15082095q;14335855;18160300413;22062017;02011812;257;726;389;390;520;551;570 ~~~~~~~~~~~~~~~~~~ 09-13
15051519;16082095q;15335855;19160300413;23062017;03011812;258;514;534;907;400;619 ~~~~~~~~~~~~~~~~~~~~~~ 09-14
16051519;17082095q;16335855;00170300413;24062017;04011812;259;733 ~~~~~~~~~~~~~~~~~~~~~~~~~~~~~~~~~~~~~~ 09-15
17051519;18082095q;17335855;01170300413;25062017;05011812;260;734;619 ~~~~~~~~~~~~~~~~~~~~~~~~~~~~~~~~~~ 09-16
18051519;19082095q;18335855;02170300413;26062017;06011812;261;735;400;848 ~~~~~~~~~~~~~~~~~~~~~~~~~~~~~~ 09-17
19051519;20082095q;19335855;03170300413;27062017;07011812;262;731;619 ~~~~~~~~~~~~~~~~~~~~~~~~~~~~~~~~~~ 09-18
20051519;21082095q;20335855;04170300413;28062017;08011812;263;619;848 ~~~~~~~~~~~~~~~~~~~~~~~~~~~~~~~~~~ 09-19
21051519;22082095q;21335855;05170300413;29062017;09011812;264;732;398;400;415;619 ~~~~~~~~~~~~~~~~~~~~~~ 09-20
22051519;23082095q;22335855;06170300413;30062017;10011812;265;401;619;848 ~~~~~~~~~~~~~~~~~~~~~~~~~~~~~~ 09-21
23051519;24082095q;23335855;07170300413;31062017;11011812;266;462;619 ~~~~~~~~~~~~~~~~~~~~~~~~~~~~~~~~~~ 09-22
24051519;25082095q;24335855;08170300413;01072017;12011812;267;738;423;848 ~~~~~~~~~~~~~~~~~~~~~~~~~~~~~~ 09-23
25051519;26082095q;25335855;09170300413;02072017;13011812;268;739;743;869;463;619 ~~~~~~~~~~~~~~~~~~~~~~ 09-24
26051519;27082095q;26335855;10170300413;03072017;14011812;269;740;619;848 ~~~~~~~~~~~~~~~~~~~~~~~~~~~~~~ 09-25
27051519;28082095q;27335855;11170300413;04072017;15011812;270;736;838;619 ~~~~~~~~~~~~~~~~~~~~~~~~~~~~~~ 09-26
28051519;29082095q;28335855;12170300413;05072017;16011812;271;737 ~~~~~~~~~~~~~~~~~~~~~~~~~~~~~~~~~~~~~~ 09-27
29051519;01092095q;29335855;13170300413;06072017;17011812;272;742;790;380;433;437;920;521;574;619 ~~~~~~ 09-28
30051519;02092095q;01015856;14170300413;07072017;18011812;273;741;790;513;895;521;619 ~~~~~~~~~~~~~~~~~~ 09-29
01061519;03092095q;02015856;15170300413;08072017;19011812;274;790;521;853;619 ~~~~~~~~~~~~~~~~~~~~~~~~~~ 09-30
02061519;04092095q;03015856;16170300413;09072017;20011812;275;637;790;853;848 ~~~~~~~~~~~~~~~~~~~~~~~~~~ 10-01
03061519;05092095q;04015856;17170300413;10072017;21011812;276;749;790;867;853;620 ~~~~~~~~~~~~~~~~~~~~~~ 10-02
04061519;06092095q;05015856;18170300413;11072017;22011812;277;744;790;620;848 ~~~~~~~~~~~~~~~~~~~~~~~~~~ 10-03
05061519;07092095q;06015856;19170300413;12072017;23011812;278;745;790;408;620 ~~~~~~~~~~~~~~~~~~~~~~~~~~ 10-04
06061519;08092095q;07015856;00000400413;13072017;24011812;279;746;918;848 ~~~~~~~~~~~~~~~~~~~~~~~~~~~~~~ 10-05
07061519;09092095q;08015856;01000400413;14072017;25011812;280;747;397;919;563;620 ~~~~~~~~~~~~~~~~~~~~~~ 10-06
08061519;10092095q;09015856;02000400413;15072017;26011812;281;748;548;885;620;848 ~~~~~~~~~~~~~~~~~~~~~~ 10-07
09061519;11092095q;10015856;03000400413;16072017;27011812;282;754;549;560;527;620 ~~~~~~~~~~~~~~~~~~~~~~ 10-08
10061519;12092095q;11015856;04000400413;17072017;28011812;283;750;899 ~~~~~~~~~~~~~~~~~~~~~~~~~~~~~~~~~~ 10-09
11061519;13092095q;12015856;05000400413;18072017;29011812;284;751;554;409;620 ~~~~~~~~~~~~~~~~~~~~~~~~~~ 10-10
12061519;14092095q;13015856;06000400413;19072017;30011812;285;791;367;835;848 ~~~~~~~~~~~~~~~~~~~~~~~~~~ 10-11
13061519;15092095q;14015856;07000400413;20072017;01021812;286;752;368;882;922;620 ~~~~~~~~~~~~~~~~~~~~~~ 10-12
14061519;16092095q;15015856;08000400413;21072017;02021812;287;753;391;514;532;523;848 ~~~~~~~~~~~~~~~~~~ 10-13
15061519;17092095q;16015856;09000400413;22072017;03021812;288;523;620 ~~~~~~~~~~~~~~~~~~~~~~~~~~~~~~~~~~ 10-14
16061519;18092095q;17015856;10000400413;23072017;04021812;289;758;523;620 ~~~~~~~~~~~~~~~~~~~~~~~~~~~~~~ 10-15
17061519;19092095q;18015856;11000400413;24072017;05021812;290;833;881;523;409;620 ~~~~~~~~~~~~~~~~~~~~~~ 10-16
18061519;20092095q;19015856;12000400413;25072017;06021812;291;755;523 ~~~~~~~~~~~~~~~~~~~~~~~~~~~~~~~~~~ 10-17
19061519;21092095q;20015856;13000400413;26072017;07021812;292;756;523;620 ~~~~~~~~~~~~~~~~~~~~~~~~~~~~~~ 10-18
20061519;22092095q;21015856;14000400413;27072017;08021812;293;757;398;499;523 ~~~~~~~~~~~~~~~~~~~~~~~~~~ 10-19
21061519;23092095q;22015856;15000400413;28072017;09021812;294;631;792;524;784;620 ~~~~~~~~~~~~~~~~~~~~~~ 10-20
22061519;24092095q;23015856;16000400413;29072017;10021812;295;525;785 ~~~~~~~~~~~~~~~~~~~~~~~~~~~~~~~~~~ 10-21
23061519;25092095q;24015856;17000400413;30072017;11021812;296;759;369;786;409;415;620 ~~~~~~~~~~~~~~~~~~ 10-22
24061519;26092095q;25015856;18000400413;01082017;12021812;297;467;911;787 ~~~~~~~~~~~~~~~~~~~~~~~~~~~~~~ 10-23
25061519;27092095q;26015856;19000400413;02082017;13021812;298;558;620 ~~~~~~~~~~~~~~~~~~~~~~~~~~~~~~~~~~ 10-24
26061519;28092095q;27015856;00010400413;03082017;14021812;299;371;779;784 ~~~~~~~~~~~~~~~~~~~~~~~~~~~~~~ 10-25
27061519;29092095q;28015856;01010400413;04082017;15021812;300;513;780;785;620 ~~~~~~~~~~~~~~~~~~~~~~~~~~ 10-26
28061519;30092095q;29015856;02010400413;05082017;16021812;301;380;781;786;893;620 ~~~~~~~~~~~~~~~~~~~~~~ 10-27
29061519;01102095q;30015856;03010400413;06082017;17021812;302;849;782;409;620 ~~~~~~~~~~~~~~~~~~~~~~~~~~ 10-28
01071519;02102095q;01025856;04010400413;07082017;18021812;303;783;787;859 ~~~~~~~~~~~~~~~~~~~~~~~~~~~~~~ 10-29
02071519;03102095q;02025856;05010400413;08082017;19021812;304;535;788;415;620 ~~~~~~~~~~~~~~~~~~~~~~~~~~ 10-30
03071519;04102095q;03025856;06010400413;09082017;20021812;305 ~~~~~~~~~~~~~~~~~~~~~~~~~~~~~~~~~~~~~~~~~~ 10-31
04071519;05102095q;04025856;07010400413;10082017;21021812;306;621 ~~~~~~~~~~~~~~~~~~~~~~~~~~~~~~~~~~~~~~ 11-01
05071519;06102095q;05025856;08010400413;11082017;22021812;307;761 ~~~~~~~~~~~~~~~~~~~~~~~~~~~~~~~~~~~~~~ 11-02
06071519;07102095q;06025856;09010400413;12082017;23021812;308;762;543;409;621 ~~~~~~~~~~~~~~~~~~~~~~~~~~ 11-03
07071519;08102095q;07025856;10010400413;13082017;24021812;309;397 ~~~~~~~~~~~~~~~~~~~~~~~~~~~~~~~~~~~~~~ 11-04
08071519;09102095q;08025856;11010400413;14082017;25021812;310;637;763;621 ~~~~~~~~~~~~~~~~~~~~~~~~~~~~~~ 11-05
09071519;10102095q;09025856;12010400413;15082017;26021812;311;431 ~~~~~~~~~~~~~~~~~~~~~~~~~~~~~~~~~~~~~~ 11-06
10071519;11102095q;10025856;13010400413;16082017;27021812;312;760;879;421;621 ~~~~~~~~~~~~~~~~~~~~~~~~~~ 11-07
11071519;12102095q;11025856;14010400413;17082017;28021812;313;547 ~~~~~~~~~~~~~~~~~~~~~~~~~~~~~~~~~~~~~~ 11-08
12071519;13102095q;12025856;15010400413;18082017;29021812;314;934;409;621 ~~~~~~~~~~~~~~~~~~~~~~~~~~~~~~ 11-09
13071519;14102095q;13025856;16010400413;19082017;30021812;315;764;514 ~~~~~~~~~~~~~~~~~~~~~~~~~~~~~~~~~~ 11-10
14071519;15102095q;14025856;17010400413;20082017;01031812;316;392;432;880;621 ~~~~~~~~~~~~~~~~~~~~~~~~~~ 11-11
15071519;16102095q;15025856;18010400413;21082017;02031812;317 ~~~~~~~~~~~~~~~~~~~~~~~~~~~~~~~~~~~~~~~~~~ 11-12
16071519;17102095q;16025856;19010400413;22082017;03031812;318;621 ~~~~~~~~~~~~~~~~~~~~~~~~~~~~~~~~~~~~~~ 11-13
17071519;18102095q;17025856;00020400413;23082017;04031812;319 ~~~~~~~~~~~~~~~~~~~~~~~~~~~~~~~~~~~~~~~~~~ 11-14
18071519;19102095q;18025856;01020400413;24082017;05031812;320;409;415;621 ~~~~~~~~~~~~~~~~~~~~~~~~~~~~~~ 11-15
19071519;20102095q;19025856;02020400413;25082017;06031812;321 ~~~~~~~~~~~~~~~~~~~~~~~~~~~~~~~~~~~~~~~~~~ 11-16
20071519;21102095q;20025856;03020400413;26082017;07031812;322;766;421;621 ~~~~~~~~~~~~~~~~~~~~~~~~~~~~~~ 11-17
21071519;22102095q;21025856;04020400413;27082017;08031812;323;398;876 ~~~~~~~~~~~~~~~~~~~~~~~~~~~~~~~~~~ 11-18
22071519;23102095q;22025856;05020400413;28082017;09031812;324;767;621 ~~~~~~~~~~~~~~~~~~~~~~~~~~~~~~~~~~ 11-19
23071519;24102095q;23025856;06020400413;29082017;10031812;325;765;868 ~~~~~~~~~~~~~~~~~~~~~~~~~~~~~~~~~~ 11-20
24071519;25102095q;24025856;07020400413;30082017;11031812;326;409;621 ~~~~~~~~~~~~~~~~~~~~~~~~~~~~~~~~~~ 11-21
25071519;26102095q;25025856;08020400413;01092017;12031812;327;936;788 ~~~~~~~~~~~~~~~~~~~~~~~~~~~~~~~~~~ 11-22
26071519;27102095q;26025856;09020400413;02092017;13031812;328;769;513;621 ~~~~~~~~~~~~~~~~~~~~~~~~~~~~~~ 11-23
27071519;28102095q;27025856;10020400413;03092017;14031812;329;440;509 ~~~~~~~~~~~~~~~~~~~~~~~~~~~~~~~~~~ 11-24
28071519;29102095q;28025856;11020400413;04092017;15031812;330;441;621 ~~~~~~~~~~~~~~~~~~~~~~~~~~~~~~~~~~ 11-25
29071519;30102095q;29025856;12020400413;05092017;16031812;331;770;768;380 ~~~~~~~~~~~~~~~~~~~~~~~~~~~~~~ 11-26
30071519;01112095q;01035856;13020400413;06092017;17031812;332;932;950;589;421;621 ~~~~~~~~~~~~~~~~~~~~~~ 11-27
01081519;02112095q;02035856;14020400413;07092017;18031812;333;442 ~~~~~~~~~~~~~~~~~~~~~~~~~~~~~~~~~~~~~~ 11-28
02081519;03112095q;03035856;15020400413;08092017;19031812;334;771;369;621 ~~~~~~~~~~~~~~~~~~~~~~~~~~~~~~ 11-29
03081519;04112095q;04035856;16020400413;09092017;20031812;335;772 ~~~~~~~~~~~~~~~~~~~~~~~~~~~~~~~~~~~~~~ 11-30
04081519;05112095q;05035856;17020400413;10092017;21031812;336;622 ~~~~~~~~~~~~~~~~~~~~~~~~~~~~~~~~~~~~~~ 12-01
05081519;06112095q;06035856;18020400413;11092017;22031812;337;774;457;944 ~~~~~~~~~~~~~~~~~~~~~~~~~~~~~~ 12-02
06081519;07112095q;07035856;19020400413;12092017;23031812;338;637;775;370;409;622 ~~~~~~~~~~~~~~~~~~~~~~ 12-03
07081519;08112095q;08035856;00030400413;13092017;24031812;339;397;590 ~~~~~~~~~~~~~~~~~~~~~~~~~~~~~~~~~~ 12-04
08081519;09112095q;09035856;01030400413;14092017;25031812;340;622 ~~~~~~~~~~~~~~~~~~~~~~~~~~~~~~~~~~~~~~ 12-05
09081519;10112095q;10035856;02030400413;15092017;26031812;341;773 ~~~~~~~~~~~~~~~~~~~~~~~~~~~~~~~~~~~~~~ 12-06
10081519;11112095q;11035856;03030400413;16092017;27031812;342;557;890;421;622 ~~~~~~~~~~~~~~~~~~~~~~~~~~ 12-07
11081519;12112095q;12035856;04030400413;17092017;28031812;343 ~~~~~~~~~~~~~~~~~~~~~~~~~~~~~~~~~~~~~~~~~~ 12-08
12081519;13112095q;13035856;05030400413;18092017;29031812;344;514;409;415;622 ~~~~~~~~~~~~~~~~~~~~~~~~~~ 12-09
13081519;14112095q;14035856;06030400413;19092017;30031812;345;776;395;416;417;436;545 ~~~~~~~~~~~~~~~~~~ 12-10
14081519;15112095q;15035856;07030400413;20092017;01041812;346;777;540;887;947;591;512;622 ~~~~~~~~~~~~~~ 12-11
15081519;16112095q;16035856;08030400413;21092017;02041812;347 ~~~~~~~~~~~~~~~~~~~~~~~~~~~~~~~~~~~~~~~~~~ 12-12
16081519;17112095q;17035856;09030400413;22092017;03041812;348;622 ~~~~~~~~~~~~~~~~~~~~~~~~~~~~~~~~~~~~~~ 12-13
17081519;18112095q;18035856;10030400413;23092017;04041812;349 ~~~~~~~~~~~~~~~~~~~~~~~~~~~~~~~~~~~~~~~~~~ 12-14
18081519;19112095q;19035856;11030400413;24092017;05041812;350;411;409;622 ~~~~~~~~~~~~~~~~~~~~~~~~~~~~~~ 12-15
19081519;20112095q;20035856;12030400413;25092017;06041812;351;778 ~~~~~~~~~~~~~~~~~~~~~~~~~~~~~~~~~~~~~~ 12-16
20081519;21112095q;21035856;13030400413;26092017;07041812;352;421;622 ~~~~~~~~~~~~~~~~~~~~~~~~~~~~~~~~~~ 12-17
21081519;22112095q;22035856;14030400413;27092017;08041812;353;398;592 ~~~~~~~~~~~~~~~~~~~~~~~~~~~~~~~~~~ 12-18
22081519;23112095q;23035856;15030400413;28092017;09041812;354;399;418;622 ~~~~~~~~~~~~~~~~~~~~~~~~~~~~~~ 12-19
23081519;24112095q;24035856;16030400413;29092017;10041812;355;371;513;466 ~~~~~~~~~~~~~~~~~~~~~~~~~~~~~~ 12-20
24081519;25112095q;25035856;17030400413;30092017;11041812;356;426;516;409;622 ~~~~~~~~~~~~~~~~~~~~~~~~~~ 12-21
25081519;26112095q;26035856;18030400413;01102017;12041812;357;917;465;516;400 ~~~~~~~~~~~~~~~~~~~~~~~~~~ 12-22
26081519;27112095q;27035856;19030400413;02102017;13041812;358;516;622 ~~~~~~~~~~~~~~~~~~~~~~~~~~~~~~~~~~ 12-23
27081519;28112095q;28035856;00040400413;03102017;14041812;359;516 ~~~~~~~~~~~~~~~~~~~~~~~~~~~~~~~~~~~~~~ 12-24
28081519;29112095q;29035856;01040400413;04102017;15041812;360;433;516;400;622 ~~~~~~~~~~~~~~~~~~~~~~~~~~ 12-25
29081519;30112095q;30035856;02040400413;05102017;16041812;361;380;928 ~~~~~~~~~~~~~~~~~~~~~~~~~~~~~~~~~~ 12-26
01091519;01122095q;01045856;03040400413;06102017;17041812;362;504;516;622 ~~~~~~~~~~~~~~~~~~~~~~~~~~~~~~ 12-27
02091519;02122095q;02045856;04040400413;07102017;18041812;363;516;400 ~~~~~~~~~~~~~~~~~~~~~~~~~~~~~~~~~~ 12-28
03091519;03122095q;03045856;05040400413;08102017;19041812;364;516;622 ~~~~~~~~~~~~~~~~~~~~~~~~~~~~~~~~~~ 12-29
04091519;04122095q;04045856;06040400413;09102017;20041812;365 ~~~~~~~~~~~~~~~~~~~~~~~~~~~~~~~~~~~~~~~~~~ 12-30
05091519;05122095q;05045856;07040400413;10102017;21041812;366;622 ~~~~~~~~~~~~~~~~~~~~~~~~~~~~~~~~~~~~~~ 12-31
