27121462;29112040v;28245801;18070800113;11101962;23041757;001;611 ~~~~~~~~~~~~~~~~~~~~~~~~~~~~~~~~~~~~~~ 01-01
28121462;30112040v;29245801;19070800113;12101962;24041757;002;380;834 ~~~~~~~~~~~~~~~~~~~~~~~~~~~~~~~~~~ 01-02
29121462;01122040v;01255801;00080800113;13101962;25041757;003;372;514;611 ~~~~~~~~~~~~~~~~~~~~~~~~~~~~~~ 01-03
01011463;02122040v;02255801;01080800113;14101962;26041757;004;495 ~~~~~~~~~~~~~~~~~~~~~~~~~~~~~~~~~~~~~~ 01-04
02011463;03122040v;03255801;02080800113;15101962;27041757;005;637;866;611 ~~~~~~~~~~~~~~~~~~~~~~~~~~~~~~ 01-05
03011463;04122040v;04255801;03080800113;16101962;28041757;006 ~~~~~~~~~~~~~~~~~~~~~~~~~~~~~~~~~~~~~~~~~~ 01-06
04011463;05122040v;05255801;04080800113;17101962;29041757;007;611 ~~~~~~~~~~~~~~~~~~~~~~~~~~~~~~~~~~~~~~ 01-07
05011463;06122040v;06255801;05080800113;18101962;30041757;008;629;496 ~~~~~~~~~~~~~~~~~~~~~~~~~~~~~~~~~~ 01-08
06011463;07122040v;07255801;06080800113;19101962;01051757;009;397;611 ~~~~~~~~~~~~~~~~~~~~~~~~~~~~~~~~~~ 01-09
07011463;08122040v;08255801;07080800113;20101962;02051757;010;418 ~~~~~~~~~~~~~~~~~~~~~~~~~~~~~~~~~~~~~~ 01-10
08011463;09122040v;09255801;08080800113;21101962;03051757;011;611 ~~~~~~~~~~~~~~~~~~~~~~~~~~~~~~~~~~~~~~ 01-11
09011463;10122040v;10255801;09080800113;22101962;04051757;012;626;419;905;375 ~~~~~~~~~~~~~~~~~~~~~~~~~~ 01-12
10011463;11122040v;11255801;10080800113;23101962;05051757;013;627;498;611 ~~~~~~~~~~~~~~~~~~~~~~~~~~~~~~ 01-13
11011463;12122040v;12255801;11080800113;24101962;06051757;014;628 ~~~~~~~~~~~~~~~~~~~~~~~~~~~~~~~~~~~~~~ 01-14
12011463;13122040v;13255801;12080800113;25101962;07051757;015;611 ~~~~~~~~~~~~~~~~~~~~~~~~~~~~~~~~~~~~~~ 01-15
13011463;14122040v;14255801;13080800113;26101962;08051757;016;381 ~~~~~~~~~~~~~~~~~~~~~~~~~~~~~~~~~~~~~~ 01-16
14011463;15122040v;15255801;14080800113;27101962;09051757;017;631;904;611 ~~~~~~~~~~~~~~~~~~~~~~~~~~~~~~ 01-17
15011463;16122040v;16255801;15080800113;28101962;10051757;018;513 ~~~~~~~~~~~~~~~~~~~~~~~~~~~~~~~~~~~~~~ 01-18
16011463;17122040v;17255801;16080800113;29101962;11051757;019;630;793;436;611 ~~~~~~~~~~~~~~~~~~~~~~~~~~ 01-19
17011463;18122040v;18255801;17080800113;30101962;12051757;020;625;916 ~~~~~~~~~~~~~~~~~~~~~~~~~~~~~~~~~~ 01-20
18011463;19122040v;19255801;18080800113;01111962;13051757;021;492;611 ~~~~~~~~~~~~~~~~~~~~~~~~~~~~~~~~~~ 01-21
19011463;20122040v;20255801;19080800113;02111962;14051757;022;496 ~~~~~~~~~~~~~~~~~~~~~~~~~~~~~~~~~~~~~~ 01-22
20011463;21122040v;21255801;00090800113;03111962;15051757;023;632;611 ~~~~~~~~~~~~~~~~~~~~~~~~~~~~~~~~~~ 01-23
21011463;22122040v;22255801;01090800113;04111962;16051757;024 ~~~~~~~~~~~~~~~~~~~~~~~~~~~~~~~~~~~~~~~~~~ 01-24
22011463;23122040v;23255801;02090800113;05111962;17051757;025;633;398;433;838;415;611 ~~~~~~~~~~~~~~~~~~ 01-25
23011463;24122040v;24255801;03090800113;06111962;18051757;026;634;399 ~~~~~~~~~~~~~~~~~~~~~~~~~~~~~~~~~~ 01-26
24011463;25122040v;25255801;04090800113;07111962;19051757;027;635;611 ~~~~~~~~~~~~~~~~~~~~~~~~~~~~~~~~~~ 01-27
25011463;26122040v;26255801;05090800113;08111962;20051757;028;636;923;496 ~~~~~~~~~~~~~~~~~~~~~~~~~~~~~~ 01-28
26011463;27122040v;27255801;06090800113;09111962;21051757;029;580;611 ~~~~~~~~~~~~~~~~~~~~~~~~~~~~~~~~~~ 01-29
27011463;28122040v;28255801;07090800113;10111962;22051757;030 ~~~~~~~~~~~~~~~~~~~~~~~~~~~~~~~~~~~~~~~~~~ 01-30
28011463;29122040v;29255801;08090800113;11111962;23051757;031;380;378;611 ~~~~~~~~~~~~~~~~~~~~~~~~~~~~~~ 01-31
29011463;01012041w;30255801;08090800113;12111962;24051757;032;639;411;514;888;479;490 ~~~~~~~~~~~~~~~~~~ 02-01
30011463;02012041w;01265801;09090800113;13111962;25051757;033;637;640;497;566;479;490;415;612 ~~~~~~~~~~ 02-02
01021463;03012041w;02265801;10090800113;14111962;26051757;034;566;375 ~~~~~~~~~~~~~~~~~~~~~~~~~~~~~~~~~~ 02-03
02021463;04012041w;03265801;11090800113;15111962;27051757;035;566;612 ~~~~~~~~~~~~~~~~~~~~~~~~~~~~~~~~~~ 02-04
03021463;05012041w;04265801;12090800113;16111962;28051757;036;940;566 ~~~~~~~~~~~~~~~~~~~~~~~~~~~~~~~~~~ 02-05
04021463;06012041w;05265801;13090800113;17111962;29051757;037;612 ~~~~~~~~~~~~~~~~~~~~~~~~~~~~~~~~~~~~~~ 02-06
05021463;07012041w;06265801;14090800113;18111962;30051757;038;638;397;914 ~~~~~~~~~~~~~~~~~~~~~~~~~~~~~~ 02-07
06021463;08012041w;07265801;15090800113;19111962;01061757;039;536;612 ~~~~~~~~~~~~~~~~~~~~~~~~~~~~~~~~~~ 02-08
07021463;09012041w;08265801;16090800113;20111962;02061757;040;643 ~~~~~~~~~~~~~~~~~~~~~~~~~~~~~~~~~~~~~~ 02-09
08021463;10012041w;09265801;17090800113;21111962;03061757;041;820;415;581;612 ~~~~~~~~~~~~~~~~~~~~~~~~~~ 02-10
09021463;11012041w;10265801;18090800113;22111962;04061757;042;641;865;873 ~~~~~~~~~~~~~~~~~~~~~~~~~~~~~~ 02-11
10021463;12012041w;11265801;19090800113;23111962;05061757;043;612 ~~~~~~~~~~~~~~~~~~~~~~~~~~~~~~~~~~~~~~ 02-12
11021463;13012041w;12265801;00100800113;24111962;06061757;044;400 ~~~~~~~~~~~~~~~~~~~~~~~~~~~~~~~~~~~~~~ 02-13
12021463;14012041w;13265801;01100800113;25111962;07061757;045;642;408;513;612 ~~~~~~~~~~~~~~~~~~~~~~~~~~ 02-14
13021463;15012041w;14265801;02100800113;26111962;08061757;046;596;645;382;884;412 ~~~~~~~~~~~~~~~~~~~~~~ 02-15
14021463;16012041w;15265801;03100800113;27111962;09061757;047;401;612 ~~~~~~~~~~~~~~~~~~~~~~~~~~~~~~~~~~ 02-16
15021463;17012041w;16265801;04100800113;28111962;10061757;048;868;854 ~~~~~~~~~~~~~~~~~~~~~~~~~~~~~~~~~~ 02-17
16021463;18012041w;17265801;05100800113;29111962;11061757;049;450;854;415;612 ~~~~~~~~~~~~~~~~~~~~~~~~~~ 02-18
17021463;19012041w;18265801;06100800113;30111962;12061757;050 ~~~~~~~~~~~~~~~~~~~~~~~~~~~~~~~~~~~~~~~~~~ 02-19
18021463;20012041w;19265801;07100800113;01121962;13061757;051;409;612 ~~~~~~~~~~~~~~~~~~~~~~~~~~~~~~~~~~ 02-20
19021463;21012041w;20265801;08100800113;02121962;14061757;052;644 ~~~~~~~~~~~~~~~~~~~~~~~~~~~~~~~~~~~~~~ 02-21
20021463;22012041w;21265801;09100800113;03121962;15061757;053;649;844;412;612 ~~~~~~~~~~~~~~~~~~~~~~~~~~ 02-22
21021463;23012041w;22265801;10100800113;04121962;16061757;054;398 ~~~~~~~~~~~~~~~~~~~~~~~~~~~~~~~~~~~~~~ 02-23
22021463;24012041w;23265801;11100800113;05121962;17061757;055;612 ~~~~~~~~~~~~~~~~~~~~~~~~~~~~~~~~~~~~~~ 02-24
23021463;25012041w;24265801;12100800113;06121962;18061757;056;402;375 ~~~~~~~~~~~~~~~~~~~~~~~~~~~~~~~~~~ 02-25
24021463;26012041w;25265801;13100800113;07121962;19061757;057;646;409;415;612 ~~~~~~~~~~~~~~~~~~~~~~~~~~ 02-26
25021463;27012041w;26265801;14100800113;08121962;20061757;058;943 ~~~~~~~~~~~~~~~~~~~~~~~~~~~~~~~~~~~~~~ 02-27
26021463;28012041w;27265801;15100800113;09121962;21061757;059;647;648;650;612 ~~~~~~~~~~~~~~~~~~~~~~~~~~ 02-28
27021463;29012041w;28265801;19100800113;10121962;22061757;061;654;437;514;886;403;412 ~~~~~~~~~~~~~~~~~~ 03-01
28021463;01022041w;29265801;00110800113;11121962;23061757;062;637;380;613 ~~~~~~~~~~~~~~~~~~~~~~~~~~~~~~ 03-02
29021463;02022041w;30265801;01110800113;12121962;24061757;063;655 ~~~~~~~~~~~~~~~~~~~~~~~~~~~~~~~~~~~~~~ 03-03
01031463;03022041w;01275801;02110800113;13121962;25061757;064;409;613 ~~~~~~~~~~~~~~~~~~~~~~~~~~~~~~~~~~ 03-04
02031463;04022041w;02275801;03110800113;14121962;26061757;065;443;403;613 ~~~~~~~~~~~~~~~~~~~~~~~~~~~~~~ 03-05
03031463;05022041w;03275801;04110800113;15121962;27061757;066;444;613 ~~~~~~~~~~~~~~~~~~~~~~~~~~~~~~~~~~ 03-06
04031463;06022041w;04275801;05110800113;16121962;28061757;067;653 ~~~~~~~~~~~~~~~~~~~~~~~~~~~~~~~~~~~~~~ 03-07
05031463;07022041w;05275801;06110800113;17121962;29061757;068;613 ~~~~~~~~~~~~~~~~~~~~~~~~~~~~~~~~~~~~~~ 03-08
06031463;08022041w;06275801;07110800113;18121962;30061757;069;397;403;613 ~~~~~~~~~~~~~~~~~~~~~~~~~~~~~~ 03-09
07031463;09022041w;07275801;08110800113;19121962;01071757;070;432;409;613 ~~~~~~~~~~~~~~~~~~~~~~~~~~~~~~ 03-10
08031463;10022041w;08275801;09110800113;20121962;02071757;071 ~~~~~~~~~~~~~~~~~~~~~~~~~~~~~~~~~~~~~~~~~~ 03-11
09031463;11022041w;09275801;10110800113;21121962;03071757;072;814;613 ~~~~~~~~~~~~~~~~~~~~~~~~~~~~~~~~~~ 03-12
10031463;12022041w;10275801;11110800113;22121962;04071757;073;517;613 ~~~~~~~~~~~~~~~~~~~~~~~~~~~~~~~~~~ 03-13
11031463;13022041w;11275801;12110800113;23121962;05071757;074;656;513;843;613 ~~~~~~~~~~~~~~~~~~~~~~~~~~ 03-14
12031463;14022041w;12275801;13110800113;24121962;06071757;075;822;511;412;613 ~~~~~~~~~~~~~~~~~~~~~~~~~~ 03-15
13031463;15022041w;13275801;14110800113;25121962;07071757;076;409;613 ~~~~~~~~~~~~~~~~~~~~~~~~~~~~~~~~~~ 03-16
14031463;16022041w;14275801;15110800113;26121962;08071757;077;383;544;623;906;519 ~~~~~~~~~~~~~~~~~~~~~~ 03-17
15031463;17022041w;15275801;16110800113;27121962;09071757;078;598;820;613 ~~~~~~~~~~~~~~~~~~~~~~~~~~~~~~ 03-18
16031463;18022041w;16275801;17110800113;28121962;10071757;079;657;562;466;375 ~~~~~~~~~~~~~~~~~~~~~~~~~~ 03-19
17031463;19022041w;17275801;18110800113;29121962;11071757;080;376;562;424;511;613 ~~~~~~~~~~~~~~~~~~~~~~ 03-20
18031463;20022041w;18275801;19110800113;30121962;12071757;081;658;562;459;613 ~~~~~~~~~~~~~~~~~~~~~~~~~~ 03-21
19031463;21022041w;19275801;00120800113;01011963;13071757;082;851;409;415;613 ~~~~~~~~~~~~~~~~~~~~~~~~~~ 03-22
20031463;22022041w;20275801;01120800113;02011963;14071757;083 ~~~~~~~~~~~~~~~~~~~~~~~~~~~~~~~~~~~~~~~~~~ 03-23
21031463;23022041w;21275801;02120800113;03011963;15071757;084;613 ~~~~~~~~~~~~~~~~~~~~~~~~~~~~~~~~~~~~~~ 03-24
22031463;24022041w;22275801;03120800113;04011963;16071757;085;398;533;924;403;613 ~~~~~~~~~~~~~~~~~~~~~~ 03-25
23031463;25022041w;23275801;04120800113;05011963;17071757;086;659;843;613 ~~~~~~~~~~~~~~~~~~~~~~~~~~~~~~ 03-26
24031463;26022041w;24275801;05120800113;06011963;18071757;087;660;613 ~~~~~~~~~~~~~~~~~~~~~~~~~~~~~~~~~~ 03-27
25031463;27022041w;25275801;06120800113;07011963;19071757;088;900;409;613 ~~~~~~~~~~~~~~~~~~~~~~~~~~~~~~ 03-28
26031463;28022041w;26275801;07120800113;08011963;20071757;089;652;403;412 ~~~~~~~~~~~~~~~~~~~~~~~~~~~~~~ 03-29
27031463;29022041w;27275801;08120800113;09011963;21071757;090;514;852;415;613 ~~~~~~~~~~~~~~~~~~~~~~~~~~ 03-30
28031463;30022041w;28275801;09120800113;10011963;22071757;091;380 ~~~~~~~~~~~~~~~~~~~~~~~~~~~~~~~~~~~~~~ 03-31
29031463;01032041w;29275801;10120800113;11011963;23071757;092;538;559;832;928;935;614 ~~~~~~~~~~~~~~~~~~ 04-01
30031463;02032041w;01285801;11120800113;12011963;24071757;093 ~~~~~~~~~~~~~~~~~~~~~~~~~~~~~~~~~~~~~~~~~~ 04-02
01041463;03032041w;02285801;12120800113;13011963;25071757;094;663;555;577;409;614 ~~~~~~~~~~~~~~~~~~~~~~ 04-03
02041463;04032041w;03285801;13120800113;14011963;26071757;095;571 ~~~~~~~~~~~~~~~~~~~~~~~~~~~~~~~~~~~~~~ 04-04
03041463;05032041w;04285801;14120800113;15011963;27071757;096;412;614 ~~~~~~~~~~~~~~~~~~~~~~~~~~~~~~~~~~ 04-05
04041463;06032041w;05285801;15120800113;16011963;28071757;097;637;661;945;614 ~~~~~~~~~~~~~~~~~~~~~~~~~~ 04-06
05041463;07032041w;06285801;16120800113;17011963;29071757;098;662;614 ~~~~~~~~~~~~~~~~~~~~~~~~~~~~~~~~~~ 04-07
06041463;08032041w;07285801;17120800113;18011963;30071757;099;397;651;404 ~~~~~~~~~~~~~~~~~~~~~~~~~~~~~~ 04-08
07041463;09032041w;08285801;18120800113;19011963;01081757;100;576;933;651;409;614 ~~~~~~~~~~~~~~~~~~~~~~ 04-09
08041463;10032041w;09285801;19120800113;20011963;02081757;101;416;513;861;651 ~~~~~~~~~~~~~~~~~~~~~~~~~~ 04-10
09041463;11032041w;10285801;00130800113;21011963;03081757;102;651;614 ~~~~~~~~~~~~~~~~~~~~~~~~~~~~~~~~~~ 04-11
10041463;12032041w;11285801;01130800113;22011963;04081757;103;596;651;859;877;412 ~~~~~~~~~~~~~~~~~~~~~~ 04-12
11041463;13032041w;12285801;02130800113;23011963;05081757;104;651;614 ~~~~~~~~~~~~~~~~~~~~~~~~~~~~~~~~~~ 04-13
12041463;14032041w;13285801;03130800113;24011963;06081757;105;493 ~~~~~~~~~~~~~~~~~~~~~~~~~~~~~~~~~~~~~~ 04-14
13041463;15032041w;14285801;04130800113;25011963;07081757;106;794;614 ~~~~~~~~~~~~~~~~~~~~~~~~~~~~~~~~~~ 04-15
14041463;16032041w;15285801;05130800113;26011963;08081757;107;384;457;539;575;515 ~~~~~~~~~~~~~~~~~~~~~~ 04-16
15041463;17032041w;16285801;06130800113;27011963;09081757;108;614 ~~~~~~~~~~~~~~~~~~~~~~~~~~~~~~~~~~~~~~ 04-17
16041463;18032041w;17285801;07130800113;28011963;10081757;109;631;664;614 ~~~~~~~~~~~~~~~~~~~~~~~~~~~~~~ 04-18
17041463;19032041w;18285801;08130800113;29011963;11081757;110;445;665;865;412;614 ~~~~~~~~~~~~~~~~~~~~~~ 04-19
18041463;20032041w;19285801;09130800113;30011963;12081757;111;446;666 ~~~~~~~~~~~~~~~~~~~~~~~~~~~~~~~~~~ 04-20
19041463;21032041w;20285801;10130800113;01021963;13081757;112;447;409;614 ~~~~~~~~~~~~~~~~~~~~~~~~~~~~~~ 04-21
20041463;22032041w;21285801;11130800113;02021963;14081757;113;448;614 ~~~~~~~~~~~~~~~~~~~~~~~~~~~~~~~~~~ 04-22
21041463;23032041w;22285801;12130800113;03021963;15081757;114;398;433;614 ~~~~~~~~~~~~~~~~~~~~~~~~~~~~~~ 04-23
22041463;24032041w;23285801;13130800113;04021963;16081757;115;670;614 ~~~~~~~~~~~~~~~~~~~~~~~~~~~~~~~~~~ 04-24
23041463;25032041w;24285801;14130800113;05021963;17081757;116;667;614 ~~~~~~~~~~~~~~~~~~~~~~~~~~~~~~~~~~ 04-25
24041463;26032041w;25285801;15130800113;06021963;18081757;117;671;514;939;412;614 ~~~~~~~~~~~~~~~~~~~~~~ 04-26
25041463;27032041w;26285801;16130800113;07021963;19081757;118;668;409;614 ~~~~~~~~~~~~~~~~~~~~~~~~~~~~~~ 04-27
26041463;28032041w;27285801;17130800113;08021963;20081757;119;669;379;526 ~~~~~~~~~~~~~~~~~~~~~~~~~~~~~~ 04-28
27041463;29032041w;28285801;18130800113;09021963;21081757;120;614 ~~~~~~~~~~~~~~~~~~~~~~~~~~~~~~~~~~~~~~ 04-29
28041463;01042041w;29285801;19130800113;10021963;22081757;121;380;930;953 ~~~~~~~~~~~~~~~~~~~~~~~~~~~~~~ 04-30
29041463;02042041w;30285801;00140800113;11021963;23081757;122;676;615 ~~~~~~~~~~~~~~~~~~~~~~~~~~~~~~~~~~ 05-01
01051463;03042041w;01295801;01140800113;12021963;24081757;123;677;902 ~~~~~~~~~~~~~~~~~~~~~~~~~~~~~~~~~~ 05-02
02051463;04042041w;02295801;02140800113;13021963;25081757;124;679;510;412;615 ~~~~~~~~~~~~~~~~~~~~~~~~~~ 05-03
03051463;05042041w;03295801;03140800113;14021963;26081757;125;637;672 ~~~~~~~~~~~~~~~~~~~~~~~~~~~~~~~~~~ 05-04
04051463;06042041w;04295801;04140800113;15021963;27081757;126;673;528;615 ~~~~~~~~~~~~~~~~~~~~~~~~~~~~~~ 05-05
05051463;07042041w;05295801;05140800113;16021963;28081757;127;674;529 ~~~~~~~~~~~~~~~~~~~~~~~~~~~~~~~~~~ 05-06
06051463;08042041w;06295801;06140800113;17021963;29081757;128;675;397;553;615 ~~~~~~~~~~~~~~~~~~~~~~~~~~ 05-07
07051463;09042041w;07295801;07140800113;18021963;30081757;129;683;513 ~~~~~~~~~~~~~~~~~~~~~~~~~~~~~~~~~~ 05-08
08051463;10042041w;08295801;08140800113;19021963;01091757;130;927;409;615 ~~~~~~~~~~~~~~~~~~~~~~~~~~~~~~ 05-09
09051463;11042041w;09295801;09140800113;20021963;02091757;131;678;412 ~~~~~~~~~~~~~~~~~~~~~~~~~~~~~~~~~~ 05-10
10051463;12042041w;10295801;10140800113;21021963;03091757;132;681;680;889;615 ~~~~~~~~~~~~~~~~~~~~~~~~~~ 05-11
11051463;13042041w;11295801;11140800113;22021963;04091757;133;451;436 ~~~~~~~~~~~~~~~~~~~~~~~~~~~~~~~~~~ 05-12
12051463;14042041w;12295801;12140800113;23021963;05091757;134;682;615 ~~~~~~~~~~~~~~~~~~~~~~~~~~~~~~~~~~ 05-13
13051463;15042041w;13295801;13140800113;24021963;06091757;135;894 ~~~~~~~~~~~~~~~~~~~~~~~~~~~~~~~~~~~~~~ 05-14
14051463;16042041w;14295801;14140800113;25021963;07091757;136;685;385;409;615 ~~~~~~~~~~~~~~~~~~~~~~~~~~ 05-15
15051463;17042041w;15295801;15140800113;26021963;08091757;137;797;537;540;892;937;947 ~~~~~~~~~~~~~~~~~~ 05-16
16051463;18042041w;16295801;16140800113;27021963;09091757;138;686;573;615 ~~~~~~~~~~~~~~~~~~~~~~~~~~~~~~ 05-17
17051463;19042041w;17295801;17140800113;28021963;10091757;139;687;568;573 ~~~~~~~~~~~~~~~~~~~~~~~~~~~~~~ 05-18
18051463;20042041w;18295801;18140800113;29021963;11091757;140;684;518;568;573;615 ~~~~~~~~~~~~~~~~~~~~~~ 05-19
19051463;21042041w;19295801;19140800113;30021963;12091757;141;789 ~~~~~~~~~~~~~~~~~~~~~~~~~~~~~~~~~~~~~~ 05-20
20051463;22042041w;20295801;00150800113;31021963;13091757;142;409;615 ~~~~~~~~~~~~~~~~~~~~~~~~~~~~~~~~~~ 05-21
21051463;23042041w;21295801;01150800113;01031963;14091757;143;398;514 ~~~~~~~~~~~~~~~~~~~~~~~~~~~~~~~~~~ 05-22
22051463;24042041w;22295801;02150800113;02031963;15091757;144;798;615 ~~~~~~~~~~~~~~~~~~~~~~~~~~~~~~~~~~ 05-23
23051463;25042041w;23295801;03150800113;03031963;16091757;145;689;399;412 ~~~~~~~~~~~~~~~~~~~~~~~~~~~~~~ 05-24
24051463;26042041w;24295801;04150800113;04031963;17091757;146;439;615 ~~~~~~~~~~~~~~~~~~~~~~~~~~~~~~~~~~ 05-25
25051463;27042041w;25295801;05150800113;05031963;18091757;147;439;530;624 ~~~~~~~~~~~~~~~~~~~~~~~~~~~~~~ 05-26
26051463;28042041w;26295801;06150800113;06031963;19091757;148;438;867;624;615 ~~~~~~~~~~~~~~~~~~~~~~~~~~ 05-27
27051463;29042041w;27295801;07150800113;07031963;20091757;149;624 ~~~~~~~~~~~~~~~~~~~~~~~~~~~~~~~~~~~~~~ 05-28
28051463;30042041w;28295801;08150800113;08031963;21091757;150;688;380;420;811;921;942;624;615 ~~~~~~~~~~ 05-29
29051463;01052041w;29295801;09150800113;09031963;22091757;151;494;624;400 ~~~~~~~~~~~~~~~~~~~~~~~~~~~~~~ 05-30
30051463;02052041w;01305801;10150800113;10031963;23091757;152;624;412;615 ~~~~~~~~~~~~~~~~~~~~~~~~~~~~~~ 05-31
01061463;03052041w;02305801;11150800113;11031963;24091757;153;637;693;624 ~~~~~~~~~~~~~~~~~~~~~~~~~~~~~~ 06-01
02061463;04052041w;03305801;12150800113;12031963;25091757;154;690;616 ~~~~~~~~~~~~~~~~~~~~~~~~~~~~~~~~~~ 06-02
03061463;05052041w;04305801;13150800113;13031963;26091757;155;694;564;605 ~~~~~~~~~~~~~~~~~~~~~~~~~~~~~~ 06-03
04061463;06052041w;05305801;14150800113;14031963;27091757;156;616 ~~~~~~~~~~~~~~~~~~~~~~~~~~~~~~~~~~~~~~ 06-04
05061463;07052041w;06305801;15150800113;15031963;28091757;157;691;513;813;522 ~~~~~~~~~~~~~~~~~~~~~~~~~~ 06-05
06061463;08052041w;07305801;16150800113;16031963;29091757;158;397;432;616 ~~~~~~~~~~~~~~~~~~~~~~~~~~~~~~ 06-06
07061463;09052041w;08305801;17150800113;17031963;30091757;159;692;830;412 ~~~~~~~~~~~~~~~~~~~~~~~~~~~~~~ 06-07
08061463;10052041w;09305801;18150800113;18031963;01101757;160;697;799;400;409;616 ~~~~~~~~~~~~~~~~~~~~~~ 06-08
09061463;11052041w;10305801;19150800113;19031963;02101757;161;449;695;552;616 ~~~~~~~~~~~~~~~~~~~~~~~~~~ 06-09
10061463;12052041w;11305801;00160800113;20031963;03101757;162;864;896;616 ~~~~~~~~~~~~~~~~~~~~~~~~~~~~~~ 06-10
11061463;13052041w;12305801;01160800113;21031963;04101757;163;696;569;400;616 ~~~~~~~~~~~~~~~~~~~~~~~~~~ 06-11
12061463;14052041w;13305801;02160800113;22031963;05101757;164;833;569;616 ~~~~~~~~~~~~~~~~~~~~~~~~~~~~~~ 06-12
13061463;15052041w;14305801;03160800113;23031963;06101757;165 ~~~~~~~~~~~~~~~~~~~~~~~~~~~~~~~~~~~~~~~~~~ 06-13
14061463;16052041w;15305801;04160800113;24031963;07101757;166;699;386;874;941;400;412;616 ~~~~~~~~~~~~~~ 06-14
15061463;17052041w;16305801;05160800113;25031963;08101757;167;616 ~~~~~~~~~~~~~~~~~~~~~~~~~~~~~~~~~~~~~~ 06-15
16061463;18052041w;17305801;06160800113;26031963;09101757;168;452;452;616 ~~~~~~~~~~~~~~~~~~~~~~~~~~~~~~ 06-16
17061463;19052041w;18305801;07160800113;27031963;10101757;169;401;514 ~~~~~~~~~~~~~~~~~~~~~~~~~~~~~~~~~~ 06-17
18061463;20052041w;19305801;08160800113;28031963;11101757;170;410;421;616 ~~~~~~~~~~~~~~~~~~~~~~~~~~~~~~ 06-18
19061463;21052041w;20305801;09160800113;29031963;12101757;171 ~~~~~~~~~~~~~~~~~~~~~~~~~~~~~~~~~~~~~~~~~~ 06-19
20061463;22052041w;21305801;10160800113;30031963;13101757;172;698;398;413;460;616 ~~~~~~~~~~~~~~~~~~~~~~ 06-20
21061463;23052041w;22305801;11160800113;31031963;14101757;173;701;425;700 ~~~~~~~~~~~~~~~~~~~~~~~~~~~~~~ 06-21
22061463;24052041w;23305801;12160800113;01041963;15101757;174;702;461;616 ~~~~~~~~~~~~~~~~~~~~~~~~~~~~~~ 06-22
23061463;25052041w;24305801;13160800113;02041963;16101757;175;616 ~~~~~~~~~~~~~~~~~~~~~~~~~~~~~~~~~~~~~~ 06-23
24061463;26052041w;25305801;14160800113;03041963;17101757;176;946;616 ~~~~~~~~~~~~~~~~~~~~~~~~~~~~~~~~~~ 06-24
25061463;27052041w;26305801;15160800113;04041963;18101757;177;616 ~~~~~~~~~~~~~~~~~~~~~~~~~~~~~~~~~~~~~~ 06-25
26061463;28052041w;27305801;16160800113;05041963;19101757;178;704;616 ~~~~~~~~~~~~~~~~~~~~~~~~~~~~~~~~~~ 06-26
27061463;29052041w;28305801;17160800113;06041963;20101757;179;832 ~~~~~~~~~~~~~~~~~~~~~~~~~~~~~~~~~~~~~~ 06-27
28061463;01062041w;29305801;18160800113;07041963;21101757;180;703;380;616 ~~~~~~~~~~~~~~~~~~~~~~~~~~~~~~ 06-28
29061463;02062041w;30305801;19160800113;08041963;22101757;181 ~~~~~~~~~~~~~~~~~~~~~~~~~~~~~~~~~~~~~~~~~~ 06-29
01071463;03062041w;01315801;00170800113;09041963;23101757;182;795;437;870;616 ~~~~~~~~~~~~~~~~~~~~~~~~~~ 06-30
02071463;04062041w;02315801;01170800113;10041963;24101757;183 ~~~~~~~~~~~~~~~~~~~~~~~~~~~~~~~~~~~~~~~~~~ 07-01
03071463;05062041w;03315801;02170800113;11041963;25101757;184;617 ~~~~~~~~~~~~~~~~~~~~~~~~~~~~~~~~~~~~~~ 07-02
04071463;06062041w;04315801;03170800113;12041963;26101757;185;513 ~~~~~~~~~~~~~~~~~~~~~~~~~~~~~~~~~~~~~~ 07-03
05071463;07062041w;05315801;04170800113;13041963;27101757;186;373;617 ~~~~~~~~~~~~~~~~~~~~~~~~~~~~~~~~~~ 07-04
06071463;08062041w;06315801;05170800113;14041963;28101757;187;565;617 ~~~~~~~~~~~~~~~~~~~~~~~~~~~~~~~~~~ 07-05
07071463;09062041w;07315801;06170800113;15041963;29101757;188;637;705;840;397;565;617 ~~~~~~~~~~~~~~~~~~ 07-06
08071463;10062041w;08315801;07170800113;16041963;30101757;189;617 ~~~~~~~~~~~~~~~~~~~~~~~~~~~~~~~~~~~~~~ 07-07
09071463;11062041w;09315801;08170800113;17041963;01111757;190;707;421;617 ~~~~~~~~~~~~~~~~~~~~~~~~~~~~~~ 07-08
10071463;12062041w;10315801;09170800113;18041963;02111757;191 ~~~~~~~~~~~~~~~~~~~~~~~~~~~~~~~~~~~~~~~~~~ 07-09
11071463;13062041w;11315801;10170800113;19041963;03111757;192;546;617 ~~~~~~~~~~~~~~~~~~~~~~~~~~~~~~~~~~ 07-10
12071463;14062041w;12315801;11170800113;20041963;04111757;193;617 ~~~~~~~~~~~~~~~~~~~~~~~~~~~~~~~~~~~~~~ 07-11
13071463;15062041w;13315801;12170800113;21041963;05111757;194;617 ~~~~~~~~~~~~~~~~~~~~~~~~~~~~~~~~~~~~~~ 07-12
14071463;16062041w;14315801;13170800113;22041963;06111757;195;706;387;531;561;617 ~~~~~~~~~~~~~~~~~~~~~~ 07-13
15071463;17062041w;15315801;14170800113;23041963;07111757;196;617 ~~~~~~~~~~~~~~~~~~~~~~~~~~~~~~~~~~~~~~ 07-14
16071463;18062041w;16315801;15170800113;24041963;08111757;197;710;514;617 ~~~~~~~~~~~~~~~~~~~~~~~~~~~~~~ 07-15
17071463;19062041w;17315801;16170800113;25041963;09111757;198;617 ~~~~~~~~~~~~~~~~~~~~~~~~~~~~~~~~~~~~~~ 07-16
18071463;20062041w;18315801;17170800113;26041963;10111757;199;711;617 ~~~~~~~~~~~~~~~~~~~~~~~~~~~~~~~~~~ 07-17
19071463;21062041w;19315801;18170800113;27041963;11111757;200;631;421;617 ~~~~~~~~~~~~~~~~~~~~~~~~~~~~~~ 07-18
20071463;22062041w;20315801;19170800113;28041963;12111757;201;578;617 ~~~~~~~~~~~~~~~~~~~~~~~~~~~~~~~~~~ 07-19
21071463;23062041w;21315801;00000900113;29041963;13111757;202;708;398;433;617 ~~~~~~~~~~~~~~~~~~~~~~~~~~ 07-20
22071463;24062041w;22315801;01000900113;30041963;14111757;203;709;617 ~~~~~~~~~~~~~~~~~~~~~~~~~~~~~~~~~~ 07-21
23071463;25062041w;23315801;02000900113;31041963;15111757;204;617 ~~~~~~~~~~~~~~~~~~~~~~~~~~~~~~~~~~~~~~ 07-22
24071463;26062041w;24315801;03000900113;01051963;16111757;205;878;617 ~~~~~~~~~~~~~~~~~~~~~~~~~~~~~~~~~~ 07-23
25071463;27062041w;25315801;04000900113;02051963;17111757;206;617 ~~~~~~~~~~~~~~~~~~~~~~~~~~~~~~~~~~~~~~ 07-24
26071463;28062041w;26315801;05000900113;03051963;18111757;207;712;715;617 ~~~~~~~~~~~~~~~~~~~~~~~~~~~~~~ 07-25
27071463;29062041w;27315801;06000900113;04051963;19111757;208;716;509;617 ~~~~~~~~~~~~~~~~~~~~~~~~~~~~~~ 07-26
28071463;30062041w;28315801;07000900113;05051963;20111757;209;713;380 ~~~~~~~~~~~~~~~~~~~~~~~~~~~~~~~~~~ 07-27
29071463;01072041w;29315801;08000900113;06051963;21111757;210;714;617 ~~~~~~~~~~~~~~~~~~~~~~~~~~~~~~~~~~ 07-28
30071463;02072041w;01325801;09000900113;07051963;22111757;211;617 ~~~~~~~~~~~~~~~~~~~~~~~~~~~~~~~~~~~~~~ 07-29
01081463;03072041w;02325801;10000900113;08051963;23111757;212;513;617 ~~~~~~~~~~~~~~~~~~~~~~~~~~~~~~~~~~ 07-30
02081463;04072041w;03325801;11000900113;09051963;24111757;213;579 ~~~~~~~~~~~~~~~~~~~~~~~~~~~~~~~~~~~~~~ 07-31
03081463;05072041w;04325801;12000900113;10051963;25111757;214;618 ~~~~~~~~~~~~~~~~~~~~~~~~~~~~~~~~~~~~~~ 08-01
04081463;06072041w;05325801;13000900113;11051963;26111757;215;719;891 ~~~~~~~~~~~~~~~~~~~~~~~~~~~~~~~~~~ 08-02
05081463;07072041w;06325801;14000900113;12051963;27111757;216;637;720;572;618 ~~~~~~~~~~~~~~~~~~~~~~~~~~ 08-03
06081463;08072041w;07325801;15000900113;13051963;28111757;217;717;397 ~~~~~~~~~~~~~~~~~~~~~~~~~~~~~~~~~~ 08-04
07081463;09072041w;08325801;16000900113;14051963;29111757;218;618 ~~~~~~~~~~~~~~~~~~~~~~~~~~~~~~~~~~~~~~ 08-05
08081463;10072041w;09325801;17000900113;15051963;30111757;219;718 ~~~~~~~~~~~~~~~~~~~~~~~~~~~~~~~~~~~~~~ 08-06
09081463;11072041w;10325801;18000900113;16051963;01121757;220;618 ~~~~~~~~~~~~~~~~~~~~~~~~~~~~~~~~~~~~~~ 08-07
10081463;12072041w;11325801;19000900113;17051963;02121757;221;926 ~~~~~~~~~~~~~~~~~~~~~~~~~~~~~~~~~~~~~~ 08-08
11081463;13072041w;12325801;00010900113;18051963;03121757;222;938;618 ~~~~~~~~~~~~~~~~~~~~~~~~~~~~~~~~~~ 08-09
12081463;14072041w;13325801;01010900113;19051963;04121757;223;723;417;567 ~~~~~~~~~~~~~~~~~~~~~~~~~~~~~~ 08-10
13081463;15072041w;14325801;02010900113;20051963;05121757;224;721;388;909;910;567;618 ~~~~~~~~~~~~~~~~~~ 08-11
14081463;16072041w;15325801;03010900113;21051963;06121757;225;514;556;925;512 ~~~~~~~~~~~~~~~~~~~~~~~~~~ 08-12
15081463;17072041w;16325801;04010900113;22051963;07121757;226;618 ~~~~~~~~~~~~~~~~~~~~~~~~~~~~~~~~~~~~~~ 08-13
16081463;18072041w;17325801;05010900113;23051963;08121757;227;722;875 ~~~~~~~~~~~~~~~~~~~~~~~~~~~~~~~~~~ 08-14
17081463;19072041w;18325801;06010900113;24051963;09121757;228;618 ~~~~~~~~~~~~~~~~~~~~~~~~~~~~~~~~~~~~~~ 08-15
18081463;20072041w;19325801;07010900113;25051963;10121757;229 ~~~~~~~~~~~~~~~~~~~~~~~~~~~~~~~~~~~~~~~~~~ 08-16
19081463;21072041w;20325801;08010900113;26051963;11121757;230;724;618 ~~~~~~~~~~~~~~~~~~~~~~~~~~~~~~~~~~ 08-17
20081463;22072041w;21325801;09010900113;27051963;12121757;231;398;872 ~~~~~~~~~~~~~~~~~~~~~~~~~~~~~~~~~~ 08-18
21081463;23072041w;22325801;10010900113;28051963;13121757;232;871;418;618 ~~~~~~~~~~~~~~~~~~~~~~~~~~~~~~ 08-19
22081463;24072041w;23325801;11010900113;29051963;14121757;233;467 ~~~~~~~~~~~~~~~~~~~~~~~~~~~~~~~~~~~~~~ 08-20
23081463;25072041w;24325801;12010900113;30051963;15121757;234;618 ~~~~~~~~~~~~~~~~~~~~~~~~~~~~~~~~~~~~~~ 08-21
24081463;26072041w;25325801;13010900113;31051963;16121757;235;503 ~~~~~~~~~~~~~~~~~~~~~~~~~~~~~~~~~~~~~~ 08-22
25081463;27072041w;26325801;14010900113;01061963;17121757;236;427;618 ~~~~~~~~~~~~~~~~~~~~~~~~~~~~~~~~~~ 08-23
26081463;28072041w;27325801;15010900113;02061963;18121757;237;725 ~~~~~~~~~~~~~~~~~~~~~~~~~~~~~~~~~~~~~~ 08-24
27081463;29072041w;28325801;16010900113;03061963;19121757;238;428;725;618 ~~~~~~~~~~~~~~~~~~~~~~~~~~~~~~ 08-25
28081463;30072041w;29325801;17010900113;04061963;20121757;239;796;380;928 ~~~~~~~~~~~~~~~~~~~~~~~~~~~~~~ 08-26
29081463;01082041w;30325801;18010900113;05061963;21121757;240;594;513;421;618 ~~~~~~~~~~~~~~~~~~~~~~~~~~ 08-27
01091463;02082041w;01335801;19010900113;06061963;22121757;241;595;817;504 ~~~~~~~~~~~~~~~~~~~~~~~~~~~~~~ 08-28
02091463;03082041w;02335801;00020900113;07061963;23121757;242;597;618 ~~~~~~~~~~~~~~~~~~~~~~~~~~~~~~~~~~ 08-29
03091463;04082041w;03335801;01020900113;08061963;24121757;243;596;550 ~~~~~~~~~~~~~~~~~~~~~~~~~~~~~~~~~~ 08-30
04091463;05082041w;04335801;02020900113;09061963;25121757;244;429;915;618 ~~~~~~~~~~~~~~~~~~~~~~~~~~~~~~ 08-31
05091463;06082041w;05335801;03020900113;10061963;26121757;245;430 ~~~~~~~~~~~~~~~~~~~~~~~~~~~~~~~~~~~~~~ 09-01
06091463;07082041w;06335801;04020900113;11061963;27121757;246;434;432;836;619 ~~~~~~~~~~~~~~~~~~~~~~~~~~ 09-02
07091463;08082041w;07335801;05020900113;12061963;28121757;247;435;397;908 ~~~~~~~~~~~~~~~~~~~~~~~~~~~~~~ 09-03
08091463;09082041w;08335801;06020900113;13061963;29121757;248;619 ~~~~~~~~~~~~~~~~~~~~~~~~~~~~~~~~~~~~~~ 09-04
09091463;10082041w;09335801;07020900113;14061963;30121757;249 ~~~~~~~~~~~~~~~~~~~~~~~~~~~~~~~~~~~~~~~~~~ 09-05
10091463;11082041w;10335801;08020900113;15061963;01131757;250;727;903;421;619 ~~~~~~~~~~~~~~~~~~~~~~~~~~ 09-06
11091463;12082041w;11335801;09020900113;16061963;02131757;251;637;728;554;619 ~~~~~~~~~~~~~~~~~~~~~~~~~~ 09-07
12091463;13082041w;12335801;10020900113;17061963;03131757;252;455;845;897;619 ~~~~~~~~~~~~~~~~~~~~~~~~~~ 09-08
13091463;14082041w;13335801;11020900113;18061963;04131757;253;729;846;436;520;551 ~~~~~~~~~~~~~~~~~~~~~~ 09-09
14091463;15082041w;14335801;12020900113;19061963;05131757;254;389;390;514;534;907;570;619 ~~~~~~~~~~~~~~ 09-10
15091463;16082041w;15335801;13020900113;20061963;01011758;255;505;619 ~~~~~~~~~~~~~~~~~~~~~~~~~~~~~~~~~~ 09-11
16091463;17082041w;16335801;14020900113;21061963;02011758;256;730;847;619 ~~~~~~~~~~~~~~~~~~~~~~~~~~~~~~ 09-12
17091463;18082041w;17335801;15020900113;22061963;03011758;257;726;619 ~~~~~~~~~~~~~~~~~~~~~~~~~~~~~~~~~~ 09-13
18091463;19082041w;18335801;16020900113;23061963;04011758;258;619 ~~~~~~~~~~~~~~~~~~~~~~~~~~~~~~~~~~~~~~ 09-14
19091463;20082041w;19335801;17020900113;24061963;05011758;259;731;418;505;619 ~~~~~~~~~~~~~~~~~~~~~~~~~~ 09-15
20091463;21082041w;20335801;18020900113;25061963;06011758;260;398;421;619 ~~~~~~~~~~~~~~~~~~~~~~~~~~~~~~ 09-16
21091463;22082041w;21335801;19020900113;26061963;07011758;261;732;505;619 ~~~~~~~~~~~~~~~~~~~~~~~~~~~~~~ 09-17
22091463;23082041w;22335801;00030900113;27061963;08011758;262;619 ~~~~~~~~~~~~~~~~~~~~~~~~~~~~~~~~~~~~~~ 09-18
23091463;24082041w;23335801;01030900113;28061963;09011758;263;733;619 ~~~~~~~~~~~~~~~~~~~~~~~~~~~~~~~~~~ 09-19
24091463;25082041w;24335801;02030900113;29061963;10011758;264;734;869;619 ~~~~~~~~~~~~~~~~~~~~~~~~~~~~~~ 09-20
25091463;26082041w;25335801;03030900113;30061963;11011758;265;735;462;619;848 ~~~~~~~~~~~~~~~~~~~~~~~~~~ 09-21
26091463;27082041w;26335801;04030900113;31061963;12011758;266;740;399;423;619 ~~~~~~~~~~~~~~~~~~~~~~~~~~ 09-22
27091463;28082041w;27335801;05030900113;01071963;13011758;267;736;513;463;508;619 ~~~~~~~~~~~~~~~~~~~~~~ 09-23
28091463;29082041w;28335801;06030900113;02071963;14011758;268;737;920;574;619 ~~~~~~~~~~~~~~~~~~~~~~~~~~ 09-24
29091463;01092041w;29335801;07030900113;03071963;15011758;269;742;790;380;521;400;619 ~~~~~~~~~~~~~~~~~~ 09-25
30091463;02092041w;01015802;08030900113;04071963;16011758;270;741;790;895;506;521;619 ~~~~~~~~~~~~~~~~~~ 09-26
01101463;03092041w;02015802;09030900113;05071963;17011758;271;738;790;507;502;521;848 ~~~~~~~~~~~~~~~~~~ 09-27
02101463;04092041w;03015802;10030900113;06071963;18011758;272;739;743;790;400;619 ~~~~~~~~~~~~~~~~~~~~~~ 09-28
03101463;05092041w;04015802;11030900113;07071963;19011758;273;790;619;848 ~~~~~~~~~~~~~~~~~~~~~~~~~~~~~~ 09-29
04101463;06092041w;05015802;12030900113;08071963;20011758;274;790;868;853;619 ~~~~~~~~~~~~~~~~~~~~~~~~~~ 09-30
05101463;07092041w;06015802;13030900113;09071963;21011758;275;745;790;853;848 ~~~~~~~~~~~~~~~~~~~~~~~~~~ 10-01
06101463;08092041w;07015802;14030900113;10071963;22011758;276;746;397;918;853;620 ~~~~~~~~~~~~~~~~~~~~~~ 10-02
07101463;09092041w;08015802;15030900113;11071963;23011758;277;747;548;919;563;418;848 ~~~~~~~~~~~~~~~~~~ 10-03
08101463;10092041w;09015802;16030900113;12071963;24011758;278;748;885;620 ~~~~~~~~~~~~~~~~~~~~~~~~~~~~~~ 10-04
09101463;11092041w;10015802;17030900113;13071963;25011758;279;637;549;560;527;848 ~~~~~~~~~~~~~~~~~~~~~~ 10-05
10101463;12092041w;11015802;18030900113;14071963;26011758;280;749;899;421;620 ~~~~~~~~~~~~~~~~~~~~~~~~~~ 10-06
11101463;13092041w;12015802;19030900113;15071963;27011758;281;744;400;848 ~~~~~~~~~~~~~~~~~~~~~~~~~~~~~~ 10-07
12101463;14092041w;13015802;00040900113;16071963;28011758;282;791;514;620 ~~~~~~~~~~~~~~~~~~~~~~~~~~~~~~ 10-08
13101463;15092041w;14015802;01040900113;17071963;29011758;283;752;391;532;882;922;848 ~~~~~~~~~~~~~~~~~~ 10-09
14101463;16092041w;15015802;02040900113;18071963;30011758;284;753;367;523;400;620 ~~~~~~~~~~~~~~~~~~~~~~ 10-10
15101463;17092041w;16015802;03040900113;19071963;01021758;285;368;523;620 ~~~~~~~~~~~~~~~~~~~~~~~~~~~~~~ 10-11
16101463;18092041w;17015802;04040900113;20071963;02021758;286;754;881;523;418;620 ~~~~~~~~~~~~~~~~~~~~~~ 10-12
17101463;19092041w;18015802;05040900113;21071963;03021758;287;750;523 ~~~~~~~~~~~~~~~~~~~~~~~~~~~~~~~~~~ 10-13
18101463;20092041w;19015802;06040900113;22071963;04021758;288;751;401;523;620 ~~~~~~~~~~~~~~~~~~~~~~~~~~ 10-14
19101463;21092041w;20015802;07040900113;23071963;05021758;289;756;523 ~~~~~~~~~~~~~~~~~~~~~~~~~~~~~~~~~~ 10-15
20101463;22092041w;21015802;08040900113;24071963;06021758;290;757;398;433;499;523;620 ~~~~~~~~~~~~~~~~~~ 10-16
21101463;23092041w;22015802;09040900113;25071963;07021758;291;631;524 ~~~~~~~~~~~~~~~~~~~~~~~~~~~~~~~~~~ 10-17
22101463;24092041w;23015802;10040900113;26071963;08021758;292;525;620 ~~~~~~~~~~~~~~~~~~~~~~~~~~~~~~~~~~ 10-18
23101463;25092041w;24015802;11040900113;27071963;09021758;293;758 ~~~~~~~~~~~~~~~~~~~~~~~~~~~~~~~~~~~~~~ 10-19
24101463;26092041w;25015802;12040900113;28071963;10021758;294;437;513;825;911;784;620 ~~~~~~~~~~~~~~~~~~ 10-20
25101463;27092041w;26015802;13040900113;29071963;11021758;295;755;369;558;785;418;620 ~~~~~~~~~~~~~~~~~~ 10-21
26101463;28092041w;27015802;14040900113;30071963;12021758;296;431;779;784;786;620 ~~~~~~~~~~~~~~~~~~~~~~ 10-22
27101463;29092041w;28015802;15040900113;01081963;13021758;297;780;785;893;787;620 ~~~~~~~~~~~~~~~~~~~~~~ 10-23
28101463;30092041w;29015802;16040900113;02081963;14021758;298;380;371;781;786;620 ~~~~~~~~~~~~~~~~~~~~~~ 10-24
29101463;01102041w;30015802;17040900113;03081963;15021758;299;849;782;787;932;950;620 ~~~~~~~~~~~~~~~~~~ 10-25
01111463;02102041w;01025802;18040900113;04081963;16021758;300;759;535;783;788;825;421;620 ~~~~~~~~~~~~~~ 10-26
02111463;03102041w;02025802;19040900113;05081963;17021758;301 ~~~~~~~~~~~~~~~~~~~~~~~~~~~~~~~~~~~~~~~~~~ 10-27
03111463;04102041w;03025802;00050900113;06081963;18021758;302;620 ~~~~~~~~~~~~~~~~~~~~~~~~~~~~~~~~~~~~~~ 10-28
04111463;05102041w;04025802;01050900113;07081963;19021758;303;453;620 ~~~~~~~~~~~~~~~~~~~~~~~~~~~~~~~~~~ 10-29
05111463;06102041w;05025802;02050900113;08081963;20021758;304;418;620 ~~~~~~~~~~~~~~~~~~~~~~~~~~~~~~~~~~ 10-30
06111463;07102041w;06025802;03050900113;09081963;21021758;305;543 ~~~~~~~~~~~~~~~~~~~~~~~~~~~~~~~~~~~~~~ 10-31
07111463;08102041w;07025802;04050900113;10081963;22021758;306;397;816;621 ~~~~~~~~~~~~~~~~~~~~~~~~~~~~~~ 11-01
08111463;09102041w;08025802;05050900113;11081963;23021758;307;637;763 ~~~~~~~~~~~~~~~~~~~~~~~~~~~~~~~~~~ 11-02
09111463;10102041w;09025802;06050900113;12081963;24021758;308;817;823;879;621 ~~~~~~~~~~~~~~~~~~~~~~~~~~ 11-03
10111463;11102041w;10025802;07050900113;13081963;25021758;309;760;547;804 ~~~~~~~~~~~~~~~~~~~~~~~~~~~~~~ 11-04
11111463;12102041w;11025802;08050900113;14081963;26021758;310;514;829;835;934;421;621 ~~~~~~~~~~~~~~~~~~ 11-05
12111463;13102041w;12025802;09050900113;15081963;27021758;311;761 ~~~~~~~~~~~~~~~~~~~~~~~~~~~~~~~~~~~~~~ 11-06
13111463;14102041w;13025802;10050900113;16081963;28021758;312;762;394;621 ~~~~~~~~~~~~~~~~~~~~~~~~~~~~~~ 11-07
14111463;15102041w;14025802;11050900113;17081963;29021758;313;540;880;947;418 ~~~~~~~~~~~~~~~~~~~~~~~~~~ 11-08
15111463;16102041w;15025802;12050900113;18081963;30021758;314;422;621 ~~~~~~~~~~~~~~~~~~~~~~~~~~~~~~~~~~ 11-09
16111463;17102041w;16025802;13050900113;19081963;01031758;315 ~~~~~~~~~~~~~~~~~~~~~~~~~~~~~~~~~~~~~~~~~~ 11-10
17111463;18102041w;17025802;14050900113;20081963;02031758;316;621 ~~~~~~~~~~~~~~~~~~~~~~~~~~~~~~~~~~~~~~ 11-11
18111463;19102041w;18025802;15050900113;21081963;03031758;317 ~~~~~~~~~~~~~~~~~~~~~~~~~~~~~~~~~~~~~~~~~~ 11-12
19111463;20102041w;19025802;16050900113;22081963;04031758;318;621 ~~~~~~~~~~~~~~~~~~~~~~~~~~~~~~~~~~~~~~ 11-13
20111463;21102041w;20025802;17050900113;23081963;05031758;319;764 ~~~~~~~~~~~~~~~~~~~~~~~~~~~~~~~~~~~~~~ 11-14
21111463;22102041w;21025802;18050900113;24081963;06031758;320;398;374;876;621 ~~~~~~~~~~~~~~~~~~~~~~~~~~ 11-15
22111463;23102041w;22025802;19050900113;25081963;07031758;321;767 ~~~~~~~~~~~~~~~~~~~~~~~~~~~~~~~~~~~~~~ 11-16
23111463;24102041w;23025802;00060900113;26081963;08031758;322;765;414;513;418;621 ~~~~~~~~~~~~~~~~~~~~~~ 11-17
24111463;25102041w;24025802;01060900113;27081963;09031758;323 ~~~~~~~~~~~~~~~~~~~~~~~~~~~~~~~~~~~~~~~~~~ 11-18
25111463;26102041w;25025802;02060900113;28081963;10031758;324;936;621 ~~~~~~~~~~~~~~~~~~~~~~~~~~~~~~~~~~ 11-19
26111463;27102041w;26025802;03060900113;29081963;11031758;325 ~~~~~~~~~~~~~~~~~~~~~~~~~~~~~~~~~~~~~~~~~~ 11-20
27111463;28102041w;27025802;04060900113;30081963;12031758;326;766;621 ~~~~~~~~~~~~~~~~~~~~~~~~~~~~~~~~~~ 11-21
28111463;29102041w;28025802;05060900113;01091963;13031758;327;788 ~~~~~~~~~~~~~~~~~~~~~~~~~~~~~~~~~~~~~~ 11-22
29111463;30102041w;29025802;06060900113;02091963;14031758;328;768;380;621 ~~~~~~~~~~~~~~~~~~~~~~~~~~~~~~ 11-23
30111463;01112041w;01035802;07060900113;03091963;15031758;329 ~~~~~~~~~~~~~~~~~~~~~~~~~~~~~~~~~~~~~~~~~~ 11-24
01121463;02112041w;02035802;08060900113;04091963;16031758;330;415;621 ~~~~~~~~~~~~~~~~~~~~~~~~~~~~~~~~~~ 11-25
02121463;03112041w;03035802;09060900113;05091963;17031758;331;375 ~~~~~~~~~~~~~~~~~~~~~~~~~~~~~~~~~~~~~~ 11-26
03121463;04112041w;04035802;10060900113;06091963;18031758;332;769;621 ~~~~~~~~~~~~~~~~~~~~~~~~~~~~~~~~~~ 11-27
04121463;05112041w;05035802;11060900113;07091963;19031758;333;440;369;944 ~~~~~~~~~~~~~~~~~~~~~~~~~~~~~~ 11-28
05121463;06112041w;06035802;12060900113;08091963;20031758;334;596;441;432;621 ~~~~~~~~~~~~~~~~~~~~~~~~~~ 11-29
06121463;07112041w;07035802;13060900113;09091963;21031758;335;770;397 ~~~~~~~~~~~~~~~~~~~~~~~~~~~~~~~~~~ 11-30
07121463;08112041w;08035802;14060900113;10091963;22031758;336;589;622 ~~~~~~~~~~~~~~~~~~~~~~~~~~~~~~~~~~ 12-01
08121463;09112041w;09035802;15060900113;11091963;23031758;337;442;370;514 ~~~~~~~~~~~~~~~~~~~~~~~~~~~~~~ 12-02
09121463;10112041w;10035802;16060900113;12091963;24031758;338;771;773;557;890;501;622 ~~~~~~~~~~~~~~~~~~ 12-03
10121463;11112041w;11035802;17060900113;13091963;25031758;339;772;554;500 ~~~~~~~~~~~~~~~~~~~~~~~~~~~~~~ 12-04
11121463;12112041w;12035802;18060900113;14091963;26031758;340;500;418;622 ~~~~~~~~~~~~~~~~~~~~~~~~~~~~~~ 12-05
12121463;13112041w;13035802;19060900113;15091963;27031758;341;774 ~~~~~~~~~~~~~~~~~~~~~~~~~~~~~~~~~~~~~~ 12-06
13121463;14112041w;14035802;00070900113;16091963;28031758;342;637;775;395;545;887;500;622 ~~~~~~~~~~~~~~ 12-07
14121463;15112041w;15035802;01070900113;17091963;29031758;343;777;590;500 ~~~~~~~~~~~~~~~~~~~~~~~~~~~~~~ 12-08
15121463;16112041w;16035802;02070900113;18091963;30031758;344;622 ~~~~~~~~~~~~~~~~~~~~~~~~~~~~~~~~~~~~~~ 12-09
16121463;17112041w;17035802;03070900113;19091963;01041758;345 ~~~~~~~~~~~~~~~~~~~~~~~~~~~~~~~~~~~~~~~~~~ 12-10
17121463;18112041w;18035802;04070900113;20091963;02041758;346;415;622 ~~~~~~~~~~~~~~~~~~~~~~~~~~~~~~~~~~ 12-11
18121463;19112041w;19035802;05070900113;21091963;03041758;347;841 ~~~~~~~~~~~~~~~~~~~~~~~~~~~~~~~~~~~~~~ 12-12
19121463;20112041w;20035802;06070900113;22091963;04041758;348;622 ~~~~~~~~~~~~~~~~~~~~~~~~~~~~~~~~~~~~~~ 12-13
20121463;21112041w;21035802;07070900113;23091963;05041758;349;776;418 ~~~~~~~~~~~~~~~~~~~~~~~~~~~~~~~~~~ 12-14
21121463;22112041w;22035802;08070900113;24091963;06041758;350;398;513;591;622 ~~~~~~~~~~~~~~~~~~~~~~~~~~ 12-15
22121463;23112041w;23035802;09070900113;25091963;07041758;351 ~~~~~~~~~~~~~~~~~~~~~~~~~~~~~~~~~~~~~~~~~~ 12-16
23121463;24112041w;24035802;10070900113;26091963;08041758;352;622 ~~~~~~~~~~~~~~~~~~~~~~~~~~~~~~~~~~~~~~ 12-17
24121463;25112041w;25035802;11070900113;27091963;09041758;353;842;516 ~~~~~~~~~~~~~~~~~~~~~~~~~~~~~~~~~~ 12-18
25121463;26112041w;26035802;12070900113;28091963;10041758;354;917;516;415;622 ~~~~~~~~~~~~~~~~~~~~~~~~~~ 12-19
26121463;27112041w;27035802;13070900113;29091963;11041758;355;778;371;466;516 ~~~~~~~~~~~~~~~~~~~~~~~~~~ 12-20
27121463;28112041w;28035802;14070900113;30091963;12041758;356;426;516;622 ~~~~~~~~~~~~~~~~~~~~~~~~~~~~~~ 12-21
28121463;29112041w;29035802;15070900113;01101963;13041758;357;592;465;516 ~~~~~~~~~~~~~~~~~~~~~~~~~~~~~~ 12-22
29121463;01122041w;30035802;16070900113;02101963;14041758;358;380;928;622 ~~~~~~~~~~~~~~~~~~~~~~~~~~~~~~ 12-23
01011464;02122041w;01045802;17070900113;03101963;15041758;359;495;516 ~~~~~~~~~~~~~~~~~~~~~~~~~~~~~~~~~~ 12-24
02011464;03122041w;02045802;18070900113;04101963;16041758;360;516;622 ~~~~~~~~~~~~~~~~~~~~~~~~~~~~~~~~~~ 12-25
03011464;04122041w;03045802;19070900113;05101963;17041758;361;516 ~~~~~~~~~~~~~~~~~~~~~~~~~~~~~~~~~~~~~~ 12-26
04011464;05122041w;04045802;00080900113;06101963;18041758;362;596;514;415;622 ~~~~~~~~~~~~~~~~~~~~~~~~~~ 12-27
05011464;06122041w;05045802;01080900113;07101963;19041758;363;405;496 ~~~~~~~~~~~~~~~~~~~~~~~~~~~~~~~~~~ 12-28
06011464;07122041w;06045802;02080900113;08101963;20041758;364;397;375;622 ~~~~~~~~~~~~~~~~~~~~~~~~~~~~~~ 12-29
07011464;08122041w;07045802;03080900113;09101963;21041758;365 ~~~~~~~~~~~~~~~~~~~~~~~~~~~~~~~~~~~~~~~~~~ 12-30
08011464;09122041w;08045802;04080900113;10101963;22041758;366;622 ~~~~~~~~~~~~~~~~~~~~~~~~~~~~~~~~~~~~~~ 12-31
