11041506;14112082d;11045843;18001100313;11102004;23041799;001;611 ~~~~~~~~~~~~~~~~~~~~~~~~~~~~~~~~~~~~~~ 01-01
12041506;15112082d;12045843;19001100313;12102004;24041799;002;637 ~~~~~~~~~~~~~~~~~~~~~~~~~~~~~~~~~~~~~~ 01-02
13041506;16112082d;13045843;00011100313;13102004;25041799;003;381;904;611 ~~~~~~~~~~~~~~~~~~~~~~~~~~~~~~ 01-03
14041506;17112082d;14045843;01011100313;14102004;26041799;004;372 ~~~~~~~~~~~~~~~~~~~~~~~~~~~~~~~~~~~~~~ 01-04
15041506;18112082d;15045843;02011100313;15102004;27041799;005;401;611 ~~~~~~~~~~~~~~~~~~~~~~~~~~~~~~~~~~ 01-05
16041506;19112082d;16045843;03011100313;16102004;28041799;006 ~~~~~~~~~~~~~~~~~~~~~~~~~~~~~~~~~~~~~~~~~~ 01-06
17041506;20112082d;17045843;04011100313;17102004;29041799;007;916;611 ~~~~~~~~~~~~~~~~~~~~~~~~~~~~~~~~~~ 01-07
18041506;21112082d;18045843;05011100313;18102004;30041799;008 ~~~~~~~~~~~~~~~~~~~~~~~~~~~~~~~~~~~~~~~~~~ 01-08
19041506;22112082d;19045843;06011100313;19102004;01051799;009;626;611 ~~~~~~~~~~~~~~~~~~~~~~~~~~~~~~~~~~ 01-09
20041506;23112082d;20045843;07011100313;20102004;02051799;010;627;418 ~~~~~~~~~~~~~~~~~~~~~~~~~~~~~~~~~~ 01-10
21041506;24112082d;21045843;08011100313;21102004;03051799;011;628;398;611 ~~~~~~~~~~~~~~~~~~~~~~~~~~~~~~ 01-11
22041506;25112082d;22045843;09011100313;22102004;04051799;012;629;375 ~~~~~~~~~~~~~~~~~~~~~~~~~~~~~~~~~~ 01-12
23041506;26112082d;23045843;10011100313;23102004;05051799;013;403;611 ~~~~~~~~~~~~~~~~~~~~~~~~~~~~~~~~~~ 01-13
24041506;27112082d;24045843;11011100313;24102004;06051799;014;514;923 ~~~~~~~~~~~~~~~~~~~~~~~~~~~~~~~~~~ 01-14
25041506;28112082d;25045843;12011100313;25102004;07051799;015;611 ~~~~~~~~~~~~~~~~~~~~~~~~~~~~~~~~~~~~~~ 01-15
26041506;29112082d;26045843;13011100313;26102004;08051799;016;630;437;406 ~~~~~~~~~~~~~~~~~~~~~~~~~~~~~~ 01-16
27041506;30112082d;27045843;14011100313;27102004;09051799;017;625;380;611 ~~~~~~~~~~~~~~~~~~~~~~~~~~~~~~ 01-17
28041506;01122082d;28045843;15011100313;28102004;10051799;018;492;888 ~~~~~~~~~~~~~~~~~~~~~~~~~~~~~~~~~~ 01-18
29041506;02122082d;29045843;16011100313;29102004;11051799;019;611 ~~~~~~~~~~~~~~~~~~~~~~~~~~~~~~~~~~~~~~ 01-19
01051506;03122082d;01055843;17011100313;30102004;12051799;020 ~~~~~~~~~~~~~~~~~~~~~~~~~~~~~~~~~~~~~~~~~~ 01-20
02051506;04122082d;02055843;18011100313;01112004;13051799;021;631;611 ~~~~~~~~~~~~~~~~~~~~~~~~~~~~~~~~~~ 01-21
03051506;05122082d;03055843;19011100313;02112004;14051799;022;940 ~~~~~~~~~~~~~~~~~~~~~~~~~~~~~~~~~~~~~~ 01-22
04051506;06122082d;04055843;00021100313;03112004;15051799;023;375;611 ~~~~~~~~~~~~~~~~~~~~~~~~~~~~~~~~~~ 01-23
05051506;07122082d;05055843;01021100313;04112004;16051799;024 ~~~~~~~~~~~~~~~~~~~~~~~~~~~~~~~~~~~~~~~~~~ 01-24
06051506;08122082d;06055843;02021100313;05112004;17051799;025;636;397;914;403;611 ~~~~~~~~~~~~~~~~~~~~~~ 01-25
07051506;09122082d;07055843;03021100313;06112004;18051799;026;513;536;580 ~~~~~~~~~~~~~~~~~~~~~~~~~~~~~~ 01-26
08051506;10122082d;08055843;04021100313;07112004;19051799;027;632;611 ~~~~~~~~~~~~~~~~~~~~~~~~~~~~~~~~~~ 01-27
09051506;11122082d;09055843;05021100313;08112004;20051799;028;376;453;812;418 ~~~~~~~~~~~~~~~~~~~~~~~~~~ 01-28
10051506;12122082d;10055843;06021100313;09112004;21051799;029;633;873;611 ~~~~~~~~~~~~~~~~~~~~~~~~~~~~~~ 01-29
11051506;13122082d;11055843;07021100313;10112004;22051799;030;634 ~~~~~~~~~~~~~~~~~~~~~~~~~~~~~~~~~~~~~~ 01-30
12051506;14122082d;12055843;08021100313;11112004;23051799;031;635;406;611 ~~~~~~~~~~~~~~~~~~~~~~~~~~~~~~ 01-31
13051506;15122082d;13055843;08021100313;12112004;24051799;032 ~~~~~~~~~~~~~~~~~~~~~~~~~~~~~~~~~~~~~~~~~~ 02-01
14051506;16122082d;14055843;09021100313;13112004;25051799;033;382;541;884;949;403;612 ~~~~~~~~~~~~~~~~~~ 02-02
15051506;17122082d;15055843;10021100313;14112004;26051799;034 ~~~~~~~~~~~~~~~~~~~~~~~~~~~~~~~~~~~~~~~~~~ 02-03
16051506;18122082d;16055843;11021100313;15112004;27051799;035;638;612 ~~~~~~~~~~~~~~~~~~~~~~~~~~~~~~~~~~ 02-04
17051506;19122082d;17055843;12021100313;16112004;28051799;036;639;432;406 ~~~~~~~~~~~~~~~~~~~~~~~~~~~~~~ 02-05
18051506;20122082d;18055843;13021100313;17112004;29051799;037;637;640;403;612 ~~~~~~~~~~~~~~~~~~~~~~~~~~ 02-06
19051506;21122082d;19055843;14021100313;18112004;30051799;038 ~~~~~~~~~~~~~~~~~~~~~~~~~~~~~~~~~~~~~~~~~~ 02-07
20051506;22122082d;20055843;15021100313;19112004;01061799;039;641;514;612 ~~~~~~~~~~~~~~~~~~~~~~~~~~~~~~ 02-08
21051506;23122082d;21055843;16021100313;20112004;02061799;040;398 ~~~~~~~~~~~~~~~~~~~~~~~~~~~~~~~~~~~~~~ 02-09
22051506;24122082d;22055843;17021100313;21112004;03061799;041;403;406;612 ~~~~~~~~~~~~~~~~~~~~~~~~~~~~~~ 02-10
23051506;25122082d;23055843;18021100313;22112004;04061799;042;642 ~~~~~~~~~~~~~~~~~~~~~~~~~~~~~~~~~~~~~~ 02-11
24051506;26122082d;24055843;19021100313;23112004;05061799;043;943;612 ~~~~~~~~~~~~~~~~~~~~~~~~~~~~~~~~~~ 02-12
25051506;27122082d;25055843;00031100313;24112004;06061799;044;643 ~~~~~~~~~~~~~~~~~~~~~~~~~~~~~~~~~~~~~~ 02-13
26051506;28122082d;26055843;01031100313;25112004;07061799;045;886;403;581;612 ~~~~~~~~~~~~~~~~~~~~~~~~~~ 02-14
27051506;29122082d;27055843;02031100313;26112004;08061799;046;450;811;406;418 ~~~~~~~~~~~~~~~~~~~~~~~~~~ 02-15
28051506;30122082d;28055843;03031100313;27112004;09061799;047;443;380;929;952;612 ~~~~~~~~~~~~~~~~~~~~~~ 02-16
29051506;01012083e;29055843;04031100313;28112004;10061799;048;444;479;490;854 ~~~~~~~~~~~~~~~~~~~~~~~~~~ 02-17
30051506;02012083e;30055843;05031100313;29112004;11061799;049;644;566;479;490;854;403;612 ~~~~~~~~~~~~~~ 02-18
01061506;03012083e;01065843;06031100313;30112004;12061799;050;645;566 ~~~~~~~~~~~~~~~~~~~~~~~~~~~~~~~~~~ 02-19
02061506;04012083e;02065843;07031100313;01122004;13061799;051;566;406;612 ~~~~~~~~~~~~~~~~~~~~~~~~~~~~~~ 02-20
03061506;05012083e;03065843;08031100313;02122004;14061799;052;566 ~~~~~~~~~~~~~~~~~~~~~~~~~~~~~~~~~~~~~~ 02-21
04061506;06012083e;04065843;09031100313;03122004;15061799;053;403;612 ~~~~~~~~~~~~~~~~~~~~~~~~~~~~~~~~~~ 02-22
05061506;07012083e;05065843;10031100313;04122004;16061799;054;646;513 ~~~~~~~~~~~~~~~~~~~~~~~~~~~~~~~~~~ 02-23
06061506;08012083e;06065843;11031100313;05122004;17061799;055;397;612 ~~~~~~~~~~~~~~~~~~~~~~~~~~~~~~~~~~ 02-24
07061506;09012083e;07065843;12031100313;06122004;18061799;056;647;648 ~~~~~~~~~~~~~~~~~~~~~~~~~~~~~~~~~~ 02-25
08061506;10012083e;08065843;13031100313;07122004;19061799;057;649;403;612 ~~~~~~~~~~~~~~~~~~~~~~~~~~~~~~ 02-26
09061506;11012083e;09065843;14031100313;08122004;20061799;058 ~~~~~~~~~~~~~~~~~~~~~~~~~~~~~~~~~~~~~~~~~~ 02-27
10061506;12012083e;10065843;15031100313;09122004;21061799;059;650;517;612 ~~~~~~~~~~~~~~~~~~~~~~~~~~~~~~ 02-28
11061506;13012083e;11065843;19031100313;10122004;22061799;061 ~~~~~~~~~~~~~~~~~~~~~~~~~~~~~~~~~~~~~~~~~~ 03-01
12061506;14012083e;12065843;00041100313;11122004;23061799;062;403;406;613 ~~~~~~~~~~~~~~~~~~~~~~~~~~~~~~ 03-02
13061506;15012083e;13065843;01041100313;12122004;24061799;063;383;544;623;613 ~~~~~~~~~~~~~~~~~~~~~~~~~~ 03-03
14061506;16012083e;14065843;02041100313;13122004;25061799;064;653;598;906;519;613 ~~~~~~~~~~~~~~~~~~~~~~ 03-04
15061506;17012083e;15065843;03041100313;14122004;26061799;065;654;562;418;613 ~~~~~~~~~~~~~~~~~~~~~~~~~~ 03-05
16061506;18012083e;16065843;04041100313;15122004;27061799;066;637;562;403;613 ~~~~~~~~~~~~~~~~~~~~~~~~~~ 03-06
17061506;19012083e;17065843;05041100313;16122004;28061799;067;655;514;562;613 ~~~~~~~~~~~~~~~~~~~~~~~~~~ 03-07
18061506;20012083e;18065843;06041100313;17122004;29061799;068;613 ~~~~~~~~~~~~~~~~~~~~~~~~~~~~~~~~~~~~~~ 03-08
19061506;21012083e;19065843;07041100313;18122004;30061799;069;613 ~~~~~~~~~~~~~~~~~~~~~~~~~~~~~~~~~~~~~~ 03-09
20061506;22012083e;20065843;08041100313;19122004;01071799;070;398;613 ~~~~~~~~~~~~~~~~~~~~~~~~~~~~~~~~~~ 03-10
21061506;23012083e;21065843;09041100313;20122004;02071799;071;656;533;836;924;613 ~~~~~~~~~~~~~~~~~~~~~~ 03-11
22061506;24012083e;22065843;10041100313;21122004;03071799;072;613 ~~~~~~~~~~~~~~~~~~~~~~~~~~~~~~~~~~~~~~ 03-12
23061506;25012083e;23065843;11041100313;22122004;04071799;073;613 ~~~~~~~~~~~~~~~~~~~~~~~~~~~~~~~~~~~~~~ 03-13
24061506;26012083e;24065843;12041100313;23122004;05071799;074;900;403;613 ~~~~~~~~~~~~~~~~~~~~~~~~~~~~~~ 03-14
25061506;27012083e;25065843;13041100313;24122004;06071799;075 ~~~~~~~~~~~~~~~~~~~~~~~~~~~~~~~~~~~~~~~~~~ 03-15
26061506;28012083e;26065843;14041100313;25122004;07071799;076;657;613 ~~~~~~~~~~~~~~~~~~~~~~~~~~~~~~~~~~ 03-16
27061506;29012083e;27065843;15041100313;26122004;08071799;077 ~~~~~~~~~~~~~~~~~~~~~~~~~~~~~~~~~~~~~~~~~~ 03-17
28061506;01022083e;28065843;16041100313;27122004;09071799;078;658;380;403;613 ~~~~~~~~~~~~~~~~~~~~~~~~~~ 03-18
29061506;02022083e;29065843;17041100313;28122004;10071799;079;538;559;935;466 ~~~~~~~~~~~~~~~~~~~~~~~~~~ 03-19
01071506;03022083e;01075843;18041100313;29122004;11071799;080;424;613 ~~~~~~~~~~~~~~~~~~~~~~~~~~~~~~~~~~ 03-20
02071506;04022083e;02075843;19041100313;30122004;12071799;081;433;555;577;459 ~~~~~~~~~~~~~~~~~~~~~~~~~~ 03-21
03071506;05022083e;03075843;00051100313;01012005;13071799;082;851;403;406;613 ~~~~~~~~~~~~~~~~~~~~~~~~~~ 03-22
04071506;06022083e;04075843;01051100313;02012005;14071799;083;659;513;418;613 ~~~~~~~~~~~~~~~~~~~~~~~~~~ 03-23
05071506;07022083e;05075843;02051100313;03012005;15071799;084;945;613 ~~~~~~~~~~~~~~~~~~~~~~~~~~~~~~~~~~ 03-24
06071506;08022083e;06075843;03051100313;04012005;16071799;085;613 ~~~~~~~~~~~~~~~~~~~~~~~~~~~~~~~~~~~~~~ 03-25
07071506;09022083e;07075843;04051100313;05012005;17071799;086;397;613 ~~~~~~~~~~~~~~~~~~~~~~~~~~~~~~~~~~ 03-26
08071506;10022083e;08075843;05051100313;06012005;18071799;087;913;613 ~~~~~~~~~~~~~~~~~~~~~~~~~~~~~~~~~~ 03-27
09071506;11022083e;09075843;06051100313;07012005;19071799;088;493;436;912;933;613 ~~~~~~~~~~~~~~~~~~~~~~ 03-28
10071506;12022083e;10075843;07051100313;08012005;20071799;089;652;613 ~~~~~~~~~~~~~~~~~~~~~~~~~~~~~~~~~~ 03-29
11071506;13022083e;11075843;08051100313;09012005;21071799;090;877;852;613 ~~~~~~~~~~~~~~~~~~~~~~~~~~~~~~ 03-30
12071506;14022083e;12075843;09051100313;10012005;22071799;091;660;806 ~~~~~~~~~~~~~~~~~~~~~~~~~~~~~~~~~~ 03-31
13071506;15022083e;13075843;10051100313;11012005;23071799;092;418;614 ~~~~~~~~~~~~~~~~~~~~~~~~~~~~~~~~~~ 04-01
14071506;16022083e;14075843;11051100313;12012005;24071799;093;445;384;539;575 ~~~~~~~~~~~~~~~~~~~~~~~~~~ 04-02
15071506;17022083e;15075843;12051100313;13012005;25071799;094;446;637;661;515;403;614 ~~~~~~~~~~~~~~~~~~ 04-03
16071506;18022083e;16075843;13051100313;14012005;26071799;095;447;662;514;571 ~~~~~~~~~~~~~~~~~~~~~~~~~~ 04-04
17071506;19022083e;17075843;14051100313;15012005;27071799;096;448;651;835;614 ~~~~~~~~~~~~~~~~~~~~~~~~~~ 04-05
18071506;20022083e;18075843;15051100313;16012005;28071799;097;399;406;651;614 ~~~~~~~~~~~~~~~~~~~~~~~~~~ 04-06
19071506;21022083e;19075843;16051100313;17012005;29071799;098;663;403;651;614 ~~~~~~~~~~~~~~~~~~~~~~~~~~ 04-07
20071506;22022083e;20075843;17051100313;18012005;30071799;099;614;651 ~~~~~~~~~~~~~~~~~~~~~~~~~~~~~~~~~~ 04-08
21071506;23022083e;21075843;18051100313;19012005;01081799;100;398;400;651;614 ~~~~~~~~~~~~~~~~~~~~~~~~~~ 04-09
22071506;24022083e;22075843;19051100313;20012005;02081799;101;614;651 ~~~~~~~~~~~~~~~~~~~~~~~~~~~~~~~~~~ 04-10
23071506;25022083e;23075843;00061100313;21012005;03081799;102;864;403;406;614 ~~~~~~~~~~~~~~~~~~~~~~~~~~ 04-11
24071506;26022083e;24075843;01061100313;22012005;04081799;103;939;614 ~~~~~~~~~~~~~~~~~~~~~~~~~~~~~~~~~~ 04-12
25071506;27022083e;25075843;02061100313;23012005;05081799;104;614 ~~~~~~~~~~~~~~~~~~~~~~~~~~~~~~~~~~~~~~ 04-13
26071506;28022083e;26075843;03061100313;24012005;06081799;105;526;614 ~~~~~~~~~~~~~~~~~~~~~~~~~~~~~~~~~~ 04-14
27071506;29022083e;27075843;04061100313;25012005;07081799;106;631;664;509;403;614 ~~~~~~~~~~~~~~~~~~~~~~ 04-15
28071506;30022083e;28075843;05061100313;26012005;08081799;107;665;380;378 ~~~~~~~~~~~~~~~~~~~~~~~~~~~~~~ 04-16
29071506;01032083e;29075843;06061100313;27012005;09081799;108;666;419;614 ~~~~~~~~~~~~~~~~~~~~~~~~~~~~~~ 04-17
30071506;02032083e;30075843;07061100313;28012005;10081799;109;400;614 ~~~~~~~~~~~~~~~~~~~~~~~~~~~~~~~~~~ 04-18
01081506;03032083e;01085843;08061100313;29012005;11081799;110;794;513;902;403;614 ~~~~~~~~~~~~~~~~~~~~~~ 04-19
02081506;04032083e;02085843;09061100313;30012005;12081799;111;510;614 ~~~~~~~~~~~~~~~~~~~~~~~~~~~~~~~~~~ 04-20
03081506;05032083e;03085843;10061100313;01022005;13081799;112;400;406;614 ~~~~~~~~~~~~~~~~~~~~~~~~~~~~~~ 04-21
04081506;06032083e;04085843;11061100313;02022005;14081799;113;667;528;614 ~~~~~~~~~~~~~~~~~~~~~~~~~~~~~~ 04-22
05081506;07032083e;05085843;12061100313;03022005;15081799;114;529;403;614 ~~~~~~~~~~~~~~~~~~~~~~~~~~~~~~ 04-23
06081506;08032083e;06085843;13061100313;04022005;16081799;115;668;397;553;400 ~~~~~~~~~~~~~~~~~~~~~~~~~~ 04-24
07081506;09032083e;07085843;14061100313;05022005;17081799;116;669;614 ~~~~~~~~~~~~~~~~~~~~~~~~~~~~~~~~~~ 04-25
08081506;10032083e;08085843;15061100313;06022005;18081799;117;927;614 ~~~~~~~~~~~~~~~~~~~~~~~~~~~~~~~~~~ 04-26
09081506;11032083e;09085843;16061100313;07022005;19081799;118;400;403;614 ~~~~~~~~~~~~~~~~~~~~~~~~~~~~~~ 04-27
10081506;12032083e;10085843;17061100313;08022005;20081799;119;670;889 ~~~~~~~~~~~~~~~~~~~~~~~~~~~~~~~~~~ 04-28
11081506;13032083e;11085843;18061100313;09022005;21081799;120;401;614 ~~~~~~~~~~~~~~~~~~~~~~~~~~~~~~~~~~ 04-29
12081506;14032083e;12085843;19061100313;10022005;22081799;121;671;894 ~~~~~~~~~~~~~~~~~~~~~~~~~~~~~~~~~~ 04-30
13081506;15032083e;13085843;00071100313;11022005;23081799;122;637;672;385;615 ~~~~~~~~~~~~~~~~~~~~~~~~~~ 05-01
14081506;16032083e;14085843;01071100313;12022005;24081799;123;673;514;537;892;937;512 ~~~~~~~~~~~~~~~~~~ 05-02
15081506;17032083e;15085843;02071100313;13022005;25081799;124;674;825;615 ~~~~~~~~~~~~~~~~~~~~~~~~~~~~~~ 05-03
16081506;18032083e;16085843;03071100313;14022005;26081799;125;675;432 ~~~~~~~~~~~~~~~~~~~~~~~~~~~~~~~~~~ 05-04
17081506;19032083e;17085843;04071100313;15022005;27081799;126;676;403;615 ~~~~~~~~~~~~~~~~~~~~~~~~~~~~~~ 05-05
18081506;20032083e;18085843;05071100313;16022005;28081799;127;677;518;406 ~~~~~~~~~~~~~~~~~~~~~~~~~~~~~~ 05-06
19081506;21032083e;19085843;06071100313;17022005;29081799;128;679;678;615 ~~~~~~~~~~~~~~~~~~~~~~~~~~~~~~ 05-07
20081506;22032083e;20085843;07071100313;18022005;30081799;129;681;680;398 ~~~~~~~~~~~~~~~~~~~~~~~~~~~~~~ 05-08
21081506;23032083e;21085843;08071100313;19022005;01091799;130;451;403;615 ~~~~~~~~~~~~~~~~~~~~~~~~~~~~~~ 05-09
22081506;24032083e;22085843;09071100313;20022005;02091799;131;682 ~~~~~~~~~~~~~~~~~~~~~~~~~~~~~~~~~~~~~~ 05-10
23081506;25032083e;23085843;10071100313;21022005;03091799;132;406;615 ~~~~~~~~~~~~~~~~~~~~~~~~~~~~~~~~~~ 05-11
24081506;26032083e;24085843;11071100313;22022005;04091799;133;683;530 ~~~~~~~~~~~~~~~~~~~~~~~~~~~~~~~~~~ 05-12
25081506;27032083e;25085843;12071100313;23022005;05091799;134;494;403;615 ~~~~~~~~~~~~~~~~~~~~~~~~~~~~~~ 05-13
26081506;28032083e;26085843;13071100313;24022005;06091799;135;596;437 ~~~~~~~~~~~~~~~~~~~~~~~~~~~~~~~~~~ 05-14
27081506;29032083e;27085843;14071100313;25022005;07091799;136;687;568;615 ~~~~~~~~~~~~~~~~~~~~~~~~~~~~~~ 05-15
28081506;30032083e;28085843;15071100313;26022005;08091799;137;684;380;513;921;942;568;624;406 ~~~~~~~~~~ 05-16
29081506;01042083e;29085843;16071100313;27022005;09091799;138;624;403;615 ~~~~~~~~~~~~~~~~~~~~~~~~~~~~~~ 05-17
01091506;02042083e;01095843;17071100313;28022005;10091799;139;830;504;624 ~~~~~~~~~~~~~~~~~~~~~~~~~~~~~~ 05-18
02091506;03042083e;02095843;18071100313;29022005;11091799;140;685;624;615 ~~~~~~~~~~~~~~~~~~~~~~~~~~~~~~ 05-19
03091506;04042083e;03095843;19071100313;30022005;12091799;141;797;624 ~~~~~~~~~~~~~~~~~~~~~~~~~~~~~~~~~~ 05-20
04091506;05042083e;04095843;00081100313;31022005;13091799;142;686;573;624;403;406;615 ~~~~~~~~~~~~~~~~~~ 05-21
05091506;06042083e;05095843;01081100313;01032005;14091799;143;414;573;624 ~~~~~~~~~~~~~~~~~~~~~~~~~~~~~~ 05-22
06091506;07042083e;06095843;02081100313;02032005;15091799;144;449;798;818;522;573;615 ~~~~~~~~~~~~~~~~~~ 05-23
07091506;08042083e;07095843;03081100313;03032005;16091799;145;789;397 ~~~~~~~~~~~~~~~~~~~~~~~~~~~~~~~~~~ 05-24
08091506;09042083e;08095843;04081100313;04032005;17091799;146;403;615 ~~~~~~~~~~~~~~~~~~~~~~~~~~~~~~~~~~ 05-25
09091506;10042083e;09095843;05081100313;05032005;18091799;147;688;552 ~~~~~~~~~~~~~~~~~~~~~~~~~~~~~~~~~~ 05-26
10091506;11042083e;10095843;06081100313;06032005;19091799;148;898;615 ~~~~~~~~~~~~~~~~~~~~~~~~~~~~~~~~~~ 05-27
11091506;12042083e;11095843;07081100313;07032005;20091799;149;689;554 ~~~~~~~~~~~~~~~~~~~~~~~~~~~~~~~~~~ 05-28
12091506;13042083e;12095843;08081100313;08032005;21091799;150;439;831;615 ~~~~~~~~~~~~~~~~~~~~~~~~~~~~~~ 05-29
13091506;14042083e;13095843;09081100313;09032005;22091799;151;439;514;415 ~~~~~~~~~~~~~~~~~~~~~~~~~~~~~~ 05-30
14091506;15042083e;14095843;10081100313;10032005;23091799;152;438;396;396;874;615 ~~~~~~~~~~~~~~~~~~~~~~ 05-31
15091506;16042083e;15095843;11081100313;11032005;24091799;153;819;505 ~~~~~~~~~~~~~~~~~~~~~~~~~~~~~~~~~~ 06-01
16091506;17042083e;16095843;12081100313;12032005;25091799;154;691;694;403;616 ~~~~~~~~~~~~~~~~~~~~~~~~~~ 06-02
17091506;18042083e;17095843;13081100313;13032005;26091799;155 ~~~~~~~~~~~~~~~~~~~~~~~~~~~~~~~~~~~~~~~~~~ 06-03
18091506;19042083e;18095843;14081100313;14032005;27091799;156;692;616 ~~~~~~~~~~~~~~~~~~~~~~~~~~~~~~~~~~ 06-04
19091506;20042083e;19095843;15081100313;15032005;28091799;157;637;693;406;616 ~~~~~~~~~~~~~~~~~~~~~~~~~~ 06-05
20091506;21042083e;20095843;16081100313;16032005;29091799;158;690;398;825;403;616 ~~~~~~~~~~~~~~~~~~~~~~ 06-06
21091506;22042083e;21095843;17081100313;17032005;30091799;159;605 ~~~~~~~~~~~~~~~~~~~~~~~~~~~~~~~~~~~~~~ 06-07
22091506;23042083e;22095843;18081100313;18032005;01101799;160;696;616 ~~~~~~~~~~~~~~~~~~~~~~~~~~~~~~~~~~ 06-08
23091506;24042083e;23095843;19081100313;19032005;02101799;161 ~~~~~~~~~~~~~~~~~~~~~~~~~~~~~~~~~~~~~~~~~~ 06-09
24091506;25042083e;24095843;00091100313;20032005;03101799;162;901;403;616 ~~~~~~~~~~~~~~~~~~~~~~~~~~~~~~ 06-10
25091506;26042083e;25095843;01091100313;21032005;04101799;163;507;569 ~~~~~~~~~~~~~~~~~~~~~~~~~~~~~~~~~~ 06-11
26091506;27042083e;26095843;02091100313;22032005;05101799;164;697;799;513;569;616 ~~~~~~~~~~~~~~~~~~~~~~ 06-12
27091506;28042083e;27095843;03091100313;23032005;06101799;165;695;508;616 ~~~~~~~~~~~~~~~~~~~~~~~~~~~~~~ 06-13
28091506;29042083e;28095843;04091100313;24032005;07101799;166;403;616 ~~~~~~~~~~~~~~~~~~~~~~~~~~~~~~~~~~ 06-14
29091506;01052083e;29095843;05091100313;25032005;08101799;167;380;406 ~~~~~~~~~~~~~~~~~~~~~~~~~~~~~~~~~~ 06-15
30091506;02052083e;30095843;06091100313;26032005;09101799;168;506;616 ~~~~~~~~~~~~~~~~~~~~~~~~~~~~~~~~~~ 06-16
01101506;03052083e;01105843;07091100313;27032005;10101799;169;698;433;502 ~~~~~~~~~~~~~~~~~~~~~~~~~~~~~~ 06-17
02101506;04052083e;02105843;08091100313;28032005;11101799;170;701;699;700;616 ~~~~~~~~~~~~~~~~~~~~~~~~~~ 06-18
03101506;05052083e;03105843;09091100313;29032005;12101799;171;564;616 ~~~~~~~~~~~~~~~~~~~~~~~~~~~~~~~~~~ 06-19
04101506;06052083e;04105843;10091100313;30032005;13101799;172;452;452;460;406;616 ~~~~~~~~~~~~~~~~~~~~~~ 06-20
05101506;07052083e;05105843;11091100313;31032005;14101799;173;425 ~~~~~~~~~~~~~~~~~~~~~~~~~~~~~~~~~~~~~~ 06-21
06101506;08052083e;06105843;12091100313;01042005;15101799;174;397;461;616 ~~~~~~~~~~~~~~~~~~~~~~~~~~~~~~ 06-22
07101506;09052083e;07105843;13091100313;02042005;16101799;175;415 ~~~~~~~~~~~~~~~~~~~~~~~~~~~~~~~~~~~~~~ 06-23
08101506;10052083e;08105843;14091100313;03042005;17101799;176;616 ~~~~~~~~~~~~~~~~~~~~~~~~~~~~~~~~~~~~~~ 06-24
09101506;11052083e;09105843;15091100313;04042005;18101799;177;703;616 ~~~~~~~~~~~~~~~~~~~~~~~~~~~~~~~~~~ 06-25
10101506;12052083e;10105843;16091100313;05042005;19101799;178;702;896;403;616 ~~~~~~~~~~~~~~~~~~~~~~~~~~ 06-26
11101506;13052083e;11105843;17091100313;06042005;20101799;179;616 ~~~~~~~~~~~~~~~~~~~~~~~~~~~~~~~~~~~~~~ 06-27
12101506;14052083e;12105843;18091100313;07042005;21101799;180;514;616 ~~~~~~~~~~~~~~~~~~~~~~~~~~~~~~~~~~ 06-28
13101506;15052083e;13105843;19091100313;08042005;22101799;181;386;874;941 ~~~~~~~~~~~~~~~~~~~~~~~~~~~~~~ 06-29
14101506;16052083e;14105843;00101100313;09042005;23101799;182;704;403;616 ~~~~~~~~~~~~~~~~~~~~~~~~~~~~~~ 06-30
15101506;17052083e;15105843;01101100313;10042005;24101799;183;415 ~~~~~~~~~~~~~~~~~~~~~~~~~~~~~~~~~~~~~~ 07-01
16101506;18052083e;16105843;02101100313;11042005;25101799;184;411;565;617 ~~~~~~~~~~~~~~~~~~~~~~~~~~~~~~ 07-02
17101506;19052083e;17105843;03101100313;12042005;26101799;185;637;705;840;565 ~~~~~~~~~~~~~~~~~~~~~~~~~~ 07-03
18101506;20052083e;18105843;04101100313;13042005;27101799;186;795;403;617 ~~~~~~~~~~~~~~~~~~~~~~~~~~~~~~ 07-04
19101506;21052083e;19105843;05101100313;14042005;28101799;187;813;406;617 ~~~~~~~~~~~~~~~~~~~~~~~~~~~~~~ 07-05
20101506;22052083e;20105843;06101100313;15042005;29101799;188;398;617 ~~~~~~~~~~~~~~~~~~~~~~~~~~~~~~~~~~ 07-06
21101506;23052083e;21105843;07101100313;16042005;30101799;189;373 ~~~~~~~~~~~~~~~~~~~~~~~~~~~~~~~~~~~~~~ 07-07
22101506;24052083e;22105843;08101100313;17042005;01111799;190;403;617 ~~~~~~~~~~~~~~~~~~~~~~~~~~~~~~~~~~ 07-08
23101506;25052083e;23105843;09101100313;18042005;02111799;191;821;617 ~~~~~~~~~~~~~~~~~~~~~~~~~~~~~~~~~~ 07-09
24101506;26052083e;24105843;10101100313;19042005;03111799;192;706;513;946;406;617 ~~~~~~~~~~~~~~~~~~~~~~ 07-10
25101506;27052083e;25105843;11101100313;20042005;04111799;193;820;617 ~~~~~~~~~~~~~~~~~~~~~~~~~~~~~~~~~~ 07-11
26101506;28052083e;26105843;12101100313;21042005;05111799;194;707;617 ~~~~~~~~~~~~~~~~~~~~~~~~~~~~~~~~~~ 07-12
27101506;29052083e;27105843;13101100313;22042005;06111799;195 ~~~~~~~~~~~~~~~~~~~~~~~~~~~~~~~~~~~~~~~~~~ 07-13
28101506;30052083e;28105843;14101100313;23042005;07111799;196;380;617 ~~~~~~~~~~~~~~~~~~~~~~~~~~~~~~~~~~ 07-14
29101506;01062083e;29105843;15101100313;24042005;08111799;197;631;929;952;406 ~~~~~~~~~~~~~~~~~~~~~~~~~~ 07-15
01111506;02062083e;01115843;16101100313;25042005;09111799;198;403;412;617 ~~~~~~~~~~~~~~~~~~~~~~~~~~~~~~ 07-16
02111506;03062083e;02115843;17101100313;26042005;10111799;199;708;870;415;617 ~~~~~~~~~~~~~~~~~~~~~~~~~~ 07-17
03111506;04062083e;03115843;18101100313;27042005;11111799;200;709;420;617 ~~~~~~~~~~~~~~~~~~~~~~~~~~~~~~ 07-18
04111506;05062083e;04115843;19101100313;28042005;12111799;201;710;617 ~~~~~~~~~~~~~~~~~~~~~~~~~~~~~~~~~~ 07-19
05111506;06062083e;05115843;00111100313;29042005;13111799;202;406;617 ~~~~~~~~~~~~~~~~~~~~~~~~~~~~~~~~~~ 07-20
06111506;07062083e;06115843;01111100313;30042005;14111799;203;711;617 ~~~~~~~~~~~~~~~~~~~~~~~~~~~~~~~~~~ 07-21
07111506;08062083e;07115843;02111100313;31042005;15111799;204;712;397;617 ~~~~~~~~~~~~~~~~~~~~~~~~~~~~~~ 07-22
08111506;09062083e;08115843;03111100313;01052005;16111799;205;617 ~~~~~~~~~~~~~~~~~~~~~~~~~~~~~~~~~~~~~~ 07-23
09111506;10062083e;09115843;04111100313;02052005;17111799;206;713;403;617 ~~~~~~~~~~~~~~~~~~~~~~~~~~~~~~ 07-24
10111506;11062083e;10115843;05111100313;03052005;18111799;207;714;546;406;617 ~~~~~~~~~~~~~~~~~~~~~~~~~~ 07-25
11111506;12062083e;11115843;06111100313;04052005;19111799;208;436;514;617 ~~~~~~~~~~~~~~~~~~~~~~~~~~~~~~ 07-26
12111506;13062083e;12115843;07111100313;05052005;20111799;209;617 ~~~~~~~~~~~~~~~~~~~~~~~~~~~~~~~~~~~~~~ 07-27
13111506;14062083e;13115843;08111100313;06052005;21111799;210;387;617 ~~~~~~~~~~~~~~~~~~~~~~~~~~~~~~~~~~ 07-28
14111506;15062083e;14115843;09111100313;07052005;22111799;211;715;531;541;561;949 ~~~~~~~~~~~~~~~~~~~~~~ 07-29
15111506;16062083e;15115843;10111100313;08052005;23111799;212;716;406;412;617 ~~~~~~~~~~~~~~~~~~~~~~~~~~ 07-30
16111506;17062083e;16115843;11111100313;09052005;24111799;213;432 ~~~~~~~~~~~~~~~~~~~~~~~~~~~~~~~~~~~~~~ 07-31
17111506;18062083e;17115843;12111100313;10052005;25111799;214;717;868;403;618 ~~~~~~~~~~~~~~~~~~~~~~~~~~ 08-01
18111506;19062083e;18115843;13111100313;11052005;26111799;215;415 ~~~~~~~~~~~~~~~~~~~~~~~~~~~~~~~~~~~~~~ 08-02
19111506;20062083e;19115843;14111100313;12052005;27111799;216;718;618 ~~~~~~~~~~~~~~~~~~~~~~~~~~~~~~~~~~ 08-03
20111506;21062083e;20115843;15111100313;13052005;28111799;217;406 ~~~~~~~~~~~~~~~~~~~~~~~~~~~~~~~~~~~~~~ 08-04
21111506;22062083e;21115843;16111100313;14052005;29111799;218;398;403;618 ~~~~~~~~~~~~~~~~~~~~~~~~~~~~~~ 08-05
22111506;23062083e;22115843;17111100313;15052005;30111799;219;719;412 ~~~~~~~~~~~~~~~~~~~~~~~~~~~~~~~~~~ 08-06
23111506;24062083e;23115843;18111100313;16052005;01121799;220;637;720;513;855;618 ~~~~~~~~~~~~~~~~~~~~~~ 08-07
24111506;25062083e;24115843;19111100313;17052005;02121799;221;721;838 ~~~~~~~~~~~~~~~~~~~~~~~~~~~~~~~~~~ 08-08
25111506;26062083e;25115843;00121100313;18052005;03121799;222;399;878;406;618 ~~~~~~~~~~~~~~~~~~~~~~~~~~ 08-09
26111506;27062083e;26115843;01121100313;19052005;04121799;223;415 ~~~~~~~~~~~~~~~~~~~~~~~~~~~~~~~~~~~~~~ 08-10
27111506;28062083e;27115843;02121100313;20052005;05121799;224;722;618 ~~~~~~~~~~~~~~~~~~~~~~~~~~~~~~~~~~ 08-11
28111506;29062083e;28115843;03121100313;21052005;06121799;225;400 ~~~~~~~~~~~~~~~~~~~~~~~~~~~~~~~~~~~~~~ 08-12
29111506;01072083e;29115843;04121100313;22052005;07121799;226;596;380;929;952;618 ~~~~~~~~~~~~~~~~~~~~~~ 08-13
30111506;02072083e;30115843;05121100313;23052005;08121799;227;723;406 ~~~~~~~~~~~~~~~~~~~~~~~~~~~~~~~~~~ 08-14
01121506;03072083e;01125843;06121100313;24052005;09121799;228;400;618 ~~~~~~~~~~~~~~~~~~~~~~~~~~~~~~~~~~ 08-15
02121506;04072083e;02125843;07121100313;25052005;10121799;229;579 ~~~~~~~~~~~~~~~~~~~~~~~~~~~~~~~~~~~~~~ 08-16
03121506;05072083e;03125843;08121100313;26052005;11121799;230;403;421;618 ~~~~~~~~~~~~~~~~~~~~~~~~~~~~~~ 08-17
04121506;06072083e;04125843;09121100313;27052005;12121799;231;891;400;415 ~~~~~~~~~~~~~~~~~~~~~~~~~~~~~~ 08-18
05121506;07072083e;05125843;10121100313;28052005;13121799;232;572;406;618 ~~~~~~~~~~~~~~~~~~~~~~~~~~~~~~ 08-19
06121506;08072083e;06125843;11121100313;29052005;14121799;233;397;412 ~~~~~~~~~~~~~~~~~~~~~~~~~~~~~~~~~~ 08-20
07121506;09072083e;07125843;12121100313;30052005;15121799;234;724;400;618 ~~~~~~~~~~~~~~~~~~~~~~~~~~~~~~ 08-21
08121506;10072083e;08125843;13121100313;31052005;16121799;235;514 ~~~~~~~~~~~~~~~~~~~~~~~~~~~~~~~~~~~~~~ 08-22
09121506;11072083e;09125843;14121100313;01062005;17121799;236;926;501;618 ~~~~~~~~~~~~~~~~~~~~~~~~~~~~~~ 08-23
10121506;12072083e;10125843;15121100313;02062005;18121799;237;500;400 ~~~~~~~~~~~~~~~~~~~~~~~~~~~~~~~~~~ 08-24
11121506;13072083e;11125843;16121100313;03062005;19121799;238;500;618 ~~~~~~~~~~~~~~~~~~~~~~~~~~~~~~~~~~ 08-25
12121506;14072083e;12125843;17121100313;04062005;20121799;239;897;567 ~~~~~~~~~~~~~~~~~~~~~~~~~~~~~~~~~~ 08-26
13121506;15072083e;13125843;18121100313;05062005;21121799;240;427;388;556;909;910;925;938;500;567;400 ~~ 08-27
14121506;16072083e;14125843;19121100313;06062005;22121799;241;725;500 ~~~~~~~~~~~~~~~~~~~~~~~~~~~~~~~~~~ 08-28
15121506;17072083e;15125843;00131100313;07062005;23121799;242;428;725;403;406;618 ~~~~~~~~~~~~~~~~~~~~~~ 08-29
16121506;18072083e;16125843;01131100313;08062005;24121799;243;796;875 ~~~~~~~~~~~~~~~~~~~~~~~~~~~~~~~~~~ 08-30
17121506;19072083e;17125843;02131100313;09062005;25121799;244;594;618 ~~~~~~~~~~~~~~~~~~~~~~~~~~~~~~~~~~ 08-31
18121506;20072083e;18125843;03131100313;10062005;26121799;245;595;841 ~~~~~~~~~~~~~~~~~~~~~~~~~~~~~~~~~~ 09-01
19121506;21072083e;19125843;04131100313;11062005;27121799;246;401;619 ~~~~~~~~~~~~~~~~~~~~~~~~~~~~~~~~~~ 09-02
20121506;22072083e;20125843;05131100313;12062005;28121799;247;596;727;398;513;406;412;415 ~~~~~~~~~~~~~~ 09-03
21121506;23072083e;21125843;06131100313;13062005;29121799;248;429;637;728;374;883;619 ~~~~~~~~~~~~~~~~~~ 09-04
22121506;24072083e;22125843;07131100313;14062005;30121799;249;430;845;619 ~~~~~~~~~~~~~~~~~~~~~~~~~~~~~~ 09-05
23121506;25072083e;23125843;08131100313;15062005;01131799;250;434;846;403;619 ~~~~~~~~~~~~~~~~~~~~~~~~~~ 09-06
24121506;26072083e;24125843;09131100313;16062005;02131799;251;435;842;619 ~~~~~~~~~~~~~~~~~~~~~~~~~~~~~~ 09-07
25121506;27072083e;25125843;10131100313;17062005;03131799;252;503;856;406;619 ~~~~~~~~~~~~~~~~~~~~~~~~~~ 09-08
26121506;28072083e;26125843;11131100313;18062005;04131799;253;730;437 ~~~~~~~~~~~~~~~~~~~~~~~~~~~~~~~~~~ 09-09
27121506;29072083e;27125843;12131100313;19062005;05131799;254;861;403;619 ~~~~~~~~~~~~~~~~~~~~~~~~~~~~~~ 09-10
28121506;30072083e;28125843;13131100313;20062005;06131799;255;380;619 ~~~~~~~~~~~~~~~~~~~~~~~~~~~~~~~~~~ 09-11
29121506;01082083e;29125843;14131100313;21062005;01011800;256;455;847;521;619 ~~~~~~~~~~~~~~~~~~~~~~~~~~ 09-12
01011507;02082083e;01215844;15131100313;22062005;02011800;257;729;726;433;495;521;406 ~~~~~~~~~~~~~~~~~~ 09-13
02011507;03082083e;02215844;16131100313;23062005;03011800;258;597;521;403;619 ~~~~~~~~~~~~~~~~~~~~~~~~~~ 09-14
03011507;04082083e;03215844;17131100313;24062005;04011800;259;550;619 ~~~~~~~~~~~~~~~~~~~~~~~~~~~~~~~~~~ 09-15
04011507;05082083e;04215844;18131100313;25062005;05011800;260;733;514;915;619 ~~~~~~~~~~~~~~~~~~~~~~~~~~ 09-16
05011507;06082083e;05215844;19131100313;26062005;06011800;261;734;496;619;848 ~~~~~~~~~~~~~~~~~~~~~~~~~~ 09-17
06011507;07082083e;06215844;00141100313;27062005;07011800;262;735;397;403;406;619 ~~~~~~~~~~~~~~~~~~~~~~ 09-18
07011507;08082083e;07215844;01141100313;28062005;08011800;263;731;908;415;848 ~~~~~~~~~~~~~~~~~~~~~~~~~~ 09-19
08011507;09082083e;08215844;02141100313;29062005;09011800;264;619 ~~~~~~~~~~~~~~~~~~~~~~~~~~~~~~~~~~~~~~ 09-20
09011507;10082083e;09215844;03141100313;30062005;10011800;265;732;903;619 ~~~~~~~~~~~~~~~~~~~~~~~~~~~~~~ 09-21
10011507;11082083e;10215844;04141100313;31062005;11011800;266;554;462;498;527;619 ~~~~~~~~~~~~~~~~~~~~~~ 09-22
11011507;12082083e;11215844;05141100313;01072005;12011800;267;423;496;619;848 ~~~~~~~~~~~~~~~~~~~~~~~~~~ 09-23
12011507;13082083e;12215844;06141100313;02072005;13011800;268;738;520;551;463;412;619 ~~~~~~~~~~~~~~~~~~ 09-24
13011507;14082083e;13215844;07141100313;03072005;14011800;269;739;743;389;390;534;619;848 ~~~~~~~~~~~~~~ 09-25
14011507;15082083e;14215844;08141100313;04072005;15011800;270;740;907;570;375;421;619 ~~~~~~~~~~~~~~~~~~ 09-26
15011507;16082083e;15215844;09141100313;05072005;16011800;271;736;523;496;619;848 ~~~~~~~~~~~~~~~~~~~~~~ 09-27
16011507;17082083e;16215844;10141100313;06072005;17011800;272;737;523;406;619 ~~~~~~~~~~~~~~~~~~~~~~~~~~ 09-28
17011507;18082083e;17215844;11141100313;07072005;18011800;273;742;790;408;523;848 ~~~~~~~~~~~~~~~~~~~~~~ 09-29
18011507;19082083e;18215844;12141100313;08072005;19011800;274;741;790;523;853;403;619 ~~~~~~~~~~~~~~~~~~ 09-30
19011507;20082083e;19215844;13141100313;09072005;20011800;275;748;790;513;523;853;848 ~~~~~~~~~~~~~~~~~~ 10-01
20011507;21082083e;20215844;14141100313;10072005;21011800;276;637;790;523;853;620 ~~~~~~~~~~~~~~~~~~~~~~ 10-02
21011507;22082083e;21215844;15141100313;11072005;22011800;277;749;790;398;523;406;620 ~~~~~~~~~~~~~~~~~~ 10-03
22011507;23082083e;22215844;16141100313;12072005;23011800;278;744;790;524;403;620 ~~~~~~~~~~~~~~~~~~~~~~ 10-04
23011507;24082083e;23215844;17141100313;13072005;24011800;279;745;790;525;409;415;620;848 ~~~~~~~~~~~~~~ 10-05
24011507;25082083e;24215844;18141100313;14072005;25011800;280;746;620 ~~~~~~~~~~~~~~~~~~~~~~~~~~~~~~~~~~ 10-06
25011507;26082083e;25215844;19141100313;15072005;26011800;281;747;869;496 ~~~~~~~~~~~~~~~~~~~~~~~~~~~~~~ 10-07
26011507;27082083e;26215844;00151100313;16072005;27011800;282;403;406;412;620 ~~~~~~~~~~~~~~~~~~~~~~~~~~ 10-08
27011507;28082083e;27215844;01151100313;17072005;28011800;283;754;496;848 ~~~~~~~~~~~~~~~~~~~~~~~~~~~~~~ 10-09
28011507;29082083e;28215844;02151100313;18072005;29011800;284;750;574;620 ~~~~~~~~~~~~~~~~~~~~~~~~~~~~~~ 10-10
29011507;01092083e;29215844;03151100313;19072005;30011800;285;751;380;367;467;920;620;848 ~~~~~~~~~~~~~~ 10-11
30011507;02092083e;30215844;04151100313;20072005;01021800;286;791;368;895;497;403;620 ~~~~~~~~~~~~~~~~~~ 10-12
01021507;03092083e;01225844;05151100313;21072005;02021800;287;752;514;406;620 ~~~~~~~~~~~~~~~~~~~~~~~~~~ 10-13
02021507;04092083e;02225844;06151100313;22072005;03021800;288;753;620 ~~~~~~~~~~~~~~~~~~~~~~~~~~~~~~~~~~ 10-14
03021507;05092083e;03225844;07151100313;23072005;04021800;289;412 ~~~~~~~~~~~~~~~~~~~~~~~~~~~~~~~~~~~~~~ 10-15
04021507;06092083e;04225844;08151100313;24072005;05021800;290;758;918;421;620 ~~~~~~~~~~~~~~~~~~~~~~~~~~ 10-16
05021507;07092083e;05225844;09151100313;25072005;06021800;291;397;919;409;620 ~~~~~~~~~~~~~~~~~~~~~~~~~~ 10-17
06021507;08092083e;06225844;10151100313;26072005;07021800;292;755;548;375;406;620 ~~~~~~~~~~~~~~~~~~~~~~ 10-18
07021507;09092083e;07225844;11151100313;27072005;08021800;293;756;885;563;620 ~~~~~~~~~~~~~~~~~~~~~~~~~~ 10-19
08021507;10092083e;08225844;12151100313;28072005;09021800;294;757;549;560;784;403;620 ~~~~~~~~~~~~~~~~~~ 10-20
09021507;11092083e;09225844;13151100313;29072005;10021800;295;631;899;785 ~~~~~~~~~~~~~~~~~~~~~~~~~~~~~~ 10-21
10021507;12092083e;10225844;14151100313;30072005;11021800;296;596;369;786;412;620 ~~~~~~~~~~~~~~~~~~~~~~ 10-22
11021507;13092083e;11225844;15151100313;01082005;12021800;297;759;416;787 ~~~~~~~~~~~~~~~~~~~~~~~~~~~~~~ 10-23
12021507;14092083e;12225844;16151100313;02082005;13021800;298;882;922;403;620 ~~~~~~~~~~~~~~~~~~~~~~~~~~ 10-24
13021507;15092083e;13225844;17151100313;03082005;14021800;299;391;371;532 ~~~~~~~~~~~~~~~~~~~~~~~~~~~~~~ 10-25
14021507;16092083e;14225844;18151100313;04082005;15021800;300;421;620 ~~~~~~~~~~~~~~~~~~~~~~~~~~~~~~~~~~ 10-26
15021507;17092083e;15225844;19151100313;05082005;16021800;301;432 ~~~~~~~~~~~~~~~~~~~~~~~~~~~~~~~~~~~~~~ 10-27
16021507;18092083e;16225844;00161100313;06082005;17021800;302;403;406;620 ~~~~~~~~~~~~~~~~~~~~~~~~~~~~~~ 10-28
17021507;19092083e;17225844;01161100313;07082005;18021800;303;849;513;881;412 ~~~~~~~~~~~~~~~~~~~~~~~~~~ 10-29
18021507;20092083e;18225844;02161100313;08082005;19021800;304;829;620 ~~~~~~~~~~~~~~~~~~~~~~~~~~~~~~~~~~ 10-30
19021507;21092083e;19225844;03161100313;09082005;20021800;305 ~~~~~~~~~~~~~~~~~~~~~~~~~~~~~~~~~~~~~~~~~~ 10-31
20021507;22092083e;20225844;04161100313;10082005;21021800;306;760;844;403;621 ~~~~~~~~~~~~~~~~~~~~~~~~~~ 11-01
21021507;23092083e;21225844;05161100313;11082005;22021800;307;398;431;499 ~~~~~~~~~~~~~~~~~~~~~~~~~~~~~~ 11-02
22021507;24092083e;22225844;06161100313;12082005;23021800;308;761;621 ~~~~~~~~~~~~~~~~~~~~~~~~~~~~~~~~~~ 11-03
23021507;25092083e;23225844;07161100313;13082005;24021800;309;762;409 ~~~~~~~~~~~~~~~~~~~~~~~~~~~~~~~~~~ 11-04
24021507;26092083e;24225844;08161100313;14082005;25021800;310;403;621 ~~~~~~~~~~~~~~~~~~~~~~~~~~~~~~~~~~ 11-05
25021507;27092083e;25225844;09161100313;15082005;26021800;311;637;763;558;911 ~~~~~~~~~~~~~~~~~~~~~~~~~~ 11-06
26021507;28092083e;26225844;10161100313;16082005;27021800;312;779;784;406;621 ~~~~~~~~~~~~~~~~~~~~~~~~~~ 11-07
27021507;29092083e;27225844;11161100313;17082005;28021800;313;780;785 ~~~~~~~~~~~~~~~~~~~~~~~~~~~~~~~~~~ 11-08
28021507;30092083e;28225844;12161100313;18082005;29021800;314;380;781;786;817;893;403;621 ~~~~~~~~~~~~~~ 11-09
29021507;01102083e;29225844;13161100313;19082005;30021800;315;514;782;787 ~~~~~~~~~~~~~~~~~~~~~~~~~~~~~~ 11-10
01031507;02102083e;01235844;14161100313;20082005;01031800;316;764;535;783;788;621 ~~~~~~~~~~~~~~~~~~~~~~ 11-11
02031507;03102083e;02235844;15161100313;21082005;02031800;317;412 ~~~~~~~~~~~~~~~~~~~~~~~~~~~~~~~~~~~~~~ 11-12
03031507;04102083e;03235844;16161100313;22082005;03031800;318;621 ~~~~~~~~~~~~~~~~~~~~~~~~~~~~~~~~~~~~~~ 11-13
04031507;05102083e;04235844;17161100313;23082005;04031800;319;417 ~~~~~~~~~~~~~~~~~~~~~~~~~~~~~~~~~~~~~~ 11-14
05031507;06102083e;05235844;18161100313;24082005;05031800;320;543;621 ~~~~~~~~~~~~~~~~~~~~~~~~~~~~~~~~~~ 11-15
06031507;07102083e;06235844;19161100313;25082005;06031800;321;397;409 ~~~~~~~~~~~~~~~~~~~~~~~~~~~~~~~~~~ 11-16
07031507;08102083e;07235844;00171100313;26082005;07031800;322;403;621 ~~~~~~~~~~~~~~~~~~~~~~~~~~~~~~~~~~ 11-17
08031507;09102083e;08235844;01171100313;27082005;08031800;323;766;413;879 ~~~~~~~~~~~~~~~~~~~~~~~~~~~~~~ 11-18
09031507;10102083e;09235844;02171100313;28082005;09031800;324;547;621 ~~~~~~~~~~~~~~~~~~~~~~~~~~~~~~~~~~ 11-19
10031507;11102083e;10235844;03171100313;29082005;10031800;325;767;436;934;375 ~~~~~~~~~~~~~~~~~~~~~~~~~~ 11-20
11031507;12102083e;11235844;04171100313;30082005;11031800;326;765;864;403;843;621 ~~~~~~~~~~~~~~~~~~~~~~ 11-21
12031507;13102083e;12235844;05171100313;01092005;12031800;327;511;788;406 ~~~~~~~~~~~~~~~~~~~~~~~~~~~~~~ 11-22
13031507;14102083e;13235844;06171100313;02092005;13031800;328;621 ~~~~~~~~~~~~~~~~~~~~~~~~~~~~~~~~~~~~~~ 11-23
14031507;15102083e;14235844;07171100313;03092005;14031800;329;769;392;880 ~~~~~~~~~~~~~~~~~~~~~~~~~~~~~~ 11-24
15031507;16102083e;15235844;08171100313;04092005;15031800;330;440;513;403;421;621 ~~~~~~~~~~~~~~~~~~~~~~ 11-25
16031507;17102083e;16235844;09171100313;05092005;16031800;331;441 ~~~~~~~~~~~~~~~~~~~~~~~~~~~~~~~~~~~~~~ 11-26
17031507;18102083e;17235844;10171100313;06092005;17031800;332;770;768;511;843;621 ~~~~~~~~~~~~~~~~~~~~~~ 11-27
18031507;19102083e;18235844;11171100313;07092005;18031800;333;457;589;409 ~~~~~~~~~~~~~~~~~~~~~~~~~~~~~~ 11-28
19031507;20102083e;19235844;12171100313;08092005;19031800;334;442;369;843;621 ~~~~~~~~~~~~~~~~~~~~~~~~~~ 11-29
20031507;21102083e;20235844;13171100313;09092005;20031800;335;771;399 ~~~~~~~~~~~~~~~~~~~~~~~~~~~~~~~~~~ 11-30
21031507;22102083e;21235844;14171100313;10092005;21031800;336;772;843;622 ~~~~~~~~~~~~~~~~~~~~~~~~~~~~~~ 12-01
22031507;23102083e;22235844;15171100313;11092005;22031800;337;398;876;406;418 ~~~~~~~~~~~~~~~~~~~~~~~~~~ 12-02
23031507;24102083e;23235844;16171100313;12092005;23031800;338;774;370;400;403;622 ~~~~~~~~~~~~~~~~~~~~~~ 12-03
24031507;25102083e;24235844;17171100313;13092005;24031800;339;637;775;409 ~~~~~~~~~~~~~~~~~~~~~~~~~~~~~~ 12-04
25031507;26102083e;25235844;18171100313;14092005;25031800;340;936;590;516;843;622 ~~~~~~~~~~~~~~~~~~~~~~ 12-05
26031507;27102083e;26235844;19171100313;15092005;26031800;341;516;400 ~~~~~~~~~~~~~~~~~~~~~~~~~~~~~~~~~~ 12-06
27031507;28102083e;27235844;00001200313;16092005;27031800;342;773;516;403;406;622 ~~~~~~~~~~~~~~~~~~~~~~ 12-07
28031507;29102083e;28235844;01001200313;17092005;28031800;343;380;516 ~~~~~~~~~~~~~~~~~~~~~~~~~~~~~~~~~~ 12-08
29031507;01112083e;29235844;02001200313;18092005;29031800;344;514;516;400;622 ~~~~~~~~~~~~~~~~~~~~~~~~~~ 12-09
30031507;02112083e;01245844;03001200313;19092005;30031800;345;433;516 ~~~~~~~~~~~~~~~~~~~~~~~~~~~~~~~~~~ 12-10
01041507;03112083e;02245844;04001200313;20092005;01041800;346;776;516;403;418;622 ~~~~~~~~~~~~~~~~~~~~~~ 12-11
02041507;04112083e;03245844;05001200313;21092005;02041800;347;777;591;516;406 ~~~~~~~~~~~~~~~~~~~~~~~~~~ 12-12
03041507;05112083e;04245844;06001200313;22092005;03041800;348;944;622 ~~~~~~~~~~~~~~~~~~~~~~~~~~~~~~~~~~ 12-13
04041507;06112083e;05245844;07001200313;23092005;04041800;349 ~~~~~~~~~~~~~~~~~~~~~~~~~~~~~~~~~~~~~~~~~~ 12-14
05041507;07112083e;06245844;08001200313;24092005;05041800;350;397;403;421;622 ~~~~~~~~~~~~~~~~~~~~~~~~~~ 12-15
06041507;08112083e;07245844;09001200313;25092005;06041800;351 ~~~~~~~~~~~~~~~~~~~~~~~~~~~~~~~~~~~~~~~~~~ 12-16
07041507;09112083e;08245844;10001200313;26092005;07041800;352;596;778;406;622 ~~~~~~~~~~~~~~~~~~~~~~~~~~ 12-17
08041507;10112083e;09245844;11001200313;27092005;08041800;353 ~~~~~~~~~~~~~~~~~~~~~~~~~~~~~~~~~~~~~~~~~~ 12-18
09041507;11112083e;10245844;12001200313;28092005;09041800;354;401;557;890;592;403;622 ~~~~~~~~~~~~~~~~~~ 12-19
10041507;12112083e;11245844;13001200313;29092005;10041800;355;371;466 ~~~~~~~~~~~~~~~~~~~~~~~~~~~~~~~~~~ 12-20
11041507;13112083e;12245844;14001200313;30092005;11041800;356;426;622 ~~~~~~~~~~~~~~~~~~~~~~~~~~~~~~~~~~ 12-21
12041507;14112083e;13245844;15001200313;01102005;12041800;357;513;465;406 ~~~~~~~~~~~~~~~~~~~~~~~~~~~~~~ 12-22
13041507;15112083e;14245844;16001200313;02102005;13041800;358;395;545;887;622 ~~~~~~~~~~~~~~~~~~~~~~~~~~ 12-23
14041507;16112083e;15245844;17001200313;03102005;14041800;359 ~~~~~~~~~~~~~~~~~~~~~~~~~~~~~~~~~~~~~~~~~~ 12-24
15041507;17112083e;16245844;18001200313;04102005;15041800;360;421;622 ~~~~~~~~~~~~~~~~~~~~~~~~~~~~~~~~~~ 12-25
16041507;18112083e;17245844;19001200313;05102005;16041800;361 ~~~~~~~~~~~~~~~~~~~~~~~~~~~~~~~~~~~~~~~~~~ 12-26
17041507;19112083e;18245844;00011200313;06102005;17041800;362;403;406;622 ~~~~~~~~~~~~~~~~~~~~~~~~~~~~~~ 12-27
18041507;20112083e;19245844;01011200313;07102005;18041800;363 ~~~~~~~~~~~~~~~~~~~~~~~~~~~~~~~~~~~~~~~~~~ 12-28
19041507;21112083e;20245844;02011200313;08102005;19041800;364;437;836;418;622 ~~~~~~~~~~~~~~~~~~~~~~~~~~ 12-29
20041507;22112083e;21245844;03011200313;09102005;20041800;365;422 ~~~~~~~~~~~~~~~~~~~~~~~~~~~~~~~~~~~~~~ 12-30
21041507;23112083e;22245844;04011200313;10102005;21041800;366;398;622 ~~~~~~~~~~~~~~~~~~~~~~~~~~~~~~~~~~ 12-31
