09071514;12112090l;11045851;00031900313;11102012;23041807;001;905;611 ~~~~~~~~~~~~~~~~~~~~~~~~~~~~~~~~~~ 01-01
10071514;13112090l;12045851;01031900313;12102012;24041807;002 ~~~~~~~~~~~~~~~~~~~~~~~~~~~~~~~~~~~~~~~~~~ 01-02
11071514;14112090l;13045851;02031900313;13102012;25041807;003;611 ~~~~~~~~~~~~~~~~~~~~~~~~~~~~~~~~~~~~~~ 01-03
12071514;15112090l;14045851;03031900313;14102012;26041807;004;372 ~~~~~~~~~~~~~~~~~~~~~~~~~~~~~~~~~~~~~~ 01-04
13071514;16112090l;15045851;04031900313;15102012;27041807;005;381;904;403;611 ~~~~~~~~~~~~~~~~~~~~~~~~~~ 01-05
14071514;17112090l;16045851;05031900313;16102012;28041807;006;637;422 ~~~~~~~~~~~~~~~~~~~~~~~~~~~~~~~~~~ 01-06
15071514;18112090l;17045851;06031900313;17102012;29041807;007;611 ~~~~~~~~~~~~~~~~~~~~~~~~~~~~~~~~~~~~~~ 01-07
16071514;19112090l;18045851;07031900313;18102012;30041807;008;628;916 ~~~~~~~~~~~~~~~~~~~~~~~~~~~~~~~~~~ 01-08
17071514;20112090l;19045851;08031900313;19102012;01051807;009;629;514;403;611 ~~~~~~~~~~~~~~~~~~~~~~~~~~ 01-09
18071514;21112090l;20045851;09031900313;20102012;02051807;010;819;418 ~~~~~~~~~~~~~~~~~~~~~~~~~~~~~~~~~~ 01-10
19071514;22112090l;21045851;10031900313;21102012;03051807;011;611 ~~~~~~~~~~~~~~~~~~~~~~~~~~~~~~~~~~~~~~ 01-11
20071514;23112090l;22045851;11031900313;22102012;04051807;012;398 ~~~~~~~~~~~~~~~~~~~~~~~~~~~~~~~~~~~~~~ 01-12
21071514;24112090l;23045851;12031900313;23102012;05051807;013;626;403;611 ~~~~~~~~~~~~~~~~~~~~~~~~~~~~~~ 01-13
22071514;25112090l;24045851;13031900313;24102012;06051807;014;627 ~~~~~~~~~~~~~~~~~~~~~~~~~~~~~~~~~~~~~~ 01-14
23071514;26112090l;25045851;14031900313;25102012;07051807;015;492;923;611 ~~~~~~~~~~~~~~~~~~~~~~~~~~~~~~ 01-15
24071514;27112090l;26045851;15031900313;26102012;08051807;016 ~~~~~~~~~~~~~~~~~~~~~~~~~~~~~~~~~~~~~~~~~~ 01-16
25071514;28112090l;27045851;16031900313;27102012;09051807;017;432;403;611 ~~~~~~~~~~~~~~~~~~~~~~~~~~~~~~ 01-17
26071514;29112090l;28045851;17031900313;28102012;10051807;018;631 ~~~~~~~~~~~~~~~~~~~~~~~~~~~~~~~~~~~~~~ 01-18
27071514;30112090l;29045851;18031900313;29102012;11051807;019;380;888;509;418;611 ~~~~~~~~~~~~~~~~~~~~~~ 01-19
28071514;01122090l;01055851;19031900313;30102012;12051807;020;630 ~~~~~~~~~~~~~~~~~~~~~~~~~~~~~~~~~~~~~~ 01-20
29071514;02122090l;02055851;00041900313;01112012;13051807;021;625;403;611 ~~~~~~~~~~~~~~~~~~~~~~~~~~~~~~ 01-21
30071514;03122090l;03055851;01041900313;02112012;14051807;022;412 ~~~~~~~~~~~~~~~~~~~~~~~~~~~~~~~~~~~~~~ 01-22
01081514;04122090l;04055851;02041900313;03112012;15051807;023;375;611 ~~~~~~~~~~~~~~~~~~~~~~~~~~~~~~~~~~ 01-23
02081514;05122090l;05055851;03041900313;04112012;16051807;024;632;940 ~~~~~~~~~~~~~~~~~~~~~~~~~~~~~~~~~~ 01-24
03081514;06122090l;06055851;04041900313;05112012;17051807;025;513;403;611 ~~~~~~~~~~~~~~~~~~~~~~~~~~~~~~ 01-25
04081514;07122090l;07055851;05041900313;06112012;18051807;026;633;405 ~~~~~~~~~~~~~~~~~~~~~~~~~~~~~~~~~~ 01-26
05081514;08122090l;08055851;06041900313;07112012;19051807;027;634;397;536;914;611 ~~~~~~~~~~~~~~~~~~~~~~ 01-27
06081514;09122090l;09055851;07041900313;08112012;20051807;028;635 ~~~~~~~~~~~~~~~~~~~~~~~~~~~~~~~~~~~~~~ 01-28
07081514;10122090l;10055851;08041900313;09112012;21051807;029;636;403;611 ~~~~~~~~~~~~~~~~~~~~~~~~~~~~~~ 01-29
08081514;11122090l;11055851;09041900313;10112012;22051807;030;580 ~~~~~~~~~~~~~~~~~~~~~~~~~~~~~~~~~~~~~~ 01-30
09081514;12122090l;12055851;10041900313;11112012;23051807;031;873;406;611 ~~~~~~~~~~~~~~~~~~~~~~~~~~~~~~ 01-31
10081514;13122090l;13055851;10041900313;12112012;24051807;032;638 ~~~~~~~~~~~~~~~~~~~~~~~~~~~~~~~~~~~~~~ 02-01
11081514;14122090l;14055851;11041900313;13112012;25051807;033;639;612 ~~~~~~~~~~~~~~~~~~~~~~~~~~~~~~~~~~ 02-02
12081514;15122090l;15055851;12041900313;14112012;26051807;034;637;640;382;375 ~~~~~~~~~~~~~~~~~~~~~~~~~~ 02-03
13081514;16122090l;16055851;13041900313;15112012;27051807;035;884;612 ~~~~~~~~~~~~~~~~~~~~~~~~~~~~~~~~~~ 02-04
14081514;17122090l;17055851;14041900313;16112012;28051807;036;512;412 ~~~~~~~~~~~~~~~~~~~~~~~~~~~~~~~~~~ 02-05
15081514;18122090l;18055851;15041900313;17112012;29051807;037;514;612 ~~~~~~~~~~~~~~~~~~~~~~~~~~~~~~~~~~ 02-06
16081514;19122090l;19055851;16041900313;18112012;30051807;038 ~~~~~~~~~~~~~~~~~~~~~~~~~~~~~~~~~~~~~~~~~~ 02-07
17081514;20122090l;20055851;17041900313;19112012;01061807;039;642;612 ~~~~~~~~~~~~~~~~~~~~~~~~~~~~~~~~~~ 02-08
18081514;21122090l;21055851;18041900313;20112012;02061807;040 ~~~~~~~~~~~~~~~~~~~~~~~~~~~~~~~~~~~~~~~~~~ 02-09
19081514;22122090l;22055851;19041900313;21112012;03061807;041;643;398;831;403;406;612 ~~~~~~~~~~~~~~~~~~ 02-10
20081514;23122090l;23055851;00051900313;22112012;04061807;042;581 ~~~~~~~~~~~~~~~~~~~~~~~~~~~~~~~~~~~~~~ 02-11
21081514;24122090l;24055851;01051900313;23112012;05061807;043;641;612 ~~~~~~~~~~~~~~~~~~~~~~~~~~~~~~~~~~ 02-12
22081514;25122090l;25055851;02051900313;24112012;06061807;044 ~~~~~~~~~~~~~~~~~~~~~~~~~~~~~~~~~~~~~~~~~~ 02-13
23081514;26122090l;26055851;03051900313;25112012;07061807;045;453;855;943;403;612 ~~~~~~~~~~~~~~~~~~~~~~ 02-14
24081514;27122090l;27055851;04051900313;26112012;08061807;046;644;406 ~~~~~~~~~~~~~~~~~~~~~~~~~~~~~~~~~~ 02-15
25081514;28122090l;28055851;05051900313;27112012;09061807;047;645;886;612 ~~~~~~~~~~~~~~~~~~~~~~~~~~~~~~ 02-16
26081514;29122090l;29055851;06051900313;28112012;10061807;048;854 ~~~~~~~~~~~~~~~~~~~~~~~~~~~~~~~~~~~~~~ 02-17
27081514;01012091m;30055851;07051900313;29112012;11061807;049;380;413;929;952;479;490;854;403;612 ~~~~~~ 02-18
28081514;02012091m;01065851;08051900313;30112012;12061807;050;450;566;479;490 ~~~~~~~~~~~~~~~~~~~~~~~~~~ 02-19
29081514;03012091m;02065851;09051900313;01122012;13061807;051;443;566;406;612 ~~~~~~~~~~~~~~~~~~~~~~~~~~ 02-20
01091514;04012091m;03065851;10051900313;02122012;14061807;052;444;824;504;566 ~~~~~~~~~~~~~~~~~~~~~~~~~~ 02-21
02091514;05012091m;04065851;11051900313;03122012;15061807;053;647;648;513;566;403;612 ~~~~~~~~~~~~~~~~~~ 02-22
03091514;06012091m;05065851;12051900313;04122012;16061807;054;649 ~~~~~~~~~~~~~~~~~~~~~~~~~~~~~~~~~~~~~~ 02-23
04091514;07012091m;06065851;13051900313;05122012;17061807;055;418;612 ~~~~~~~~~~~~~~~~~~~~~~~~~~~~~~~~~~ 02-24
05091514;08012091m;07065851;14051900313;06122012;18061807;056;406;505 ~~~~~~~~~~~~~~~~~~~~~~~~~~~~~~~~~~ 02-25
06091514;09012091m;08065851;15051900313;07122012;19061807;057;397;403;612 ~~~~~~~~~~~~~~~~~~~~~~~~~~~~~~ 02-26
07091514;10012091m;09065851;16051900313;08122012;20061807;058;646 ~~~~~~~~~~~~~~~~~~~~~~~~~~~~~~~~~~~~~~ 02-27
08091514;11012091m;10065851;17051900313;09122012;21061807;059;650;612 ~~~~~~~~~~~~~~~~~~~~~~~~~~~~~~~~~~ 02-28
09091514;12012091m;11065851;01061900313;10122012;22061807;061;653;517;505 ~~~~~~~~~~~~~~~~~~~~~~~~~~~~~~ 03-01
10091514;13012091m;12065851;02061900313;11122012;23061807;062;654;433;554;403;406;613 ~~~~~~~~~~~~~~~~~~ 03-02
11091514;14012091m;13065851;03061900313;12122012;24061807;063;637;613 ~~~~~~~~~~~~~~~~~~~~~~~~~~~~~~~~~~ 03-03
12091514;15012091m;14065851;04061900313;13122012;25061807;064;655;436;519;613 ~~~~~~~~~~~~~~~~~~~~~~~~~~ 03-04
13091514;16012091m;15065851;05061900313;14122012;26061807;065;383;541;544;623;906;949;418;505;613 ~~~~~~ 03-05
14091514;17012091m;16065851;06061900313;15122012;27061807;066;514;598;857;403;613 ~~~~~~~~~~~~~~~~~~~~~~ 03-06
15091514;18012091m;17065851;07061900313;16122012;28061807;067;562;613 ~~~~~~~~~~~~~~~~~~~~~~~~~~~~~~~~~~ 03-07
16091514;19012091m;18065851;08061900313;17122012;29061807;068;656;562;858;375;613 ~~~~~~~~~~~~~~~~~~~~~~ 03-08
17091514;20012091m;19065851;09061900313;18122012;30061807;069;562 ~~~~~~~~~~~~~~~~~~~~~~~~~~~~~~~~~~~~~~ 03-09
18091514;21012091m;20065851;10061900313;19122012;01071807;070;403;613 ~~~~~~~~~~~~~~~~~~~~~~~~~~~~~~~~~~ 03-10
19091514;22012091m;21065851;11061900313;20122012;02071807;071;399 ~~~~~~~~~~~~~~~~~~~~~~~~~~~~~~~~~~~~~~ 03-11
20091514;23012091m;22065851;12061900313;21122012;03071807;072;398;533;924;406;613 ~~~~~~~~~~~~~~~~~~~~~~ 03-12
21091514;24012091m;23065851;13061900313;22122012;04071807;073;613 ~~~~~~~~~~~~~~~~~~~~~~~~~~~~~~~~~~~~~~ 03-13
22091514;25012091m;24065851;14061900313;23122012;05071807;074;418;613 ~~~~~~~~~~~~~~~~~~~~~~~~~~~~~~~~~~ 03-14
23091514;26012091m;25065851;15061900313;24122012;06071807;075;658;900;613 ~~~~~~~~~~~~~~~~~~~~~~~~~~~~~~ 03-15
24091514;27012091m;26065851;16061900313;25122012;07071807;076;507;613 ~~~~~~~~~~~~~~~~~~~~~~~~~~~~~~~~~~ 03-16
25091514;28012091m;27065851;17061900313;26122012;08071807;077;376;400;406;613 ~~~~~~~~~~~~~~~~~~~~~~~~~~ 03-17
26091514;29012091m;28065851;18061900313;27122012;09071807;078;403;613 ~~~~~~~~~~~~~~~~~~~~~~~~~~~~~~~~~~ 03-18
27091514;30012091m;29065851;19061900313;28122012;10071807;079;380;466;508;613 ~~~~~~~~~~~~~~~~~~~~~~~~~~ 03-19
28091514;01022091m;01075851;00071900313;29122012;11071807;080;657;424;400;613 ~~~~~~~~~~~~~~~~~~~~~~~~~~ 03-20
29091514;02022091m;02075851;01071900313;30122012;12071807;081;513;538;559;935;459;613 ~~~~~~~~~~~~~~~~~~ 03-21
30091514;03022091m;03075851;02071900313;01012013;13071807;082;506;851;403;613 ~~~~~~~~~~~~~~~~~~~~~~~~~~ 03-22
01101514;04022091m;04075851;03071900313;02012013;14071807;083;555;577;502;400;418;613 ~~~~~~~~~~~~~~~~~~ 03-23
02101514;05022091m;05075851;04071900313;03012013;15071807;084;613 ~~~~~~~~~~~~~~~~~~~~~~~~~~~~~~~~~~~~~~ 03-24
03101514;06022091m;06075851;05071900313;04012013;16071807;085 ~~~~~~~~~~~~~~~~~~~~~~~~~~~~~~~~~~~~~~~~~~ 03-25
04101514;07022091m;07075851;06071900313;05012013;17071807;086;945;400;403;613 ~~~~~~~~~~~~~~~~~~~~~~~~~~ 03-26
05101514;08022091m;08075851;07071900313;06012013;18071807;087;659;397;406 ~~~~~~~~~~~~~~~~~~~~~~~~~~~~~~ 03-27
06101514;09022091m;09075851;08071900313;07012013;19071807;088;660;613 ~~~~~~~~~~~~~~~~~~~~~~~~~~~~~~~~~~ 03-28
07101514;10022091m;10075851;09071900313;08012013;20071807;089;652;576;933;400 ~~~~~~~~~~~~~~~~~~~~~~~~~~ 03-29
08101514;11022091m;11075851;10071900313;09012013;21071807;090;596;852;613 ~~~~~~~~~~~~~~~~~~~~~~~~~~~~~~ 03-30
09101514;12022091m;12075851;11071900313;10012013;22071807;091;877 ~~~~~~~~~~~~~~~~~~~~~~~~~~~~~~~~~~~~~~ 03-31
10101514;13022091m;13075851;12071900313;11012013;23071807;092;493;662;400;406;614 ~~~~~~~~~~~~~~~~~~~~~~ 04-01
11101514;14022091m;14075851;13071900313;12012013;24071807;093;651 ~~~~~~~~~~~~~~~~~~~~~~~~~~~~~~~~~~~~~~ 04-02
12101514;15022091m;15075851;14071900313;13012013;25071807;094;384;401;651;515;403;614 ~~~~~~~~~~~~~~~~~~ 04-03
13101514;16022091m;16075851;15071900313;14012013;26071807;095;663;514;539;651;575;571 ~~~~~~~~~~~~~~~~~~ 04-04
14101514;17022091m;17075851;16071900313;15012013;27071807;096;836;651;614 ~~~~~~~~~~~~~~~~~~~~~~~~~~~~~~ 04-05
15101514;18022091m;18075851;17071900313;16012013;28071807;097;596;445;651;406;614 ~~~~~~~~~~~~~~~~~~~~~~ 04-06
16101514;19022091m;19075851;18071900313;17012013;29071807;098;446;637;661;651;403;614 ~~~~~~~~~~~~~~~~~~ 04-07
17101514;20022091m;20075851;19071900313;18012013;30071807;099;447;614 ~~~~~~~~~~~~~~~~~~~~~~~~~~~~~~~~~~ 04-08
18101514;21022091m;21075851;00081900313;19012013;01081807;100;448;614 ~~~~~~~~~~~~~~~~~~~~~~~~~~~~~~~~~~ 04-09
19101514;22022091m;22075851;01081900313;20012013;02081807;101;398;864;418 ~~~~~~~~~~~~~~~~~~~~~~~~~~~~~~ 04-10
20101514;23022091m;23075851;02081900313;21012013;03081807;102;406;614 ~~~~~~~~~~~~~~~~~~~~~~~~~~~~~~~~~~ 04-11
21101514;24022091m;24075851;03081900313;22012013;04081807;103;614 ~~~~~~~~~~~~~~~~~~~~~~~~~~~~~~~~~~~~~~ 04-12
22101514;25022091m;25075851;04081900313;23012013;05081807;104;825;614 ~~~~~~~~~~~~~~~~~~~~~~~~~~~~~~~~~~ 04-13
23101514;26022091m;26075851;05081900313;24012013;06081807;105;939;614 ~~~~~~~~~~~~~~~~~~~~~~~~~~~~~~~~~~ 04-14
24101514;27022091m;27075851;06081900313;25012013;07081807;106;432;526;403;614 ~~~~~~~~~~~~~~~~~~~~~~~~~~ 04-15
25101514;28022091m;28075851;07081900313;26012013;08081807;107;794;406 ~~~~~~~~~~~~~~~~~~~~~~~~~~~~~~~~~~ 04-16
26101514;29022091m;29075851;08081900313;27012013;09081807;108;407;437;513;614 ~~~~~~~~~~~~~~~~~~~~~~~~~~ 04-17
27101514;30022091m;30075851;09081900313;28012013;10081807;109;380;614 ~~~~~~~~~~~~~~~~~~~~~~~~~~~~~~~~~~ 04-18
28101514;01032091m;01085851;10081900313;29012013;11081807;110;631;664;403;614 ~~~~~~~~~~~~~~~~~~~~~~~~~~ 04-19
29101514;02032091m;02085851;11081900313;30012013;12081807;111;665 ~~~~~~~~~~~~~~~~~~~~~~~~~~~~~~~~~~~~~~ 04-20
01111514;03032091m;03085851;12081900313;01022013;13081807;112;666;804;902;614 ~~~~~~~~~~~~~~~~~~~~~~~~~~ 04-21
02111514;04032091m;04085851;13081900313;02022013;14081807;113;510;528 ~~~~~~~~~~~~~~~~~~~~~~~~~~~~~~~~~~ 04-22
03111514;05032091m;05085851;14081900313;03022013;15081807;114;529;614 ~~~~~~~~~~~~~~~~~~~~~~~~~~~~~~~~~~ 04-23
04111514;06032091m;06085851;15081900313;04022013;16081807;115;614 ~~~~~~~~~~~~~~~~~~~~~~~~~~~~~~~~~~~~~~ 04-24
05111514;07032091m;07085851;16081900313;05022013;17081807;116;670;553;614 ~~~~~~~~~~~~~~~~~~~~~~~~~~~~~~ 04-25
06111514;08032091m;08085851;17081900313;06022013;18081807;117;667;397;614 ~~~~~~~~~~~~~~~~~~~~~~~~~~~~~~ 04-26
07111514;09032091m;09085851;18081900313;07022013;19081807;118;671;403;614 ~~~~~~~~~~~~~~~~~~~~~~~~~~~~~~ 04-27
08111514;10032091m;10085851;19081900313;08022013;20081807;119;668;927;614 ~~~~~~~~~~~~~~~~~~~~~~~~~~~~~~ 04-28
09111514;11032091m;11085851;00091900313;09022013;21081807;120;669;889;614 ~~~~~~~~~~~~~~~~~~~~~~~~~~~~~~ 04-29
10111514;12032091m;12085851;01091900313;10022013;22081807;121;554 ~~~~~~~~~~~~~~~~~~~~~~~~~~~~~~~~~~~~~~ 04-30
11111514;13032091m;13085851;02091900313;11022013;23081807;122;675;403;615 ~~~~~~~~~~~~~~~~~~~~~~~~~~~~~~ 05-01
12111514;14032091m;14085851;03091900313;12022013;24081807;123;676;514;894 ~~~~~~~~~~~~~~~~~~~~~~~~~~~~~~ 05-02
13111514;15032091m;15085851;04091900313;13022013;25081807;124;677;385;537;825;937;615 ~~~~~~~~~~~~~~~~~~ 05-03
14111514;16032091m;16085851;05091900313;14022013;26081807;125;596;679;892 ~~~~~~~~~~~~~~~~~~~~~~~~~~~~~~ 05-04
15111514;17032091m;17085851;06091900313;15022013;27081807;126;637;672;419;403;615 ~~~~~~~~~~~~~~~~~~~~~~ 05-05
16111514;18032091m;18085851;07091900313;16022013;28081807;127;673;518 ~~~~~~~~~~~~~~~~~~~~~~~~~~~~~~~~~~ 05-06
17111514;19032091m;19085851;08091900313;17022013;29081807;128;674;615 ~~~~~~~~~~~~~~~~~~~~~~~~~~~~~~~~~~ 05-07
18111514;20032091m;20085851;09091900313;18022013;30081807;129 ~~~~~~~~~~~~~~~~~~~~~~~~~~~~~~~~~~~~~~~~~~ 05-08
19111514;21032091m;21085851;10091900313;19022013;01091807;130;683;408;403;615 ~~~~~~~~~~~~~~~~~~~~~~~~~~ 05-09
20111514;22032091m;22085851;11091900313;20022013;02091807;131;398 ~~~~~~~~~~~~~~~~~~~~~~~~~~~~~~~~~~~~~~ 05-10
21111514;23032091m;23085851;12091900313;21022013;03091807;132;678;615 ~~~~~~~~~~~~~~~~~~~~~~~~~~~~~~~~~~ 05-11
22111514;24032091m;24085851;13091900313;22022013;04091807;133;681;680;568 ~~~~~~~~~~~~~~~~~~~~~~~~~~~~~~ 05-12
23111514;25032091m;25085851;14091900313;23022013;05091807;134;451;568;624;403;615 ~~~~~~~~~~~~~~~~~~~~~~ 05-13
24111514;26032091m;26085851;15091900313;24022013;06091807;135;682;530;624 ~~~~~~~~~~~~~~~~~~~~~~~~~~~~~~ 05-14
25111514;27032091m;27085851;16091900313;25022013;07091807;136;513;818;624;615 ~~~~~~~~~~~~~~~~~~~~~~~~~~ 05-15
26111514;28032091m;28085851;17091900313;26022013;08091807;137;685;624 ~~~~~~~~~~~~~~~~~~~~~~~~~~~~~~~~~~ 05-16
27111514;29032091m;29085851;18091900313;27022013;09091807;138;494;797;624;403;615 ~~~~~~~~~~~~~~~~~~~~~~ 05-17
28111514;01042091m;01095851;19091900313;28022013;10091807;139;686;380;921;942;573;624 ~~~~~~~~~~~~~~~~~~ 05-18
29111514;02042091m;02095851;00101900313;29022013;11091807;140;687;830;573;624;615 ~~~~~~~~~~~~~~~~~~~~~~ 05-19
30111514;03042091m;03095851;01101900313;30022013;12091807;141;684;573 ~~~~~~~~~~~~~~~~~~~~~~~~~~~~~~~~~~ 05-20
01121514;04042091m;04095851;02101900313;31022013;13091807;142;789;403;615 ~~~~~~~~~~~~~~~~~~~~~~~~~~~~~~ 05-21
02121514;05042091m;05095851;03101900313;01032013;14091807;143 ~~~~~~~~~~~~~~~~~~~~~~~~~~~~~~~~~~~~~~~~~~ 05-22
03121514;06042091m;06095851;04101900313;02032013;15091807;144;798;522;615 ~~~~~~~~~~~~~~~~~~~~~~~~~~~~~~ 05-23
04121514;07042091m;07095851;05101900313;03032013;16091807;145 ~~~~~~~~~~~~~~~~~~~~~~~~~~~~~~~~~~~~~~~~~~ 05-24
05121514;08042091m;08095851;06101900313;04032013;17091807;146;689;397;403;615 ~~~~~~~~~~~~~~~~~~~~~~~~~~ 05-25
06121514;09042091m;09095851;07101900313;05032013;18091807;147;439;793 ~~~~~~~~~~~~~~~~~~~~~~~~~~~~~~~~~~ 05-26
07121514;10042091m;10095851;08101900313;06032013;19091807;148;449;439;615 ~~~~~~~~~~~~~~~~~~~~~~~~~~~~~~ 05-27
08121514;11042091m;11095851;09101900313;07032013;20091807;149;438;552 ~~~~~~~~~~~~~~~~~~~~~~~~~~~~~~~~~~ 05-28
09121514;12042091m;12095851;10101900313;08032013;21091807;150;433;896;501;615 ~~~~~~~~~~~~~~~~~~~~~~~~~~ 05-29
10121514;13042091m;13095851;11101900313;09032013;22091807;151;688;514;500 ~~~~~~~~~~~~~~~~~~~~~~~~~~~~~~ 05-30
11121514;14042091m;14095851;12101900313;10032013;23091807;152;500;615 ~~~~~~~~~~~~~~~~~~~~~~~~~~~~~~~~~~ 05-31
12121514;15042091m;15095851;13101900313;11032013;24091807;153;692;694;386;874;941 ~~~~~~~~~~~~~~~~~~~~~~ 06-01
13121514;16042091m;16095851;14101900313;12032013;25091807;154;637;693;500;409;616 ~~~~~~~~~~~~~~~~~~~~~~ 06-02
14121514;17042091m;17095851;15101900313;13032013;26091807;155;690;500;616 ~~~~~~~~~~~~~~~~~~~~~~~~~~~~~~ 06-03
15121514;18042091m;18095851;16101900313;14032013;27091807;156;616;605 ~~~~~~~~~~~~~~~~~~~~~~~~~~~~~~~~~~ 06-04
16121514;19042091m;19095851;17101900313;15032013;28091807;157;616 ~~~~~~~~~~~~~~~~~~~~~~~~~~~~~~~~~~~~~~ 06-05
17121514;20042091m;20095851;18101900313;16032013;29091807;158;691;616 ~~~~~~~~~~~~~~~~~~~~~~~~~~~~~~~~~~ 06-06
18121514;21042091m;21095851;19101900313;17032013;30091807;159;841;616 ~~~~~~~~~~~~~~~~~~~~~~~~~~~~~~~~~~ 06-07
19121514;22042091m;22095851;00111900313;18032013;01101807;160;398;409;616 ~~~~~~~~~~~~~~~~~~~~~~~~~~~~~~ 06-08
20121514;23042091m;23095851;01111900313;19032013;02101807;161;697;799;616 ~~~~~~~~~~~~~~~~~~~~~~~~~~~~~~ 06-09
21121514;24042091m;24095851;02111900313;20032013;03101807;162;695;403;616 ~~~~~~~~~~~~~~~~~~~~~~~~~~~~~~ 06-10
22121514;25042091m;25095851;03111900313;21032013;04101807;163;513;569 ~~~~~~~~~~~~~~~~~~~~~~~~~~~~~~~~~~ 06-11
23121514;26042091m;26095851;04111900313;22032013;05101807;164;696;946;569;616 ~~~~~~~~~~~~~~~~~~~~~~~~~~ 06-12
24121514;27042091m;27095851;05111900313;23032013;06101807;165;842 ~~~~~~~~~~~~~~~~~~~~~~~~~~~~~~~~~~~~~~ 06-13
25121514;28042091m;28095851;06111900313;24032013;07101807;166;403;409;616 ~~~~~~~~~~~~~~~~~~~~~~~~~~~~~~ 06-14
26121514;29042091m;29095851;07111900313;25032013;08101807;167;701;699;817 ~~~~~~~~~~~~~~~~~~~~~~~~~~~~~~ 06-15
27121514;30042091m;30095851;08111900313;26032013;09101807;168;380;616 ~~~~~~~~~~~~~~~~~~~~~~~~~~~~~~~~~~ 06-16
28121514;01052091m;01105851;09111900313;27032013;10101807;169;452;452;616 ~~~~~~~~~~~~~~~~~~~~~~~~~~~~~~ 06-17
29121514;02052091m;02105851;10111900313;28032013;11101807;170;403;616 ~~~~~~~~~~~~~~~~~~~~~~~~~~~~~~~~~~ 06-18
01011515;03052091m;03105851;11111900313;29032013;12101807;171;495;616 ~~~~~~~~~~~~~~~~~~~~~~~~~~~~~~~~~~ 06-19
02011515;04052091m;04105851;12111900313;30032013;13101807;172;460;409;616 ~~~~~~~~~~~~~~~~~~~~~~~~~~~~~~ 06-20
03011515;05052091m;05105851;13111900313;31032013;14101807;173;698;425;564;616 ~~~~~~~~~~~~~~~~~~~~~~~~~~ 06-21
04011515;06052091m;06105851;14111900313;01042013;15101807;174;461;700;616 ~~~~~~~~~~~~~~~~~~~~~~~~~~~~~~ 06-22
05011515;07052091m;07105851;15111900313;02042013;16101807;175;702;616 ~~~~~~~~~~~~~~~~~~~~~~~~~~~~~~~~~~ 06-23
06011515;08052091m;08105851;16111900313;03042013;17101807;176;397;414;616 ~~~~~~~~~~~~~~~~~~~~~~~~~~~~~~ 06-24
07011515;09052091m;09105851;17111900313;04042013;18101807;177 ~~~~~~~~~~~~~~~~~~~~~~~~~~~~~~~~~~~~~~~~~~ 06-25
08011515;10052091m;10105851;18111900313;05042013;19101807;178;409;616 ~~~~~~~~~~~~~~~~~~~~~~~~~~~~~~~~~~ 06-26
09011515;11052091m;11105851;19111900313;06042013;20101807;179;704;514;898 ~~~~~~~~~~~~~~~~~~~~~~~~~~~~~~ 06-27
10011515;12052091m;12105851;00121900313;07042013;21101807;180;498;616 ~~~~~~~~~~~~~~~~~~~~~~~~~~~~~~~~~~ 06-28
11011515;13052091m;13105851;01121900313;08042013;22101807;181;703 ~~~~~~~~~~~~~~~~~~~~~~~~~~~~~~~~~~~~~~ 06-29
12011515;14052091m;14105851;02121900313;09042013;23101807;182;387;436;616 ~~~~~~~~~~~~~~~~~~~~~~~~~~~~~~ 06-30
13011515;15052091m;15105851;03121900313;10042013;24101807;183;795 ~~~~~~~~~~~~~~~~~~~~~~~~~~~~~~~~~~~~~~ 07-01
14011515;16052091m;16105851;04121900313;11042013;25101807;184;617 ~~~~~~~~~~~~~~~~~~~~~~~~~~~~~~~~~~~~~~ 07-02
15011515;17052091m;17105851;05121900313;12042013;26101807;185;617 ~~~~~~~~~~~~~~~~~~~~~~~~~~~~~~~~~~~~~~ 07-03
16011515;18052091m;18105851;06121900313;13042013;27101807;186;617 ~~~~~~~~~~~~~~~~~~~~~~~~~~~~~~~~~~~~~~ 07-04
17011515;19052091m;19105851;07121900313;14042013;28101807;187 ~~~~~~~~~~~~~~~~~~~~~~~~~~~~~~~~~~~~~~~~~~ 07-05
18011515;20052091m;20105851;08121900313;15042013;29101807;188;565;617 ~~~~~~~~~~~~~~~~~~~~~~~~~~~~~~~~~~ 07-06
19011515;21052091m;21105851;09121900313;16042013;30101807;189;637;705;840;373;565;617 ~~~~~~~~~~~~~~~~~~ 07-07
20011515;22052091m;22105851;10121900313;17042013;01111807;190;398;617 ~~~~~~~~~~~~~~~~~~~~~~~~~~~~~~~~~~ 07-08
21011515;23052091m;23105851;11121900313;18042013;02111807;191;707;457;513;617 ~~~~~~~~~~~~~~~~~~~~~~~~~~ 07-09
22011515;24052091m;24105851;12121900313;19042013;03111807;192;617 ~~~~~~~~~~~~~~~~~~~~~~~~~~~~~~~~~~~~~~ 07-10
23011515;25052091m;25105851;13121900313;20042013;04111807;193 ~~~~~~~~~~~~~~~~~~~~~~~~~~~~~~~~~~~~~~~~~~ 07-11
24011515;26052091m;26105851;14121900313;21042013;05111807;194;432;901;403;617 ~~~~~~~~~~~~~~~~~~~~~~~~~~ 07-12
25011515;27052091m;27105851;15121900313;22042013;06111807;195;617 ~~~~~~~~~~~~~~~~~~~~~~~~~~~~~~~~~~~~~~ 07-13
26011515;28052091m;28105851;16121900313;23042013;07111807;196;706;399;409;617 ~~~~~~~~~~~~~~~~~~~~~~~~~~ 07-14
27011515;29052091m;29105851;17121900313;24042013;08111807;197;709;617 ~~~~~~~~~~~~~~~~~~~~~~~~~~~~~~~~~~ 07-15
28011515;01062091m;01115851;18121900313;25042013;09111807;198;710;380;617 ~~~~~~~~~~~~~~~~~~~~~~~~~~~~~~ 07-16
29011515;02062091m;02115851;19121900313;26042013;10111807;199;400 ~~~~~~~~~~~~~~~~~~~~~~~~~~~~~~~~~~~~~~ 07-17
30011515;03062091m;03115851;00131900313;27042013;11111807;200;711;870;497;617 ~~~~~~~~~~~~~~~~~~~~~~~~~~ 07-18
01021515;04062091m;04115851;01131900313;28042013;12111807;201;631;617 ~~~~~~~~~~~~~~~~~~~~~~~~~~~~~~~~~~ 07-19
02021515;05062091m;05115851;02131900313;29042013;13111807;202;400;403;617 ~~~~~~~~~~~~~~~~~~~~~~~~~~~~~~ 07-20
03021515;06062091m;06115851;03131900313;30042013;14111807;203;708 ~~~~~~~~~~~~~~~~~~~~~~~~~~~~~~~~~~~~~~ 07-21
04021515;07062091m;07115851;04131900313;31042013;15111807;204;714;617 ~~~~~~~~~~~~~~~~~~~~~~~~~~~~~~~~~~ 07-22
05021515;08062091m;08115851;05131900313;01052013;16111807;205;397;514 ~~~~~~~~~~~~~~~~~~~~~~~~~~~~~~~~~~ 07-23
06021515;09062091m;09115851;06131900313;02052013;17111807;206;617 ~~~~~~~~~~~~~~~~~~~~~~~~~~~~~~~~~~~~~~ 07-24
07021515;10062091m;10115851;07131900313;03052013;18111807;207 ~~~~~~~~~~~~~~~~~~~~~~~~~~~~~~~~~~~~~~~~~~ 07-25
08021515;11062091m;11115851;08131900313;04052013;19111807;208;712;715;420;546;400;409;415;617 ~~~~~~~~~~ 07-26
09021515;12062091m;12115851;09131900313;05052013;20111807;209;716 ~~~~~~~~~~~~~~~~~~~~~~~~~~~~~~~~~~~~~~ 07-27
10021515;13062091m;13115851;10131900313;06052013;21111807;210;713;617 ~~~~~~~~~~~~~~~~~~~~~~~~~~~~~~~~~~ 07-28
11021515;14062091m;14115851;11131900313;07052013;22111807;211;400 ~~~~~~~~~~~~~~~~~~~~~~~~~~~~~~~~~~~~~~ 07-29
12021515;15062091m;15115851;12131900313;08052013;23111807;212;396;396;531;561;617 ~~~~~~~~~~~~~~~~~~~~~~ 07-30
13021515;16062091m;16115851;13131900313;09052013;24111807;213;868 ~~~~~~~~~~~~~~~~~~~~~~~~~~~~~~~~~~~~~~ 07-31
14021515;17062091m;17115851;14131900313;10052013;25111807;214;400;403;409;618 ~~~~~~~~~~~~~~~~~~~~~~~~~~ 08-01
15021515;18062091m;18115851;15131900313;11052013;26111807;215 ~~~~~~~~~~~~~~~~~~~~~~~~~~~~~~~~~~~~~~~~~~ 08-02
16021515;19062091m;19115851;16131900313;12052013;27111807;216;719;415;618 ~~~~~~~~~~~~~~~~~~~~~~~~~~~~~~ 08-03
17021515;20062091m;20115851;17131900313;13052013;28111807;217;637;720;400 ~~~~~~~~~~~~~~~~~~~~~~~~~~~~~~ 08-04
18021515;21062091m;21115851;18131900313;14052013;29111807;218;717;403;421;618 ~~~~~~~~~~~~~~~~~~~~~~~~~~ 08-05
19021515;22062091m;22115851;19131900313;15052013;30111807;219;513 ~~~~~~~~~~~~~~~~~~~~~~~~~~~~~~~~~~~~~~ 08-06
20021515;23062091m;23115851;00141900313;16052013;01121807;220;718;398;401;844;618 ~~~~~~~~~~~~~~~~~~~~~~ 08-07
21021515;24062091m;24115851;01141900313;17052013;02121807;221;722 ~~~~~~~~~~~~~~~~~~~~~~~~~~~~~~~~~~~~~~ 08-08
22021515;25062091m;25115851;02141900313;18052013;03121807;222;403;618 ~~~~~~~~~~~~~~~~~~~~~~~~~~~~~~~~~~ 08-09
23021515;26062091m;26115851;03141900313;19052013;04121807;223 ~~~~~~~~~~~~~~~~~~~~~~~~~~~~~~~~~~~~~~~~~~ 08-10
24021515;27062091m;27115851;04141900313;20052013;05121807;224;723;878;618 ~~~~~~~~~~~~~~~~~~~~~~~~~~~~~~ 08-11
25021515;28062091m;28115851;05141900313;21052013;06121807;225;721 ~~~~~~~~~~~~~~~~~~~~~~~~~~~~~~~~~~~~~~ 08-12
26021515;29062091m;29115851;06141900313;22052013;07121807;226;403;409;618 ~~~~~~~~~~~~~~~~~~~~~~~~~~~~~~ 08-13
27021515;30062091m;30115851;07141900313;23052013;08121807;227;380 ~~~~~~~~~~~~~~~~~~~~~~~~~~~~~~~~~~~~~~ 08-14
28021515;01072091m;01125851;08141900313;24052013;09121807;228;930;953;618 ~~~~~~~~~~~~~~~~~~~~~~~~~~~~~~ 08-15
29021515;02072091m;02125851;09141900313;25052013;10121807;229;437 ~~~~~~~~~~~~~~~~~~~~~~~~~~~~~~~~~~~~~~ 08-16
01031515;03072091m;03125851;10141900313;26052013;11121807;230;579;618 ~~~~~~~~~~~~~~~~~~~~~~~~~~~~~~~~~~ 08-17
02031515;04072091m;04125851;11141900313;27052013;12121807;231;724;514 ~~~~~~~~~~~~~~~~~~~~~~~~~~~~~~~~~~ 08-18
03031515;05072091m;05125851;12141900313;28052013;13121807;232;891;618 ~~~~~~~~~~~~~~~~~~~~~~~~~~~~~~~~~~ 08-19
04031515;06072091m;06125851;13141900313;29052013;14121807;233 ~~~~~~~~~~~~~~~~~~~~~~~~~~~~~~~~~~~~~~~~~~ 08-20
05031515;07072091m;07125851;14141900313;30052013;15121807;234;397;572;403;618 ~~~~~~~~~~~~~~~~~~~~~~~~~~ 08-21
06031515;08072091m;08125851;15141900313;31052013;16121807;235 ~~~~~~~~~~~~~~~~~~~~~~~~~~~~~~~~~~~~~~~~~~ 08-22
07031515;09072091m;09125851;16141900313;01062013;17121807;236;618 ~~~~~~~~~~~~~~~~~~~~~~~~~~~~~~~~~~~~~~ 08-23
08031515;10072091m;10125851;17141900313;02062013;18121807;237;427;926;938 ~~~~~~~~~~~~~~~~~~~~~~~~~~~~~~ 08-24
09031515;11072091m;11125851;18141900313;03062013;19121807;238;725;433;554;817;403;409;618 ~~~~~~~~~~~~~~ 08-25
10031515;12072091m;12125851;19141900313;04062013;20121807;239;428;725 ~~~~~~~~~~~~~~~~~~~~~~~~~~~~~~~~~~ 08-26
11031515;13072091m;13125851;00151900313;05062013;21121807;240;796;897;618 ~~~~~~~~~~~~~~~~~~~~~~~~~~~~~~ 08-27
12031515;14072091m;14125851;01151900313;06062013;22121807;241;594;388;556;909;910;925;511;567 ~~~~~~~~~~ 08-28
13031515;15072091m;15125851;02151900313;07062013;23121807;242;595;541;949;567;618 ~~~~~~~~~~~~~~~~~~~~~~ 08-29
14031515;16072091m;16125851;03151900313;08062013;24121807;243 ~~~~~~~~~~~~~~~~~~~~~~~~~~~~~~~~~~~~~~~~~~ 08-30
15031515;17072091m;17125851;04151900313;09062013;25121807;244;596;409;618 ~~~~~~~~~~~~~~~~~~~~~~~~~~~~~~ 08-31
16031515;18072091m;18125851;05151900313;10062013;26121807;245;429;637;728;875 ~~~~~~~~~~~~~~~~~~~~~~~~~~ 09-01
17031515;19072091m;19125851;06151900313;11062013;27121807;246;430;511;619 ~~~~~~~~~~~~~~~~~~~~~~~~~~~~~~ 09-02
18031515;20072091m;20125851;07151900313;12062013;28121807;247;434;513 ~~~~~~~~~~~~~~~~~~~~~~~~~~~~~~~~~~ 09-03
19031515;21072091m;21125851;08151900313;13062013;29121807;248;435;421;619 ~~~~~~~~~~~~~~~~~~~~~~~~~~~~~~ 09-04
20031515;22072091m;22125851;09151900313;14062013;30121807;249;398;872;619 ~~~~~~~~~~~~~~~~~~~~~~~~~~~~~~ 09-05
21031515;23072091m;23125851;10151900313;15062013;01131807;250;871;403;409;843;619 ~~~~~~~~~~~~~~~~~~~~~~ 09-06
22031515;24072091m;24125851;11151900313;16062013;02131807;251;727;619 ~~~~~~~~~~~~~~~~~~~~~~~~~~~~~~~~~~ 09-07
23031515;25072091m;25125851;12151900313;17062013;03131807;252;410;843;619 ~~~~~~~~~~~~~~~~~~~~~~~~~~~~~~ 09-08
24031515;26072091m;26125851;13151900313;18062013;04131807;253;455;845;503 ~~~~~~~~~~~~~~~~~~~~~~~~~~~~~~ 09-09
25031515;27072091m;27125851;14151900313;19062013;05131807;254;729;846;838;403;843;619 ~~~~~~~~~~~~~~~~~~ 09-10
26031515;28072091m;28125851;15151900313;20062013;06131807;255;619 ~~~~~~~~~~~~~~~~~~~~~~~~~~~~~~~~~~~~~~ 09-11
27031515;29072091m;29125851;16151900313;21062013;01011808;256;847;521;619 ~~~~~~~~~~~~~~~~~~~~~~~~~~~~~~ 09-12
28031515;01082091m;01215852;17151900313;22062013;02011808;257;730;726;380;521;619 ~~~~~~~~~~~~~~~~~~~~~~ 09-13
29031515;02082091m;02215852;18151900313;23062013;03011808;258;521;403;421;619 ~~~~~~~~~~~~~~~~~~~~~~~~~~ 09-14
30031515;03082091m;03215852;19151900313;24062013;04011808;259;735;514;597;619 ~~~~~~~~~~~~~~~~~~~~~~~~~~ 09-15
01041515;04082091m;04215852;00161900313;25062013;05011808;260;731;550;619 ~~~~~~~~~~~~~~~~~~~~~~~~~~~~~~ 09-16
02041515;05082091m;05215852;01161900313;26062013;06011808;261;802;915;848 ~~~~~~~~~~~~~~~~~~~~~~~~~~~~~~ 09-17
03041515;06082091m;06215852;02161900313;27062013;07011808;262;732;619 ~~~~~~~~~~~~~~~~~~~~~~~~~~~~~~~~~~ 09-18
04041515;07082091m;07215852;03161900313;28062013;08011808;263;397 ~~~~~~~~~~~~~~~~~~~~~~~~~~~~~~~~~~~~~~ 09-19
05041515;08082091m;08215852;04161900313;29062013;09011808;264;733;908;415;619 ~~~~~~~~~~~~~~~~~~~~~~~~~~ 09-20
06041515;09082091m;09215852;05161900313;30062013;10011808;265;734;848 ~~~~~~~~~~~~~~~~~~~~~~~~~~~~~~~~~~ 09-21
07041515;10082091m;10215852;06161900313;31062013;11011808;266;739;462;527;403;619 ~~~~~~~~~~~~~~~~~~~~~~ 09-22
08041515;11082091m;11215852;07161900313;01072013;12011808;267;740;903;423;619 ~~~~~~~~~~~~~~~~~~~~~~~~~~ 09-23
09041515;12082091m;12215852;08161900313;02072013;13011808;268;736;463;619 ~~~~~~~~~~~~~~~~~~~~~~~~~~~~~~ 09-24
10041515;13082091m;13215852;09161900313;03072013;14011808;269;737;848 ~~~~~~~~~~~~~~~~~~~~~~~~~~~~~~~~~~ 09-25
11041515;14082091m;14215852;10161900313;04072013;15011808;270;742;790;520;551;619 ~~~~~~~~~~~~~~~~~~~~~~ 09-26
12041515;15082091m;15215852;11161900313;05072013;16011808;271;741;790;389;390;534;570;523;848 ~~~~~~~~~~ 09-27
13041515;16082091m;16215852;12161900313;06072013;17011808;272;738;790;907;523;619 ~~~~~~~~~~~~~~~~~~~~~~ 09-28
14041515;17082091m;17215852;13161900313;07072013;18011808;273;743;790;523;619 ~~~~~~~~~~~~~~~~~~~~~~~~~~ 09-29
15041515;18082091m;18215852;14161900313;08072013;19011808;274;790;513;523;853;403;619 ~~~~~~~~~~~~~~~~~~ 09-30
16041515;19082091m;19215852;15161900313;09072013;20011808;275;744;790;523;853;848 ~~~~~~~~~~~~~~~~~~~~~~ 10-01
17041515;20082091m;20215852;16161900313;10072013;21011808;276;745;790;523;853;620 ~~~~~~~~~~~~~~~~~~~~~~ 10-02
18041515;21082091m;21215852;17161900313;11072013;22011808;277;746;523;848 ~~~~~~~~~~~~~~~~~~~~~~~~~~~~~~ 10-03
19041515;22082091m;22215852;18161900313;12072013;23011808;278;747;524;421;620 ~~~~~~~~~~~~~~~~~~~~~~~~~~ 10-04
20041515;23082091m;23215852;19161900313;13072013;24011808;279;748;398;525;620 ~~~~~~~~~~~~~~~~~~~~~~~~~~ 10-05
21041515;24082091m;24215852;00171900313;14072013;25011808;280;637;620 ~~~~~~~~~~~~~~~~~~~~~~~~~~~~~~~~~~ 10-06
22041515;25082091m;25215852;01171900313;15072013;26011808;281;749;620;848 ~~~~~~~~~~~~~~~~~~~~~~~~~~~~~~ 10-07
23041515;26082091m;26215852;02171900313;16072013;27011808;282;751;432;620 ~~~~~~~~~~~~~~~~~~~~~~~~~~~~~~ 10-08
24041515;27082091m;27215852;03171900313;17072013;28011808;283;791;869;620;848 ~~~~~~~~~~~~~~~~~~~~~~~~~~ 10-09
25041515;28082091m;28215852;04171900313;18072013;29011808;284;752;620 ~~~~~~~~~~~~~~~~~~~~~~~~~~~~~~~~~~ 10-10
26041515;29082091m;29215852;05171900313;19072013;30011808;285;753;367;620;848 ~~~~~~~~~~~~~~~~~~~~~~~~~~ 10-11
27041515;30082091m;30215852;06171900313;20072013;01021808;286;380;368;920;403;574;620 ~~~~~~~~~~~~~~~~~~ 10-12
28041515;01092091m;01225852;07171900313;21072013;02021808;287;754;514;895;848 ~~~~~~~~~~~~~~~~~~~~~~~~~~ 10-13
29041515;02092091m;02225852;08171900313;22072013;03021808;288;750;620 ~~~~~~~~~~~~~~~~~~~~~~~~~~~~~~~~~~ 10-14
01051515;03092091m;03225852;09171900313;23072013;04021808;289;755;620 ~~~~~~~~~~~~~~~~~~~~~~~~~~~~~~~~~~ 10-15
02051515;04092091m;04225852;10171900313;24072013;05021808;290;756;403;620 ~~~~~~~~~~~~~~~~~~~~~~~~~~~~~~ 10-16
03051515;05092091m;05225852;11171900313;25072013;06021808;291;757;918 ~~~~~~~~~~~~~~~~~~~~~~~~~~~~~~~~~~ 10-17
04051515;06092091m;06225852;12171900313;26072013;07021808;292;631;919;620 ~~~~~~~~~~~~~~~~~~~~~~~~~~~~~~ 10-18
05051515;07092091m;07225852;13171900313;27072013;08021808;293;397;467;548;620 ~~~~~~~~~~~~~~~~~~~~~~~~~~ 10-19
06051515;08092091m;08225852;14171900313;28072013;09021808;294;758;885;784;403;620 ~~~~~~~~~~~~~~~~~~~~~~ 10-20
07051515;09092091m;09225852;15171900313;29072013;10021808;295;411;549;560;563;785 ~~~~~~~~~~~~~~~~~~~~~~ 10-21
08051515;10092091m;10225852;16171900313;30072013;11021808;296;369;899;786;620 ~~~~~~~~~~~~~~~~~~~~~~~~~~ 10-22
09051515;11092091m;11225852;17171900313;01082013;12021808;297;787;620 ~~~~~~~~~~~~~~~~~~~~~~~~~~~~~~~~~~ 10-23
10051515;12092091m;12225852;18171900313;02082013;13021808;298;403;620 ~~~~~~~~~~~~~~~~~~~~~~~~~~~~~~~~~~ 10-24
11051515;13092091m;13225852;19171900313;03082013;14021808;299;371 ~~~~~~~~~~~~~~~~~~~~~~~~~~~~~~~~~~~~~~ 10-25
12051515;14092091m;14225852;00000000413;04082013;15021808;300;849;436;882;922;620 ~~~~~~~~~~~~~~~~~~~~~~ 10-26
13051515;15092091m;15225852;01000000413;05082013;16021808;301;759;391;513;532 ~~~~~~~~~~~~~~~~~~~~~~~~~~ 10-27
14051515;16092091m;16225852;02000000413;06082013;17021808;302;862;412;620 ~~~~~~~~~~~~~~~~~~~~~~~~~~~~~~ 10-28
15051515;17092091m;17225852;03000000413;07082013;18021808;303 ~~~~~~~~~~~~~~~~~~~~~~~~~~~~~~~~~~~~~~~~~~ 10-29
16051515;18092091m;18225852;04000000413;08082013;19021808;304;620 ~~~~~~~~~~~~~~~~~~~~~~~~~~~~~~~~~~~~~~ 10-30
17051515;19092091m;19225852;05000000413;09082013;20021808;305;881 ~~~~~~~~~~~~~~~~~~~~~~~~~~~~~~~~~~~~~~ 10-31
18051515;20092091m;20225852;06000000413;10082013;21021808;306;762;403;621 ~~~~~~~~~~~~~~~~~~~~~~~~~~~~~~ 11-01
19051515;21092091m;21225852;07000000413;11082013;22021808;307 ~~~~~~~~~~~~~~~~~~~~~~~~~~~~~~~~~~~~~~~~~~ 11-02
20051515;22092091m;22225852;08000000413;12082013;23021808;308;637;763;421;621 ~~~~~~~~~~~~~~~~~~~~~~~~~~ 11-03
21051515;23092091m;23225852;09000000413;13082013;24021808;309;398;431;499;412 ~~~~~~~~~~~~~~~~~~~~~~~~~~ 11-04
22051515;24092091m;24225852;10000000413;14082013;25021808;310;760;403;621 ~~~~~~~~~~~~~~~~~~~~~~~~~~~~~~ 11-05
23051515;25092091m;25225852;11000000413;15082013;26021808;311;399 ~~~~~~~~~~~~~~~~~~~~~~~~~~~~~~~~~~~~~~ 11-06
24051515;26092091m;26225852;12000000413;16082013;27021808;312;761;911;621 ~~~~~~~~~~~~~~~~~~~~~~~~~~~~~~ 11-07
25051515;27092091m;27225852;13000000413;17082013;28021808;313;764;558;779 ~~~~~~~~~~~~~~~~~~~~~~~~~~~~~~ 11-08
26051515;28092091m;28225852;14000000413;18082013;29021808;314;780;784;785;400;403;621 ~~~~~~~~~~~~~~~~~~ 11-09
27051515;29092091m;29225852;15000000413;19082013;30021808;315;380;374;514;781;786;893 ~~~~~~~~~~~~~~~~~~ 11-10
28051515;01102091m;30225852;16000000413;20082013;01031808;316;782;787;412;621 ~~~~~~~~~~~~~~~~~~~~~~~~~~ 11-11
29051515;02102091m;01235852;17000000413;21082013;02031808;317;535;783;788;400 ~~~~~~~~~~~~~~~~~~~~~~~~~~ 11-12
30051515;03102091m;02235852;18000000413;22082013;03031808;318;421;621 ~~~~~~~~~~~~~~~~~~~~~~~~~~~~~~~~~~ 11-13
01061515;04102091m;03235852;19000000413;23082013;04031808;319 ~~~~~~~~~~~~~~~~~~~~~~~~~~~~~~~~~~~~~~~~~~ 11-14
02061515;05102091m;04235852;00010000413;24082013;05031808;320;766;400;415;621 ~~~~~~~~~~~~~~~~~~~~~~~~~~ 11-15
03061515;06102091m;05235852;01010000413;25082013;06031808;321;543 ~~~~~~~~~~~~~~~~~~~~~~~~~~~~~~~~~~~~~~ 11-16
04061515;07102091m;06235852;02010000413;26082013;07031808;322;767;397;403;621 ~~~~~~~~~~~~~~~~~~~~~~~~~~ 11-17
05061515;08102091m;07235852;03010000413;27082013;08031808;323;765;400;412 ~~~~~~~~~~~~~~~~~~~~~~~~~~~~~~ 11-18
06061515;09102091m;08235852;04010000413;28082013;09031808;324;621 ~~~~~~~~~~~~~~~~~~~~~~~~~~~~~~~~~~~~~~ 11-19
07061515;10102091m;09235852;05010000413;29082013;10031808;325;864;879 ~~~~~~~~~~~~~~~~~~~~~~~~~~~~~~~~~~ 11-20
08061515;11102091m;10235852;06010000413;30082013;11031808;326;769;433;547;400;403;621 ~~~~~~~~~~~~~~~~~~ 11-21
09061515;12102091m;11235852;07010000413;01092013;12031808;327;440;934;788 ~~~~~~~~~~~~~~~~~~~~~~~~~~~~~~ 11-22
10061515;13102091m;12235852;08010000413;02092013;13031808;328;441;513;415;621 ~~~~~~~~~~~~~~~~~~~~~~~~~~ 11-23
11061515;14102091m;13235852;09010000413;03092013;14031808;329;770;768;416;400 ~~~~~~~~~~~~~~~~~~~~~~~~~~ 11-24
12061515;15102091m;14235852;10010000413;04092013;15031808;330;392;403;621 ~~~~~~~~~~~~~~~~~~~~~~~~~~~~~~ 11-25
13061515;16102091m;15235852;11010000413;05092013;16031808;331;442;401;880 ~~~~~~~~~~~~~~~~~~~~~~~~~~~~~~ 11-26
14061515;17102091m;16235852;12010000413;06092013;17031808;332;771;621 ~~~~~~~~~~~~~~~~~~~~~~~~~~~~~~~~~~ 11-27
15061515;18102091m;17235852;13010000413;07092013;18031808;333;772 ~~~~~~~~~~~~~~~~~~~~~~~~~~~~~~~~~~~~~~ 11-28
16061515;19102091m;18235852;14010000413;08092013;19031808;334;369;403;621 ~~~~~~~~~~~~~~~~~~~~~~~~~~~~~~ 11-29
17061515;20102091m;19235852;15010000413;09092013;20031808;335;832 ~~~~~~~~~~~~~~~~~~~~~~~~~~~~~~~~~~~~~~ 11-30
18061515;21102091m;20235852;16010000413;10092013;21031808;336;637;775;417;622 ~~~~~~~~~~~~~~~~~~~~~~~~~~ 12-01
19061515;22102091m;21235852;17010000413;11092013;22031808;337;589;412 ~~~~~~~~~~~~~~~~~~~~~~~~~~~~~~~~~~ 12-02
20061515;23102091m;22235852;18010000413;12092013;23031808;338;398;370;876;403;421;622 ~~~~~~~~~~~~~~~~~~ 12-03
21061515;24102091m;23235852;19010000413;13092013;24031808;339;773;437 ~~~~~~~~~~~~~~~~~~~~~~~~~~~~~~~~~~ 12-04
22061515;25102091m;24235852;00020000413;14092013;25031808;340;622 ~~~~~~~~~~~~~~~~~~~~~~~~~~~~~~~~~~~~~~ 12-05
23061515;26102091m;25235852;01020000413;15092013;26031808;341;936;516 ~~~~~~~~~~~~~~~~~~~~~~~~~~~~~~~~~~ 12-06
24061515;27102091m;26235852;02020000413;16092013;27031808;342;774;554;516;403;622 ~~~~~~~~~~~~~~~~~~~~~~ 12-07
25061515;28102091m;27235852;03020000413;17092013;28031808;343;776;516 ~~~~~~~~~~~~~~~~~~~~~~~~~~~~~~~~~~ 12-08
26061515;29102091m;28235852;04020000413;18092013;29031808;344;777;379;514;590;516;412;622 ~~~~~~~~~~~~~~ 12-09
27061515;01112091m;29235852;05020000413;19092013;30031808;345;380;831;928;516 ~~~~~~~~~~~~~~~~~~~~~~~~~~ 12-10
28061515;02112091m;30235852;06020000413;20092013;01041808;346;403;622 ~~~~~~~~~~~~~~~~~~~~~~~~~~~~~~~~~~ 12-11
29061515;03112091m;01245852;07020000413;21092013;02041808;347;516 ~~~~~~~~~~~~~~~~~~~~~~~~~~~~~~~~~~~~~~ 12-12
01071515;04112091m;02245852;08020000413;22092013;03041808;348;516;622 ~~~~~~~~~~~~~~~~~~~~~~~~~~~~~~~~~~ 12-13
02071515;05112091m;03245852;09020000413;23092013;04041808;349;516 ~~~~~~~~~~~~~~~~~~~~~~~~~~~~~~~~~~~~~~ 12-14
03071515;06112091m;04245852;10020000413;24092013;05041808;350;944;403;622 ~~~~~~~~~~~~~~~~~~~~~~~~~~~~~~ 12-15
04071515;07112091m;05245852;11020000413;25092013;06041808;351;591 ~~~~~~~~~~~~~~~~~~~~~~~~~~~~~~~~~~~~~~ 12-16
05071515;08112091m;06245852;12020000413;26092013;07041808;352;397;622 ~~~~~~~~~~~~~~~~~~~~~~~~~~~~~~~~~~ 12-17
06071515;09112091m;07245852;13020000413;27092013;08041808;353 ~~~~~~~~~~~~~~~~~~~~~~~~~~~~~~~~~~~~~~~~~~ 12-18
07071515;10112091m;08245852;14020000413;28092013;09041808;354;812;622 ~~~~~~~~~~~~~~~~~~~~~~~~~~~~~~~~~~ 12-19
08071515;11112091m;09245852;15020000413;29092013;10041808;355;371;466 ~~~~~~~~~~~~~~~~~~~~~~~~~~~~~~~~~~ 12-20
09071515;12112091m;10245852;16020000413;30092013;11041808;356;596;778;513;557;890;426;622 ~~~~~~~~~~~~~~ 12-21
10071515;13112091m;11245852;17020000413;01102013;12041808;357;465 ~~~~~~~~~~~~~~~~~~~~~~~~~~~~~~~~~~~~~~ 12-22
11071515;14112091m;12245852;18020000413;02102013;13041808;358;592;412;622 ~~~~~~~~~~~~~~~~~~~~~~~~~~~~~~ 12-23
12071515;15112091m;13245852;19020000413;03102013;14041808;359;375 ~~~~~~~~~~~~~~~~~~~~~~~~~~~~~~~~~~~~~~ 12-24
13071515;16112091m;14245852;00030000413;04102013;15041808;360;395;545;887;622 ~~~~~~~~~~~~~~~~~~~~~~~~~~ 12-25
14071515;17112091m;15245852;01030000413;05102013;16041808;361 ~~~~~~~~~~~~~~~~~~~~~~~~~~~~~~~~~~~~~~~~~~ 12-26
15071515;18112091m;16245852;02030000413;06102013;17041808;362;861;403;622 ~~~~~~~~~~~~~~~~~~~~~~~~~~~~~~ 12-27
16071515;19112091m;17245852;03030000413;07102013;18041808;363 ~~~~~~~~~~~~~~~~~~~~~~~~~~~~~~~~~~~~~~~~~~ 12-28
17071515;20112091m;18245852;04030000413;08102013;19041808;364;622 ~~~~~~~~~~~~~~~~~~~~~~~~~~~~~~~~~~~~~~ 12-29
18071515;21112091m;19245852;05030000413;09102013;20041808;365 ~~~~~~~~~~~~~~~~~~~~~~~~~~~~~~~~~~~~~~~~~~ 12-30
19071515;22112091m;20245852;06030000413;10102013;21041808;366;622 ~~~~~~~~~~~~~~~~~~~~~~~~~~~~~~~~~~~~~~ 12-31
