16081450;17112028j;14045789;15041600013;11101950;23041745;001;611 ~~~~~~~~~~~~~~~~~~~~~~~~~~~~~~~~~~~~~~ 01-01
17081450;18112028j;15045789;16041600013;12101950;24041745;002;372 ~~~~~~~~~~~~~~~~~~~~~~~~~~~~~~~~~~~~~~ 01-02
18081450;19112028j;16045789;17041600013;13101950;25041745;003;916 ~~~~~~~~~~~~~~~~~~~~~~~~~~~~~~~~~~~~~~ 01-03
19081450;20112028j;17045789;18041600013;14101950;26041745;004;622 ~~~~~~~~~~~~~~~~~~~~~~~~~~~~~~~~~~~~~~ 01-04
20081450;21112028j;18045789;19041600013;15101950;27041745;005;413;514 ~~~~~~~~~~~~~~~~~~~~~~~~~~~~~~~~~~ 01-05
21081450;22112028j;19045789;00051600013;16101950;28041745;006;637 ~~~~~~~~~~~~~~~~~~~~~~~~~~~~~~~~~~~~~~ 01-06
22081450;23112028j;20045789;01051600013;17101950;29041745;007;398;399 ~~~~~~~~~~~~~~~~~~~~~~~~~~~~~~~~~~ 01-07
23081450;24112028j;21045789;02051600013;18101950;30041745;008;628;611 ~~~~~~~~~~~~~~~~~~~~~~~~~~~~~~~~~~ 01-08
24081450;25112028j;22045789;03051600013;19101950;01051745;009;629;415 ~~~~~~~~~~~~~~~~~~~~~~~~~~~~~~~~~~ 01-09
25081450;26112028j;23045789;04051600013;20101950;02051745;010;433;923;400 ~~~~~~~~~~~~~~~~~~~~~~~~~~~~~~ 01-10
26081450;27112028j;24045789;05051600013;21101950;03051745;011;611 ~~~~~~~~~~~~~~~~~~~~~~~~~~~~~~~~~~~~~~ 01-11
27081450;28112028j;25045789;06051600013;22101950;04051745;012;375;611 ~~~~~~~~~~~~~~~~~~~~~~~~~~~~~~~~~~ 01-12
28081450;29112028j;26045789;07051600013;23101950;05051745;013;626;376;400 ~~~~~~~~~~~~~~~~~~~~~~~~~~~~~~ 01-13
29081450;30112028j;27045789;08051600013;24101950;06051745;014;627;380;888;929;952 ~~~~~~~~~~~~~~~~~~~~~~ 01-14
01091450;01122028j;28045789;09051600013;25101950;07051745;015;492;504;611 ~~~~~~~~~~~~~~~~~~~~~~~~~~~~~~ 01-15
02091450;02122028j;29045789;10051600013;26101950;08051745;016;400 ~~~~~~~~~~~~~~~~~~~~~~~~~~~~~~~~~~~~~~ 01-16
03091450;03122028j;01055789;11051600013;27101950;09051745;017;415;611 ~~~~~~~~~~~~~~~~~~~~~~~~~~~~~~~~~~ 01-17
04091450;04122028j;02055789;12051600013;28101950;10051745;018;631 ~~~~~~~~~~~~~~~~~~~~~~~~~~~~~~~~~~~~~~ 01-18
05091450;05122028j;03055789;13051600013;29101950;11051745;019;855;940;400 ~~~~~~~~~~~~~~~~~~~~~~~~~~~~~~ 01-19
06091450;06122028j;04055789;14051600013;30101950;12051745;020;630;513;611 ~~~~~~~~~~~~~~~~~~~~~~~~~~~~~~ 01-20
07091450;07122028j;05055789;15051600013;01111950;13051745;021;625;829 ~~~~~~~~~~~~~~~~~~~~~~~~~~~~~~~~~~ 01-21
08091450;08122028j;06055789;16051600013;02111950;14051745;022;397;536;914;400 ~~~~~~~~~~~~~~~~~~~~~~~~~~ 01-22
09091450;09122028j;07055789;17051600013;03111950;15051745;023;825;611 ~~~~~~~~~~~~~~~~~~~~~~~~~~~~~~~~~~ 01-23
10091450;10122028j;08055789;18051600013;04111950;16051745;024;632;817 ~~~~~~~~~~~~~~~~~~~~~~~~~~~~~~~~~~ 01-24
11091450;11122028j;09055789;19051600013;05111950;17051745;025;400;505;611 ~~~~~~~~~~~~~~~~~~~~~~~~~~~~~~ 01-25
12091450;12122028j;10055789;00061600013;06111950;18051745;026;596;633;873 ~~~~~~~~~~~~~~~~~~~~~~~~~~~~~~ 01-26
13091450;13122028j;11055789;01061600013;07111950;19051745;027;634;401;505 ~~~~~~~~~~~~~~~~~~~~~~~~~~~~~~ 01-27
14091450;14122028j;12055789;02061600013;08111950;20051745;028;635;611 ~~~~~~~~~~~~~~~~~~~~~~~~~~~~~~~~~~ 01-28
15091450;15122028j;13055789;03061600013;09111950;21051745;029;636;381 ~~~~~~~~~~~~~~~~~~~~~~~~~~~~~~~~~~ 01-29
16091450;16122028j;14055789;04061600013;10111950;22051745;030;884;580 ~~~~~~~~~~~~~~~~~~~~~~~~~~~~~~~~~~ 01-30
17091450;17122028j;15055789;05061600013;11111950;23051745;031;611 ~~~~~~~~~~~~~~~~~~~~~~~~~~~~~~~~~~~~~~ 01-31
18091450;18122028j;16055789;05061600013;12111950;24051745;032;638;514 ~~~~~~~~~~~~~~~~~~~~~~~~~~~~~~~~~~ 02-01
19091450;19122028j;17055789;06061600013;13111950;25051745;033;639;415 ~~~~~~~~~~~~~~~~~~~~~~~~~~~~~~~~~~ 02-02
20091450;20122028j;18055789;07061600013;14111950;26051745;034;637;640;612 ~~~~~~~~~~~~~~~~~~~~~~~~~~~~~~ 02-03
21091450;21122028j;19055789;08061600013;15111950;27051745;035;505 ~~~~~~~~~~~~~~~~~~~~~~~~~~~~~~~~~~~~~~ 02-04
22091450;22122028j;20055789;09061600013;16111950;28051745;036;398;612 ~~~~~~~~~~~~~~~~~~~~~~~~~~~~~~~~~~ 02-05
23091450;23122028j;21055789;10061600013;17111950;29051745;037;505 ~~~~~~~~~~~~~~~~~~~~~~~~~~~~~~~~~~~~~~ 02-06
24091450;24122028j;22055789;11061600013;18111950;30051745;038;612 ~~~~~~~~~~~~~~~~~~~~~~~~~~~~~~~~~~~~~~ 02-07
25091450;25122028j;23055789;12061600013;19111950;01061745;039;642;817 ~~~~~~~~~~~~~~~~~~~~~~~~~~~~~~~~~~ 02-08
26091450;26122028j;24055789;13061600013;20111950;02061745;040;437;507;943;612 ~~~~~~~~~~~~~~~~~~~~~~~~~~ 02-09
27091450;27122028j;25055789;14061600013;21111950;03061745;041;643;408;508;505 ~~~~~~~~~~~~~~~~~~~~~~~~~~ 02-10
28091450;28122028j;26055789;15061600013;22111950;04061745;042;886;581;612 ~~~~~~~~~~~~~~~~~~~~~~~~~~~~~~ 02-11
29091450;29122028j;27055789;16061600013;23111950;05061745;043;641 ~~~~~~~~~~~~~~~~~~~~~~~~~~~~~~~~~~~~~~ 02-12
30091450;01012029k;28055789;17061600013;24111950;06061745;044;443;380;506;479;490 ~~~~~~~~~~~~~~~~~~~~~~ 02-13
01101450;02012029k;29055789;18061600013;25111950;07061745;045;444;405;502;566;479;490 ~~~~~~~~~~~~~~~~~~ 02-14
02101450;03012029k;30055789;19061600013;26111950;08061745;046;644;566;612 ~~~~~~~~~~~~~~~~~~~~~~~~~~~~~~ 02-15
03101450;04012029k;01065789;00071600013;27111950;09061745;047;645;416;566;409 ~~~~~~~~~~~~~~~~~~~~~~~~~~ 02-16
04101450;05012029k;02065789;01071600013;28111950;10061745;048;513;566;854;612 ~~~~~~~~~~~~~~~~~~~~~~~~~~ 02-17
05101450;06012029k;03065789;02071600013;29111950;11061745;049;854 ~~~~~~~~~~~~~~~~~~~~~~~~~~~~~~~~~~~~~~ 02-18
06101450;07012029k;04065789;03071600013;30111950;12061745;050;450;864;406;612 ~~~~~~~~~~~~~~~~~~~~~~~~~~ 02-19
07101450;08012029k;05065789;04071600013;01121950;13061745;051;612 ~~~~~~~~~~~~~~~~~~~~~~~~~~~~~~~~~~~~~~ 02-20
08101450;09012029k;06065789;05071600013;02121950;14061745;052;397;612 ~~~~~~~~~~~~~~~~~~~~~~~~~~~~~~~~~~ 02-21
09101450;10012029k;07065789;06071600013;03121950;15061745;053;647;648;822 ~~~~~~~~~~~~~~~~~~~~~~~~~~~~~~ 02-22
10101450;11012029k;08065789;07071600013;04121950;16061745;054;649;432 ~~~~~~~~~~~~~~~~~~~~~~~~~~~~~~~~~~ 02-23
11101450;12012029k;09065789;08071600013;05121950;17061745;055;406;612 ~~~~~~~~~~~~~~~~~~~~~~~~~~~~~~~~~~ 02-24
12101450;13012029k;10065789;09071600013;06121950;18061745;056;517 ~~~~~~~~~~~~~~~~~~~~~~~~~~~~~~~~~~~~~~ 02-25
13101450;14012029k;11065789;10071600013;07121950;19061745;057;612 ~~~~~~~~~~~~~~~~~~~~~~~~~~~~~~~~~~~~~~ 02-26
14101450;15012029k;12065789;11071600013;08121950;20061745;058;646;612 ~~~~~~~~~~~~~~~~~~~~~~~~~~~~~~~~~~ 02-27
15101450;16012029k;13065789;12071600013;09121950;21061745;059;650;382;544;623;906;409 ~~~~~~~~~~~~~~~~~~ 02-28
16101450;17012029k;14065789;16071600013;10121950;22061745;061;653;514;598;519;406;613 ~~~~~~~~~~~~~~~~~~ 03-01
17101450;18012029k;15065789;17071600013;11121950;23061745;062;654;562 ~~~~~~~~~~~~~~~~~~~~~~~~~~~~~~~~~~ 03-02
18101450;19012029k;16065789;18071600013;12121950;24061745;063;637;562;613 ~~~~~~~~~~~~~~~~~~~~~~~~~~~~~~ 03-03
19101450;20012029k;17065789;19071600013;13121950;25061745;064;655;562 ~~~~~~~~~~~~~~~~~~~~~~~~~~~~~~~~~~ 03-04
20101450;21012029k;18065789;00081600013;14121950;26061745;065;613 ~~~~~~~~~~~~~~~~~~~~~~~~~~~~~~~~~~~~~~ 03-05
21101450;22012029k;19065789;01081600013;15121950;27061745;066;398;409 ~~~~~~~~~~~~~~~~~~~~~~~~~~~~~~~~~~ 03-06
22101450;23012029k;20065789;02081600013;16121950;28061745;067;533;924;613 ~~~~~~~~~~~~~~~~~~~~~~~~~~~~~~ 03-07
23101450;24012029k;21065789;03081600013;17121950;29061745;068;656 ~~~~~~~~~~~~~~~~~~~~~~~~~~~~~~~~~~~~~~ 03-08
24101450;25012029k;22065789;04081600013;18121950;30061745;069;613 ~~~~~~~~~~~~~~~~~~~~~~~~~~~~~~~~~~~~~~ 03-09
25101450;26012029k;23065789;05081600013;19121950;01071745;070;900 ~~~~~~~~~~~~~~~~~~~~~~~~~~~~~~~~~~~~~~ 03-10
26101450;27012029k;24065789;06081600013;20121950;02071745;071;613 ~~~~~~~~~~~~~~~~~~~~~~~~~~~~~~~~~~~~~~ 03-11
27101450;28012029k;25065789;07081600013;21121950;03071745;072;409 ~~~~~~~~~~~~~~~~~~~~~~~~~~~~~~~~~~~~~~ 03-12
28101450;29012029k;26065789;08081600013;22121950;04071745;073;613 ~~~~~~~~~~~~~~~~~~~~~~~~~~~~~~~~~~~~~~ 03-13
29101450;30012029k;27065789;09081600013;23121950;05071745;074;380 ~~~~~~~~~~~~~~~~~~~~~~~~~~~~~~~~~~~~~~ 03-14
01111450;01022029k;28065789;10081600013;24121950;06071745;075;658;613 ~~~~~~~~~~~~~~~~~~~~~~~~~~~~~~~~~~ 03-15
02111450;02022029k;29065789;11081600013;25121950;07071745;076;513;406 ~~~~~~~~~~~~~~~~~~~~~~~~~~~~~~~~~~ 03-16
03111450;03022029k;01075789;12081600013;26121950;08071745;077;613 ~~~~~~~~~~~~~~~~~~~~~~~~~~~~~~~~~~~~~~ 03-17
04111450;04022029k;02075789;13081600013;27121950;09071745;078;409 ~~~~~~~~~~~~~~~~~~~~~~~~~~~~~~~~~~~~~~ 03-18
05111450;05022029k;03075789;14081600013;28121950;10071745;079;466;613 ~~~~~~~~~~~~~~~~~~~~~~~~~~~~~~~~~~ 03-19
06111450;06022029k;04075789;15081600013;29121950;11071745;080;657;424 ~~~~~~~~~~~~~~~~~~~~~~~~~~~~~~~~~~ 03-20
07111450;07022029k;05075789;16081600013;30121950;12071745;081;459;406;613 ~~~~~~~~~~~~~~~~~~~~~~~~~~~~~~ 03-21
08111450;08022029k;06075789;17081600013;01011951;13071745;082;851 ~~~~~~~~~~~~~~~~~~~~~~~~~~~~~~~~~~~~~~ 03-22
09111450;09022029k;07075789;18081600013;02011951;14071745;083;397;613 ~~~~~~~~~~~~~~~~~~~~~~~~~~~~~~~~~~ 03-23
10111450;10022029k;08075789;19081600013;03011951;15071745;084;613 ~~~~~~~~~~~~~~~~~~~~~~~~~~~~~~~~~~~~~~ 03-24
11111450;11022029k;09075789;00091600013;04011951;16071745;085;493;857;613 ~~~~~~~~~~~~~~~~~~~~~~~~~~~~~~ 03-25
12111450;12022029k;10075789;01091600013;05011951;17071745;086;898;406 ~~~~~~~~~~~~~~~~~~~~~~~~~~~~~~~~~~ 03-26
13111450;13022029k;11075789;02091600013;06011951;18071745;087;659;613 ~~~~~~~~~~~~~~~~~~~~~~~~~~~~~~~~~~ 03-27
14111450;14022029k;12075789;03091600013;07011951;19071745;088;660;803 ~~~~~~~~~~~~~~~~~~~~~~~~~~~~~~~~~~ 03-28
15111450;15022029k;13075789;04091600013;08011951;20071745;089;652;383;858;613 ~~~~~~~~~~~~~~~~~~~~~~~~~~ 03-29
16111450;16022029k;14075789;05091600013;09011951;21071745;090;445;514;852;409 ~~~~~~~~~~~~~~~~~~~~~~~~~~ 03-30
17111450;17022029k;15075789;06091600013;10011951;22071745;091;446;515 ~~~~~~~~~~~~~~~~~~~~~~~~~~~~~~~~~~ 03-31
18111450;18022029k;16075789;07091600013;11011951;23071745;092;447;662 ~~~~~~~~~~~~~~~~~~~~~~~~~~~~~~~~~~ 04-01
19111450;19022029k;17075789;08091600013;12011951;24071745;093;448;651;614 ~~~~~~~~~~~~~~~~~~~~~~~~~~~~~~ 04-02
20111450;20022029k;18075789;09091600013;13011951;25071745;094;651;614 ~~~~~~~~~~~~~~~~~~~~~~~~~~~~~~~~~~ 04-03
21111450;21022029k;19075789;10091600013;14011951;26071745;095;663;651;571 ~~~~~~~~~~~~~~~~~~~~~~~~~~~~~~ 04-04
22111450;22022029k;20075789;11091600013;15011951;27071745;096;398;651 ~~~~~~~~~~~~~~~~~~~~~~~~~~~~~~~~~~ 04-05
23111450;23022029k;21075789;12091600013;16011951;28071745;097;651;614 ~~~~~~~~~~~~~~~~~~~~~~~~~~~~~~~~~~ 04-06
24111450;24022029k;22075789;13091600013;17011951;29071745;098;637;651;661 ~~~~~~~~~~~~~~~~~~~~~~~~~~~~~~ 04-07
25111450;25022029k;23075789;14091600013;18011951;30071745;099;433;614 ~~~~~~~~~~~~~~~~~~~~~~~~~~~~~~~~~~ 04-08
26111450;26022029k;24075789;15091600013;19011951;01081745;100;901 ~~~~~~~~~~~~~~~~~~~~~~~~~~~~~~~~~~~~~~ 04-09
27111450;27022029k;25075789;16091600013;20011951;02081745;101;614 ~~~~~~~~~~~~~~~~~~~~~~~~~~~~~~~~~~~~~~ 04-10
28111450;28022029k;26075789;17091600013;21011951;03081745;102;526;409 ~~~~~~~~~~~~~~~~~~~~~~~~~~~~~~~~~~ 04-11
29111450;29022029k;27075789;18091600013;22011951;04081745;103;457;513;614 ~~~~~~~~~~~~~~~~~~~~~~~~~~~~~~ 04-12
30111450;30022029k;28075789;19091600013;23011951;05081745;104;596;380 ~~~~~~~~~~~~~~~~~~~~~~~~~~~~~~~~~~ 04-13
01121450;01032029k;29075789;00101600013;24011951;06081745;105;538;559;823;935;614 ~~~~~~~~~~~~~~~~~~~~~~ 04-14
02121450;02032029k;30075789;01101600013;25011951;07081745;106;406 ~~~~~~~~~~~~~~~~~~~~~~~~~~~~~~~~~~~~~~ 04-15
03121450;03032029k;01085789;02101600013;26011951;08081745;107;794;614 ~~~~~~~~~~~~~~~~~~~~~~~~~~~~~~~~~~ 04-16
04121450;04032029k;02085789;03101600013;27011951;09081745;108;555;577 ~~~~~~~~~~~~~~~~~~~~~~~~~~~~~~~~~~ 04-17
05121450;05032029k;03085789;04101600013;28011951;10081745;109;614 ~~~~~~~~~~~~~~~~~~~~~~~~~~~~~~~~~~~~~~ 04-18
06121450;06032029k;04085789;05101600013;29011951;11081745;110;631;664;528 ~~~~~~~~~~~~~~~~~~~~~~~~~~~~~~ 04-19
07121450;07032029k;05085789;06101600013;30011951;12081745;111;665;945;529;406 ~~~~~~~~~~~~~~~~~~~~~~~~~~ 04-20
08121450;08032029k;06085789;07101600013;01021951;13081745;112;666;397;436 ~~~~~~~~~~~~~~~~~~~~~~~~~~~~~~ 04-21
09121450;09032029k;07085789;08101600013;02021951;14081745;113;913;501;614 ~~~~~~~~~~~~~~~~~~~~~~~~~~~~~~ 04-22
10121450;10032029k;08085789;09101600013;03021951;15081745;114;912;933;500 ~~~~~~~~~~~~~~~~~~~~~~~~~~~~~~ 04-23
11121450;11032029k;09085789;10101600013;04021951;16081745;115;877;500;614 ~~~~~~~~~~~~~~~~~~~~~~~~~~~~~~ 04-24
12121450;12032029k;10085789;11101600013;05021951;17081745;116;670;554 ~~~~~~~~~~~~~~~~~~~~~~~~~~~~~~~~~~ 04-25
13121450;13032029k;11085789;12101600013;06021951;18081745;117;667;500;614 ~~~~~~~~~~~~~~~~~~~~~~~~~~~~~~ 04-26
14121450;14032029k;12085789;13101600013;07021951;19081745;118;671;514;500 ~~~~~~~~~~~~~~~~~~~~~~~~~~~~~~ 04-27
15121450;15032029k;13085789;14101600013;08021951;20081745;119;668;384;539;575 ~~~~~~~~~~~~~~~~~~~~~~~~~~ 04-28
16121450;16032029k;14085789;15101600013;09021951;21081745;120;669;409 ~~~~~~~~~~~~~~~~~~~~~~~~~~~~~~~~~~ 04-29
17121450;17032029k;15085789;16101600013;10021951;22081745;121;614 ~~~~~~~~~~~~~~~~~~~~~~~~~~~~~~~~~~~~~~ 04-30
18121450;18032029k;16085789;17101600013;11021951;23081745;122;675;399;841 ~~~~~~~~~~~~~~~~~~~~~~~~~~~~~~ 05-01
19121450;19032029k;17085789;18101600013;12021951;24081745;123;676 ~~~~~~~~~~~~~~~~~~~~~~~~~~~~~~~~~~~~~~ 05-02
20121450;20032029k;18085789;19101600013;13021951;25081745;124;677;518;615 ~~~~~~~~~~~~~~~~~~~~~~~~~~~~~~ 05-03
21121450;21032029k;19085789;00111600013;14021951;26081745;125;679;400;615 ~~~~~~~~~~~~~~~~~~~~~~~~~~~~~~ 05-04
22121450;22032029k;20085789;01111600013;15021951;27081745;126;637;672;398;407;409;615 ~~~~~~~~~~~~~~~~~~ 05-05
23121450;23032029k;21085789;02111600013;16021951;28081745;127;673 ~~~~~~~~~~~~~~~~~~~~~~~~~~~~~~~~~~~~~~ 05-06
24121450;24032029k;22085789;03111600013;17021951;29081745;128;674;842;400;615 ~~~~~~~~~~~~~~~~~~~~~~~~~~ 05-07
25121450;25032029k;23085789;04111600013;18021951;30081745;129;615 ~~~~~~~~~~~~~~~~~~~~~~~~~~~~~~~~~~~~~~ 05-08
26121450;26032029k;24085789;05111600013;19021951;01091745;130;683;939 ~~~~~~~~~~~~~~~~~~~~~~~~~~~~~~~~~~ 05-09
27121450;27032029k;25085789;06111600013;20021951;02091745;131;494;513;400 ~~~~~~~~~~~~~~~~~~~~~~~~~~~~~~ 05-10
28121450;28032029k;26085789;07111600013;21021951;03091745;132;678;420;409;615 ~~~~~~~~~~~~~~~~~~~~~~~~~~ 05-11
29121450;29032029k;27085789;08111600013;22021951;04091745;133;681;680;568 ~~~~~~~~~~~~~~~~~~~~~~~~~~~~~~ 05-12
30121450;01042029k;28085789;09111600013;23021951;05091745;134;451;380;568;624;400;615 ~~~~~~~~~~~~~~~~~~ 05-13
01011451;02042029k;29085789;10111600013;24021951;06091745;135;682;495;624;615 ~~~~~~~~~~~~~~~~~~~~~~~~~~ 05-14
02011451;03042029k;01095789;11111600013;25021951;07091745;136;624 ~~~~~~~~~~~~~~~~~~~~~~~~~~~~~~~~~~~~~~ 05-15
03011451;04042029k;02095789;12111600013;26021951;08091745;137;685;510;902;624;400;615 ~~~~~~~~~~~~~~~~~~ 05-16
04011451;05042029k;03095789;13111600013;27021951;09091745;138;797;624;409 ~~~~~~~~~~~~~~~~~~~~~~~~~~~~~~ 05-17
05011451;06042029k;04095789;14111600013;28021951;10091745;139;686;573;624 ~~~~~~~~~~~~~~~~~~~~~~~~~~~~~~ 05-18
06011451;07042029k;05095789;15111600013;29021951;11091745;140;687;836;573;624;615 ~~~~~~~~~~~~~~~~~~~~~~ 05-19
07011451;08042029k;06095789;16111600013;30021951;12091745;141;449;684;397;553;522;573;615 ~~~~~~~~~~~~~~ 05-20
08011451;09042029k;07095789;17111600013;31021951;13091745;142;789;421 ~~~~~~~~~~~~~~~~~~~~~~~~~~~~~~~~~~ 05-21
09011451;10042029k;08095789;18111600013;01031951;14091745;143;432;927;400;615 ~~~~~~~~~~~~~~~~~~~~~~~~~~ 05-22
10011451;11042029k;09095789;19111600013;02031951;15091745;144;798;498 ~~~~~~~~~~~~~~~~~~~~~~~~~~~~~~~~~~ 05-23
11011451;12042029k;10095789;00121600013;03031951;16091745;145;889;615 ~~~~~~~~~~~~~~~~~~~~~~~~~~~~~~~~~~ 05-24
12011451;13042029k;11095789;01121600013;04031951;17091745;146;689;401;514 ~~~~~~~~~~~~~~~~~~~~~~~~~~~~~~ 05-25
13011451;14042029k;12095789;02121600013;05031951;18091745;147;439;894;615 ~~~~~~~~~~~~~~~~~~~~~~~~~~~~~~ 05-26
14011451;15042029k;13095789;03121600013;06031951;19091745;148;439;385;537;937 ~~~~~~~~~~~~~~~~~~~~~~~~~~ 05-27
15011451;16042029k;14095789;04121600013;07031951;20091745;149;438;892 ~~~~~~~~~~~~~~~~~~~~~~~~~~~~~~~~~~ 05-28
16011451;17042029k;15095789;05121600013;08031951;21091745;150;615 ~~~~~~~~~~~~~~~~~~~~~~~~~~~~~~~~~~~~~~ 05-29
17011451;18042029k;16095789;06121600013;09031951;22091745;151;688;615 ~~~~~~~~~~~~~~~~~~~~~~~~~~~~~~~~~~ 05-30
18011451;19042029k;17095789;07121600013;10031951;23091745;152;615 ~~~~~~~~~~~~~~~~~~~~~~~~~~~~~~~~~~~~~~ 05-31
19011451;20042029k;18095789;08121600013;11031951;24091745;153;692;694;496;616 ~~~~~~~~~~~~~~~~~~~~~~~~~~ 06-01
20011451;21042029k;19095789;09121600013;12031951;25091745;154;637;693 ~~~~~~~~~~~~~~~~~~~~~~~~~~~~~~~~~~ 06-02
21011451;22042029k;20095789;10121600013;13031951;26091745;155;690;398 ~~~~~~~~~~~~~~~~~~~~~~~~~~~~~~~~~~ 06-03
22011451;23042029k;21095789;11121600013;14031951;27091745;156;616;605 ~~~~~~~~~~~~~~~~~~~~~~~~~~~~~~~~~~ 06-04
23011451;24042029k;22095789;12121600013;15031951;28091745;157;616 ~~~~~~~~~~~~~~~~~~~~~~~~~~~~~~~~~~~~~~ 06-05
24011451;25042029k;23095789;13121600013;16031951;29091745;158;691;513 ~~~~~~~~~~~~~~~~~~~~~~~~~~~~~~~~~~ 06-06
25011451;26042029k;24095789;14121600013;17031951;30091745;159;530;616 ~~~~~~~~~~~~~~~~~~~~~~~~~~~~~~~~~~ 06-07
26011451;27042029k;25095789;15121600013;18031951;01101745;160;437 ~~~~~~~~~~~~~~~~~~~~~~~~~~~~~~~~~~~~~~ 06-08
27011451;28042029k;26095789;16121600013;19031951;02101745;161;697;799;496;616 ~~~~~~~~~~~~~~~~~~~~~~~~~~ 06-09
28011451;29042029k;27095789;17121600013;20031951;03101745;162;695 ~~~~~~~~~~~~~~~~~~~~~~~~~~~~~~~~~~~~~~ 06-10
29011451;30042029k;28095789;18121600013;21031951;04101745;163;380;868;942;569;616 ~~~~~~~~~~~~~~~~~~~~~~ 06-11
30011451;01052029k;29095789;19121600013;22031951;05101745;164;696;921;929;952;497;569 ~~~~~~~~~~~~~~~~~~ 06-12
01021451;02052029k;30095789;00131600013;23031951;06101745;165;410;616 ~~~~~~~~~~~~~~~~~~~~~~~~~~~~~~~~~~ 06-13
02021451;03052029k;01105789;01131600013;24031951;07101745;166;616 ~~~~~~~~~~~~~~~~~~~~~~~~~~~~~~~~~~~~~~ 06-14
03021451;04052029k;02105789;02131600013;25031951;08101745;167;701;699 ~~~~~~~~~~~~~~~~~~~~~~~~~~~~~~~~~~ 06-15
04021451;05052029k;03105789;03131600013;26031951;09101745;168;564 ~~~~~~~~~~~~~~~~~~~~~~~~~~~~~~~~~~~~~~ 06-16
05021451;06052029k;04105789;04131600013;27031951;10101745;169;452;452;616 ~~~~~~~~~~~~~~~~~~~~~~~~~~~~~~ 06-17
06021451;07052029k;05105789;05131600013;28031951;11101745;170;616 ~~~~~~~~~~~~~~~~~~~~~~~~~~~~~~~~~~~~~~ 06-18
07021451;08052029k;06105789;06131600013;29031951;12101745;171;397;616 ~~~~~~~~~~~~~~~~~~~~~~~~~~~~~~~~~~ 06-19
08021451;09052029k;07105789;07131600013;30031951;13101745;172;460;421 ~~~~~~~~~~~~~~~~~~~~~~~~~~~~~~~~~~ 06-20
09021451;10052029k;08105789;08131600013;31031951;14101745;173;698;552;425;616 ~~~~~~~~~~~~~~~~~~~~~~~~~~ 06-21
10021451;11052029k;09105789;09131600013;01041951;15101745;174;514;896;461;700 ~~~~~~~~~~~~~~~~~~~~~~~~~~ 06-22
11021451;12052029k;10105789;10131600013;02041951;16101745;175;702;824 ~~~~~~~~~~~~~~~~~~~~~~~~~~~~~~~~~~ 06-23
12021451;13052029k;11105789;11131600013;03041951;17101745;176;616 ~~~~~~~~~~~~~~~~~~~~~~~~~~~~~~~~~~~~~~ 06-24
13021451;14052029k;12105789;12131600013;04041951;18101745;177;386;941;616 ~~~~~~~~~~~~~~~~~~~~~~~~~~~~~~ 06-25
14021451;15052029k;13105789;13131600013;05041951;19101745;178;541;874;949 ~~~~~~~~~~~~~~~~~~~~~~~~~~~~~~ 06-26
15021451;16052029k;14105789;14131600013;06041951;20101745;179;704;616 ~~~~~~~~~~~~~~~~~~~~~~~~~~~~~~~~~~ 06-27
16021451;17052029k;15105789;15131600013;07041951;21101745;180;616 ~~~~~~~~~~~~~~~~~~~~~~~~~~~~~~~~~~~~~~ 06-28
17021451;18052029k;16105789;16131600013;08041951;22101745;181;703;616 ~~~~~~~~~~~~~~~~~~~~~~~~~~~~~~~~~~ 06-29
18021451;19052029k;17105789;17131600013;09041951;23101745;182;616 ~~~~~~~~~~~~~~~~~~~~~~~~~~~~~~~~~~~~~~ 06-30
19021451;20052029k;18105789;18131600013;10041951;24101745;183;795 ~~~~~~~~~~~~~~~~~~~~~~~~~~~~~~~~~~~~~~ 07-01
20021451;21052029k;19105789;19131600013;11041951;25101745;184;844 ~~~~~~~~~~~~~~~~~~~~~~~~~~~~~~~~~~~~~~ 07-02
21021451;22052029k;20105789;00141600013;12041951;26101745;185;398;617 ~~~~~~~~~~~~~~~~~~~~~~~~~~~~~~~~~~ 07-03
22021451;23052029k;21105789;01141600013;13041951;27101745;186;513 ~~~~~~~~~~~~~~~~~~~~~~~~~~~~~~~~~~~~~~ 07-04
23021451;24052029k;22105789;02141600013;14041951;28101745;187;433;617 ~~~~~~~~~~~~~~~~~~~~~~~~~~~~~~~~~~ 07-05
24021451;25052029k;23105789;03141600013;15041951;29101745;188;373;578;565 ~~~~~~~~~~~~~~~~~~~~~~~~~~~~~~ 07-06
25021451;26052029k;24105789;04141600013;16041951;30101745;189;637;705;840;946;565;617 ~~~~~~~~~~~~~~~~~~ 07-07
26021451;27052029k;25105789;05141600013;17041951;01111745;190;617 ~~~~~~~~~~~~~~~~~~~~~~~~~~~~~~~~~~~~~~ 07-08
27021451;28052029k;26105789;06141600013;18041951;02111745;191;707;617 ~~~~~~~~~~~~~~~~~~~~~~~~~~~~~~~~~~ 07-09
28021451;29052029k;27105789;07141600013;19041951;03111745;192;421 ~~~~~~~~~~~~~~~~~~~~~~~~~~~~~~~~~~~~~~ 07-10
29021451;01062029k;28105789;08141600013;20041951;04111745;193;380;929;952;617 ~~~~~~~~~~~~~~~~~~~~~~~~~~ 07-11
01031451;02062029k;29105789;09141600013;21041951;05111745;194;617 ~~~~~~~~~~~~~~~~~~~~~~~~~~~~~~~~~~~~~~ 07-12
02031451;03062029k;01115789;10141600013;22041951;06111745;195;870;617 ~~~~~~~~~~~~~~~~~~~~~~~~~~~~~~~~~~ 07-13
03031451;04062029k;02115789;11141600013;23041951;07111745;196;706;417 ~~~~~~~~~~~~~~~~~~~~~~~~~~~~~~~~~~ 07-14
04031451;05062029k;03115789;12141600013;24041951;08111745;197;709 ~~~~~~~~~~~~~~~~~~~~~~~~~~~~~~~~~~~~~~ 07-15
05031451;06062029k;04115789;13141600013;25041951;09111745;198;710 ~~~~~~~~~~~~~~~~~~~~~~~~~~~~~~~~~~~~~~ 07-16
06031451;07062029k;05115789;14141600013;26041951;10111745;199;617 ~~~~~~~~~~~~~~~~~~~~~~~~~~~~~~~~~~~~~~ 07-17
07031451;08062029k;06115789;15141600013;27041951;11111745;200;711;397;514 ~~~~~~~~~~~~~~~~~~~~~~~~~~~~~~ 07-18
08031451;09062029k;07115789;16141600013;28041951;12111745;201;631;617 ~~~~~~~~~~~~~~~~~~~~~~~~~~~~~~~~~~ 07-19
09031451;10062029k;08115789;17141600013;29041951;13111745;202;421;617 ~~~~~~~~~~~~~~~~~~~~~~~~~~~~~~~~~~ 07-20
10031451;11062029k;09115789;18141600013;30041951;14111745;203;708;546;812 ~~~~~~~~~~~~~~~~~~~~~~~~~~~~~~ 07-21
11031451;12062029k;10115789;19141600013;31041951;15111745;204;714;843 ~~~~~~~~~~~~~~~~~~~~~~~~~~~~~~~~~~ 07-22
12031451;13062029k;11115789;00151600013;01051951;16111745;205;511;418 ~~~~~~~~~~~~~~~~~~~~~~~~~~~~~~~~~~ 07-23
13031451;14062029k;12115789;01151600013;02051951;17111745;206;617 ~~~~~~~~~~~~~~~~~~~~~~~~~~~~~~~~~~~~~~ 07-24
14031451;15062029k;13115789;02151600013;03051951;18111745;207;387;531;561;617 ~~~~~~~~~~~~~~~~~~~~~~~~~~ 07-25
15031451;16062029k;14115789;03151600013;04051951;19111745;208;712;715 ~~~~~~~~~~~~~~~~~~~~~~~~~~~~~~~~~~ 07-26
16031451;17062029k;15115789;04151600013;05051951;20111745;209;716;617 ~~~~~~~~~~~~~~~~~~~~~~~~~~~~~~~~~~ 07-27
17031451;18062029k;16115789;05151600013;06051951;21111745;210;713;511 ~~~~~~~~~~~~~~~~~~~~~~~~~~~~~~~~~~ 07-28
18031451;19062029k;17115789;06151600013;07051951;22111745;211;617 ~~~~~~~~~~~~~~~~~~~~~~~~~~~~~~~~~~~~~~ 07-29
19031451;20062029k;18115789;07151600013;08051951;23111745;212;421;843 ~~~~~~~~~~~~~~~~~~~~~~~~~~~~~~~~~~ 07-30
20031451;21062029k;19115789;08151600013;09051951;24111745;213;617 ~~~~~~~~~~~~~~~~~~~~~~~~~~~~~~~~~~~~~~ 07-31
21031451;22062029k;20115789;09151600013;10051951;25111745;214;467;513;418 ~~~~~~~~~~~~~~~~~~~~~~~~~~~~~~ 08-01
22031451;23062029k;21115789;10151600013;11051951;26111745;215;398;618 ~~~~~~~~~~~~~~~~~~~~~~~~~~~~~~~~~~ 08-02
23031451;24062029k;22115789;11151600013;12051951;27111745;216;719;843;618 ~~~~~~~~~~~~~~~~~~~~~~~~~~~~~~ 08-03
24031451;25062029k;23115789;12151600013;13051951;28111745;217;637;720 ~~~~~~~~~~~~~~~~~~~~~~~~~~~~~~~~~~ 08-04
25031451;26062029k;24115789;13151600013;14051951;29111745;218;717;843;618 ~~~~~~~~~~~~~~~~~~~~~~~~~~~~~~ 08-05
26031451;27062029k;25115789;14151600013;15051951;30111745;219;878 ~~~~~~~~~~~~~~~~~~~~~~~~~~~~~~~~~~~~~~ 08-06
27031451;28062029k;26115789;15151600013;16051951;01121745;220;718;618 ~~~~~~~~~~~~~~~~~~~~~~~~~~~~~~~~~~ 08-07
28031451;29062029k;27115789;16151600013;17051951;02121745;221;722 ~~~~~~~~~~~~~~~~~~~~~~~~~~~~~~~~~~~~~~ 08-08
29031451;30062029k;28115789;17151600013;18051951;03121745;222;380;421 ~~~~~~~~~~~~~~~~~~~~~~~~~~~~~~~~~~ 08-09
30031451;01072029k;29115789;18151600013;19051951;04121745;223;596;618 ~~~~~~~~~~~~~~~~~~~~~~~~~~~~~~~~~~ 08-10
01041451;02072029k;30115789;19151600013;20051951;05121745;224;723;378;618 ~~~~~~~~~~~~~~~~~~~~~~~~~~~~~~ 08-11
02041451;03072029k;01125789;00161600013;21051951;06121745;225;721;579;618 ~~~~~~~~~~~~~~~~~~~~~~~~~~~~~~ 08-12
03041451;04072029k;02125789;01161600013;22051951;07121745;226;514 ~~~~~~~~~~~~~~~~~~~~~~~~~~~~~~~~~~~~~~ 08-13
04041451;05072029k;03125789;02161600013;23051951;08121745;227;891 ~~~~~~~~~~~~~~~~~~~~~~~~~~~~~~~~~~~~~~ 08-14
05041451;06072029k;04125789;03161600013;24051951;09121745;228;618 ~~~~~~~~~~~~~~~~~~~~~~~~~~~~~~~~~~~~~~ 08-15
06041451;07072029k;05125789;04161600013;25051951;10121745;229;397;374;572;618 ~~~~~~~~~~~~~~~~~~~~~~~~~~ 08-16
07041451;08072029k;06125789;05161600013;26051951;11121745;230;618 ~~~~~~~~~~~~~~~~~~~~~~~~~~~~~~~~~~~~~~ 08-17
08041451;09072029k;07125789;06161600013;27051951;12121745;231;724;432;618 ~~~~~~~~~~~~~~~~~~~~~~~~~~~~~~ 08-18
09041451;10072029k;08125789;07161600013;28051951;13121745;232;436;418;618 ~~~~~~~~~~~~~~~~~~~~~~~~~~~~~~ 08-19
10041451;11072029k;09125789;08161600013;29051951;14121745;233;926;618 ~~~~~~~~~~~~~~~~~~~~~~~~~~~~~~~~~~ 08-20
11041451;12072029k;10125789;09161600013;30051951;15121745;234;618 ~~~~~~~~~~~~~~~~~~~~~~~~~~~~~~~~~~~~~~ 08-21
12041451;13072029k;11125789;10161600013;31051951;16121745;235;897;618 ~~~~~~~~~~~~~~~~~~~~~~~~~~~~~~~~~~ 08-22
13041451;14072029k;12125789;11161600013;01061951;17121745;236;388;909;910;567;618 ~~~~~~~~~~~~~~~~~~~~~~ 08-23
14041451;15072029k;13125789;12161600013;02061951;18121745;237;427;556;925;938;567 ~~~~~~~~~~~~~~~~~~~~~~ 08-24
15041451;16072029k;14125789;13161600013;03061951;19121745;238;725;618 ~~~~~~~~~~~~~~~~~~~~~~~~~~~~~~~~~~ 08-25
16041451;17072029k;15125789;14161600013;04061951;20121745;239;428;725;618 ~~~~~~~~~~~~~~~~~~~~~~~~~~~~~~ 08-26
17041451;18072029k;16125789;15161600013;05061951;21121745;240;796;875;618 ~~~~~~~~~~~~~~~~~~~~~~~~~~~~~~ 08-27
18041451;19072029k;17125789;16161600013;06061951;22121745;241;594;618 ~~~~~~~~~~~~~~~~~~~~~~~~~~~~~~~~~~ 08-28
19041451;20072029k;18125789;17161600013;07061951;23121745;242;595;513;421;618 ~~~~~~~~~~~~~~~~~~~~~~~~~~ 08-29
20041451;21072029k;19125789;18161600013;08061951;24121745;243;618 ~~~~~~~~~~~~~~~~~~~~~~~~~~~~~~~~~~~~~~ 08-30
21041451;22072029k;20125789;19161600013;09061951;25121745;244;596;398 ~~~~~~~~~~~~~~~~~~~~~~~~~~~~~~~~~~ 08-31
22041451;23072029k;21125789;00171600013;10061951;26121745;245;429;637;728;883;619 ~~~~~~~~~~~~~~~~~~~~~~ 09-01
23041451;24072029k;22125789;01171600013;11061951;27121745;246;430;399 ~~~~~~~~~~~~~~~~~~~~~~~~~~~~~~~~~~ 09-02
24041451;25072029k;23125789;02171600013;12061951;28121745;247;434;619 ~~~~~~~~~~~~~~~~~~~~~~~~~~~~~~~~~~ 09-03
25041451;26072029k;24125789;03171600013;13061951;29121745;248;435;503 ~~~~~~~~~~~~~~~~~~~~~~~~~~~~~~~~~~ 09-04
26041451;27072029k;25125789;04171600013;14061951;30121745;249;400;619 ~~~~~~~~~~~~~~~~~~~~~~~~~~~~~~~~~~ 09-05
27041451;28072029k;26125789;05171600013;15061951;01131745;250;411;418 ~~~~~~~~~~~~~~~~~~~~~~~~~~~~~~~~~~ 09-06
28041451;29072029k;27125789;06171600013;16061951;02131745;251;727 ~~~~~~~~~~~~~~~~~~~~~~~~~~~~~~~~~~~~~~ 09-07
29041451;01082029k;28125789;07171600013;17061951;03131745;252;380;831;421 ~~~~~~~~~~~~~~~~~~~~~~~~~~~~~~ 09-08
01051451;02082029k;29125789;08171600013;18061951;04131745;253;455;845;521;619 ~~~~~~~~~~~~~~~~~~~~~~~~~~ 09-09
02051451;03082029k;01215790;09171600013;19061951;05131745;254;729;846;514;597;521 ~~~~~~~~~~~~~~~~~~~~~~ 09-10
03051451;04082029k;02215790;10171600013;20061951;01011746;255;550;521;619 ~~~~~~~~~~~~~~~~~~~~~~~~~~~~~~ 09-11
04051451;05082029k;03215790;11171600013;21061951;02011746;256;847;915 ~~~~~~~~~~~~~~~~~~~~~~~~~~~~~~~~~~ 09-12
05051451;06082029k;04215790;12171600013;22061951;03011746;257;730;726;619 ~~~~~~~~~~~~~~~~~~~~~~~~~~~~~~ 09-13
06051451;07082029k;05215790;13171600013;23061951;04011746;258;397;400 ~~~~~~~~~~~~~~~~~~~~~~~~~~~~~~~~~~ 09-14
07051451;08082029k;06215790;14171600013;24061951;05011746;259;735;908;418;619 ~~~~~~~~~~~~~~~~~~~~~~~~~~ 09-15
08051451;09082029k;07215790;15171600013;25061951;06011746;260;731 ~~~~~~~~~~~~~~~~~~~~~~~~~~~~~~~~~~~~~~ 09-16
09051451;10082029k;08215790;16171600013;26061951;07011746;261;400;619 ~~~~~~~~~~~~~~~~~~~~~~~~~~~~~~~~~~ 09-17
10051451;11082029k;09215790;17171600013;27061951;08011746;262;732;903;375 ~~~~~~~~~~~~~~~~~~~~~~~~~~~~~~ 09-18
11051451;12082029k;10215790;18171600013;28061951;09011746;263;527;619 ~~~~~~~~~~~~~~~~~~~~~~~~~~~~~~~~~~ 09-19
12051451;13082029k;11215790;19171600013;29061951;10011746;264;733;400 ~~~~~~~~~~~~~~~~~~~~~~~~~~~~~~~~~~ 09-20
13051451;14082029k;12215790;00001700013;30061951;11011746;265;734;520;551;848 ~~~~~~~~~~~~~~~~~~~~~~~~~~ 09-21
14051451;15082029k;13215790;01001700013;31061951;12011746;266;739;389;390;534;462;570 ~~~~~~~~~~~~~~~~~~ 09-22
15051451;16082029k;14215790;02001700013;01071951;13011746;267;740;414;907;423;400;848;619 ~~~~~~~~~~~~~~ 09-23
16051451;17082029k;15215790;03001700013;02071951;14011746;268;736;463;523 ~~~~~~~~~~~~~~~~~~~~~~~~~~~~~~ 09-24
17051451;18082029k;16215790;04001700013;03071951;15011746;269;737;401;513;523;848 ~~~~~~~~~~~~~~~~~~~~~~ 09-25
18051451;19082029k;17215790;05001700013;04071951;16011746;270;742;790;523 ~~~~~~~~~~~~~~~~~~~~~~~~~~~~~~ 09-26
19051451;20082029k;18215790;06001700013;05071951;17011746;271;741;790;523;619 ~~~~~~~~~~~~~~~~~~~~~~~~~~ 09-27
20051451;21082029k;19215790;07001700013;06071951;18011746;272;738;790;523;421 ~~~~~~~~~~~~~~~~~~~~~~~~~~ 09-28
21051451;22082029k;20215790;08001700013;07071951;19011746;273;743;790;523;848 ~~~~~~~~~~~~~~~~~~~~~~~~~~ 09-29
22051451;23082029k;21215790;09001700013;08071951;20011746;274;790;398;433;523;853 ~~~~~~~~~~~~~~~~~~~~~~ 09-30
23051451;24082029k;22215790;10001700013;09071951;21011746;275;744;790;437;524;853;415;619 ~~~~~~~~~~~~~~ 10-01
24051451;25082029k;23215790;11001700013;10071951;22011746;276;745;790;453;864;525;853 ~~~~~~~~~~~~~~~~~~ 10-02
25051451;26082029k;24215790;12001700013;11071951;23011746;277;746;620 ~~~~~~~~~~~~~~~~~~~~~~~~~~~~~~~~~~ 10-03
26051451;27082029k;25215790;13001700013;12071951;24011746;278;747;869;412 ~~~~~~~~~~~~~~~~~~~~~~~~~~~~~~ 10-04
27051451;28082029k;26215790;14001700013;13071951;25011746;279;748;620 ~~~~~~~~~~~~~~~~~~~~~~~~~~~~~~~~~~ 10-05
28051451;29082029k;27215790;15001700013;14071951;26011746;280;637;620 ~~~~~~~~~~~~~~~~~~~~~~~~~~~~~~~~~~ 10-06
29051451;30082029k;28215790;16001700013;15071951;27011746;281;749;380;920;620 ~~~~~~~~~~~~~~~~~~~~~~~~~~ 10-07
30051451;01092029k;29215790;17001700013;16071951;28011746;282;751;514;895 ~~~~~~~~~~~~~~~~~~~~~~~~~~~~~~ 10-08
01061451;02092029k;30215790;18001700013;17071951;29011746;283;791;415;620 ~~~~~~~~~~~~~~~~~~~~~~~~~~~~~~ 10-09
02061451;03092029k;01225790;19001700013;18071951;30011746;284;752;367 ~~~~~~~~~~~~~~~~~~~~~~~~~~~~~~~~~~ 10-10
03061451;04092029k;02225790;00011700013;19071951;01021746;285;753;368;620;848 ~~~~~~~~~~~~~~~~~~~~~~~~~~ 10-11
04061451;05092029k;03225790;01011700013;20071951;02021746;286;620 ~~~~~~~~~~~~~~~~~~~~~~~~~~~~~~~~~~~~~~ 10-12
05061451;06092029k;04225790;02011700013;21071951;03021746;287;754;918;620 ~~~~~~~~~~~~~~~~~~~~~~~~~~~~~~ 10-13
06061451;07092029k;05225790;03011700013;22071951;04021746;288;750;397;548;919 ~~~~~~~~~~~~~~~~~~~~~~~~~~ 10-14
07061451;08092029k;06225790;04011700013;23071951;05021746;289;755;885;620 ~~~~~~~~~~~~~~~~~~~~~~~~~~~~~~ 10-15
08061451;09092029k;07225790;05011700013;24071951;06021746;290;756;549;560;563 ~~~~~~~~~~~~~~~~~~~~~~~~~~ 10-16
09061451;10092029k;08225790;06011700013;25071951;07021746;291;757;620 ~~~~~~~~~~~~~~~~~~~~~~~~~~~~~~~~~~ 10-17
10061451;11092029k;09225790;07011700013;26071951;08021746;292;631;899 ~~~~~~~~~~~~~~~~~~~~~~~~~~~~~~~~~~ 10-18
11061451;12092029k;10225790;08011700013;27071951;09021746;293;431;620 ~~~~~~~~~~~~~~~~~~~~~~~~~~~~~~~~~~ 10-19
12061451;13092029k;11225790;09011700013;28071951;10021746;294;758;784 ~~~~~~~~~~~~~~~~~~~~~~~~~~~~~~~~~~ 10-20
13061451;14092029k;12225790;10011700013;29071951;11021746;295;369;422;882;922;785;620 ~~~~~~~~~~~~~~~~~~ 10-21
14061451;15092029k;13225790;11011700013;30071951;12021746;296;393;532;786 ~~~~~~~~~~~~~~~~~~~~~~~~~~~~~~ 10-22
15061451;16092029k;14225790;12011700013;01081951;13021746;297;513;787;620 ~~~~~~~~~~~~~~~~~~~~~~~~~~~~~~ 10-23
16061451;17092029k;15225790;13011700013;02081951;14021746;298;371 ~~~~~~~~~~~~~~~~~~~~~~~~~~~~~~~~~~~~~~ 10-24
17061451;18092029k;16225790;14011700013;03081951;15021746;299;412;620 ~~~~~~~~~~~~~~~~~~~~~~~~~~~~~~~~~~ 10-25
18061451;19092029k;17225790;15011700013;04081951;16021746;300;849;881 ~~~~~~~~~~~~~~~~~~~~~~~~~~~~~~~~~~ 10-26
19061451;20092029k;18225790;16011700013;05081951;17021746;301;759;866;620 ~~~~~~~~~~~~~~~~~~~~~~~~~~~~~~ 10-27
20061451;21092029k;19225790;17011700013;06081951;18021746;302;620 ~~~~~~~~~~~~~~~~~~~~~~~~~~~~~~~~~~~~~~ 10-28
21061451;22092029k;20225790;18011700013;07081951;19021746;303;620 ~~~~~~~~~~~~~~~~~~~~~~~~~~~~~~~~~~~~~~ 10-29
22061451;23092029k;21225790;19011700013;08081951;20021746;304;398;499 ~~~~~~~~~~~~~~~~~~~~~~~~~~~~~~~~~~ 10-30
23061451;24092029k;22225790;00021700013;09081951;21021746;305;620 ~~~~~~~~~~~~~~~~~~~~~~~~~~~~~~~~~~~~~~ 10-31
24061451;25092029k;23225790;01021700013;10081951;22021746;306;762;377;412 ~~~~~~~~~~~~~~~~~~~~~~~~~~~~~~ 11-01
25061451;26092029k;24225790;02021700013;11081951;23021746;307;911;415;621 ~~~~~~~~~~~~~~~~~~~~~~~~~~~~~~ 11-02
26061451;27092029k;25225790;03021700013;12081951;24021746;308;637;763;558;779;621 ~~~~~~~~~~~~~~~~~~~~~~ 11-03
27061451;28092029k;26225790;04021700013;13081951;25021746;309;780;784;785;621 ~~~~~~~~~~~~~~~~~~~~~~~~~~ 11-04
28061451;29092029k;27225790;05021700013;14081951;26021746;310;760;380;514;781;786;893 ~~~~~~~~~~~~~~~~~~ 11-05
29061451;01102029k;28225790;06021700013;15081951;27021746;311;782;787 ~~~~~~~~~~~~~~~~~~~~~~~~~~~~~~~~~~ 11-06
01071451;02102029k;29225790;07021700013;16081951;28021746;312;761;535;783;788 ~~~~~~~~~~~~~~~~~~~~~~~~~~ 11-07
02071451;03102029k;01235790;08021700013;17081951;29021746;313;764;412;621 ~~~~~~~~~~~~~~~~~~~~~~~~~~~~~~ 11-08
03071451;04102029k;02235790;09021700013;18081951;30021746;314;621 ~~~~~~~~~~~~~~~~~~~~~~~~~~~~~~~~~~~~~~ 11-09
04071451;05102029k;03235790;10021700013;19081951;01031746;315;415 ~~~~~~~~~~~~~~~~~~~~~~~~~~~~~~~~~~~~~~ 11-10
05071451;06102029k;04235790;11021700013;20081951;02031746;316;543 ~~~~~~~~~~~~~~~~~~~~~~~~~~~~~~~~~~~~~~ 11-11
06071451;07102029k;05235790;12021700013;21081951;03031746;317;397 ~~~~~~~~~~~~~~~~~~~~~~~~~~~~~~~~~~~~~~ 11-12
07071451;08102029k;06235790;13021700013;22081951;04031746;318;432;832;861;621 ~~~~~~~~~~~~~~~~~~~~~~~~~~ 11-13
08071451;09102029k;07235790;14021700013;23081951;05031746;319;621 ~~~~~~~~~~~~~~~~~~~~~~~~~~~~~~~~~~~~~~ 11-14
09071451;10102029k;08235790;15021700013;24081951;06031746;320;766;879;412;621 ~~~~~~~~~~~~~~~~~~~~~~~~~~ 11-15
10071451;11102029k;09235790;16021700013;25081951;07031746;321;547 ~~~~~~~~~~~~~~~~~~~~~~~~~~~~~~~~~~~~~~ 11-16
11071451;12102029k;10235790;17021700013;26081951;08031746;322;767;934;418;621 ~~~~~~~~~~~~~~~~~~~~~~~~~~ 11-17
12071451;13102029k;11235790;18021700013;27081951;09031746;323;765;415;621 ~~~~~~~~~~~~~~~~~~~~~~~~~~~~~~ 11-18
13071451;14102029k;12235790;19021700013;28081951;10031746;324;513;621 ~~~~~~~~~~~~~~~~~~~~~~~~~~~~~~~~~~ 11-19
14071451;15102029k;13235790;00031700013;29081951;11031746;325;394 ~~~~~~~~~~~~~~~~~~~~~~~~~~~~~~~~~~~~~~ 11-20
15071451;16102029k;14235790;01031700013;30081951;12031746;326;769;880 ~~~~~~~~~~~~~~~~~~~~~~~~~~~~~~~~~~ 11-21
16071451;17102029k;15235790;02031700013;01091951;13031746;327;440;788;621 ~~~~~~~~~~~~~~~~~~~~~~~~~~~~~~ 11-22
17071451;18102029k;16235790;03031700013;02091951;14031746;328;441;621 ~~~~~~~~~~~~~~~~~~~~~~~~~~~~~~~~~~ 11-23
18071451;19102029k;17235790;04031700013;03091951;15031746;329;770;768;621 ~~~~~~~~~~~~~~~~~~~~~~~~~~~~~~ 11-24
19071451;20102029k;18235790;05031700013;04091951;16031746;330;621 ~~~~~~~~~~~~~~~~~~~~~~~~~~~~~~~~~~~~~~ 11-25
20071451;21102029k;19235790;06031700013;05091951;17031746;331;442;832;415;621 ~~~~~~~~~~~~~~~~~~~~~~~~~~ 11-26
21071451;22102029k;20235790;07031700013;06091951;18031746;332;771 ~~~~~~~~~~~~~~~~~~~~~~~~~~~~~~~~~~~~~~ 11-27
22071451;23102029k;21235790;08031700013;07091951;19031746;333;772;398;369;876 ~~~~~~~~~~~~~~~~~~~~~~~~~~ 11-28
23071451;24102029k;22235790;09031700013;08091951;20031746;334;621 ~~~~~~~~~~~~~~~~~~~~~~~~~~~~~~~~~~~~~~ 11-29
24071451;25102029k;23235790;10031700013;09091951;21031746;335;621 ~~~~~~~~~~~~~~~~~~~~~~~~~~~~~~~~~~~~~~ 11-30
25071451;26102029k;24235790;11031700013;10091951;22031746;336;637;775;936 ~~~~~~~~~~~~~~~~~~~~~~~~~~~~~~ 12-01
26071451;27102029k;25235790;12031700013;11091951;23031746;337;370;554;589;516;622 ~~~~~~~~~~~~~~~~~~~~~~ 12-02
27071451;28102029k;26235790;13031700013;12091951;24031746;338;509;516;622 ~~~~~~~~~~~~~~~~~~~~~~~~~~~~~~ 12-03
28071451;29102029k;27235790;14031700013;13091951;25031746;339;773;514;516;415;622 ~~~~~~~~~~~~~~~~~~~~~~ 12-04
29071451;01112029k;28235790;15031700013;14091951;26031746;340;380;865;929;952;516 ~~~~~~~~~~~~~~~~~~~~~~ 12-05
30071451;02112029k;29235790;16031700013;15091951;27031746;341;516;412 ~~~~~~~~~~~~~~~~~~~~~~~~~~~~~~~~~~ 12-06
01081451;03112029k;01245790;17031700013;16091951;28031746;342;774;516;622 ~~~~~~~~~~~~~~~~~~~~~~~~~~~~~~ 12-07
02081451;04112029k;02245790;18031700013;17091951;29031746;343;776;838;516;622 ~~~~~~~~~~~~~~~~~~~~~~~~~~ 12-08
03081451;05112029k;03245790;19031700013;18091951;30031746;344;777;590;516;622 ~~~~~~~~~~~~~~~~~~~~~~~~~~ 12-09
04081451;06112029k;04245790;00041700013;19091951;01041746;345;944;622 ~~~~~~~~~~~~~~~~~~~~~~~~~~~~~~~~~~ 12-10
05081451;07112029k;05245790;01041700013;20091951;02041746;346;622 ~~~~~~~~~~~~~~~~~~~~~~~~~~~~~~~~~~~~~~ 12-11
06081451;08112029k;06245790;02041700013;21091951;03041746;347;397;415 ~~~~~~~~~~~~~~~~~~~~~~~~~~~~~~~~~~ 12-12
07081451;09112029k;07245790;03041700013;22091951;04041746;348;412 ~~~~~~~~~~~~~~~~~~~~~~~~~~~~~~~~~~~~~~ 12-13
08081451;10112029k;08245790;04041700013;23091951;05041746;349;436;418;622 ~~~~~~~~~~~~~~~~~~~~~~~~~~~~~~ 12-14
09081451;11112029k;09245790;05041700013;24091951;06041746;350;375;622 ~~~~~~~~~~~~~~~~~~~~~~~~~~~~~~~~~~ 12-15
10081451;12112029k;10245790;06041700013;25091951;07041746;351;402;513;557;890;591 ~~~~~~~~~~~~~~~~~~~~~~ 12-16
11081451;13112029k;11245790;07041700013;26091951;08041746;352;622 ~~~~~~~~~~~~~~~~~~~~~~~~~~~~~~~~~~~~~~ 12-17
12081451;14112029k;12245790;08041700013;27091951;09041746;353;622 ~~~~~~~~~~~~~~~~~~~~~~~~~~~~~~~~~~~~~~ 12-18
13081451;15112029k;13245790;09041700013;28091951;10041746;354;419 ~~~~~~~~~~~~~~~~~~~~~~~~~~~~~~~~~~~~~~ 12-19
14081451;16112029k;14245790;10041700013;29091951;11041746;355;395;371;545;887;949;466;512;412;415 ~~~~~~ 12-20
15081451;17112029k;15245790;11041700013;30091951;12041746;356;596;778;541;426;622 ~~~~~~~~~~~~~~~~~~~~~~ 12-21
16081451;18112029k;16245790;12041700013;01101951;13041746;357;399;465;622 ~~~~~~~~~~~~~~~~~~~~~~~~~~~~~~ 12-22
17081451;19112029k;17245790;13041700013;02101951;14041746;358;592 ~~~~~~~~~~~~~~~~~~~~~~~~~~~~~~~~~~~~~~ 12-23
18081451;20112029k;18245790;14041700013;03101951;15041746;359;622 ~~~~~~~~~~~~~~~~~~~~~~~~~~~~~~~~~~~~~~ 12-24
19081451;21112029k;19245790;15041700013;04101951;16041746;360;400 ~~~~~~~~~~~~~~~~~~~~~~~~~~~~~~~~~~~~~~ 12-25
20081451;22112029k;20245790;16041700013;05101951;17041746;361;814;375 ~~~~~~~~~~~~~~~~~~~~~~~~~~~~~~~~~~ 12-26
21081451;23112029k;21245790;17041700013;06101951;18041746;362;433;622 ~~~~~~~~~~~~~~~~~~~~~~~~~~~~~~~~~~ 12-27
22081451;24112029k;22245790;18041700013;07101951;19041746;363;398;400;403 ~~~~~~~~~~~~~~~~~~~~~~~~~~~~~~ 12-28
23081451;25112029k;23245790;19041700013;08101951;20041746;364;859;622 ~~~~~~~~~~~~~~~~~~~~~~~~~~~~~~~~~~ 12-29
24081451;26112029k;24245790;00051700013;09101951;21041746;365;622 ~~~~~~~~~~~~~~~~~~~~~~~~~~~~~~~~~~~~~~ 12-30
25081451;27112029k;25245790;01051700013;10101951;22041746;366;917 ~~~~~~~~~~~~~~~~~~~~~~~~~~~~~~~~~~~~~~ 12-31
