17071481;17112058F;16045819;12120600213;11101980;23041775;001;611 ~~~~~~~~~~~~~~~~~~~~~~~~~~~~~~~~~~~~~~ 01-01
18071481;18112058F;17045819;13120600213;12101980;24041775;002 ~~~~~~~~~~~~~~~~~~~~~~~~~~~~~~~~~~~~~~~~~~ 01-02
19071481;19112058F;18045819;14120600213;13101980;25041775;003;596;372;513;611 ~~~~~~~~~~~~~~~~~~~~~~~~~~ 01-03
20071481;20112058F;19045819;15120600213;14101980;26041775;004;637 ~~~~~~~~~~~~~~~~~~~~~~~~~~~~~~~~~~~~~~ 01-04
21071481;21112058F;20045819;16120600213;15101980;27041775;005;432;403;611 ~~~~~~~~~~~~~~~~~~~~~~~~~~~~~~ 01-05
22071481;22112058F;21045819;17120600213;16101980;28041775;006;398 ~~~~~~~~~~~~~~~~~~~~~~~~~~~~~~~~~~~~~~ 01-06
23071481;23112058F;22045819;18120600213;17101980;29041775;007;611 ~~~~~~~~~~~~~~~~~~~~~~~~~~~~~~~~~~~~~~ 01-07
24071481;24112058F;23045819;19120600213;18101980;30041775;008 ~~~~~~~~~~~~~~~~~~~~~~~~~~~~~~~~~~~~~~~~~~ 01-08
25071481;25112058F;24045819;00130600213;19101980;01051775;009;403;611 ~~~~~~~~~~~~~~~~~~~~~~~~~~~~~~~~~~ 01-09
26071481;26112058F;25045819;01130600213;20101980;02051775;010;917;418 ~~~~~~~~~~~~~~~~~~~~~~~~~~~~~~~~~~ 01-10
27071481;27112058F;26045819;02130600213;21101980;03051775;011;626;509;611 ~~~~~~~~~~~~~~~~~~~~~~~~~~~~~~ 01-11
28071481;28112058F;27045819;03130600213;22101980;04051775;012;627 ~~~~~~~~~~~~~~~~~~~~~~~~~~~~~~~~~~~~~~ 01-12
29071481;29112058F;28045819;04130600213;23101980;05051775;013;628;380;413;403;611 ~~~~~~~~~~~~~~~~~~~~~~ 01-13
30071481;01122058F;29045819;05130600213;24101980;06051775;014;629 ~~~~~~~~~~~~~~~~~~~~~~~~~~~~~~~~~~~~~~ 01-14
01081481;02122058F;01055819;06130600213;25101980;07051775;015;514;611 ~~~~~~~~~~~~~~~~~~~~~~~~~~~~~~~~~~ 01-15
02081481;03122058F;02055819;07130600213;26101980;08051775;016;631 ~~~~~~~~~~~~~~~~~~~~~~~~~~~~~~~~~~~~~~ 01-16
03081481;04122058F;03055819;08130600213;27101980;09051775;017;611 ~~~~~~~~~~~~~~~~~~~~~~~~~~~~~~~~~~~~~~ 01-17
04081481;05122058F;04055819;09130600213;28101980;10051775;018;630;405 ~~~~~~~~~~~~~~~~~~~~~~~~~~~~~~~~~~ 01-18
05081481;06122058F;05055819;10130600213;29101980;11051775;019;625;418;611 ~~~~~~~~~~~~~~~~~~~~~~~~~~~~~~ 01-19
06081481;07122058F;06055819;11130600213;30101980;12051775;020;492;397 ~~~~~~~~~~~~~~~~~~~~~~~~~~~~~~~~~~ 01-20
07081481;08122058F;07055819;12130600213;01111980;13051775;021;403;611 ~~~~~~~~~~~~~~~~~~~~~~~~~~~~~~~~~~ 01-21
08081481;09122058F;08055819;13130600213;02111980;14051775;022;632 ~~~~~~~~~~~~~~~~~~~~~~~~~~~~~~~~~~~~~~ 01-22
09081481;10122058F;09055819;14130600213;03111980;15051775;023;406;611 ~~~~~~~~~~~~~~~~~~~~~~~~~~~~~~~~~~ 01-23
10081481;11122058F;10055819;15130600213;04111980;16051775;024;905 ~~~~~~~~~~~~~~~~~~~~~~~~~~~~~~~~~~~~~~ 01-24
11081481;12122058F;11055819;16130600213;05111980;17051775;025;634;403;611 ~~~~~~~~~~~~~~~~~~~~~~~~~~~~~~ 01-25
12081481;13122058F;12055819;17130600213;06111980;18051775;026;635 ~~~~~~~~~~~~~~~~~~~~~~~~~~~~~~~~~~~~~~ 01-26
13081481;14122058F;13055819;18130600213;07111980;19051775;027;636;611 ~~~~~~~~~~~~~~~~~~~~~~~~~~~~~~~~~~ 01-27
14081481;15122058F;14055819;19130600213;08111980;20051775;028;381;904;512;418;580 ~~~~~~~~~~~~~~~~~~~~~~ 01-28
15081481;16122058F;15055819;00140600213;09111980;21051775;029;403;611 ~~~~~~~~~~~~~~~~~~~~~~~~~~~~~~~~~~ 01-29
16081481;17122058F;16055819;01140600213;10111980;22051775;030;513 ~~~~~~~~~~~~~~~~~~~~~~~~~~~~~~~~~~~~~~ 01-30
17081481;18122058F;17055819;02140600213;11111980;23051775;031;633;611 ~~~~~~~~~~~~~~~~~~~~~~~~~~~~~~~~~~ 01-31
18081481;19122058F;18055819;02140600213;12111980;24051775;032;637;640;916 ~~~~~~~~~~~~~~~~~~~~~~~~~~~~~~ 02-01
19081481;20122058F;19055819;03140600213;13111980;25051775;033;403;406;612 ~~~~~~~~~~~~~~~~~~~~~~~~~~~~~~ 02-02
20081481;21122058F;20055819;04140600213;14111980;26051775;034 ~~~~~~~~~~~~~~~~~~~~~~~~~~~~~~~~~~~~~~~~~~ 02-03
21081481;22122058F;21055819;05140600213;15111980;27051775;035;612 ~~~~~~~~~~~~~~~~~~~~~~~~~~~~~~~~~~~~~~ 02-04
22081481;23122058F;22055819;06140600213;16111980;28051775;036;398 ~~~~~~~~~~~~~~~~~~~~~~~~~~~~~~~~~~~~~~ 02-05
23081481;24122058F;23055819;07140600213;17111980;29051775;037;638;414;612 ~~~~~~~~~~~~~~~~~~~~~~~~~~~~~~ 02-06
24081481;25122058F;24055819;08140600213;18111980;30051775;038;639;406 ~~~~~~~~~~~~~~~~~~~~~~~~~~~~~~~~~~ 02-07
25081481;26122058F;25055819;09140600213;19111980;01061775;039;643;923;612 ~~~~~~~~~~~~~~~~~~~~~~~~~~~~~~ 02-08
26081481;27122058F;26055819;10140600213;20111980;02061775;040;554;581 ~~~~~~~~~~~~~~~~~~~~~~~~~~~~~~~~~~ 02-09
27081481;28122058F;27055819;11140600213;21111980;03061775;041;641;403;612 ~~~~~~~~~~~~~~~~~~~~~~~~~~~~~~ 02-10
28081481;29122058F;28055819;12140600213;22111980;04061775;042;443 ~~~~~~~~~~~~~~~~~~~~~~~~~~~~~~~~~~~~~~ 02-11
29081481;01012059G;29055819;13140600213;23111980;05061775;043;444;380;514;888;479;490;406;612 ~~~~~~~~~~ 02-12
01091481;02012059G;30055819;14140600213;24111980;06061775;044;642;504;566;479;490 ~~~~~~~~~~~~~~~~~~~~~~ 02-13
02091481;03012059G;01065819;15140600213;25111980;07061775;045;566;403;612 ~~~~~~~~~~~~~~~~~~~~~~~~~~~~~~ 02-14
03091481;04012059G;02065819;16140600213;26111980;08061775;046;566 ~~~~~~~~~~~~~~~~~~~~~~~~~~~~~~~~~~~~~~ 02-15
04091481;05012059G;03065819;17140600213;27111980;09061775;047;940;566;612 ~~~~~~~~~~~~~~~~~~~~~~~~~~~~~~ 02-16
05091481;06012059G;04065819;18140600213;28111980;10061775;048;450;436;854;406;505 ~~~~~~~~~~~~~~~~~~~~~~ 02-17
06091481;07012059G;05065819;19140600213;29111980;11061775;049;397;433;914;854;403;612 ~~~~~~~~~~~~~~~~~~ 02-18
07091481;08012059G;06065819;00150600213;30111980;12061775;050;536 ~~~~~~~~~~~~~~~~~~~~~~~~~~~~~~~~~~~~~~ 02-19
08091481;09012059G;07065819;01150600213;01121980;13061775;051;644;612 ~~~~~~~~~~~~~~~~~~~~~~~~~~~~~~~~~~ 02-20
09091481;10012059G;08065819;02150600213;02121980;14061775;052;645;505 ~~~~~~~~~~~~~~~~~~~~~~~~~~~~~~~~~~ 02-21
10091481;11012059G;09065819;03150600213;03121980;15061775;053;419;873;403;406;612 ~~~~~~~~~~~~~~~~~~~~~~ 02-22
11091481;12012059G;10065819;04150600213;04121980;16061775;054;855 ~~~~~~~~~~~~~~~~~~~~~~~~~~~~~~~~~~~~~~ 02-23
12091481;13012059G;11065819;05150600213;05121980;17061775;055;399;612 ~~~~~~~~~~~~~~~~~~~~~~~~~~~~~~~~~~ 02-24
13091481;14012059G;12065819;06150600213;06121980;18061775;056;646 ~~~~~~~~~~~~~~~~~~~~~~~~~~~~~~~~~~~~~~ 02-25
14091481;15012059G;13065819;07150600213;07121980;19061775;057;513;403;612 ~~~~~~~~~~~~~~~~~~~~~~~~~~~~~~ 02-26
15091481;16012059G;14065819;08150600213;08121980;20061775;058;647;648;382;857;884;519;400;406;505 ~~~~~~ 02-27
16091481;17012059G;15065819;09150600213;09121980;21061775;059;649;650;858;612 ~~~~~~~~~~~~~~~~~~~~~~~~~~ 02-28
17091481;18012059G;16065819;13150600213;10121980;22061775;061;637;505 ~~~~~~~~~~~~~~~~~~~~~~~~~~~~~~~~~~ 03-01
18091481;19012059G;17065819;14150600213;11121980;23061775;062;655;403;415;613 ~~~~~~~~~~~~~~~~~~~~~~~~~~ 03-02
19091481;20012059G;18065819;15150600213;12121980;24061775;063 ~~~~~~~~~~~~~~~~~~~~~~~~~~~~~~~~~~~~~~~~~~ 03-03
20091481;21012059G;19065819;16150600213;13121980;25061775;064;406;613 ~~~~~~~~~~~~~~~~~~~~~~~~~~~~~~~~~~ 03-04
21091481;22012059G;20065819;17150600213;14121980;26061775;065;400;505;613 ~~~~~~~~~~~~~~~~~~~~~~~~~~~~~~ 03-05
22091481;23012059G;21065819;18150600213;15121980;27061775;066;653;403;613 ~~~~~~~~~~~~~~~~~~~~~~~~~~~~~~ 03-06
23091481;24012059G;22065819;19150600213;16121980;28061775;067;654;398;505 ~~~~~~~~~~~~~~~~~~~~~~~~~~~~~~ 03-07
24091481;25012059G;23065819;00160600213;17121980;29061775;068;400;613 ~~~~~~~~~~~~~~~~~~~~~~~~~~~~~~~~~~ 03-08
25091481;26012059G;24065819;01160600213;18121980;30061775;069;406 ~~~~~~~~~~~~~~~~~~~~~~~~~~~~~~~~~~~~~~ 03-09
26091481;27012059G;25065819;02160600213;19121980;01071775;070;943;613 ~~~~~~~~~~~~~~~~~~~~~~~~~~~~~~~~~~ 03-10
27091481;28012059G;26065819;03160600213;20121980;02071775;071;508;613 ~~~~~~~~~~~~~~~~~~~~~~~~~~~~~~~~~~ 03-11
28091481;29012059G;27065819;04160600213;21121980;03071775;072;886;613 ~~~~~~~~~~~~~~~~~~~~~~~~~~~~~~~~~~ 03-12
29091481;30012059G;28065819;05160600213;22121980;04071775;073;656;380;514;505;613 ~~~~~~~~~~~~~~~~~~~~~~ 03-13
30091481;01022059G;29065819;06160600213;23121980;05071775;074;507;506;400;403;406;613 ~~~~~~~~~~~~~~~~~~ 03-14
01101481;02022059G;01075819;07160600213;24121980;06071775;075;502;613 ~~~~~~~~~~~~~~~~~~~~~~~~~~~~~~~~~~ 03-15
02101481;03022059G;02075819;08160600213;25121980;07071775;076;613 ~~~~~~~~~~~~~~~~~~~~~~~~~~~~~~~~~~~~~~ 03-16
03101481;04022059G;03075819;09160600213;26121980;08071775;077;400 ~~~~~~~~~~~~~~~~~~~~~~~~~~~~~~~~~~~~~~ 03-17
04101481;05022059G;04075819;10160600213;27121980;09071775;078;657;403;613 ~~~~~~~~~~~~~~~~~~~~~~~~~~~~~~ 03-18
05101481;06022059G;05075819;11160600213;28121980;10071775;079;401;466;406 ~~~~~~~~~~~~~~~~~~~~~~~~~~~~~~ 03-19
06101481;07022059G;06075819;12160600213;29121980;11071775;080;658;397;424;613 ~~~~~~~~~~~~~~~~~~~~~~~~~~ 03-20
07101481;08022059G;07075819;13160600213;30121980;12071775;081;459 ~~~~~~~~~~~~~~~~~~~~~~~~~~~~~~~~~~~~~~ 03-21
08101481;09022059G;08075819;14160600213;01011981;13071775;082;851;403;613 ~~~~~~~~~~~~~~~~~~~~~~~~~~~~~~ 03-22
09101481;10022059G;09075819;15160600213;02011981;14071775;083;493;613 ~~~~~~~~~~~~~~~~~~~~~~~~~~~~~~~~~~ 03-23
10101481;11022059G;10075819;16160600213;03011981;15071775;084;517;406;613 ~~~~~~~~~~~~~~~~~~~~~~~~~~~~~~ 03-24
11101481;12022059G;11075819;17160600213;04011981;16071775;085;659;513;613 ~~~~~~~~~~~~~~~~~~~~~~~~~~~~~~ 03-25
12101481;13022059G;12075819;18160600213;05011981;17071775;086;660;403;613 ~~~~~~~~~~~~~~~~~~~~~~~~~~~~~~ 03-26
13101481;14022059G;13075819;19160600213;06011981;18071775;087 ~~~~~~~~~~~~~~~~~~~~~~~~~~~~~~~~~~~~~~~~~~ 03-27
14101481;15022059G;14075819;00170600213;07011981;19071775;088;445;383;544;623;613 ~~~~~~~~~~~~~~~~~~~~~~ 03-28
15101481;16022059G;15075819;01170600213;08011981;20071775;089;446;652;598;906;515;406 ~~~~~~~~~~~~~~~~~~ 03-29
16101481;17022059G;16075819;02170600213;09011981;21071775;090;447;562;852;613 ~~~~~~~~~~~~~~~~~~~~~~~~~~ 03-30
17101481;18022059G;17075819;03170600213;10011981;22071775;091;448;562 ~~~~~~~~~~~~~~~~~~~~~~~~~~~~~~~~~~ 03-31
18101481;19022059G;18075819;04170600213;11011981;23071775;092;437;562;614 ~~~~~~~~~~~~~~~~~~~~~~~~~~~~~~ 04-01
19101481;20022059G;19075819;05170600213;12011981;24071775;093;663 ~~~~~~~~~~~~~~~~~~~~~~~~~~~~~~~~~~~~~~ 04-02
20101481;21022059G;20075819;06170600213;13011981;25071775;094;432;403;406;614 ~~~~~~~~~~~~~~~~~~~~~~~~~~ 04-03
21101481;22022059G;21075819;07170600213;14011981;26071775;095;571;614 ~~~~~~~~~~~~~~~~~~~~~~~~~~~~~~~~~~ 04-04
22101481;23022059G;22075819;08170600213;15011981;27071775;096;637;661;398;533;924;614 ~~~~~~~~~~~~~~~~~~ 04-05
23101481;24022059G;23075819;09170600213;16011981;28071775;097;662;614 ~~~~~~~~~~~~~~~~~~~~~~~~~~~~~~~~~~ 04-06
24101481;25022059G;24075819;10170600213;17011981;29071775;098;651;614 ~~~~~~~~~~~~~~~~~~~~~~~~~~~~~~~~~~ 04-07
25101481;26022059G;25075819;11170600213;18011981;30071775;099;900;651;406;614 ~~~~~~~~~~~~~~~~~~~~~~~~~~ 04-08
26101481;27022059G;26075819;12170600213;19011981;01081775;100;407;526;651;554;614 ~~~~~~~~~~~~~~~~~~~~~~ 04-09
27101481;28022059G;27075819;13170600213;20011981;02081775;101;514;651 ~~~~~~~~~~~~~~~~~~~~~~~~~~~~~~~~~~ 04-10
28101481;29022059G;28075819;14170600213;21011981;03081775;102;403;415;651;614 ~~~~~~~~~~~~~~~~~~~~~~~~~~ 04-11
29101481;01032059G;29075819;15170600213;22011981;04081775;103;380;651 ~~~~~~~~~~~~~~~~~~~~~~~~~~~~~~~~~~ 04-12
01111481;02032059G;30075819;16170600213;23011981;05081775;104;538;559;864;935;614 ~~~~~~~~~~~~~~~~~~~~~~ 04-13
02111481;03032059G;01085819;17170600213;24011981;06081775;105;614 ~~~~~~~~~~~~~~~~~~~~~~~~~~~~~~~~~~~~~~ 04-14
03111481;04032059G;02085819;18170600213;25011981;07081775;106;555;577;614 ~~~~~~~~~~~~~~~~~~~~~~~~~~~~~~ 04-15
04111481;05032059G;03085819;19170600213;26011981;08081775;107;614 ~~~~~~~~~~~~~~~~~~~~~~~~~~~~~~~~~~~~~~ 04-16
05111481;06032059G;04085819;00000700213;27011981;09081775;108;631;664;528;614 ~~~~~~~~~~~~~~~~~~~~~~~~~~ 04-17
06111481;07032059G;05085819;01000700213;28011981;10081775;109;596;665;945;529;614 ~~~~~~~~~~~~~~~~~~~~~~ 04-18
07111481;08032059G;06085819;02000700213;29011981;11081775;110;666;397;403;415;614 ~~~~~~~~~~~~~~~~~~~~~~ 04-19
08111481;09032059G;07085819;03000700213;30011981;12081775;111;614 ~~~~~~~~~~~~~~~~~~~~~~~~~~~~~~~~~~~~~~ 04-20
09111481;10032059G;08085819;04000700213;01021981;13081775;112;794;576;838;933;614 ~~~~~~~~~~~~~~~~~~~~~~ 04-21
10111481;11032059G;09085819;05000700213;02021981;14081775;113;513 ~~~~~~~~~~~~~~~~~~~~~~~~~~~~~~~~~~~~~~ 04-22
11111481;12032059G;10085819;06000700213;03021981;15081775;114;877;403;614 ~~~~~~~~~~~~~~~~~~~~~~~~~~~~~~ 04-23
12111481;13032059G;11085819;07000700213;04021981;16081775;115;667;614 ~~~~~~~~~~~~~~~~~~~~~~~~~~~~~~~~~~ 04-24
13111481;14032059G;12085819;08000700213;05021981;17081775;116;671;614 ~~~~~~~~~~~~~~~~~~~~~~~~~~~~~~~~~~ 04-25
14111481;15032059G;13085819;09000700213;06021981;18081775;117;668 ~~~~~~~~~~~~~~~~~~~~~~~~~~~~~~~~~~~~~~ 04-26
15111481;16032059G;14085819;10000700213;07021981;19081775;118;669;384;539;575;614 ~~~~~~~~~~~~~~~~~~~~~~ 04-27
16111481;17032059G;15085819;11000700213;08021981;20081775;119 ~~~~~~~~~~~~~~~~~~~~~~~~~~~~~~~~~~~~~~~~~~ 04-28
17111481;18032059G;16085819;12000700213;09021981;21081775;120;614 ~~~~~~~~~~~~~~~~~~~~~~~~~~~~~~~~~~~~~~ 04-29
18111481;19032059G;17085819;13000700213;10021981;22081775;121;670 ~~~~~~~~~~~~~~~~~~~~~~~~~~~~~~~~~~~~~~ 04-30
19111481;20032059G;18085819;14000700213;11021981;23081775;122;677;518;403;615 ~~~~~~~~~~~~~~~~~~~~~~~~~~ 05-01
20111481;21032059G;19085819;15000700213;12021981;24081775;123;679 ~~~~~~~~~~~~~~~~~~~~~~~~~~~~~~~~~~~~~~ 05-02
21111481;22032059G;20085819;16000700213;13021981;25081775;124;637;672;615 ~~~~~~~~~~~~~~~~~~~~~~~~~~~~~~ 05-03
22111481;23032059G;21085819;17000700213;14021981;26081775;125;673;398 ~~~~~~~~~~~~~~~~~~~~~~~~~~~~~~~~~~ 05-04
23111481;24032059G;22085819;18000700213;15021981;27081775;126;674;403;415;615 ~~~~~~~~~~~~~~~~~~~~~~~~~~ 05-05
24111481;25032059G;23085819;19000700213;16021981;28081775;127;675 ~~~~~~~~~~~~~~~~~~~~~~~~~~~~~~~~~~~~~~ 05-06
25111481;26032059G;24085819;00010700213;17021981;29081775;128;676;615 ~~~~~~~~~~~~~~~~~~~~~~~~~~~~~~~~~~ 05-07
26111481;27032059G;25085819;01010700213;18021981;30081775;129;494;514;939 ~~~~~~~~~~~~~~~~~~~~~~~~~~~~~~ 05-08
27111481;28032059G;26085819;02010700213;19021981;01091775;130;678;403;615 ~~~~~~~~~~~~~~~~~~~~~~~~~~~~~~ 05-09
28111481;29032059G;27085819;03010700213;20021981;02091775;131;681;680 ~~~~~~~~~~~~~~~~~~~~~~~~~~~~~~~~~~ 05-10
29111481;30032059G;28085819;04010700213;21021981;03091775;132;451;380;953;624;615 ~~~~~~~~~~~~~~~~~~~~~~ 05-11
30111481;01042059G;29085819;05010700213;22021981;04091775;133;682;930;624 ~~~~~~~~~~~~~~~~~~~~~~~~~~~~~~ 05-12
01121481;02042059G;01095819;06010700213;23021981;05091775;134;624;403;615 ~~~~~~~~~~~~~~~~~~~~~~~~~~~~~~ 05-13
02121481;03042059G;02095819;07010700213;24021981;06091775;135;683;510;902;624 ~~~~~~~~~~~~~~~~~~~~~~~~~~ 05-14
03121481;04042059G;03095819;08010700213;25021981;07091775;136;797;624;615 ~~~~~~~~~~~~~~~~~~~~~~~~~~~~~~ 05-15
04121481;05042059G;04095819;09010700213;26021981;08091775;137;686;830;573;624 ~~~~~~~~~~~~~~~~~~~~~~~~~~ 05-16
05121481;06042059G;05095819;10010700213;27021981;09091775;138;687;433;568;573;624;615 ~~~~~~~~~~~~~~~~~~ 05-17
06121481;07042059G;06095819;11010700213;28021981;10091775;139;449;684;553;522;568;573 ~~~~~~~~~~~~~~~~~~ 05-18
07121481;08042059G;07095819;12010700213;29021981;11091775;140;789;397;615 ~~~~~~~~~~~~~~~~~~~~~~~~~~~~~~ 05-19
08121481;09042059G;08095819;13010700213;30021981;12091775;141;513;927 ~~~~~~~~~~~~~~~~~~~~~~~~~~~~~~~~~~ 05-20
09121481;10042059G;09095819;14010700213;31021981;13091775;142;685;501;403;415;615 ~~~~~~~~~~~~~~~~~~~~~~ 05-21
10121481;11042059G;10095819;15010700213;01031981;14091775;143;500 ~~~~~~~~~~~~~~~~~~~~~~~~~~~~~~~~~~~~~~ 05-22
11121481;12042059G;11095819;16010700213;02031981;15091775;144;689;798;831;889;500;615 ~~~~~~~~~~~~~~~~~~ 05-23
12121481;13042059G;12095819;17010700213;03031981;16091775;145;439;821 ~~~~~~~~~~~~~~~~~~~~~~~~~~~~~~~~~~ 05-24
13121481;14042059G;13095819;18010700213;04031981;17091775;146;439;894;500;615 ~~~~~~~~~~~~~~~~~~~~~~~~~~ 05-25
14121481;15042059G;14095819;19010700213;05031981;18091775;147;438;500 ~~~~~~~~~~~~~~~~~~~~~~~~~~~~~~~~~~ 05-26
15121481;16042059G;15095819;00020700213;06031981;19091775;148;385;537;540;937;947;615 ~~~~~~~~~~~~~~~~~~ 05-27
16121481;17042059G;16095819;01020700213;07031981;20091775;149;688;892 ~~~~~~~~~~~~~~~~~~~~~~~~~~~~~~~~~~ 05-28
17121481;18042059G;17095819;02020700213;08031981;21091775;150;374;403;415;615 ~~~~~~~~~~~~~~~~~~~~~~~~~~ 05-29
18121481;19042059G;18095819;03020700213;09031981;22091775;151;841 ~~~~~~~~~~~~~~~~~~~~~~~~~~~~~~~~~~~~~~ 05-30
19121481;20042059G;19095819;04020700213;10031981;23091775;152;615 ~~~~~~~~~~~~~~~~~~~~~~~~~~~~~~~~~~~~~~ 05-31
20121481;21042059G;20095819;05020700213;11031981;24091775;153;690 ~~~~~~~~~~~~~~~~~~~~~~~~~~~~~~~~~~~~~~ 06-01
21121481;22042059G;21095819;06020700213;12031981;25091775;154;694;398;514;835;403;616 ~~~~~~~~~~~~~~~~~~ 06-02
22121481;23042059G;22095819;07020700213;13031981;26091775;155;616 ~~~~~~~~~~~~~~~~~~~~~~~~~~~~~~~~~~~~~~ 06-03
23121481;24042059G;23095819;08020700213;14031981;27091775;156;691;616 ~~~~~~~~~~~~~~~~~~~~~~~~~~~~~~~~~~ 06-04
24121481;25042059G;24095819;09020700213;15031981;28091775;157;842 ~~~~~~~~~~~~~~~~~~~~~~~~~~~~~~~~~~~~~~ 06-05
25121481;26042059G;25095819;10020700213;16031981;29091775;158;692;530;415;616 ~~~~~~~~~~~~~~~~~~~~~~~~~~ 06-06
26121481;27042059G;26095819;11020700213;17031981;30091775;159;637;693 ~~~~~~~~~~~~~~~~~~~~~~~~~~~~~~~~~~ 06-07
27121481;28042059G;27095819;12020700213;18031981;01101775;160;695;616 ~~~~~~~~~~~~~~~~~~~~~~~~~~~~~~~~~~ 06-08
28121481;29042059G;28095819;13020700213;19031981;02101775;161;380;942;616 ~~~~~~~~~~~~~~~~~~~~~~~~~~~~~~ 06-09
29121481;01052059G;29095819;14020700213;20031981;03101775;162;696;921;403;616 ~~~~~~~~~~~~~~~~~~~~~~~~~~ 06-10
01011482;02052059G;30095819;15020700213;21031981;04101775;163;495;569 ~~~~~~~~~~~~~~~~~~~~~~~~~~~~~~~~~~ 06-11
02011482;03052059G;01105819;16020700213;22031981;05101775;164;569;616 ~~~~~~~~~~~~~~~~~~~~~~~~~~~~~~~~~~ 06-12
03011482;04052059G;02105819;17020700213;23031981;06101775;165;699;616 ~~~~~~~~~~~~~~~~~~~~~~~~~~~~~~~~~~ 06-13
04011482;05052059G;03105819;18020700213;24031981;07101775;166;697;799;436;564;403;616 ~~~~~~~~~~~~~~~~~~ 06-14
05011482;06052059G;04105819;19020700213;25031981;08101775;167;452;452;616 ~~~~~~~~~~~~~~~~~~~~~~~~~~~~~~ 06-15
06011482;07052059G;05105819;00030700213;26031981;09101775;168;616 ~~~~~~~~~~~~~~~~~~~~~~~~~~~~~~~~~~~~~~ 06-16
07011482;08052059G;06105819;01030700213;27031981;10101775;169;397;513 ~~~~~~~~~~~~~~~~~~~~~~~~~~~~~~~~~~ 06-17
08011482;09052059G;07105819;02030700213;28031981;11101775;170;403;616 ~~~~~~~~~~~~~~~~~~~~~~~~~~~~~~~~~~ 06-18
09011482;10052059G;08105819;03030700213;29031981;12101775;171;698;833;496 ~~~~~~~~~~~~~~~~~~~~~~~~~~~~~~ 06-19
10011482;11052059G;09105819;04030700213;30031981;13101775;172;701;552;460;498;700;616 ~~~~~~~~~~~~~~~~~~ 06-20
11011482;12052059G;10105819;05030700213;31031981;14101775;173;420;896;425 ~~~~~~~~~~~~~~~~~~~~~~~~~~~~~~ 06-21
12011482;13052059G;11105819;06030700213;01041981;15101775;174;461;403;415;616 ~~~~~~~~~~~~~~~~~~~~~~~~~~ 06-22
13011482;14052059G;12105819;07030700213;02041981;16101775;175;616 ~~~~~~~~~~~~~~~~~~~~~~~~~~~~~~~~~~~~~~ 06-23
14011482;15052059G;13105819;08030700213;03041981;17101775;176;616 ~~~~~~~~~~~~~~~~~~~~~~~~~~~~~~~~~~~~~~ 06-24
15011482;16052059G;14105819;09030700213;04041981;18101775;177;704;386;874;941;496 ~~~~~~~~~~~~~~~~~~~~~~ 06-25
16011482;17052059G;15105819;10030700213;05041981;19101775;178;616 ~~~~~~~~~~~~~~~~~~~~~~~~~~~~~~~~~~~~~~ 06-26
17011482;18052059G;16105819;11030700213;06041981;20101775;179;703;399;616 ~~~~~~~~~~~~~~~~~~~~~~~~~~~~~~ 06-27
18011482;19052059G;17105819;12030700213;07041981;21101775;180;702;616 ~~~~~~~~~~~~~~~~~~~~~~~~~~~~~~~~~~ 06-28
19011482;20052059G;18105819;13030700213;08041981;22101775;181;795;514;616 ~~~~~~~~~~~~~~~~~~~~~~~~~~~~~~ 06-29
20011482;21052059G;19105819;14030700213;09041981;23101775;182;432;403;415;616 ~~~~~~~~~~~~~~~~~~~~~~~~~~ 06-30
21011482;22052059G;20105819;15030700213;10041981;24101775;183 ~~~~~~~~~~~~~~~~~~~~~~~~~~~~~~~~~~~~~~~~~~ 07-01
22011482;23052059G;21105819;16030700213;11041981;25101775;184;398;617 ~~~~~~~~~~~~~~~~~~~~~~~~~~~~~~~~~~ 07-02
23011482;24052059G;22105819;17030700213;12041981;26101775;185;400;617 ~~~~~~~~~~~~~~~~~~~~~~~~~~~~~~~~~~ 07-03
24011482;25052059G;23105819;18030700213;13041981;27101775;186;565;403;617 ~~~~~~~~~~~~~~~~~~~~~~~~~~~~~~ 07-04
25011482;26052059G;24105819;19030700213;14041981;28101775;187;637;705;840;946;565;496 ~~~~~~~~~~~~~~~~~~ 07-05
26011482;27052059G;25105819;00040700213;15041981;29101775;188;373;400;617 ~~~~~~~~~~~~~~~~~~~~~~~~~~~~~~ 07-06
27011482;28052059G;26105819;01040700213;16041981;30101775;189;416;617 ~~~~~~~~~~~~~~~~~~~~~~~~~~~~~~~~~~ 07-07
28011482;29052059G;27105819;02040700213;17041981;01111775;190;403;617 ~~~~~~~~~~~~~~~~~~~~~~~~~~~~~~~~~~ 07-08
29011482;30052059G;28105819;03040700213;18041981;02111775;191;380;400;617 ~~~~~~~~~~~~~~~~~~~~~~~~~~~~~~ 07-09
30011482;01062059G;29105819;04040700213;19041981;03111775;192;497;617 ~~~~~~~~~~~~~~~~~~~~~~~~~~~~~~~~~~ 07-10
01021482;02062059G;01115819;05040700213;20041981;04111775;193;870;617 ~~~~~~~~~~~~~~~~~~~~~~~~~~~~~~~~~~ 07-11
02021482;03062059G;02115819;06040700213;21041981;05111775;194;706;400;403;617 ~~~~~~~~~~~~~~~~~~~~~~~~~~ 07-12
03021482;04062059G;03115819;07040700213;22041981;06111775;195 ~~~~~~~~~~~~~~~~~~~~~~~~~~~~~~~~~~~~~~~~~~ 07-13
04021482;05062059G;04115819;08040700213;23041981;07111775;196;707;513;617 ~~~~~~~~~~~~~~~~~~~~~~~~~~~~~~ 07-14
05021482;06062059G;05115819;09040700213;24041981;08111775;197;617 ~~~~~~~~~~~~~~~~~~~~~~~~~~~~~~~~~~~~~~ 07-15
06021482;07062059G;06115819;10040700213;25041981;09111775;198;711;617 ~~~~~~~~~~~~~~~~~~~~~~~~~~~~~~~~~~ 07-16
07021482;08062059G;07115819;11040700213;26041981;10111775;199;631;397 ~~~~~~~~~~~~~~~~~~~~~~~~~~~~~~~~~~ 07-17
08021482;09062059G;08115819;12040700213;27041981;11111775;200;400;617 ~~~~~~~~~~~~~~~~~~~~~~~~~~~~~~~~~~ 07-18
09021482;10062059G;09115819;13040700213;28041981;12111775;201;708 ~~~~~~~~~~~~~~~~~~~~~~~~~~~~~~~~~~~~~~ 07-19
10021482;11062059G;10115819;14040700213;29041981;13111775;202;709;403;617 ~~~~~~~~~~~~~~~~~~~~~~~~~~~~~~ 07-20
11021482;12062059G;11115819;15040700213;30041981;14111775;203;710;546;421 ~~~~~~~~~~~~~~~~~~~~~~~~~~~~~~ 07-21
12021482;13062059G;12115819;16040700213;31041981;15111775;204;401;617 ~~~~~~~~~~~~~~~~~~~~~~~~~~~~~~~~~~ 07-22
13021482;14062059G;13115819;17040700213;01051981;16111775;205;375 ~~~~~~~~~~~~~~~~~~~~~~~~~~~~~~~~~~~~~~ 07-23
14021482;15062059G;14115819;18040700213;02051981;17111775;206;712;387;403;617 ~~~~~~~~~~~~~~~~~~~~~~~~~~ 07-24
15021482;16062059G;15115819;19040700213;03051981;18111775;207;716;531;561 ~~~~~~~~~~~~~~~~~~~~~~~~~~~~~~ 07-25
16021482;17062059G;16115819;00050700213;04051981;19111775;208;713;514;617 ~~~~~~~~~~~~~~~~~~~~~~~~~~~~~~ 07-26
17021482;18062059G;17115819;01050700213;05051981;20111775;209;714;617 ~~~~~~~~~~~~~~~~~~~~~~~~~~~~~~~~~~ 07-27
18021482;19062059G;18115819;02050700213;06051981;21111775;210;617 ~~~~~~~~~~~~~~~~~~~~~~~~~~~~~~~~~~~~~~ 07-28
19021482;20062059G;19115819;03050700213;07051981;22111775;211 ~~~~~~~~~~~~~~~~~~~~~~~~~~~~~~~~~~~~~~~~~~ 07-29
20021482;21062059G;20115819;04050700213;08051981;23111775;212;844;617 ~~~~~~~~~~~~~~~~~~~~~~~~~~~~~~~~~~ 07-30
21021482;22062059G;21115819;05050700213;09051981;24111775;213;715;398;437 ~~~~~~~~~~~~~~~~~~~~~~~~~~~~~~ 07-31
22021482;23062059G;22115819;06050700213;10051981;25111775;214;719;403;618 ~~~~~~~~~~~~~~~~~~~~~~~~~~~~~~ 08-01
23021482;24062059G;23115819;07050700213;11051981;26111775;215;637;720 ~~~~~~~~~~~~~~~~~~~~~~~~~~~~~~~~~~ 08-02
24021482;25062059G;24115819;08050700213;12051981;27111775;216;717;618 ~~~~~~~~~~~~~~~~~~~~~~~~~~~~~~~~~~ 08-03
25021482;26062059G;25115819;09050700213;13051981;28111775;217;868;878 ~~~~~~~~~~~~~~~~~~~~~~~~~~~~~~~~~~ 08-04
26021482;27062059G;26115819;10050700213;14051981;29111775;218;718;403;618 ~~~~~~~~~~~~~~~~~~~~~~~~~~~~~~ 08-05
27021482;28062059G;27115819;11050700213;15051981;30111775;219 ~~~~~~~~~~~~~~~~~~~~~~~~~~~~~~~~~~~~~~~~~~ 08-06
28021482;29062059G;28115819;12050700213;16051981;01121775;220;618 ~~~~~~~~~~~~~~~~~~~~~~~~~~~~~~~~~~~~~~ 08-07
29021482;01072059G;29115819;13050700213;17051981;02121775;221;380 ~~~~~~~~~~~~~~~~~~~~~~~~~~~~~~~~~~~~~~ 08-08
01031482;02072059G;30115819;14050700213;18051981;03121775;222;723;403;618 ~~~~~~~~~~~~~~~~~~~~~~~~~~~~~~ 08-09
02031482;03072059G;01125819;15050700213;19051981;04121775;223;721;421 ~~~~~~~~~~~~~~~~~~~~~~~~~~~~~~~~~~ 08-10
03031482;04072059G;02125819;16050700213;20051981;05121775;224;513;579;618 ~~~~~~~~~~~~~~~~~~~~~~~~~~~~~~ 08-11
04031482;05072059G;03125819;17050700213;21051981;06121775;225 ~~~~~~~~~~~~~~~~~~~~~~~~~~~~~~~~~~~~~~~~~~ 08-12
05031482;06072059G;04125819;18050700213;22051981;07121775;226;722;433;891;618 ~~~~~~~~~~~~~~~~~~~~~~~~~~ 08-13
06031482;07072059G;05125819;19050700213;23051981;08121775;227;572;375 ~~~~~~~~~~~~~~~~~~~~~~~~~~~~~~~~~~ 08-14
07031482;08072059G;06125819;00060700213;24051981;09121775;228;618 ~~~~~~~~~~~~~~~~~~~~~~~~~~~~~~~~~~~~~~ 08-15
08031482;09072059G;07125819;01060700213;25051981;10121775;229;724;397 ~~~~~~~~~~~~~~~~~~~~~~~~~~~~~~~~~~ 08-16
09031482;10072059G;08125819;02060700213;26051981;11121775;230;403;618 ~~~~~~~~~~~~~~~~~~~~~~~~~~~~~~~~~~ 08-17
10031482;11072059G;09125819;03060700213;27051981;12121775;231 ~~~~~~~~~~~~~~~~~~~~~~~~~~~~~~~~~~~~~~~~~~ 08-18
11031482;12072059G;10125819;04060700213;28051981;13121775;232;926;843;618 ~~~~~~~~~~~~~~~~~~~~~~~~~~~~~~ 08-19
12031482;13072059G;11125819;05060700213;29051981;14121775;233;511;421 ~~~~~~~~~~~~~~~~~~~~~~~~~~~~~~~~~~ 08-20
13031482;14072059G;12125819;06060700213;30051981;15121775;234;567;403;618 ~~~~~~~~~~~~~~~~~~~~~~~~~~~~~~ 08-21
14031482;15072059G;13125819;07060700213;31051981;16121775;235;427;897;938;567 ~~~~~~~~~~~~~~~~~~~~~~~~~~ 08-22
15031482;16072059G;14125819;08060700213;01061981;17121775;236;388;556;909;910;925;618 ~~~~~~~~~~~~~~~~~~ 08-23
16031482;17072059G;15125819;09060700213;02061981;18121775;237;428;514 ~~~~~~~~~~~~~~~~~~~~~~~~~~~~~~~~~~ 08-24
17031482;18072059G;16125819;10060700213;03061981;19121775;238;796;875;511;403;843;618 ~~~~~~~~~~~~~~~~~~ 08-25
18031482;19072059G;17125819;11060700213;04061981;20121775;239;594 ~~~~~~~~~~~~~~~~~~~~~~~~~~~~~~~~~~~~~~ 08-26
19031482;20072059G;18125819;12060700213;05061981;21121775;240;595;618 ~~~~~~~~~~~~~~~~~~~~~~~~~~~~~~~~~~ 08-27
20031482;21072059G;19125819;13060700213;06061981;22121775;241 ~~~~~~~~~~~~~~~~~~~~~~~~~~~~~~~~~~~~~~~~~~ 08-28
21031482;22072059G;20125819;14060700213;07061981;23121775;242;596;398;816;843;618 ~~~~~~~~~~~~~~~~~~~~~~ 08-29
22031482;23072059G;21125819;15060700213;08061981;24121775;243;429;725;883;421 ~~~~~~~~~~~~~~~~~~~~~~~~~~ 08-30
23031482;24072059G;22125819;16060700213;09061981;25121775;244;430;725;618 ~~~~~~~~~~~~~~~~~~~~~~~~~~~~~~ 08-31
24031482;25072059G;23125819;17060700213;10061981;26121775;245;434 ~~~~~~~~~~~~~~~~~~~~~~~~~~~~~~~~~~~~~~ 09-01
25031482;26072059G;24125819;18060700213;11061981;27121775;246;435;503;403;619 ~~~~~~~~~~~~~~~~~~~~~~~~~~ 09-02
26031482;27072059G;25125819;19060700213;12061981;28121775;247;619 ~~~~~~~~~~~~~~~~~~~~~~~~~~~~~~~~~~~~~~ 09-03
27031482;28072059G;26125819;00070700213;13061981;29121775;248;619 ~~~~~~~~~~~~~~~~~~~~~~~~~~~~~~~~~~~~~~ 09-04
28031482;29072059G;27125819;01070700213;14061981;30121775;249;727;619 ~~~~~~~~~~~~~~~~~~~~~~~~~~~~~~~~~~ 09-05
29031482;30072059G;28125819;02070700213;15061981;01131775;250;637;728;380;403;619 ~~~~~~~~~~~~~~~~~~~~~~ 09-06
30031482;01082059G;29125819;03070700213;16061981;02131775;251;455;845;513;521 ~~~~~~~~~~~~~~~~~~~~~~~~~~ 09-07
01041482;02082059G;01215820;04070700213;17061981;03131775;252;729;846;521;619 ~~~~~~~~~~~~~~~~~~~~~~~~~~ 09-08
02041482;03082059G;02215820;05070700213;18061981;04131775;253;521;421 ~~~~~~~~~~~~~~~~~~~~~~~~~~~~~~~~~~ 09-09
03041482;04082059G;03215820;06070700213;19061981;05131775;254;597;619 ~~~~~~~~~~~~~~~~~~~~~~~~~~~~~~~~~~ 09-10
04041482;05082059G;04215820;07070700213;20061981;06131775;255;730;550 ~~~~~~~~~~~~~~~~~~~~~~~~~~~~~~~~~~ 09-11
05041482;06082059G;05215820;08070700213;21061981;01011776;256;847;915;619 ~~~~~~~~~~~~~~~~~~~~~~~~~~~~~~ 09-12
06041482;07082059G;06215820;09070700213;22061981;02011776;257;726 ~~~~~~~~~~~~~~~~~~~~~~~~~~~~~~~~~~~~~~ 09-13
07041482;08082059G;07215820;10070700213;23061981;03011776;258;397;467;619 ~~~~~~~~~~~~~~~~~~~~~~~~~~~~~~ 09-14
08041482;09082059G;08215820;11070700213;24061981;04011776;259;411;908 ~~~~~~~~~~~~~~~~~~~~~~~~~~~~~~~~~~ 09-15
09041482;10082059G;09215820;12070700213;25061981;05011776;260;732;619 ~~~~~~~~~~~~~~~~~~~~~~~~~~~~~~~~~~ 09-16
10041482;11082059G;10215820;13070700213;26061981;06011776;261;527;848 ~~~~~~~~~~~~~~~~~~~~~~~~~~~~~~~~~~ 09-17
11041482;12082059G;11215820;14070700213;27061981;07011776;262;733;903;403;619 ~~~~~~~~~~~~~~~~~~~~~~~~~~ 09-18
12041482;13082059G;12215820;15070700213;28061981;08011776;263;734;408;421 ~~~~~~~~~~~~~~~~~~~~~~~~~~~~~~ 09-19
13041482;14082059G;13215820;16070700213;29061981;09011776;264;735;520;551;619 ~~~~~~~~~~~~~~~~~~~~~~~~~~ 09-20
14041482;15082059G;14215820;17070700213;30061981;10011776;265;731;389;390;417;514;534;570;848 ~~~~~~~~~~ 09-21
15041482;16082059G;15215820;18070700213;31061981;11011776;266;736;907;462;523;403;619 ~~~~~~~~~~~~~~~~~~ 09-22
16041482;17082059G;16215820;19070700213;01071981;12011776;267;737;423;523;619;848 ~~~~~~~~~~~~~~~~~~~~~~ 09-23
17041482;18082059G;17215820;00080700213;02071981;13011776;268;742;463;523;619 ~~~~~~~~~~~~~~~~~~~~~~~~~~ 09-24
18041482;19082059G;18215820;01080700213;03071981;14011776;269;741;523;409 ~~~~~~~~~~~~~~~~~~~~~~~~~~~~~~ 09-25
19041482;20082059G;19215820;02080700213;04071981;15011776;270;738;432;523;403;619 ~~~~~~~~~~~~~~~~~~~~~~ 09-26
20041482;21082059G;20215820;03080700213;05071981;16011776;271;739;743;523 ~~~~~~~~~~~~~~~~~~~~~~~~~~~~~~ 09-27
21041482;22082059G;21215820;04080700213;06071981;17011776;272;740;398;523;619 ~~~~~~~~~~~~~~~~~~~~~~~~~~ 09-28
22041482;23082059G;22215820;05080700213;07071981;18011776;273;524;412;848 ~~~~~~~~~~~~~~~~~~~~~~~~~~~~~~ 09-29
23041482;24082059G;23215820;06080700213;08071981;19011776;274;525;853;619 ~~~~~~~~~~~~~~~~~~~~~~~~~~~~~~ 09-30
24041482;25082059G;24215820;07080700213;09071981;20011776;275;746;790;853;409;848 ~~~~~~~~~~~~~~~~~~~~~~ 10-01
25041482;26082059G;25215820;08080700213;10071981;21011776;276;747;790;824;869;853;620 ~~~~~~~~~~~~~~~~~~ 10-02
26041482;27082059G;26215820;09080700213;11071981;22011776;277;748;790;379;620;848 ~~~~~~~~~~~~~~~~~~~~~~ 10-03
27041482;28082059G;27215820;10080700213;12071981;23011776;278;637;790;513;620 ~~~~~~~~~~~~~~~~~~~~~~~~~~ 10-04
28041482;29082059G;28215820;11080700213;13071981;24011776;279;749;790;620;848 ~~~~~~~~~~~~~~~~~~~~~~~~~~ 10-05
29041482;01092059G;29215820;12080700213;14071981;25011776;280;744;790;380;920;412;620 ~~~~~~~~~~~~~~~~~~ 10-06
01051482;02092059G;30215820;13080700213;15071981;26011776;281;745;790;895;409;620 ~~~~~~~~~~~~~~~~~~~~~~ 10-07
02051482;03092059G;01225820;14080700213;16071981;27011776;282;752;836;620 ~~~~~~~~~~~~~~~~~~~~~~~~~~~~~~ 10-08
03051482;04092059G;02225820;15080700213;17071981;28011776;283;753;421;620 ~~~~~~~~~~~~~~~~~~~~~~~~~~~~~~ 10-09
04051482;05092059G;03225820;16080700213;18071981;29011776;284;436;620 ~~~~~~~~~~~~~~~~~~~~~~~~~~~~~~~~~~ 10-10
05051482;06092059G;04225820;17080700213;19071981;30011776;285;754;367;620;848 ~~~~~~~~~~~~~~~~~~~~~~~~~~ 10-11
06051482;07092059G;05225820;18080700213;20071981;01021776;286;750;368;403;620 ~~~~~~~~~~~~~~~~~~~~~~~~~~ 10-12
07051482;08092059G;06225820;19080700213;21071981;02021776;287;751;918;409;412 ~~~~~~~~~~~~~~~~~~~~~~~~~~ 10-13
08051482;09092059G;07225820;00090700213;22071981;03021776;288;791;397;548;919;563;620 ~~~~~~~~~~~~~~~~~~ 10-14
09051482;10092059G;08225820;01090700213;23071981;04021776;289;757;885;620 ~~~~~~~~~~~~~~~~~~~~~~~~~~~~~~ 10-15
10051482;11092059G;09225820;02090700213;24071981;05021776;290;631;549;560;403;620 ~~~~~~~~~~~~~~~~~~~~~~ 10-16
11051482;12092059G;10225820;03090700213;25071981;06021776;291;899 ~~~~~~~~~~~~~~~~~~~~~~~~~~~~~~~~~~~~~~ 10-17
12051482;13092059G;11225820;04090700213;26071981;07021776;292;758;418;620 ~~~~~~~~~~~~~~~~~~~~~~~~~~~~~~ 10-18
13051482;14092059G;12225820;05090700213;27071981;08021776;293;514;375;409;421 ~~~~~~~~~~~~~~~~~~~~~~~~~~ 10-19
14051482;15092059G;13225820;06090700213;28071981;09021776;294;755;393;825;882;922;784;412;620 ~~~~~~~~~~ 10-20
15051482;16092059G;14225820;07090700213;29071981;10021776;295;756;532;785 ~~~~~~~~~~~~~~~~~~~~~~~~~~~~~~ 10-21
16051482;17092059G;15225820;08090700213;30071981;11021776;296;369;399;786;620 ~~~~~~~~~~~~~~~~~~~~~~~~~~ 10-22
17051482;18092059G;16225820;09090700213;01081981;12021776;297;787;620 ~~~~~~~~~~~~~~~~~~~~~~~~~~~~~~~~~~ 10-23
18051482;19092059G;17225820;10090700213;02081981;13021776;298;881;403;620 ~~~~~~~~~~~~~~~~~~~~~~~~~~~~~~ 10-24
19051482;20092059G;18225820;11090700213;03081981;14021776;299;759;371;409;620 ~~~~~~~~~~~~~~~~~~~~~~~~~~ 10-25
20051482;21092059G;19225820;12090700213;04081981;15021776;300;620 ~~~~~~~~~~~~~~~~~~~~~~~~~~~~~~~~~~~~~~ 10-26
21051482;22092059G;20225820;13090700213;05081981;16021776;301;398;431;499 ~~~~~~~~~~~~~~~~~~~~~~~~~~~~~~ 10-27
22051482;23092059G;21225820;14090700213;06081981;17021776;302;400;403;620 ~~~~~~~~~~~~~~~~~~~~~~~~~~~~~~ 10-28
23051482;24092059G;22225820;15090700213;07081981;18021776;303;376 ~~~~~~~~~~~~~~~~~~~~~~~~~~~~~~~~~~~~~~ 10-29
24051482;25092059G;23225820;16090700213;08081981;19021776;304;620 ~~~~~~~~~~~~~~~~~~~~~~~~~~~~~~~~~~~~~~ 10-30
25051482;26092059G;24225820;17090700213;09081981;20021776;305;596;849;911;409 ~~~~~~~~~~~~~~~~~~~~~~~~~~ 10-31
26051482;27092059G;25225820;18090700213;10081981;21021776;306;637;763;513;558;621 ~~~~~~~~~~~~~~~~~~~~~~ 11-01
27051482;28092059G;26225820;19090700213;11081981;22021776;307;779;784 ~~~~~~~~~~~~~~~~~~~~~~~~~~~~~~~~~~ 11-02
28051482;29092059G;27225820;00100700213;12081981;23021776;308;760;780;785;400;412;621 ~~~~~~~~~~~~~~~~~~ 11-03
29051482;30092059G;28225820;01100700213;13081981;24021776;309;781;786;893 ~~~~~~~~~~~~~~~~~~~~~~~~~~~~~~ 11-04
30051482;01102059G;29225820;02100700213;14081981;25021776;310;761;380;932;950;621 ~~~~~~~~~~~~~~~~~~~~~~ 11-05
01061482;02102059G;01235820;03100700213;15081981;26021776;311;762;782;787;400 ~~~~~~~~~~~~~~~~~~~~~~~~~~ 11-06
02061482;03102059G;02235820;04100700213;16081981;27021776;312;535;783;788;621 ~~~~~~~~~~~~~~~~~~~~~~~~~~ 11-07
03061482;04102059G;03235820;05100700213;17081981;28021776;313;421 ~~~~~~~~~~~~~~~~~~~~~~~~~~~~~~~~~~~~~~ 11-08
04061482;05102059G;04235820;06100700213;18081981;29021776;314;433;400;403;621 ~~~~~~~~~~~~~~~~~~~~~~~~~~ 11-09
05061482;06102059G;05235820;07100700213;19081981;30021776;315;412 ~~~~~~~~~~~~~~~~~~~~~~~~~~~~~~~~~~~~~~ 11-10
06061482;07102059G;06235820;08100700213;20081981;01031776;316;543;621 ~~~~~~~~~~~~~~~~~~~~~~~~~~~~~~~~~~ 11-11
07061482;08102059G;07235820;09100700213;21081981;02031776;317;397;401;409 ~~~~~~~~~~~~~~~~~~~~~~~~~~~~~~ 11-12
08061482;09102059G;08235820;10100700213;22081981;03031776;318;764;621 ~~~~~~~~~~~~~~~~~~~~~~~~~~~~~~~~~~ 11-13
09061482;10102059G;09235820;11100700213;23081981;04031776;319;418 ~~~~~~~~~~~~~~~~~~~~~~~~~~~~~~~~~~~~~~ 11-14
10061482;11102059G;10235820;12100700213;24081981;05031776;320;767;547;824;879;621 ~~~~~~~~~~~~~~~~~~~~~~ 11-15
11061482;12102059G;11235820;13100700213;25081981;06031776;321;765;554;934 ~~~~~~~~~~~~~~~~~~~~~~~~~~~~~~ 11-16
12061482;13102059G;12235820;14100700213;26081981;07031776;322;514;403;412;621 ~~~~~~~~~~~~~~~~~~~~~~~~~~ 11-17
13061482;14102059G;13235820;15100700213;27081981;08031776;323;457;409;421 ~~~~~~~~~~~~~~~~~~~~~~~~~~~~~~ 11-18
14061482;15102059G;14235820;16100700213;28081981;09031776;324;394;437;540;880;947;621 ~~~~~~~~~~~~~~~~~~ 11-19
15061482;16102059G;15235820;17100700213;29081981;10031776;325;766 ~~~~~~~~~~~~~~~~~~~~~~~~~~~~~~~~~~~~~~ 11-20
16061482;17102059G;16235820;18100700213;30081981;11031776;326;403;621 ~~~~~~~~~~~~~~~~~~~~~~~~~~~~~~~~~~ 11-21
17061482;18102059G;17235820;19100700213;01091981;12031776;327;768;861;788 ~~~~~~~~~~~~~~~~~~~~~~~~~~~~~~ 11-22
18061482;19102059G;18235820;00110700213;02091981;13031776;328;418;621 ~~~~~~~~~~~~~~~~~~~~~~~~~~~~~~~~~~ 11-23
19061482;20102059G;19235820;01110700213;03091981;14031776;329;864;409;412 ~~~~~~~~~~~~~~~~~~~~~~~~~~~~~~ 11-24
20061482;21102059G;20235820;02110700213;04091981;15031776;330;621 ~~~~~~~~~~~~~~~~~~~~~~~~~~~~~~~~~~~~~~ 11-25
21061482;22102059G;21235820;03110700213;05091981;16031776;331;769;398;876 ~~~~~~~~~~~~~~~~~~~~~~~~~~~~~~ 11-26
22061482;23102059G;22235820;04110700213;06091981;17031776;332;440;832;621 ~~~~~~~~~~~~~~~~~~~~~~~~~~~~~~ 11-27
23061482;24102059G;23235820;05110700213;07091981;18031776;333;441;513;421 ~~~~~~~~~~~~~~~~~~~~~~~~~~~~~~ 11-28
24061482;25102059G;24235820;06110700213;08091981;19031776;334;770;369;403;621 ~~~~~~~~~~~~~~~~~~~~~~~~~~ 11-29
25061482;26102059G;25235820;07110700213;09091981;20031776;335;936;589;516;409 ~~~~~~~~~~~~~~~~~~~~~~~~~~ 11-30
26061482;27102059G;26235820;08110700213;10091981;21031776;336;442;516;622 ~~~~~~~~~~~~~~~~~~~~~~~~~~~~~~ 12-01
27061482;28102059G;27235820;09110700213;11091981;22031776;337;771;773;516 ~~~~~~~~~~~~~~~~~~~~~~~~~~~~~~ 12-02
28061482;29102059G;28235820;10110700213;12091981;23031776;338;772;370;422;516;403;622 ~~~~~~~~~~~~~~~~~~ 12-03
29061482;30102059G;29235820;11110700213;13091981;24031776;339;380;516 ~~~~~~~~~~~~~~~~~~~~~~~~~~~~~~~~~~ 12-04
01071482;01112059G;01245820;12110700213;14091981;25031776;340;774;516;622 ~~~~~~~~~~~~~~~~~~~~~~~~~~~~~~ 12-05
02071482;02112059G;02245820;13110700213;15091981;26031776;341;637;775;516 ~~~~~~~~~~~~~~~~~~~~~~~~~~~~~~ 12-06
03071482;03112059G;03245820;14110700213;16091981;27031776;342;590;516;403;622 ~~~~~~~~~~~~~~~~~~~~~~~~~~ 12-07
04071482;04112059G;04245820;15110700213;17091981;28031776;343;412 ~~~~~~~~~~~~~~~~~~~~~~~~~~~~~~~~~~~~~~ 12-08
05071482;05112059G;05245820;16110700213;18091981;29031776;344;453;944;622 ~~~~~~~~~~~~~~~~~~~~~~~~~~~~~~ 12-09
06071482;06112059G;06245820;17110700213;19091981;30031776;345 ~~~~~~~~~~~~~~~~~~~~~~~~~~~~~~~~~~~~~~~~~~ 12-10
07071482;07112059G;07245820;18110700213;20091981;01041776;346;397;403;622 ~~~~~~~~~~~~~~~~~~~~~~~~~~~~~~ 12-11
08071482;08112059G;08245820;19110700213;21091981;02041776;347;409 ~~~~~~~~~~~~~~~~~~~~~~~~~~~~~~~~~~~~~~ 12-12
09071482;09112059G;09245820;00120700213;22091981;03041776;348;776;622 ~~~~~~~~~~~~~~~~~~~~~~~~~~~~~~~~~~ 12-13
10071482;10112059G;10245820;01120700213;23091981;04041776;349;777;514;591 ~~~~~~~~~~~~~~~~~~~~~~~~~~~~~~ 12-14
11071482;11112059G;11245820;02120700213;24091981;05041776;350;557;890;403;622 ~~~~~~~~~~~~~~~~~~~~~~~~~~ 12-15
12071482;12112059G;12245820;03120700213;25091981;06041776;351 ~~~~~~~~~~~~~~~~~~~~~~~~~~~~~~~~~~~~~~~~~~ 12-16
13071482;13112059G;13245820;04120700213;26091981;07041776;352;622 ~~~~~~~~~~~~~~~~~~~~~~~~~~~~~~~~~~~~~~ 12-17
14071482;14112059G;14245820;05120700213;27091981;08041776;353;395;545 ~~~~~~~~~~~~~~~~~~~~~~~~~~~~~~~~~~ 12-18
15071482;15112059G;15245820;06120700213;28091981;09041776;354;778;887;403;622 ~~~~~~~~~~~~~~~~~~~~~~~~~~ 12-19
16071482;16112059G;16245820;07120700213;29091981;10041776;355;371;418 ~~~~~~~~~~~~~~~~~~~~~~~~~~~~~~~~~~ 12-20
17071482;17112059G;17245820;08120700213;30091981;11041776;356;592;466;622 ~~~~~~~~~~~~~~~~~~~~~~~~~~~~~~ 12-21
18071482;18112059G;18245820;09120700213;01101981;12041776;357;426;412 ~~~~~~~~~~~~~~~~~~~~~~~~~~~~~~~~~~ 12-22
19071482;19112059G;19245820;10120700213;02101981;13041776;358;432;465;622 ~~~~~~~~~~~~~~~~~~~~~~~~~~~~~~ 12-23
20071482;20112059G;20245820;11120700213;03101981;14041776;359;409 ~~~~~~~~~~~~~~~~~~~~~~~~~~~~~~~~~~~~~~ 12-24
21071482;21112059G;21245820;12120700213;04101981;15041776;360;622 ~~~~~~~~~~~~~~~~~~~~~~~~~~~~~~~~~~~~~~ 12-25
22071482;22112059G;22245820;13120700213;05101981;16041776;361;596;398;513 ~~~~~~~~~~~~~~~~~~~~~~~~~~~~~~ 12-26
23071482;23112059G;23245820;14120700213;06101981;17041776;362;622 ~~~~~~~~~~~~~~~~~~~~~~~~~~~~~~~~~~~~~~ 12-27
24071482;24112059G;24245820;15120700213;07101981;18041776;363 ~~~~~~~~~~~~~~~~~~~~~~~~~~~~~~~~~~~~~~~~~~ 12-28
25071482;25112059G;25245820;16120700213;08101981;19041776;364;418;622 ~~~~~~~~~~~~~~~~~~~~~~~~~~~~~~~~~~ 12-29
26071482;26112059G;26245820;17120700213;09101981;20041776;365;917 ~~~~~~~~~~~~~~~~~~~~~~~~~~~~~~~~~~~~~~ 12-30
27071482;27112059G;27245820;18120700213;10101981;21041776;366;509;622 ~~~~~~~~~~~~~~~~~~~~~~~~~~~~~~~~~~ 12-31
