06021500;07122076X;06045837;07170400313;11101998;23041793;001;397;611 ~~~~~~~~~~~~~~~~~~~~~~~~~~~~~~~~~~ 01-01
07021500;08122076X;07045837;08170400313;12101998;24041793;002;637 ~~~~~~~~~~~~~~~~~~~~~~~~~~~~~~~~~~~~~~ 01-02
08021500;09122076X;08045837;09170400313;13101998;25041793;003;611 ~~~~~~~~~~~~~~~~~~~~~~~~~~~~~~~~~~~~~~ 01-03
09021500;10122076X;09045837;10170400313;14101998;26041793;004;372;376 ~~~~~~~~~~~~~~~~~~~~~~~~~~~~~~~~~~ 01-04
10021500;11122076X;10045837;11170400313;15101998;27041793;005;437;905;611 ~~~~~~~~~~~~~~~~~~~~~~~~~~~~~~ 01-05
11021500;12122076X;11045837;12170400313;16101998;28041793;006;859 ~~~~~~~~~~~~~~~~~~~~~~~~~~~~~~~~~~~~~~ 01-06
12021500;13122076X;12045837;13170400313;17101998;29041793;007;611 ~~~~~~~~~~~~~~~~~~~~~~~~~~~~~~~~~~~~~~ 01-07
13021500;14122076X;13045837;14170400313;18101998;30041793;008;381;835 ~~~~~~~~~~~~~~~~~~~~~~~~~~~~~~~~~~ 01-08
14021500;15122076X;14045837;15170400313;19101998;01051793;009;626;904;611 ~~~~~~~~~~~~~~~~~~~~~~~~~~~~~~ 01-09
15021500;16122076X;15045837;16170400313;20101998;02051793;010;627 ~~~~~~~~~~~~~~~~~~~~~~~~~~~~~~~~~~~~~~ 01-10
16021500;17122076X;16045837;17170400313;21101998;03051793;011;628;406;611 ~~~~~~~~~~~~~~~~~~~~~~~~~~~~~~ 01-11
17021500;18122076X;17045837;18170400313;22101998;04051793;012;629;916 ~~~~~~~~~~~~~~~~~~~~~~~~~~~~~~~~~~ 01-12
18021500;19122076X;18045837;19170400313;23101998;05051793;013;513;611 ~~~~~~~~~~~~~~~~~~~~~~~~~~~~~~~~~~ 01-13
19021500;20122076X;19045837;00000500313;24101998;06051793;014;453 ~~~~~~~~~~~~~~~~~~~~~~~~~~~~~~~~~~~~~~ 01-14
20021500;21122076X;20045837;01000500313;25101998;07051793;015;596;823;844;611 ~~~~~~~~~~~~~~~~~~~~~~~~~~ 01-15
21021500;22122076X;21045837;02000500313;26101998;08051793;016;630;406 ~~~~~~~~~~~~~~~~~~~~~~~~~~~~~~~~~~ 01-16
22021500;23122076X;22045837;03000500313;27101998;09051793;017;625;398;611 ~~~~~~~~~~~~~~~~~~~~~~~~~~~~~~ 01-17
23021500;24122076X;23045837;04000500313;28101998;10051793;018;492 ~~~~~~~~~~~~~~~~~~~~~~~~~~~~~~~~~~~~~~ 01-18
24021500;25122076X;24045837;05000500313;29101998;11051793;019;611 ~~~~~~~~~~~~~~~~~~~~~~~~~~~~~~~~~~~~~~ 01-19
25021500;26122076X;25045837;06000500313;30101998;12051793;020;923 ~~~~~~~~~~~~~~~~~~~~~~~~~~~~~~~~~~~~~~ 01-20
26021500;27122076X;26045837;07000500313;01111998;13051793;021;631;611 ~~~~~~~~~~~~~~~~~~~~~~~~~~~~~~~~~~ 01-21
27021500;28122076X;27045837;08000500313;02111998;14051793;022 ~~~~~~~~~~~~~~~~~~~~~~~~~~~~~~~~~~~~~~~~~~ 01-22
28021500;29122076X;28045837;09000500313;03111998;15051793;023;611 ~~~~~~~~~~~~~~~~~~~~~~~~~~~~~~~~~~~~~~ 01-23
29021500;01012077Y;29045837;10000500313;04111998;16051793;024;380;888;479;490 ~~~~~~~~~~~~~~~~~~~~~~~~~~ 01-24
01031500;02012077Y;01055837;11000500313;05111998;17051793;025;636;514;566;479;490;611 ~~~~~~~~~~~~~~~~~~ 01-25
02031500;03012077Y;02055837;12000500313;06111998;18051793;026;824;566;406;580 ~~~~~~~~~~~~~~~~~~~~~~~~~~ 01-26
03031500;04012077Y;03055837;13000500313;07111998;19051793;027;632;432;566;611 ~~~~~~~~~~~~~~~~~~~~~~~~~~ 01-27
04031500;05012077Y;04055837;14000500313;08111998;20051793;028;940;566 ~~~~~~~~~~~~~~~~~~~~~~~~~~~~~~~~~~ 01-28
05031500;06012077Y;05055837;15000500313;09111998;21051793;029;633;611 ~~~~~~~~~~~~~~~~~~~~~~~~~~~~~~~~~~ 01-29
06031500;07012077Y;06055837;16000500313;10111998;22051793;030;634;397;914 ~~~~~~~~~~~~~~~~~~~~~~~~~~~~~~ 01-30
07031500;08012077Y;07055837;17000500313;11111998;23051793;031;635;536;611 ~~~~~~~~~~~~~~~~~~~~~~~~~~~~~~ 01-31
08031500;09012077Y;08055837;17000500313;12111998;24051793;032 ~~~~~~~~~~~~~~~~~~~~~~~~~~~~~~~~~~~~~~~~~~ 02-01
09031500;10012077Y;09055837;18000500313;13111998;25051793;033;612 ~~~~~~~~~~~~~~~~~~~~~~~~~~~~~~~~~~~~~~ 02-02
10031500;11012077Y;10055837;19000500313;14111998;26051793;034;873 ~~~~~~~~~~~~~~~~~~~~~~~~~~~~~~~~~~~~~~ 02-03
11031500;12012077Y;11055837;00010500313;15111998;27051793;035;638;612 ~~~~~~~~~~~~~~~~~~~~~~~~~~~~~~~~~~ 02-04
12031500;13012077Y;12055837;01010500313;16111998;28051793;036;639;511;406 ~~~~~~~~~~~~~~~~~~~~~~~~~~~~~~ 02-05
13031500;14012077Y;13055837;02010500313;17111998;29051793;037;637;640;612 ~~~~~~~~~~~~~~~~~~~~~~~~~~~~~~ 02-06
14031500;15012077Y;14055837;03010500313;18111998;30051793;038;382;884 ~~~~~~~~~~~~~~~~~~~~~~~~~~~~~~~~~~ 02-07
15031500;16012077Y;15055837;04010500313;19111998;01061793;039;641;612 ~~~~~~~~~~~~~~~~~~~~~~~~~~~~~~~~~~ 02-08
16031500;17012077Y;16055837;05010500313;20111998;02061793;040 ~~~~~~~~~~~~~~~~~~~~~~~~~~~~~~~~~~~~~~~~~~ 02-09
17031500;18012077Y;17055837;06010500313;21111998;03061793;041;513;511;612 ~~~~~~~~~~~~~~~~~~~~~~~~~~~~~~ 02-10
18031500;19012077Y;18055837;07010500313;22111998;04061793;042;642 ~~~~~~~~~~~~~~~~~~~~~~~~~~~~~~~~~~~~~~ 02-11
19031500;20012077Y;19055837;08010500313;23111998;05061793;043;612 ~~~~~~~~~~~~~~~~~~~~~~~~~~~~~~~~~~~~~~ 02-12
20031500;21012077Y;20055837;09010500313;24111998;06061793;044;643;864 ~~~~~~~~~~~~~~~~~~~~~~~~~~~~~~~~~~ 02-13
21031500;22012077Y;21055837;10010500313;25111998;07061793;045;581;612 ~~~~~~~~~~~~~~~~~~~~~~~~~~~~~~~~~~ 02-14
22031500;23012077Y;22055837;11010500313;26111998;08061793;046;450;398 ~~~~~~~~~~~~~~~~~~~~~~~~~~~~~~~~~~ 02-15
23031500;24012077Y;23055837;12010500313;27111998;09061793;047;612 ~~~~~~~~~~~~~~~~~~~~~~~~~~~~~~~~~~~~~~ 02-16
24031500;25012077Y;24055837;13010500313;28111998;10061793;048;854 ~~~~~~~~~~~~~~~~~~~~~~~~~~~~~~~~~~~~~~ 02-17
25031500;26012077Y;25055837;14010500313;29111998;11061793;049;644;854;612 ~~~~~~~~~~~~~~~~~~~~~~~~~~~~~~ 02-18
26031500;27012077Y;26055837;15010500313;30111998;12061793;050;645;943 ~~~~~~~~~~~~~~~~~~~~~~~~~~~~~~~~~~ 02-19
27031500;28012077Y;27055837;16010500313;01121998;13061793;051;406;612 ~~~~~~~~~~~~~~~~~~~~~~~~~~~~~~~~~~ 02-20
28031500;29012077Y;28055837;17010500313;02121998;14061793;052;886 ~~~~~~~~~~~~~~~~~~~~~~~~~~~~~~~~~~~~~~ 02-21
29031500;30012077Y;29055837;18010500313;03121998;15061793;053;380;928;612 ~~~~~~~~~~~~~~~~~~~~~~~~~~~~~~ 02-22
30031500;01022077Y;30055837;19010500313;04121998;16061793;054;443;646;514 ~~~~~~~~~~~~~~~~~~~~~~~~~~~~~~ 02-23
01041500;02022077Y;01065837;00020500313;05121998;17061793;055;444;418;612 ~~~~~~~~~~~~~~~~~~~~~~~~~~~~~~ 02-24
02041500;03022077Y;02065837;01020500313;06121998;18061793;056;647;648;860;406 ~~~~~~~~~~~~~~~~~~~~~~~~~~ 02-25
03041500;04022077Y;03065837;02020500313;07121998;19061793;057;649;612 ~~~~~~~~~~~~~~~~~~~~~~~~~~~~~~~~~~ 02-26
04041500;05022077Y;04065837;03020500313;08121998;20061793;058;408 ~~~~~~~~~~~~~~~~~~~~~~~~~~~~~~~~~~~~~~ 02-27
05041500;06022077Y;05065837;04020500313;09121998;21061793;059;650;612 ~~~~~~~~~~~~~~~~~~~~~~~~~~~~~~~~~~ 02-28
06041500;07022077Y;06065837;08020500313;10121998;22061793;061;397 ~~~~~~~~~~~~~~~~~~~~~~~~~~~~~~~~~~~~~~ 03-01
07041500;08022077Y;07065837;09020500313;11121998;23061793;062;406;613 ~~~~~~~~~~~~~~~~~~~~~~~~~~~~~~~~~~ 03-02
08041500;09022077Y;08065837;10020500313;12121998;24061793;063 ~~~~~~~~~~~~~~~~~~~~~~~~~~~~~~~~~~~~~~~~~~ 03-03
09041500;10022077Y;09065837;11020500313;13121998;25061793;064;653;613 ~~~~~~~~~~~~~~~~~~~~~~~~~~~~~~~~~~ 03-04
10041500;11022077Y;10065837;12020500313;14121998;26061793;065;654;517;613 ~~~~~~~~~~~~~~~~~~~~~~~~~~~~~~ 03-05
11041500;12022077Y;11065837;13020500313;15121998;27061793;066;637;613 ~~~~~~~~~~~~~~~~~~~~~~~~~~~~~~~~~~ 03-06
12041500;13022077Y;12065837;14020500313;16121998;28061793;067;655;406;613 ~~~~~~~~~~~~~~~~~~~~~~~~~~~~~~ 03-07
13041500;14022077Y;13065837;15020500313;17121998;29061793;068;613 ~~~~~~~~~~~~~~~~~~~~~~~~~~~~~~~~~~~~~~ 03-08
14041500;15022077Y;14065837;16020500313;18121998;30061793;069;383;513;544;623;906;519;613 ~~~~~~~~~~~~~~ 03-09
15041500;16022077Y;15065837;17020500313;19121998;01071793;070;598;613 ~~~~~~~~~~~~~~~~~~~~~~~~~~~~~~~~~~ 03-10
16041500;17022077Y;16065837;18020500313;20121998;02071793;071;656;562;820;409;613 ~~~~~~~~~~~~~~~~~~~~~~ 03-11
17041500;18022077Y;17065837;19020500313;21121998;03071793;072;433;562;406;613 ~~~~~~~~~~~~~~~~~~~~~~~~~~ 03-12
18041500;19022077Y;18065837;00030500313;22121998;04071793;073;562;613 ~~~~~~~~~~~~~~~~~~~~~~~~~~~~~~~~~~ 03-13
19041500;20022077Y;19065837;01030500313;23121998;05071793;074;418;613 ~~~~~~~~~~~~~~~~~~~~~~~~~~~~~~~~~~ 03-14
20041500;21022077Y;20065837;02030500313;24121998;06071793;075 ~~~~~~~~~~~~~~~~~~~~~~~~~~~~~~~~~~~~~~~~~~ 03-15
21041500;22022077Y;21065837;03030500313;25121998;07071793;076;657;613 ~~~~~~~~~~~~~~~~~~~~~~~~~~~~~~~~~~ 03-16
22041500;23022077Y;22065837;04030500313;26121998;08071793;077;398;533;924;406;613 ~~~~~~~~~~~~~~~~~~~~~~ 03-17
23041500;24022077Y;23065837;05030500313;27121998;09071793;078;658;436;613 ~~~~~~~~~~~~~~~~~~~~~~~~~~~~~~ 03-18
24041500;25022077Y;24065837;06030500313;28121998;10071793;079;466;613 ~~~~~~~~~~~~~~~~~~~~~~~~~~~~~~~~~~ 03-19
25041500;26022077Y;25065837;07030500313;29121998;11071793;080;900;424;613 ~~~~~~~~~~~~~~~~~~~~~~~~~~~~~~ 03-20
26041500;27022077Y;26065837;08030500313;30121998;12071793;081;554;459 ~~~~~~~~~~~~~~~~~~~~~~~~~~~~~~~~~~ 03-21
27041500;28022077Y;27065837;09030500313;01011999;13071793;082;851;406;613 ~~~~~~~~~~~~~~~~~~~~~~~~~~~~~~ 03-22
28041500;29022077Y;28065837;10030500313;02011999;14071793;083;659;514;418;613 ~~~~~~~~~~~~~~~~~~~~~~~~~~ 03-23
29041500;01032077Y;29065837;11030500313;03011999;15071793;084;380;613 ~~~~~~~~~~~~~~~~~~~~~~~~~~~~~~~~~~ 03-24
01051500;02032077Y;01075837;12030500313;04011999;16071793;085;538;559;935 ~~~~~~~~~~~~~~~~~~~~~~~~~~~~~~ 03-25
02051500;03032077Y;02075837;13030500313;05011999;17071793;086;399;555;577;613 ~~~~~~~~~~~~~~~~~~~~~~~~~~ 03-26
03051500;04032077Y;03075837;14030500313;06011999;18071793;087 ~~~~~~~~~~~~~~~~~~~~~~~~~~~~~~~~~~~~~~~~~~ 03-27
04051500;05032077Y;04075837;15030500313;07011999;19071793;088;613 ~~~~~~~~~~~~~~~~~~~~~~~~~~~~~~~~~~~~~~ 03-28
05051500;06032077Y;05075837;16030500313;08011999;20071793;089;652;945;400;409;613 ~~~~~~~~~~~~~~~~~~~~~~ 03-29
06051500;07032077Y;06075837;17030500313;09011999;21071793;090;852;613 ~~~~~~~~~~~~~~~~~~~~~~~~~~~~~~~~~~ 03-30
07051500;08032077Y;07075837;18030500313;10011999;22071793;091;660;397 ~~~~~~~~~~~~~~~~~~~~~~~~~~~~~~~~~~ 03-31
08051500;09032077Y;08075837;19030500313;11011999;23071793;092;576;933;406;418;614 ~~~~~~~~~~~~~~~~~~~~~~ 04-01
09051500;10032077Y;09075837;00040500313;12011999;24071793;093 ~~~~~~~~~~~~~~~~~~~~~~~~~~~~~~~~~~~~~~~~~~ 04-02
10051500;11032077Y;10075837;01040500313;13011999;25071793;094;637;661;419;614 ~~~~~~~~~~~~~~~~~~~~~~~~~~ 04-03
11051500;12032077Y;11075837;02040500313;14011999;26071793;095;493;662;877;571;400;409;614 ~~~~~~~~~~~~~~ 04-04
12051500;13032077Y;12075837;03040500313;15011999;27071793;096;513;651;614 ~~~~~~~~~~~~~~~~~~~~~~~~~~~~~~ 04-05
13051500;14032077Y;13075837;04040500313;16011999;28071793;097;651 ~~~~~~~~~~~~~~~~~~~~~~~~~~~~~~~~~~~~~~ 04-06
14051500;15032077Y;14075837;05040500313;17011999;29071793;098;663;400;651;614 ~~~~~~~~~~~~~~~~~~~~~~~~~~ 04-07
15051500;16032077Y;15075837;06040500313;18011999;30071793;099;384;539;575;651;515;614 ~~~~~~~~~~~~~~~~~~ 04-08
16051500;17032077Y;16075837;07040500313;19011999;01081793;100;445;651;614 ~~~~~~~~~~~~~~~~~~~~~~~~~~~~~~ 04-09
17051500;18032077Y;17075837;08040500313;20011999;02081793;101;446;409;651 ~~~~~~~~~~~~~~~~~~~~~~~~~~~~~~ 04-10
18051500;19032077Y;18075837;09040500313;21011999;03081793;102;447;406;614 ~~~~~~~~~~~~~~~~~~~~~~~~~~~~~~ 04-11
19051500;20032077Y;19075837;10040500313;22011999;04081793;103;448 ~~~~~~~~~~~~~~~~~~~~~~~~~~~~~~~~~~~~~~ 04-12
20051500;21032077Y;20075837;11040500313;23011999;05081793;104;400;614 ~~~~~~~~~~~~~~~~~~~~~~~~~~~~~~~~~~ 04-13
21051500;22032077Y;21075837;12040500313;24011999;06081793;105;614 ~~~~~~~~~~~~~~~~~~~~~~~~~~~~~~~~~~~~~~ 04-14
22051500;23032077Y;22075837;13040500313;25011999;07081793;106;631;664;398;614 ~~~~~~~~~~~~~~~~~~~~~~~~~~ 04-15
23051500;24032077Y;23075837;14040500313;26011999;08081793;107;665;400;406;409 ~~~~~~~~~~~~~~~~~~~~~~~~~~ 04-16
24051500;25032077Y;24075837;15040500313;27011999;09081793;108;666;614 ~~~~~~~~~~~~~~~~~~~~~~~~~~~~~~~~~~ 04-17
25051500;26032077Y;25075837;16040500313;28011999;10081793;109;401;614 ~~~~~~~~~~~~~~~~~~~~~~~~~~~~~~~~~~ 04-18
26051500;27032077Y;26075837;17040500313;29011999;11081793;110;794;411;526;939;614 ~~~~~~~~~~~~~~~~~~~~~~ 04-19
27051500;28032077Y;27075837;18040500313;30011999;12081793;111 ~~~~~~~~~~~~~~~~~~~~~~~~~~~~~~~~~~~~~~~~~~ 04-20
28051500;29032077Y;28075837;19040500313;01021999;13081793;112;514;406;614 ~~~~~~~~~~~~~~~~~~~~~~~~~~~~~~ 04-21
29051500;30032077Y;29075837;00050500313;02021999;14081793;113;667;380;409 ~~~~~~~~~~~~~~~~~~~~~~~~~~~~~~ 04-22
30051500;01042077Y;30075837;01050500313;03021999;15081793;114;614 ~~~~~~~~~~~~~~~~~~~~~~~~~~~~~~~~~~~~~~ 04-23
01061500;02042077Y;01085837;02050500313;04021999;16081793;115;668;902;614 ~~~~~~~~~~~~~~~~~~~~~~~~~~~~~~ 04-24
02061500;03042077Y;02085837;03050500313;05021999;17081793;116;669;432;510;614 ~~~~~~~~~~~~~~~~~~~~~~~~~~ 04-25
03061500;04042077Y;03085837;04050500313;06021999;18081793;117;414;412 ~~~~~~~~~~~~~~~~~~~~~~~~~~~~~~~~~~ 04-26
04061500;05042077Y;04085837;05050500313;07021999;19081793;118;528;614 ~~~~~~~~~~~~~~~~~~~~~~~~~~~~~~~~~~ 04-27
05061500;06042077Y;05085837;06050500313;08021999;20081793;119;670;529;409 ~~~~~~~~~~~~~~~~~~~~~~~~~~~~~~ 04-28
06061500;07042077Y;06085837;07050500313;09021999;21081793;120;397;457;553;614 ~~~~~~~~~~~~~~~~~~~~~~~~~~ 04-29
07061500;08042077Y;07085837;08050500313;10021999;22081793;121;671 ~~~~~~~~~~~~~~~~~~~~~~~~~~~~~~~~~~~~~~ 04-30
08061500;09042077Y;08085837;09050500313;11021999;23081793;122;637;672;927;615 ~~~~~~~~~~~~~~~~~~~~~~~~~~ 05-01
09061500;10042077Y;09085837;10050500313;12021999;24081793;123;673;437 ~~~~~~~~~~~~~~~~~~~~~~~~~~~~~~~~~~ 05-02
10061500;11042077Y;10085837;11050500313;13021999;25081793;124;674;513;889;412;615 ~~~~~~~~~~~~~~~~~~~~~~ 05-03
11061500;12042077Y;11085837;12050500313;14021999;26081793;125;675;409;415 ~~~~~~~~~~~~~~~~~~~~~~~~~~~~~~ 05-04
12061500;13042077Y;12085837;13050500313;15021999;27081793;126;676;615 ~~~~~~~~~~~~~~~~~~~~~~~~~~~~~~~~~~ 05-05
13061500;14042077Y;13085837;14050500313;16021999;28081793;127;677;894;406 ~~~~~~~~~~~~~~~~~~~~~~~~~~~~~~ 05-06
14061500;15042077Y;14085837;15050500313;17021999;29081793;128;679;678;385;615 ~~~~~~~~~~~~~~~~~~~~~~~~~~ 05-07
15061500;16042077Y;15085837;16050500313;18021999;30081793;129;681;680;537;937 ~~~~~~~~~~~~~~~~~~~~~~~~~~ 05-08
16061500;17042077Y;16085837;17050500313;19021999;01091793;130;451;892;615 ~~~~~~~~~~~~~~~~~~~~~~~~~~~~~~ 05-09
17061500;18042077Y;17085837;18050500313;20021999;02091793;131;682;409;412 ~~~~~~~~~~~~~~~~~~~~~~~~~~~~~~ 05-10
18061500;19042077Y;18085837;19050500313;21021999;03091793;132;518;406;615 ~~~~~~~~~~~~~~~~~~~~~~~~~~~~~~ 05-11
19061500;20042077Y;19085837;00060500313;22021999;04091793;133;683;415 ~~~~~~~~~~~~~~~~~~~~~~~~~~~~~~~~~~ 05-12
20061500;21042077Y;20085837;01060500313;23021999;05091793;134;615 ~~~~~~~~~~~~~~~~~~~~~~~~~~~~~~~~~~~~~~ 05-13
21061500;22042077Y;21085837;02060500313;24021999;06091793;135 ~~~~~~~~~~~~~~~~~~~~~~~~~~~~~~~~~~~~~~~~~~ 05-14
22061500;23042077Y;22085837;03060500313;25021999;07091793;136;687;398;568;615 ~~~~~~~~~~~~~~~~~~~~~~~~~~ 05-15
23061500;24042077Y;23085837;04060500313;26021999;08091793;137;684;568;624;409 ~~~~~~~~~~~~~~~~~~~~~~~~~~ 05-16
24061500;25042077Y;24085837;05060500313;27021999;09091793;138;624;412;615 ~~~~~~~~~~~~~~~~~~~~~~~~~~~~~~ 05-17
25061500;26042077Y;25085837;06060500313;28021999;10091793;139;514;530;624 ~~~~~~~~~~~~~~~~~~~~~~~~~~~~~~ 05-18
26061500;27042077Y;26085837;07060500313;29021999;11091793;140;685;818;624;615 ~~~~~~~~~~~~~~~~~~~~~~~~~~ 05-19
27061500;28042077Y;27085837;08060500313;30021999;12091793;141;494;797;624 ~~~~~~~~~~~~~~~~~~~~~~~~~~~~~~ 05-20
28061500;29042077Y;28085837;09060500313;31021999;13091793;142;686;380;942;573;624;406;615 ~~~~~~~~~~~~~~ 05-21
29061500;01242077Y;29085837;10060500313;01031999;14091793;143;921;930;953;573;624 ~~~~~~~~~~~~~~~~~~~~~~ 05-22
01071500;02242077Y;01095837;11060500313;02031999;15091793;144;798;829;573;615 ~~~~~~~~~~~~~~~~~~~~~~~~~~ 05-23
02071500;03242077Y;02095837;12060500313;03031999;16091793;145;789 ~~~~~~~~~~~~~~~~~~~~~~~~~~~~~~~~~~~~~~ 05-24
03071500;04242077Y;03095837;13060500313;04031999;17091793;146;615 ~~~~~~~~~~~~~~~~~~~~~~~~~~~~~~~~~~~~~~ 05-25
04071500;05242077Y;04095837;14060500313;05031999;18091793;147;688 ~~~~~~~~~~~~~~~~~~~~~~~~~~~~~~~~~~~~~~ 05-26
05071500;06242077Y;05095837;15060500313;06031999;19091793;148;615 ~~~~~~~~~~~~~~~~~~~~~~~~~~~~~~~~~~~~~~ 05-27
06071500;07242077Y;06095837;16060500313;07031999;20091793;149;689;522 ~~~~~~~~~~~~~~~~~~~~~~~~~~~~~~~~~~ 05-28
07071500;08242077Y;07095837;17060500313;08031999;21091793;150;439;397;615 ~~~~~~~~~~~~~~~~~~~~~~~~~~~~~~ 05-29
08071500;09242077Y;08095837;18060500313;09031999;22091793;151;449;439;513 ~~~~~~~~~~~~~~~~~~~~~~~~~~~~~~ 05-30
09071500;10242077Y;09095837;19060500313;10031999;23091793;152;438;406;412;615 ~~~~~~~~~~~~~~~~~~~~~~~~~~ 05-31
10071500;11242077Y;10095837;00070500313;11031999;24091793;153;552 ~~~~~~~~~~~~~~~~~~~~~~~~~~~~~~~~~~~~~~ 06-01
11071500;12242077Y;11095837;01070500313;12031999;25091793;154;691;694;896;616 ~~~~~~~~~~~~~~~~~~~~~~~~~~ 06-02
12071500;13242077Y;12095837;02070500313;13031999;26091793;155;409 ~~~~~~~~~~~~~~~~~~~~~~~~~~~~~~~~~~~~~~ 06-03
13071500;14242077Y;13095837;03070500313;14031999;27091793;156;596;692;616 ~~~~~~~~~~~~~~~~~~~~~~~~~~~~~~ 06-04
14071500;15242077Y;14095837;04070500313;15031999;28091793;157;637;693;415;616 ~~~~~~~~~~~~~~~~~~~~~~~~~~ 06-05
15071500;16242077Y;15095837;05070500313;16031999;29091793;158;690;386;540;868;874;941;947;616 ~~~~~~~~~~ 06-06
16071500;17242077Y;16095837;06070500313;17031999;30091793;159;412;616;605 ~~~~~~~~~~~~~~~~~~~~~~~~~~~~~~ 06-07
17071500;18242077Y;17095837;07070500313;18031999;01101793;160;696;433;616 ~~~~~~~~~~~~~~~~~~~~~~~~~~~~~~ 06-08
18071500;19242077Y;18095837;08070500313;19031999;02101793;161;409 ~~~~~~~~~~~~~~~~~~~~~~~~~~~~~~~~~~~~~~ 06-09
19071500;20242077Y;19095837;09070500313;20031999;03101793;162;406;616 ~~~~~~~~~~~~~~~~~~~~~~~~~~~~~~~~~~ 06-10
20071500;21242077Y;20095837;10070500313;21031999;04101793;163;569;616 ~~~~~~~~~~~~~~~~~~~~~~~~~~~~~~~~~~ 06-11
21071500;22242077Y;21095837;11070500313;22031999;05101793;164;697;799;569;616 ~~~~~~~~~~~~~~~~~~~~~~~~~~ 06-12
22071500;23242077Y;22095837;12070500313;23031999;06101793;165;695;398;514;415 ~~~~~~~~~~~~~~~~~~~~~~~~~~ 06-13
23071500;24242077Y;23095837;13070500313;24031999;07101793;166;412;616 ~~~~~~~~~~~~~~~~~~~~~~~~~~~~~~~~~~ 06-14
24071500;25242077Y;24095837;14070500313;25031999;08101793;167;409;616 ~~~~~~~~~~~~~~~~~~~~~~~~~~~~~~~~~~ 06-15
25071500;26242077Y;25095837;15070500313;26031999;09101793;168;946;616 ~~~~~~~~~~~~~~~~~~~~~~~~~~~~~~~~~~ 06-16
26071500;27242077Y;26095837;16070500313;27031999;10101793;169;698 ~~~~~~~~~~~~~~~~~~~~~~~~~~~~~~~~~~~~~~ 06-17
27071500;28242077Y;27095837;17070500313;28031999;11101793;170;596;701;699;509;700;616 ~~~~~~~~~~~~~~~~~~ 06-18
28071500;29242077Y;28095837;18070500313;29031999;12101793;171;833;460 ~~~~~~~~~~~~~~~~~~~~~~~~~~~~~~~~~~ 06-19
29071500;01052077Y;29095837;19070500313;30031999;13101793;172;452;452;380;425;406;616 ~~~~~~~~~~~~~~~~~~ 06-20
30071500;02052077Y;30095837;00080500313;31031999;14101793;173;461;409;616 ~~~~~~~~~~~~~~~~~~~~~~~~~~~~~~ 06-21
01081500;03052077Y;01105837;01080500313;01041999;15101793;174;870;616 ~~~~~~~~~~~~~~~~~~~~~~~~~~~~~~~~~~ 06-22
02081500;04052077Y;02105837;02080500313;02041999;16101793;175;856;616 ~~~~~~~~~~~~~~~~~~~~~~~~~~~~~~~~~~ 06-23
03081500;05052077Y;03105837;03080500313;03041999;17101793;176;564;616 ~~~~~~~~~~~~~~~~~~~~~~~~~~~~~~~~~~ 06-24
04081500;06052077Y;04105837;04080500313;04041999;18101793;177;703;406;616 ~~~~~~~~~~~~~~~~~~~~~~~~~~~~~~ 06-25
05081500;07052077Y;05105837;05080500313;05041999;19101793;178;702;821;616 ~~~~~~~~~~~~~~~~~~~~~~~~~~~~~~ 06-26
06081500;08052077Y;06105837;06080500313;06041999;20101793;179;513;409;616 ~~~~~~~~~~~~~~~~~~~~~~~~~~~~~~ 06-27
07081500;09052077Y;07105837;07080500313;07041999;21101793;180;397;412;616 ~~~~~~~~~~~~~~~~~~~~~~~~~~~~~~ 06-28
08081500;10052077Y;08105837;08080500313;08041999;22101793;181;861;616 ~~~~~~~~~~~~~~~~~~~~~~~~~~~~~~~~~~ 06-29
09081500;11052077Y;09105837;09080500313;09041999;23101793;182;704;406;616 ~~~~~~~~~~~~~~~~~~~~~~~~~~~~~~ 06-30
10081500;12052077Y;10105837;10080500313;10041999;24101793;183;410 ~~~~~~~~~~~~~~~~~~~~~~~~~~~~~~~~~~~~~~ 07-01
11081500;13052077Y;11105837;11080500313;11041999;25101793;184;546;565;617 ~~~~~~~~~~~~~~~~~~~~~~~~~~~~~~ 07-02
12081500;14052077Y;12105837;12080500313;12041999;26101793;185;637;705;840;565 ~~~~~~~~~~~~~~~~~~~~~~~~~~ 07-03
13081500;15052077Y;13105837;13080500313;13041999;27101793;186;795;617 ~~~~~~~~~~~~~~~~~~~~~~~~~~~~~~~~~~ 07-04
14081500;16052077Y;14105837;14080500313;14041999;28101793;187;793;387;373;512;406 ~~~~~~~~~~~~~~~~~~~~~~ 07-05
15081500;17052077Y;15105837;15080500313;15041999;29101793;188;531;561;617 ~~~~~~~~~~~~~~~~~~~~~~~~~~~~~~ 07-06
16081500;18052077Y;16105837;16080500313;16041999;30101793;189 ~~~~~~~~~~~~~~~~~~~~~~~~~~~~~~~~~~~~~~~~~~ 07-07
17081500;19052077Y;17105837;17080500313;17041999;01111793;190;617 ~~~~~~~~~~~~~~~~~~~~~~~~~~~~~~~~~~~~~~ 07-08
18081500;20052077Y;18105837;18080500313;18041999;02111793;191;514 ~~~~~~~~~~~~~~~~~~~~~~~~~~~~~~~~~~~~~~ 07-09
19081500;21052077Y;19105837;19080500313;19041999;03111793;192;706;406;617 ~~~~~~~~~~~~~~~~~~~~~~~~~~~~~~ 07-10
20081500;22052077Y;20105837;00090500313;20041999;04111793;193;420;617 ~~~~~~~~~~~~~~~~~~~~~~~~~~~~~~~~~~ 07-11
21081500;23052077Y;21105837;01090500313;21041999;05111793;194;707;398;617 ~~~~~~~~~~~~~~~~~~~~~~~~~~~~~~ 07-12
22081500;24052077Y;22105837;02090500313;22041999;06111793;195;838 ~~~~~~~~~~~~~~~~~~~~~~~~~~~~~~~~~~~~~~ 07-13
23081500;25052077Y;23105837;03090500313;23041999;07111793;196;617 ~~~~~~~~~~~~~~~~~~~~~~~~~~~~~~~~~~~~~~ 07-14
24081500;26052077Y;24105837;04090500313;24041999;08111793;197;631;436;878;617 ~~~~~~~~~~~~~~~~~~~~~~~~~~ 07-15
25081500;27052077Y;25105837;05090500313;25041999;09111793;198;554;617 ~~~~~~~~~~~~~~~~~~~~~~~~~~~~~~~~~~ 07-16
26081500;28052077Y;26105837;06090500313;26041999;10111793;199;708;617 ~~~~~~~~~~~~~~~~~~~~~~~~~~~~~~~~~~ 07-17
27081500;29052077Y;27105837;07090500313;27041999;11111793;200;709;617 ~~~~~~~~~~~~~~~~~~~~~~~~~~~~~~~~~~ 07-18
28081500;30052077Y;28105837;08090500313;28041999;12111793;201;710;380;928;412;617 ~~~~~~~~~~~~~~~~~~~~~~ 07-19
29081500;01062077Y;29105837;09090500313;29041999;13111793;202;406;617 ~~~~~~~~~~~~~~~~~~~~~~~~~~~~~~~~~~ 07-20
01091500;02062077Y;01115837;10090500313;30041999;14111793;203;711;504;421;617 ~~~~~~~~~~~~~~~~~~~~~~~~~~ 07-21
02091500;03062077Y;02115837;11090500313;31041999;15111793;204;712;432;617 ~~~~~~~~~~~~~~~~~~~~~~~~~~~~~~ 07-22
03091500;04062077Y;03115837;12090500313;01051999;16111793;205;579;617 ~~~~~~~~~~~~~~~~~~~~~~~~~~~~~~~~~~ 07-23
04091500;05062077Y;04115837;13090500313;02051999;17111793;206;713;617 ~~~~~~~~~~~~~~~~~~~~~~~~~~~~~~~~~~ 07-24
05091500;06062077Y;05115837;14090500313;03051999;18111793;207;714;513;891;406;617 ~~~~~~~~~~~~~~~~~~~~~~ 07-25
06091500;07062077Y;06115837;15090500313;04051999;19111793;208;617 ~~~~~~~~~~~~~~~~~~~~~~~~~~~~~~~~~~~~~~ 07-26
07091500;08062077Y;07115837;16090500313;05051999;20111793;209;397 ~~~~~~~~~~~~~~~~~~~~~~~~~~~~~~~~~~~~~~ 07-27
08091500;09062077Y;08115837;17090500313;06051999;21111793;210;617 ~~~~~~~~~~~~~~~~~~~~~~~~~~~~~~~~~~~~~~ 07-28
09091500;10062077Y;09115837;18090500313;07051999;22111793;211;715;399 ~~~~~~~~~~~~~~~~~~~~~~~~~~~~~~~~~~ 07-29
10091500;11062077Y;10115837;19090500313;08051999;23111793;212;716;938;406;617 ~~~~~~~~~~~~~~~~~~~~~~~~~~ 07-30
11091500;12062077Y;11115837;00100500313;09051999;24111793;213;926 ~~~~~~~~~~~~~~~~~~~~~~~~~~~~~~~~~~~~~~ 07-31
12091500;13062077Y;12115837;01100500313;10051999;25111793;214;717;400;618 ~~~~~~~~~~~~~~~~~~~~~~~~~~~~~~ 08-01
13091500;14062077Y;13115837;02100500313;11051999;26111793;215;412 ~~~~~~~~~~~~~~~~~~~~~~~~~~~~~~~~~~~~~~ 08-02
14091500;15062077Y;14115837;03100500313;12051999;27111793;216;718;618 ~~~~~~~~~~~~~~~~~~~~~~~~~~~~~~~~~~ 08-03
15091500;16062077Y;15115837;04100500313;13051999;28111793;217;388;556;909;910;925;400;505 ~~~~~~~~~~~~~~ 08-04
16091500;17062077Y;16115837;05100500313;14051999;29111793;218;618 ~~~~~~~~~~~~~~~~~~~~~~~~~~~~~~~~~~~~~~ 08-05
17091500;18062077Y;17115837;06100500313;15051999;30111793;219;719;374;514;875 ~~~~~~~~~~~~~~~~~~~~~~~~~~ 08-06
18091500;19062077Y;18115837;07100500313;16051999;01121793;220;637;720;400;618 ~~~~~~~~~~~~~~~~~~~~~~~~~~ 08-07
19091500;20062077Y;19115837;08100500313;17051999;02121793;221;721 ~~~~~~~~~~~~~~~~~~~~~~~~~~~~~~~~~~~~~~ 08-08
20091500;21062077Y;20115837;09100500313;18051999;03121793;222;618 ~~~~~~~~~~~~~~~~~~~~~~~~~~~~~~~~~~~~~~ 08-09
21091500;22062077Y;21115837;10100500313;19051999;04121793;223;398;802;872;400;505 ~~~~~~~~~~~~~~~~~~~~~~ 08-10
22091500;23062077Y;22115837;11100500313;20051999;05121793;224;722;871;618 ~~~~~~~~~~~~~~~~~~~~~~~~~~~~~~ 08-11
23091500;24062077Y;23115837;12100500313;21051999;06121793;225 ~~~~~~~~~~~~~~~~~~~~~~~~~~~~~~~~~~~~~~~~~~ 08-12
24091500;25062077Y;24115837;13100500313;22051999;07121793;226;813;400;618 ~~~~~~~~~~~~~~~~~~~~~~~~~~~~~~ 08-13
25091500;26062077Y;25115837;14100500313;23051999;08121793;227;723;503;406;505 ~~~~~~~~~~~~~~~~~~~~~~~~~~ 08-14
26091500;27062077Y;26115837;15100500313;24051999;09121793;228;618 ~~~~~~~~~~~~~~~~~~~~~~~~~~~~~~~~~~~~~~ 08-15
27091500;28062077Y;27115837;16100500313;25051999;10121793;229;508;400;415 ~~~~~~~~~~~~~~~~~~~~~~~~~~~~~~ 08-16
28091500;29062077Y;28115837;17100500313;26051999;11121793;230;618 ~~~~~~~~~~~~~~~~~~~~~~~~~~~~~~~~~~~~~~ 08-17
29091500;01072077Y;29115837;18100500313;27051999;12121793;231;380;505 ~~~~~~~~~~~~~~~~~~~~~~~~~~~~~~~~~~ 08-18
30091500;02072077Y;30115837;19100500313;28051999;13121793;232;506;400;406;618 ~~~~~~~~~~~~~~~~~~~~~~~~~~ 08-19
01101500;03072077Y;01125837;00110500313;29051999;14121793;233;507;810;502 ~~~~~~~~~~~~~~~~~~~~~~~~~~~~~~ 08-20
02101500;04072077Y;02125837;01110500313;30051999;15121793;234;724;513;597;618 ~~~~~~~~~~~~~~~~~~~~~~~~~~ 08-21
03101500;05072077Y;03125837;02110500313;31051999;16121793;235;401;550 ~~~~~~~~~~~~~~~~~~~~~~~~~~~~~~~~~~ 08-22
04101500;06072077Y;04125837;03110500313;01061999;17121793;236;915;618 ~~~~~~~~~~~~~~~~~~~~~~~~~~~~~~~~~~ 08-23
05101500;07072077Y;05125837;04110500313;02061999;18121793;237;572;406;415 ~~~~~~~~~~~~~~~~~~~~~~~~~~~~~~ 08-24
06101500;08072077Y;06125837;05110500313;03061999;19121793;238;618 ~~~~~~~~~~~~~~~~~~~~~~~~~~~~~~~~~~~~~~ 08-25
07101500;09072077Y;07125837;06110500313;04061999;20121793;239;397 ~~~~~~~~~~~~~~~~~~~~~~~~~~~~~~~~~~~~~~ 08-26
08101500;10072077Y;08125837;07110500313;05061999;21121793;240;427;908;618 ~~~~~~~~~~~~~~~~~~~~~~~~~~~~~~ 08-27
09101500;11072077Y;09125837;08110500313;06061999;22121793;241;725 ~~~~~~~~~~~~~~~~~~~~~~~~~~~~~~~~~~~~~~ 08-28
10101500;12072077Y;10125837;09110500313;07061999;23121793;242;428;725;437;406;618 ~~~~~~~~~~~~~~~~~~~~~~ 08-29
11101500;13072077Y;11125837;10110500313;08061999;24121793;243;796;903;412;421 ~~~~~~~~~~~~~~~~~~~~~~~~~~ 08-30
12101500;14072077Y;12125837;11110500313;09061999;25121793;244;594;897;567;618 ~~~~~~~~~~~~~~~~~~~~~~~~~~ 08-31
13101500;15072077Y;13125837;12110500313;10061999;26121793;245;595;520;551;567 ~~~~~~~~~~~~~~~~~~~~~~~~~~ 09-01
14101500;16072077Y;14125837;13110500313;11061999;27121793;246;389;534;619 ~~~~~~~~~~~~~~~~~~~~~~~~~~~~~~ 09-02
15101500;17072077Y;15125837;14110500313;12061999;28121793;247;596;727;514;907;406;619 ~~~~~~~~~~~~~~~~~~ 09-03
16101500;18072077Y;16125837;15110500313;13061999;29121793;248;429;637;728;433;619 ~~~~~~~~~~~~~~~~~~~~~~ 09-04
17101500;19072077Y;17125837;16110500313;14061999;30121793;249;430;845 ~~~~~~~~~~~~~~~~~~~~~~~~~~~~~~~~~~ 09-05
18101500;20072077Y;18125837;17110500313;15061999;01131793;250;434;846;619 ~~~~~~~~~~~~~~~~~~~~~~~~~~~~~~ 09-06
19101500;21072077Y;19125837;18110500313;16061999;02131793;251;435;413;619 ~~~~~~~~~~~~~~~~~~~~~~~~~~~~~~ 09-07
20101500;22072077Y;20125837;19110500313;17061999;03131793;252;375;619 ~~~~~~~~~~~~~~~~~~~~~~~~~~~~~~~~~~ 09-08
21101500;23072077Y;21125837;00120500313;18061999;04131793;253;730;398;415;421 ~~~~~~~~~~~~~~~~~~~~~~~~~~ 09-09
22101500;24072077Y;22125837;01120500313;19061999;05131793;254;619 ~~~~~~~~~~~~~~~~~~~~~~~~~~~~~~~~~~~~~~ 09-10
23101500;25072077Y;23125837;02120500313;20061999;01011794;255;619 ~~~~~~~~~~~~~~~~~~~~~~~~~~~~~~~~~~~~~~ 09-11
24101500;26072077Y;24125837;03120500313;21061999;02011794;256;455;847;869;619 ~~~~~~~~~~~~~~~~~~~~~~~~~~ 09-12
25101500;27072077Y;25125837;04120500313;22061999;03011794;257;729;726;406 ~~~~~~~~~~~~~~~~~~~~~~~~~~~~~~ 09-13
26101500;28072077Y;26125837;05120500313;23061999;04011794;258;619 ~~~~~~~~~~~~~~~~~~~~~~~~~~~~~~~~~~~~~~ 09-14
27101500;29072077Y;27125837;06120500313;24061999;05011794;259 ~~~~~~~~~~~~~~~~~~~~~~~~~~~~~~~~~~~~~~~~~~ 09-15
28101500;30072077Y;28125837;07120500313;25061999;06011794;260;733;380;920;619 ~~~~~~~~~~~~~~~~~~~~~~~~~~ 09-16
29101500;01082077Y;29125837;08120500313;26061999;07011794;261;734;521;415;848 ~~~~~~~~~~~~~~~~~~~~~~~~~~ 09-17
01111500;02082077Y;01015838;09120500313;27061999;08011794;262;735;513;521;619 ~~~~~~~~~~~~~~~~~~~~~~~~~~ 09-18
02111500;03082077Y;02015838;10120500313;28061999;09011794;263;731;521;375;421;619 ~~~~~~~~~~~~~~~~~~~~~~ 09-19
03111500;04082077Y;03015838;11120500313;29061999;10011794;264;619 ~~~~~~~~~~~~~~~~~~~~~~~~~~~~~~~~~~~~~~ 09-20
04111500;05082077Y;04015838;12120500313;30061999;11011794;265;732;831;462;619 ~~~~~~~~~~~~~~~~~~~~~~~~~~ 09-21
05111500;06082077Y;05015838;13120500313;31061999;12011794;266;423;619 ~~~~~~~~~~~~~~~~~~~~~~~~~~~~~~~~~~ 09-22
06111500;07082077Y;06015838;14120500313;01071999;13011794;267;463;406;619 ~~~~~~~~~~~~~~~~~~~~~~~~~~~~~~ 09-23
07111500;08082077Y;07015838;15120500313;02071999;14011794;268;738;619 ~~~~~~~~~~~~~~~~~~~~~~~~~~~~~~~~~~ 09-24
08111500;09082077Y;08015838;16120500313;03071999;15011794;269;739;743;397;848 ~~~~~~~~~~~~~~~~~~~~~~~~~~ 09-25
09111500;10082077Y;09015838;17120500313;04071999;16011794;270;740;864;619 ~~~~~~~~~~~~~~~~~~~~~~~~~~~~~~ 09-26
10111500;11082077Y;10015838;18120500313;05071999;17011794;271;736;416;527 ~~~~~~~~~~~~~~~~~~~~~~~~~~~~~~ 09-27
11111500;12082077Y;11015838;19120500313;06071999;18011794;272;737;898;406;619 ~~~~~~~~~~~~~~~~~~~~~~~~~~ 09-28
12111500;13082077Y;12015838;00130500313;07071999;19011794;273;742;790;619 ~~~~~~~~~~~~~~~~~~~~~~~~~~~~~~ 09-29
13111500;14082077Y;13015838;01130500313;08071999;20011794;274;741;790;853;375;619 ~~~~~~~~~~~~~~~~~~~~~~ 09-30
14111500;15082077Y;14015838;02130500313;09071999;21011794;275;748;790;391;390;514;570;853 ~~~~~~~~~~~~~~ 10-01
15111500;16082077Y;15015838;03130500313;10071999;22011794;276;637;790;523;853;620 ~~~~~~~~~~~~~~~~~~~~~~ 10-02
16111500;17082077Y;16015838;04130500313;11071999;23011794;277;749;790;523;620 ~~~~~~~~~~~~~~~~~~~~~~~~~~ 10-03
17111500;18082077Y;17015838;05130500313;12071999;24011794;278;744;790;467;523;620 ~~~~~~~~~~~~~~~~~~~~~~ 10-04
18111500;19082077Y;18015838;06130500313;13071999;25011794;279;745;790;523 ~~~~~~~~~~~~~~~~~~~~~~~~~~~~~~ 10-05
19111500;20082077Y;19015838;07130500313;14071999;26011794;280;746;523;620 ~~~~~~~~~~~~~~~~~~~~~~~~~~~~~~ 10-06
20111500;21082077Y;20015838;08130500313;15071999;27011794;281;747;523;848 ~~~~~~~~~~~~~~~~~~~~~~~~~~~~~~ 10-07
21111500;22082077Y;21015838;09130500313;16071999;28011794;282;398;523;406;620 ~~~~~~~~~~~~~~~~~~~~~~~~~~ 10-08
22111500;23082077Y;22015838;10130500313;17071999;29011794;283;754;524;848 ~~~~~~~~~~~~~~~~~~~~~~~~~~~~~~ 10-09
23111500;24082077Y;23015838;11130500313;18071999;30011794;284;750;367;525;620 ~~~~~~~~~~~~~~~~~~~~~~~~~~ 10-10
24111500;25082077Y;24015838;12130500313;19071999;01021794;285;751;368;620;848 ~~~~~~~~~~~~~~~~~~~~~~~~~~ 10-11
25111500;26082077Y;25015838;13130500313;20071999;02021794;286;791;866;901;620 ~~~~~~~~~~~~~~~~~~~~~~~~~~ 10-12
26111500;27082077Y;26015838;14130500313;21071999;03021794;287;752;620 ~~~~~~~~~~~~~~~~~~~~~~~~~~~~~~~~~~ 10-13
27111500;28082077Y;27015838;15130500313;22071999;04021794;288;753;620 ~~~~~~~~~~~~~~~~~~~~~~~~~~~~~~~~~~ 10-14
28111500;29082077Y;28015838;16130500313;23071999;05021794;289;596;513;574 ~~~~~~~~~~~~~~~~~~~~~~~~~~~~~~ 10-15
29111500;30082077Y;29015838;17130500313;24071999;06021794;290;758;380;620 ~~~~~~~~~~~~~~~~~~~~~~~~~~~~~~ 10-16
30111500;01092077Y;30015838;18130500313;25071999;07021794;291;895 ~~~~~~~~~~~~~~~~~~~~~~~~~~~~~~~~~~~~~~ 10-17
01121500;02092077Y;01025838;19130500313;26071999;08021794;292;755;432;406;620 ~~~~~~~~~~~~~~~~~~~~~~~~~~ 10-18
02121500;03092077Y;02025838;00140500313;27071999;09021794;293;756;421 ~~~~~~~~~~~~~~~~~~~~~~~~~~~~~~~~~~ 10-19
03121500;04092077Y;03025838;01140500313;28071999;10021794;294;757;784;620 ~~~~~~~~~~~~~~~~~~~~~~~~~~~~~~ 10-20
04121500;05092077Y;04025838;02140500313;29071999;11021794;295;631;369;785;620 ~~~~~~~~~~~~~~~~~~~~~~~~~~ 10-21
05121500;06092077Y;05025838;03140500313;30071999;12021794;296;918;786;375;620 ~~~~~~~~~~~~~~~~~~~~~~~~~~ 10-22
06121500;07092077Y;06025838;04140500313;01081999;13021794;297;759;919;787;406;620 ~~~~~~~~~~~~~~~~~~~~~~ 10-23
07121500;08092077Y;07025838;05140500313;02081999;14021794;298;397;371;819;620 ~~~~~~~~~~~~~~~~~~~~~~~~~~ 10-24
08121500;09092077Y;08025838;06140500313;03081999;15021794;299;548;885;563 ~~~~~~~~~~~~~~~~~~~~~~~~~~~~~~ 10-25
09121500;10092077Y;09025838;07140500313;04081999;16021794;300;549;560;501;620 ~~~~~~~~~~~~~~~~~~~~~~~~~~ 10-26
10121500;11092077Y;10025838;08140500313;05081999;17021794;301;899;500;620 ~~~~~~~~~~~~~~~~~~~~~~~~~~~~~~ 10-27
11121500;12092077Y;11025838;09140500313;06081999;18021794;302;554;500;620 ~~~~~~~~~~~~~~~~~~~~~~~~~~~~~~ 10-28
12121500;13092077Y;12025838;10140500313;07081999;19021794;303;849;620 ~~~~~~~~~~~~~~~~~~~~~~~~~~~~~~~~~~ 10-29
13121500;14092077Y;13025838;11140500313;08081999;20021794;304;514;882;922;500;620 ~~~~~~~~~~~~~~~~~~~~~~ 10-30
14121500;15092077Y;14025838;12140500313;09081999;21021794;305;396;396;417;431;532;500 ~~~~~~~~~~~~~~~~~~ 10-31
15121500;16092077Y;15025838;13140500313;10081999;22021794;306;760;621 ~~~~~~~~~~~~~~~~~~~~~~~~~~~~~~~~~~ 11-01
16121500;17092077Y;16025838;14140500313;11081999;23021794;307;406 ~~~~~~~~~~~~~~~~~~~~~~~~~~~~~~~~~~~~~~ 11-02
17121500;18092077Y;17025838;15140500313;12081999;24021794;308;761;881;621 ~~~~~~~~~~~~~~~~~~~~~~~~~~~~~~ 11-03
18121500;19092077Y;18025838;16140500313;13081999;25021794;309;762;841 ~~~~~~~~~~~~~~~~~~~~~~~~~~~~~~~~~~ 11-04
19121500;20092077Y;19025838;17140500313;14081999;26021794;310;621 ~~~~~~~~~~~~~~~~~~~~~~~~~~~~~~~~~~~~~~ 11-05
20121500;21092077Y;20025838;18140500313;15081999;27021794;311;637;763 ~~~~~~~~~~~~~~~~~~~~~~~~~~~~~~~~~~ 11-06
21121500;22092077Y;21025838;19140500313;16081999;28021794;312;398;499;406;621 ~~~~~~~~~~~~~~~~~~~~~~~~~~ 11-07
22121500;23092077Y;22025838;00150500313;17081999;29021794;313;421 ~~~~~~~~~~~~~~~~~~~~~~~~~~~~~~~~~~~~~~ 11-08
23121500;24092077Y;23025838;01150500313;18081999;30021794;314;436;621 ~~~~~~~~~~~~~~~~~~~~~~~~~~~~~~~~~~ 11-09
24121500;25092077Y;24025838;02150500313;19081999;01031794;315;842 ~~~~~~~~~~~~~~~~~~~~~~~~~~~~~~~~~~~~~~ 11-10
25121500;26092077Y;25025838;03150500313;20081999;02031794;316;764;513;558;911;621 ~~~~~~~~~~~~~~~~~~~~~~ 11-11
26121500;27092077Y;26025838;04150500313;21081999;03031794;317;784;406 ~~~~~~~~~~~~~~~~~~~~~~~~~~~~~~~~~~ 11-12
27121500;28092077Y;27025838;05150500313;22081999;04031794;318;779;785;621 ~~~~~~~~~~~~~~~~~~~~~~~~~~~~~~ 11-13
28121500;29092077Y;28025838;06150500313;23081999;05031794;319;780;893 ~~~~~~~~~~~~~~~~~~~~~~~~~~~~~~~~~~ 11-14
29121500;30092077Y;29025838;07150500313;24081999;06031794;320;380;781;786;932;950;621 ~~~~~~~~~~~~~~~~~~ 11-15
01011501;01102077Y;30025838;08150500313;25081999;07031794;321;782;787;495 ~~~~~~~~~~~~~~~~~~~~~~~~~~~~~~ 11-16
02011501;02102077Y;01035838;09150500313;26081999;08031794;322;535;783;788;406;621 ~~~~~~~~~~~~~~~~~~~~~~ 11-17
03011501;03102077Y;02035838;10150500313;27081999;09031794;323;766 ~~~~~~~~~~~~~~~~~~~~~~~~~~~~~~~~~~~~~~ 11-18
04011501;04102077Y;03035838;11150500313;28081999;10031794;324;621 ~~~~~~~~~~~~~~~~~~~~~~~~~~~~~~~~~~~~~~ 11-19
05011501;05102077Y;04035838;12150500313;29081999;11031794;325;767;399;865;496 ~~~~~~~~~~~~~~~~~~~~~~~~~~ 11-20
06011501;06102077Y;05035838;13150500313;30081999;12031794;326;765;543;621 ~~~~~~~~~~~~~~~~~~~~~~~~~~~~~~ 11-21
07011501;07102077Y;06035838;14150500313;01091999;13031794;327;397;788 ~~~~~~~~~~~~~~~~~~~~~~~~~~~~~~~~~~ 11-22
08011501;08102077Y;07035838;15150500313;02091999;14031794;328;400;621 ~~~~~~~~~~~~~~~~~~~~~~~~~~~~~~~~~~ 11-23
09011501;09102077Y;08035838;16150500313;03091999;15031794;329;769;375 ~~~~~~~~~~~~~~~~~~~~~~~~~~~~~~~~~~ 11-24
10011501;10102077Y;09035838;17150500313;04091999;16031794;330;440;879;498;621 ~~~~~~~~~~~~~~~~~~~~~~~~~~ 11-25
11011501;11102077Y;10035838;18150500313;05091999;17031794;331;441;547 ~~~~~~~~~~~~~~~~~~~~~~~~~~~~~~~~~~ 11-26
12011501;12102077Y;11035838;19150500313;06091999;18031794;332;770;768;514;934;406;418;621 ~~~~~~~~~~~~~~ 11-27
13011501;13102077Y;12035838;00160500313;07091999;19031794;333;369;589;496 ~~~~~~~~~~~~~~~~~~~~~~~~~~~~~~ 11-28
14011501;14102077Y;13035838;01160500313;08091999;20031794;334;442;394;880;947;400;621 ~~~~~~~~~~~~~~~~~~ 11-29
15011501;15102077Y;14035838;02160500313;09091999;21031794;335;771;540 ~~~~~~~~~~~~~~~~~~~~~~~~~~~~~~~~~~ 11-30
16011501;16102077Y;15035838;03160500313;10091999;22031794;336;772;433;622 ~~~~~~~~~~~~~~~~~~~~~~~~~~~~~~ 12-01
17011501;17102077Y;16035838;04160500313;11091999;23031794;337;370;402;400;406 ~~~~~~~~~~~~~~~~~~~~~~~~~~ 12-02
18011501;18102077Y;17035838;05160500313;12091999;24031794;338;774;622 ~~~~~~~~~~~~~~~~~~~~~~~~~~~~~~~~~~ 12-03
19011501;19102077Y;18035838;06160500313;13091999;25031794;339;637;775 ~~~~~~~~~~~~~~~~~~~~~~~~~~~~~~~~~~ 12-04
20011501;20102077Y;19035838;07160500313;14091999;26031794;340;590;622 ~~~~~~~~~~~~~~~~~~~~~~~~~~~~~~~~~~ 12-05
21011501;21102077Y;20035838;08160500313;15091999;27031794;341;398;418 ~~~~~~~~~~~~~~~~~~~~~~~~~~~~~~~~~~ 12-06
22011501;22102077Y;21035838;09160500313;16091999;28031794;342;773;876;622 ~~~~~~~~~~~~~~~~~~~~~~~~~~~~~~ 12-07
23011501;23102077Y;22035838;10160500313;17091999;29031794;343 ~~~~~~~~~~~~~~~~~~~~~~~~~~~~~~~~~~~~~~~~~~ 12-08
24011501;24102077Y;23035838;11160500313;18091999;30031794;344;401;513;622 ~~~~~~~~~~~~~~~~~~~~~~~~~~~~~~ 12-09
25011501;25102077Y;24035838;12160500313;19091999;01041794;345;403 ~~~~~~~~~~~~~~~~~~~~~~~~~~~~~~~~~~~~~~ 12-10
26011501;26102077Y;25035838;13160500313;20091999;02041794;346;776;936;516;622 ~~~~~~~~~~~~~~~~~~~~~~~~~~ 12-11
27011501;27102077Y;26035838;14160500313;21091999;03041794;347;777;591;516 ~~~~~~~~~~~~~~~~~~~~~~~~~~~~~~ 12-12
28011501;28102077Y;27035838;15160500313;22091999;04041794;348;516;622 ~~~~~~~~~~~~~~~~~~~~~~~~~~~~~~~~~~ 12-13
29011501;29102077Y;28035838;16160500313;23091999;05041794;349;516;403 ~~~~~~~~~~~~~~~~~~~~~~~~~~~~~~~~~~ 12-14
30011501;01112077Y;29035838;17160500313;24091999;06041794;350;380;855;497;516;622 ~~~~~~~~~~~~~~~~~~~~~~ 12-15
01021501;02112077Y;30035838;18160500313;25091999;07041794;351 ~~~~~~~~~~~~~~~~~~~~~~~~~~~~~~~~~~~~~~~~~~ 12-16
02021501;03112077Y;01045838;19160500313;26091999;08041794;352;778;516;406;622 ~~~~~~~~~~~~~~~~~~~~~~~~~~ 12-17
03021501;04112077Y;02045838;00170500313;27091999;09041794;353;437;516;403 ~~~~~~~~~~~~~~~~~~~~~~~~~~~~~~ 12-18
04021501;05112077Y;03045838;01170500313;28091999;10041794;354;592;516;622 ~~~~~~~~~~~~~~~~~~~~~~~~~~~~~~ 12-19
05021501;06112077Y;04045838;02170500313;29091999;11041794;355;371;944;466 ~~~~~~~~~~~~~~~~~~~~~~~~~~~~~~ 12-20
06021501;07112077Y;05045838;03170500313;30091999;12041794;356;426;622 ~~~~~~~~~~~~~~~~~~~~~~~~~~~~~~~~~~ 12-21
07021501;08112077Y;06045838;04170500313;01101999;13041794;357;397;465 ~~~~~~~~~~~~~~~~~~~~~~~~~~~~~~~~~~ 12-22
08021501;09112077Y;07045838;05170500313;02101999;14041794;358;422;622 ~~~~~~~~~~~~~~~~~~~~~~~~~~~~~~~~~~ 12-23
09021501;10112077Y;08045838;06170500313;03101999;15041794;359 ~~~~~~~~~~~~~~~~~~~~~~~~~~~~~~~~~~~~~~~~~~ 12-24
10021501;11112077Y;09045838;07170500313;04101999;16041794;360;514;557;890;622 ~~~~~~~~~~~~~~~~~~~~~~~~~~ 12-25
11021501;12112077Y;10045838;08170500313;05101999;17041794;361 ~~~~~~~~~~~~~~~~~~~~~~~~~~~~~~~~~~~~~~~~~~ 12-26
12021501;13112077Y;11045838;09170500313;06101999;18041794;362;375;406;622 ~~~~~~~~~~~~~~~~~~~~~~~~~~~~~~ 12-27
13021501;14112077Y;12045838;10170500313;07101999;19041794;363;545 ~~~~~~~~~~~~~~~~~~~~~~~~~~~~~~~~~~~~~~ 12-28
14021501;15112077Y;13045838;11170500313;08101999;20041794;364;395;887;622 ~~~~~~~~~~~~~~~~~~~~~~~~~~~~~~ 12-29
15021501;16112077Y;14045838;12170500313;09101999;21041794;365 ~~~~~~~~~~~~~~~~~~~~~~~~~~~~~~~~~~~~~~~~~~ 12-30
16021501;17112077Y;15045838;13170500313;10101999;22041794;366;622 ~~~~~~~~~~~~~~~~~~~~~~~~~~~~~~~~~~~~~~ 12-31
