14111458;16112036r;14045797;17060400113;11101958;23041753;001;381;611 ~~~~~~~~~~~~~~~~~~~~~~~~~~~~~~~~~~ 01-01
15111458;17112036r;15045797;18060400113;12101958;24041753;002;904 ~~~~~~~~~~~~~~~~~~~~~~~~~~~~~~~~~~~~~~ 01-02
16111458;18112036r;16045797;19060400113;13101958;25041753;003;637;372;401;419;514;825;611 ~~~~~~~~~~~~~~ 01-03
17111458;19112036r;17045797;00070400113;14101958;26041753;004 ~~~~~~~~~~~~~~~~~~~~~~~~~~~~~~~~~~~~~~~~~~ 01-04
18111458;20112036r;18045797;01070400113;15101958;27041753;005;916;611 ~~~~~~~~~~~~~~~~~~~~~~~~~~~~~~~~~~ 01-05
19111458;21112036r;19045797;02070400113;16101958;28041753;006 ~~~~~~~~~~~~~~~~~~~~~~~~~~~~~~~~~~~~~~~~~~ 01-06
20111458;22112036r;20045797;03070400113;17101958;29041753;007;838;409;611 ~~~~~~~~~~~~~~~~~~~~~~~~~~~~~~ 01-07
21111458;23112036r;21045797;04070400113;18101958;30041753;008;398;412 ~~~~~~~~~~~~~~~~~~~~~~~~~~~~~~~~~~ 01-08
22111458;24112036r;22045797;05070400113;19101958;01051753;009;596;611 ~~~~~~~~~~~~~~~~~~~~~~~~~~~~~~~~~~ 01-09
23111458;25112036r;23045797;06070400113;20101958;02051753;010;626 ~~~~~~~~~~~~~~~~~~~~~~~~~~~~~~~~~~~~~~ 01-10
24111458;26112036r;24045797;07070400113;21101958;03051753;011;627;611 ~~~~~~~~~~~~~~~~~~~~~~~~~~~~~~~~~~ 01-11
25111458;27112036r;25045797;08070400113;22101958;04051753;012;628;923;375 ~~~~~~~~~~~~~~~~~~~~~~~~~~~~~~ 01-12
26111458;28112036r;26045797;09070400113;23101958;05051753;013;629;611 ~~~~~~~~~~~~~~~~~~~~~~~~~~~~~~~~~~ 01-13
27111458;29112036r;27045797;10070400113;24101958;06051753;014;437 ~~~~~~~~~~~~~~~~~~~~~~~~~~~~~~~~~~~~~~ 01-14
28111458;30112036r;28045797;11070400113;25101958;07051753;015;631;412;611 ~~~~~~~~~~~~~~~~~~~~~~~~~~~~~~ 01-15
29111458;01122036r;29045797;12070400113;26101958;08051753;016;380;888;929;952 ~~~~~~~~~~~~~~~~~~~~~~~~~~ 01-16
30111458;02122036r;01055797;13070400113;27101958;09051753;017;630;415;611 ~~~~~~~~~~~~~~~~~~~~~~~~~~~~~~ 01-17
01121458;03122036r;02055797;14070400113;28101958;10051753;018;625 ~~~~~~~~~~~~~~~~~~~~~~~~~~~~~~~~~~~~~~ 01-18
02121458;04122036r;03055797;15070400113;29101958;11051753;019;492;513;409;611 ~~~~~~~~~~~~~~~~~~~~~~~~~~ 01-19
03121458;05122036r;04055797;16070400113;30101958;12051753;020 ~~~~~~~~~~~~~~~~~~~~~~~~~~~~~~~~~~~~~~~~~~ 01-20
04121458;06122036r;05055797;17070400113;01111958;13051753;021;940;611 ~~~~~~~~~~~~~~~~~~~~~~~~~~~~~~~~~~ 01-21
05121458;07122036r;06055797;18070400113;02111958;14051753;022;412 ~~~~~~~~~~~~~~~~~~~~~~~~~~~~~~~~~~~~~~ 01-22
06121458;08122036r;07055797;19070400113;03111958;15051753;023;914;611 ~~~~~~~~~~~~~~~~~~~~~~~~~~~~~~~~~~ 01-23
07121458;09122036r;08055797;00080400113;04111958;16051753;024;397;536 ~~~~~~~~~~~~~~~~~~~~~~~~~~~~~~~~~~ 01-24
08121458;10122036r;09055797;01080400113;05111958;17051753;025;635;409;611 ~~~~~~~~~~~~~~~~~~~~~~~~~~~~~~ 01-25
09121458;11122036r;10055797;02080400113;06111958;18051753;026;636;501 ~~~~~~~~~~~~~~~~~~~~~~~~~~~~~~~~~~ 01-26
10121458;12122036r;11055797;03080400113;07111958;19051753;027;873;500;580;611 ~~~~~~~~~~~~~~~~~~~~~~~~~~ 01-27
11121458;13122036r;12055797;04080400113;08111958;20051753;028;632;554;500 ~~~~~~~~~~~~~~~~~~~~~~~~~~~~~~ 01-28
12121458;14122036r;13055797;05080400113;09111958;21051753;029;412;611 ~~~~~~~~~~~~~~~~~~~~~~~~~~~~~~~~~~ 01-29
13121458;15122036r;14055797;06080400113;10111958;22051753;030;633;500 ~~~~~~~~~~~~~~~~~~~~~~~~~~~~~~~~~~ 01-30
14121458;16122036r;15055797;07080400113;11111958;23051753;031;634;396;396;541;884;949;500;409;611 ~~~~~~ 01-31
15121458;17122036r;16055797;07080400113;12111958;24051753;032;514 ~~~~~~~~~~~~~~~~~~~~~~~~~~~~~~~~~~~~~~ 02-01
16121458;18122036r;17055797;08080400113;13111958;25051753;033;415;612 ~~~~~~~~~~~~~~~~~~~~~~~~~~~~~~~~~~ 02-02
17121458;19122036r;18055797;09080400113;14111958;26051753;034 ~~~~~~~~~~~~~~~~~~~~~~~~~~~~~~~~~~~~~~~~~~ 02-03
18121458;20122036r;19055797;10080400113;15111958;27051753;035;432;841;612 ~~~~~~~~~~~~~~~~~~~~~~~~~~~~~~ 02-04
19121458;21122036r;20055797;11080400113;16111958;28051753;036;638;412 ~~~~~~~~~~~~~~~~~~~~~~~~~~~~~~~~~~ 02-05
20121458;22122036r;21055797;12080400113;17111958;29051753;037;639;398;409;612 ~~~~~~~~~~~~~~~~~~~~~~~~~~ 02-06
21121458;23122036r;22055797;13080400113;18111958;30051753;038;637;640 ~~~~~~~~~~~~~~~~~~~~~~~~~~~~~~~~~~ 02-07
22121458;24122036r;23055797;14080400113;19111958;01061753;039;581;612 ~~~~~~~~~~~~~~~~~~~~~~~~~~~~~~~~~~ 02-08
23121458;25122036r;24055797;15080400113;20111958;02061753;040;641;410 ~~~~~~~~~~~~~~~~~~~~~~~~~~~~~~~~~~ 02-09
24121458;26122036r;25055797;16080400113;21111958;03061753;041;943;842;612 ~~~~~~~~~~~~~~~~~~~~~~~~~~~~~~ 02-10
25121458;27122036r;26055797;17080400113;22111958;04061753;042 ~~~~~~~~~~~~~~~~~~~~~~~~~~~~~~~~~~~~~~~~~~ 02-11
26121458;28122036r;27055797;18080400113;23111958;05061753;043;642;412;612 ~~~~~~~~~~~~~~~~~~~~~~~~~~~~~~ 02-12
27121458;29122036r;28055797;19080400113;24111958;06061753;044;886 ~~~~~~~~~~~~~~~~~~~~~~~~~~~~~~~~~~~~~~ 02-13
28121458;30122036r;29055797;00090400113;25111958;07061753;045;643;380;612 ~~~~~~~~~~~~~~~~~~~~~~~~~~~~~~ 02-14
29121458;01012037s;30055797;01090400113;26111958;08061753;046;513;479;490 ~~~~~~~~~~~~~~~~~~~~~~~~~~~~~~ 02-15
30121458;02012037s;01065797;02090400113;27111958;09061753;047;450;566;479;490;612 ~~~~~~~~~~~~~~~~~~~~~~ 02-16
01011459;03012037s;02065797;03090400113;28111958;10061753;048;443;861;495;566;854 ~~~~~~~~~~~~~~~~~~~~~~ 02-17
02011459;04012037s;03065797;04090400113;29111958;11061753;049;444;376;864;566;854;415;612 ~~~~~~~~~~~~~~ 02-18
03011459;05012037s;04065797;05090400113;30111958;12061753;050;644;566;412;496 ~~~~~~~~~~~~~~~~~~~~~~~~~~ 02-19
04011459;06012037s;05065797;06090400113;01121958;13061753;051;645;612 ~~~~~~~~~~~~~~~~~~~~~~~~~~~~~~~~~~ 02-20
05011459;07012037s;06065797;07090400113;02121958;14061753;052 ~~~~~~~~~~~~~~~~~~~~~~~~~~~~~~~~~~~~~~~~~~ 02-21
06011459;08012037s;07065797;08090400113;03121958;15061753;053;397;612 ~~~~~~~~~~~~~~~~~~~~~~~~~~~~~~~~~~ 02-22
07011459;09012037s;08065797;09090400113;04121958;16061753;054 ~~~~~~~~~~~~~~~~~~~~~~~~~~~~~~~~~~~~~~~~~~ 02-23
08011459;10012037s;09065797;10090400113;05121958;17061753;055;646;612 ~~~~~~~~~~~~~~~~~~~~~~~~~~~~~~~~~~ 02-24
09011459;11012037s;10065797;11090400113;06121958;18061753;056;496 ~~~~~~~~~~~~~~~~~~~~~~~~~~~~~~~~~~~~~~ 02-25
10011459;12012037s;11065797;12090400113;07121958;19061753;057;647;648;517;498;612 ~~~~~~~~~~~~~~~~~~~~~~ 02-26
11011459;13012037s;12065797;13090400113;08121958;20061753;058;649 ~~~~~~~~~~~~~~~~~~~~~~~~~~~~~~~~~~~~~~ 02-27
12011459;14012037s;13065797;14090400113;09121958;21061753;059;650;612 ~~~~~~~~~~~~~~~~~~~~~~~~~~~~~~~~~~ 02-28
13011459;15012037s;14065797;18090400113;10121958;22061753;061;655;383;514;544;623;906;519 ~~~~~~~~~~~~~~ 03-01
14011459;16012037s;15065797;19090400113;11121958;23061753;062;598;613 ~~~~~~~~~~~~~~~~~~~~~~~~~~~~~~~~~~ 03-02
15011459;17012037s;16065797;00100400113;12121958;24061753;063;562 ~~~~~~~~~~~~~~~~~~~~~~~~~~~~~~~~~~~~~~ 03-03
16011459;18012037s;17065797;01100400113;13121958;25061753;064;562;613 ~~~~~~~~~~~~~~~~~~~~~~~~~~~~~~~~~~ 03-04
17011459;19012037s;18065797;02100400113;14121958;26061753;065;653;562;412 ~~~~~~~~~~~~~~~~~~~~~~~~~~~~~~ 03-05
18011459;20012037s;19065797;03100400113;15121958;27061753;066;654;613 ~~~~~~~~~~~~~~~~~~~~~~~~~~~~~~~~~~ 03-06
19011459;21012037s;20065797;04100400113;16121958;28061753;067;637 ~~~~~~~~~~~~~~~~~~~~~~~~~~~~~~~~~~~~~~ 03-07
20011459;22012037s;21065797;05100400113;17121958;29061753;068;398;533;924;613 ~~~~~~~~~~~~~~~~~~~~~~~~~~ 03-08
21011459;23012037s;22065797;06100400113;18121958;30061753;069 ~~~~~~~~~~~~~~~~~~~~~~~~~~~~~~~~~~~~~~~~~~ 03-09
22011459;24012037s;23065797;07100400113;19121958;01071753;070;613 ~~~~~~~~~~~~~~~~~~~~~~~~~~~~~~~~~~~~~~ 03-10
23011459;25012037s;24065797;08100400113;20121958;02071753;071;613 ~~~~~~~~~~~~~~~~~~~~~~~~~~~~~~~~~~~~~~ 03-11
24011459;26012037s;25065797;09100400113;21121958;03071753;072;656;900;613 ~~~~~~~~~~~~~~~~~~~~~~~~~~~~~~ 03-12
25011459;27012037s;26065797;10100400113;22121958;04071753;073;613 ~~~~~~~~~~~~~~~~~~~~~~~~~~~~~~~~~~~~~~ 03-13
26011459;28012037s;27065797;11100400113;23121958;05071753;074;415;613 ~~~~~~~~~~~~~~~~~~~~~~~~~~~~~~~~~~ 03-14
27011459;29012037s;28065797;12100400113;24121958;06071753;075;513 ~~~~~~~~~~~~~~~~~~~~~~~~~~~~~~~~~~~~~~ 03-15
28011459;30012037s;29065797;13100400113;25121958;07071753;076;380;928;613 ~~~~~~~~~~~~~~~~~~~~~~~~~~~~~~ 03-16
29011459;01022037s;01075797;14100400113;26121958;08071753;077;657;538;559;935;613 ~~~~~~~~~~~~~~~~~~~~~~ 03-17
30011459;02022037s;02075797;15100400113;27121958;09071753;078;497;613 ~~~~~~~~~~~~~~~~~~~~~~~~~~~~~~~~~~ 03-18
01021459;03022037s;03075797;16100400113;28121958;10071753;079;658;466 ~~~~~~~~~~~~~~~~~~~~~~~~~~~~~~~~~~ 03-19
02021459;04022037s;04075797;17100400113;29121958;11071753;080;433;555;577;424;613 ~~~~~~~~~~~~~~~~~~~~~~ 03-20
03021459;05022037s;05075797;18100400113;30121958;12071753;081;459;613 ~~~~~~~~~~~~~~~~~~~~~~~~~~~~~~~~~~ 03-21
04021459;06022037s;06075797;19100400113;01011959;13071753;082;851;613 ~~~~~~~~~~~~~~~~~~~~~~~~~~~~~~~~~~ 03-22
05021459;07022037s;07075797;00110400113;02011959;14071753;083;416;945;613 ~~~~~~~~~~~~~~~~~~~~~~~~~~~~~~ 03-23
06021459;08022037s;08075797;01110400113;03011959;15071753;084;659;397;613 ~~~~~~~~~~~~~~~~~~~~~~~~~~~~~~ 03-24
07021459;09022037s;09075797;02110400113;04011959;16071753;085;660;913 ~~~~~~~~~~~~~~~~~~~~~~~~~~~~~~~~~~ 03-25
08021459;10022037s;10075797;03110400113;05011959;17071753;086;912;933;613 ~~~~~~~~~~~~~~~~~~~~~~~~~~~~~~ 03-26
09021459;11022037s;11075797;04110400113;06011959;18071753;087;436;877;613 ~~~~~~~~~~~~~~~~~~~~~~~~~~~~~~ 03-27
10021459;12022037s;12075797;05110400113;07011959;19071753;088;554;613 ~~~~~~~~~~~~~~~~~~~~~~~~~~~~~~~~~~ 03-28
11021459;13022037s;13075797;06110400113;08011959;20071753;089;493;652;821 ~~~~~~~~~~~~~~~~~~~~~~~~~~~~~~ 03-29
12021459;14022037s;14075797;07110400113;09011959;21071753;090;514;852;613 ~~~~~~~~~~~~~~~~~~~~~~~~~~~~~~ 03-30
13021459;15022037s;15075797;08110400113;10011959;22071753;091;396;396;539;575;515 ~~~~~~~~~~~~~~~~~~~~~~ 03-31
14021459;16022037s;16075797;09110400113;11011959;23071753;092;663;614 ~~~~~~~~~~~~~~~~~~~~~~~~~~~~~~~~~~ 04-01
15021459;17022037s;17075797;10110400113;12011959;24071753;093;412 ~~~~~~~~~~~~~~~~~~~~~~~~~~~~~~~~~~~~~~ 04-02
16021459;18022037s;18075797;11110400113;13011959;25071753;094;445;614 ~~~~~~~~~~~~~~~~~~~~~~~~~~~~~~~~~~ 04-03
17021459;19022037s;19075797;12110400113;14011959;26071753;095;446;637;661;571 ~~~~~~~~~~~~~~~~~~~~~~~~~~ 04-04
18021459;20022037s;20075797;13110400113;15011959;27071753;096;447;662;399;614 ~~~~~~~~~~~~~~~~~~~~~~~~~~ 04-05
19021459;21022037s;21075797;14110400113;16011959;28071753;097;448;651 ~~~~~~~~~~~~~~~~~~~~~~~~~~~~~~~~~~ 04-06
20021459;22022037s;22075797;15110400113;17011959;29071753;098;398;844;651;614 ~~~~~~~~~~~~~~~~~~~~~~~~~~ 04-07
21021459;23022037s;23075797;16110400113;18011959;30071753;099;400;614;651 ~~~~~~~~~~~~~~~~~~~~~~~~~~~~~~ 04-08
22021459;24022037s;24075797;17110400113;19011959;01081753;100;412;651;614 ~~~~~~~~~~~~~~~~~~~~~~~~~~~~~~ 04-09
23021459;25022037s;25075797;18110400113;20011959;02081753;101;614;651 ~~~~~~~~~~~~~~~~~~~~~~~~~~~~~~~~~~ 04-10
24021459;26022037s;26075797;19110400113;21011959;03081753;102;513;939;651;614 ~~~~~~~~~~~~~~~~~~~~~~~~~~ 04-11
25021459;27022037s;27075797;00120400113;22011959;04081753;103;526;614 ~~~~~~~~~~~~~~~~~~~~~~~~~~~~~~~~~~ 04-12
26021459;28022037s;28075797;01120400113;23011959;05081753;104;614 ~~~~~~~~~~~~~~~~~~~~~~~~~~~~~~~~~~~~~~ 04-13
27021459;29022037s;29075797;02120400113;24011959;06081753;105;378;614 ~~~~~~~~~~~~~~~~~~~~~~~~~~~~~~~~~~ 04-14
28021459;30022037s;30075797;03120400113;25011959;07081753;106;380;614 ~~~~~~~~~~~~~~~~~~~~~~~~~~~~~~~~~~ 04-15
29021459;01032037s;01085797;04120400113;26011959;08081753;107;631;664;412;614 ~~~~~~~~~~~~~~~~~~~~~~~~~~ 04-16
01031459;02032037s;02085797;05120400113;27011959;09081753;108;665;614 ~~~~~~~~~~~~~~~~~~~~~~~~~~~~~~~~~~ 04-17
02031459;03032037s;03085797;06120400113;28011959;10081753;109;666;510;814;902;614 ~~~~~~~~~~~~~~~~~~~~~~ 04-18
03031459;04032037s;04085797;07120400113;29011959;11081753;110;528;614 ~~~~~~~~~~~~~~~~~~~~~~~~~~~~~~~~~~ 04-19
04031459;05032037s;05085797;08120400113;30011959;12081753;111;794;529;400;614 ~~~~~~~~~~~~~~~~~~~~~~~~~~ 04-20
05031459;06032037s;06085797;09120400113;01021959;13081753;112;614 ~~~~~~~~~~~~~~~~~~~~~~~~~~~~~~~~~~~~~~ 04-21
06031459;07032037s;07085797;10120400113;02021959;14081753;113;397;553 ~~~~~~~~~~~~~~~~~~~~~~~~~~~~~~~~~~ 04-22
07031459;08032037s;08085797;11120400113;03021959;15081753;114;667;614 ~~~~~~~~~~~~~~~~~~~~~~~~~~~~~~~~~~ 04-23
08031459;09032037s;09085797;12120400113;04021959;16081753;115;671;927 ~~~~~~~~~~~~~~~~~~~~~~~~~~~~~~~~~~ 04-24
09031459;10032037s;10085797;13120400113;05021959;17081753;116;668;614 ~~~~~~~~~~~~~~~~~~~~~~~~~~~~~~~~~~ 04-25
10031459;11032037s;11085797;14120400113;06021959;18081753;117;669;889;400 ~~~~~~~~~~~~~~~~~~~~~~~~~~~~~~ 04-26
11031459;12032037s;12085797;15120400113;07021959;19081753;118;413;514;614 ~~~~~~~~~~~~~~~~~~~~~~~~~~~~~~ 04-27
12031459;13032037s;13085797;16120400113;08021959;20081753;119;401;894;511;614 ~~~~~~~~~~~~~~~~~~~~~~~~~~ 04-28
13031459;14032037s;14085797;17120400113;09021959;21081753;120;670;384;537;937;843;614 ~~~~~~~~~~~~~~~~~~ 04-29
14031459;15032037s;15085797;18120400113;10021959;22081753;121;892 ~~~~~~~~~~~~~~~~~~~~~~~~~~~~~~~~~~~~~~ 04-30
15031459;16032037s;16085797;19120400113;11021959;23081753;122;679;615 ~~~~~~~~~~~~~~~~~~~~~~~~~~~~~~~~~~ 05-01
16031459;17032037s;17085797;00130400113;12021959;24081753;123;637;672 ~~~~~~~~~~~~~~~~~~~~~~~~~~~~~~~~~~ 05-02
17031459;18032037s;18085797;01130400113;13021959;25081753;124;673;432;511;518;615 ~~~~~~~~~~~~~~~~~~~~~~ 05-03
18031459;19032037s;19085797;02130400113;14021959;26081753;125;674 ~~~~~~~~~~~~~~~~~~~~~~~~~~~~~~~~~~~~~~ 05-04
19031459;20032037s;20085797;03130400113;15021959;27081753;126;675;615 ~~~~~~~~~~~~~~~~~~~~~~~~~~~~~~~~~~ 05-05
20031459;21032037s;21085797;04130400113;16021959;28081753;127;676;398 ~~~~~~~~~~~~~~~~~~~~~~~~~~~~~~~~~~ 05-06
21031459;22032037s;22085797;05130400113;17021959;29081753;128;677;615 ~~~~~~~~~~~~~~~~~~~~~~~~~~~~~~~~~~ 05-07
22031459;23032037s;23085797;06130400113;18021959;30081753;129;678 ~~~~~~~~~~~~~~~~~~~~~~~~~~~~~~~~~~~~~~ 05-08
23031459;24032037s;24085797;07130400113;19021959;01091753;130;681;680;513;615 ~~~~~~~~~~~~~~~~~~~~~~~~~~ 05-09
24031459;25032037s;25085797;08130400113;20021959;02091753;131;451;624 ~~~~~~~~~~~~~~~~~~~~~~~~~~~~~~~~~~ 05-10
25031459;26032037s;26085797;09130400113;21021959;03091753;132;682;530;624;615 ~~~~~~~~~~~~~~~~~~~~~~~~~~ 05-11
26031459;27032037s;27085797;10130400113;22021959;04091753;133;437;624 ~~~~~~~~~~~~~~~~~~~~~~~~~~~~~~~~~~ 05-12
27031459;28032037s;28085797;11130400113;23021959;05091753;134;683;821;624;615 ~~~~~~~~~~~~~~~~~~~~~~~~~~ 05-13
28031459;29032037s;29085797;12130400113;24021959;06091753;135;494;380;942;624 ~~~~~~~~~~~~~~~~~~~~~~~~~~ 05-14
29031459;01042037s;01095797;13130400113;25021959;07091753;136;686;921;573;624;615 ~~~~~~~~~~~~~~~~~~~~~~ 05-15
30031459;02042037s;02095797;14130400113;26021959;08091753;137;687;818;568;573;624 ~~~~~~~~~~~~~~~~~~~~~~ 05-16
01041459;03042037s;03095797;15130400113;27021959;09091753;138;684;568;573;615 ~~~~~~~~~~~~~~~~~~~~~~~~~~ 05-17
02041459;04042037s;04095797;16130400113;28021959;10091753;139;789 ~~~~~~~~~~~~~~~~~~~~~~~~~~~~~~~~~~~~~~ 05-18
03041459;05042037s;05095797;17130400113;29021959;11091753;140;615 ~~~~~~~~~~~~~~~~~~~~~~~~~~~~~~~~~~~~~~ 05-19
04041459;06042037s;06095797;18130400113;30021959;12091753;141;685;522 ~~~~~~~~~~~~~~~~~~~~~~~~~~~~~~~~~~ 05-20
05041459;07042037s;07095797;19130400113;31021959;13091753;142;797;615 ~~~~~~~~~~~~~~~~~~~~~~~~~~~~~~~~~~ 05-21
06041459;08042037s;08095797;00140400113;01031959;14091753;143;689;397 ~~~~~~~~~~~~~~~~~~~~~~~~~~~~~~~~~~ 05-22
07041459;09042037s;09095797;01140400113;02031959;15091753;144;439;798;420;615 ~~~~~~~~~~~~~~~~~~~~~~~~~~ 05-23
08041459;10042037s;10095797;02140400113;03031959;16091753;145;449;439;514;552 ~~~~~~~~~~~~~~~~~~~~~~~~~~ 05-24
09041459;11042037s;11095797;03140400113;04031959;17091753;146;438;898;615 ~~~~~~~~~~~~~~~~~~~~~~~~~~~~~~ 05-25
10041459;12042037s;12095797;04140400113;05031959;18091753;147 ~~~~~~~~~~~~~~~~~~~~~~~~~~~~~~~~~~~~~~~~~~ 05-26
11041459;13042037s;13095797;05140400113;06031959;19091753;148;688;615 ~~~~~~~~~~~~~~~~~~~~~~~~~~~~~~~~~~ 05-27
12041459;14042037s;14095797;06140400113;07031959;20091753;149;385 ~~~~~~~~~~~~~~~~~~~~~~~~~~~~~~~~~~~~~~ 05-28
13041459;15042037s;15095797;07140400113;08031959;21091753;150;874;615 ~~~~~~~~~~~~~~~~~~~~~~~~~~~~~~~~~~ 05-29
14041459;16042037s;16095797;08140400113;09031959;22091753;151 ~~~~~~~~~~~~~~~~~~~~~~~~~~~~~~~~~~~~~~~~~~ 05-30
15041459;17042037s;17095797;09140400113;10031959;23091753;152;615 ~~~~~~~~~~~~~~~~~~~~~~~~~~~~~~~~~~~~~~ 05-31
16041459;18042037s;18095797;10140400113;11031959;24091753;153 ~~~~~~~~~~~~~~~~~~~~~~~~~~~~~~~~~~~~~~~~~~ 06-01
17041459;19042037s;19095797;11140400113;12031959;25091753;154;694;421;616 ~~~~~~~~~~~~~~~~~~~~~~~~~~~~~~ 06-02
18041459;20042037s;20095797;12140400113;13031959;26091753;155;691;831;616 ~~~~~~~~~~~~~~~~~~~~~~~~~~~~~~ 06-03
19041459;21042037s;21095797;13140400113;14031959;27091753;156;616 ~~~~~~~~~~~~~~~~~~~~~~~~~~~~~~~~~~~~~~ 06-04
20041459;22042037s;22095797;14140400113;15031959;28091753;157;692;398;616 ~~~~~~~~~~~~~~~~~~~~~~~~~~~~~~ 06-05
21041459;23042037s;23095797;15140400113;16031959;29091753;158;637;693;513;616 ~~~~~~~~~~~~~~~~~~~~~~~~~~ 06-06
22041459;24042037s;24095797;16140400113;17031959;30091753;159;690 ~~~~~~~~~~~~~~~~~~~~~~~~~~~~~~~~~~~~~~ 06-07
23041459;25042037s;25095797;17140400113;18031959;01101753;160;616 ~~~~~~~~~~~~~~~~~~~~~~~~~~~~~~~~~~~~~~ 06-08
24041459;26042037s;26095797;18140400113;19031959;02101753;161;696;901;616 ~~~~~~~~~~~~~~~~~~~~~~~~~~~~~~ 06-09
25041459;27042037s;27095797;19140400113;20031959;03101753;162;616 ~~~~~~~~~~~~~~~~~~~~~~~~~~~~~~~~~~~~~~ 06-10
26041459;28042037s;28095797;00150400113;21031959;04101753;163;868;569 ~~~~~~~~~~~~~~~~~~~~~~~~~~~~~~~~~~ 06-11
27041459;29042037s;29095797;01150400113;22031959;05101753;164;569;616 ~~~~~~~~~~~~~~~~~~~~~~~~~~~~~~~~~~ 06-12
28041459;30042037s;30095797;02150400113;23031959;06101753;165;697;799;380 ~~~~~~~~~~~~~~~~~~~~~~~~~~~~~~ 06-13
29041459;01052037s;01105797;03150400113;24031959;07101753;166;695;616 ~~~~~~~~~~~~~~~~~~~~~~~~~~~~~~~~~~ 06-14
01051459;02052037s;02105797;04150400113;25031959;08101753;167;616 ~~~~~~~~~~~~~~~~~~~~~~~~~~~~~~~~~~~~~~ 06-15
02051459;03052037s;03105797;05150400113;26031959;09101753;168;433;836;616 ~~~~~~~~~~~~~~~~~~~~~~~~~~~~~~ 06-16
03051459;04052037s;04105797;06150400113;27031959;10101753;169;616 ~~~~~~~~~~~~~~~~~~~~~~~~~~~~~~~~~~~~~~ 06-17
04051459;05052037s;05105797;07150400113;28031959;11101753;170;698;514;564;616 ~~~~~~~~~~~~~~~~~~~~~~~~~~ 06-18
05051459;06052037s;06105797;08150400113;29031959;12101753;171;701;699;700;616 ~~~~~~~~~~~~~~~~~~~~~~~~~~ 06-19
06051459;07052037s;07105797;09150400113;30031959;13101753;172;397;460;616 ~~~~~~~~~~~~~~~~~~~~~~~~~~~~~~ 06-20
07051459;08052037s;08105797;10150400113;31031959;14101753;173;452;452;425 ~~~~~~~~~~~~~~~~~~~~~~~~~~~~~~ 06-21
08051459;09052037s;09105797;11150400113;01041959;15101753;174;461;616 ~~~~~~~~~~~~~~~~~~~~~~~~~~~~~~~~~~ 06-22
09051459;10052037s;10105797;12150400113;02041959;16101753;175;896;616 ~~~~~~~~~~~~~~~~~~~~~~~~~~~~~~~~~~ 06-23
10051459;11052037s;11105797;13150400113;03041959;17101753;176;704;616 ~~~~~~~~~~~~~~~~~~~~~~~~~~~~~~~~~~ 06-24
11051459;12052037s;12105797;14150400113;04041959;18101753;177 ~~~~~~~~~~~~~~~~~~~~~~~~~~~~~~~~~~~~~~~~~~ 06-25
12051459;13052037s;13105797;15150400113;05041959;19101753;178;703;616 ~~~~~~~~~~~~~~~~~~~~~~~~~~~~~~~~~~ 06-26
13051459;14052037s;14105797;16150400113;06041959;20101753;179;702;386;824;874;941;616 ~~~~~~~~~~~~~~~~~~ 06-27
14051459;15052037s;15105797;17150400113;07041959;21101753;180;616 ~~~~~~~~~~~~~~~~~~~~~~~~~~~~~~~~~~~~~~ 06-28
15051459;16052037s;16105797;18150400113;08041959;22101753;181;616 ~~~~~~~~~~~~~~~~~~~~~~~~~~~~~~~~~~~~~~ 06-29
16051459;17052037s;17105797;19150400113;09041959;23101753;182;616 ~~~~~~~~~~~~~~~~~~~~~~~~~~~~~~~~~~~~~~ 06-30
17051459;18052037s;18105797;00160400113;10041959;24101753;183 ~~~~~~~~~~~~~~~~~~~~~~~~~~~~~~~~~~~~~~~~~~ 07-01
18051459;19052037s;19105797;01160400113;11041959;25101753;184;617 ~~~~~~~~~~~~~~~~~~~~~~~~~~~~~~~~~~~~~~ 07-02
19051459;20052037s;20105797;02160400113;12041959;26101753;185;513;565;617 ~~~~~~~~~~~~~~~~~~~~~~~~~~~~~~ 07-03
20051459;21052037s;21105797;03160400113;13041959;27101753;186;637;705;840;565;617 ~~~~~~~~~~~~~~~~~~~~~~ 07-04
21051459;22052037s;22105797;04160400113;14041959;28101753;187;795;398;617 ~~~~~~~~~~~~~~~~~~~~~~~~~~~~~~ 07-05
22051459;23052037s;23105797;05160400113;15041959;29101753;188;373;617 ~~~~~~~~~~~~~~~~~~~~~~~~~~~~~~~~~~ 07-06
23051459;24052037s;24105797;06160400113;16041959;30101753;189;617 ~~~~~~~~~~~~~~~~~~~~~~~~~~~~~~~~~~~~~~ 07-07
24051459;25052037s;25105797;07160400113;17041959;01111753;190;859;617 ~~~~~~~~~~~~~~~~~~~~~~~~~~~~~~~~~~ 07-08
25051459;26052037s;26105797;08160400113;18041959;02111753;191;946;617 ~~~~~~~~~~~~~~~~~~~~~~~~~~~~~~~~~~ 07-09
26051459;27052037s;27105797;09160400113;19041959;03111753;192;578;617 ~~~~~~~~~~~~~~~~~~~~~~~~~~~~~~~~~~ 07-10
27051459;28052037s;28105797;10160400113;20041959;04111753;193;706 ~~~~~~~~~~~~~~~~~~~~~~~~~~~~~~~~~~~~~~ 07-11
28051459;29052037s;29105797;11160400113;21041959;05111753;194;380;617 ~~~~~~~~~~~~~~~~~~~~~~~~~~~~~~~~~~ 07-12
29051459;01062037s;01115797;12160400113;22041959;06111753;195;707;928;930;953;617 ~~~~~~~~~~~~~~~~~~~~~~ 07-13
30051459;02062037s;02115797;13160400113;23041959;07111753;196;870;617 ~~~~~~~~~~~~~~~~~~~~~~~~~~~~~~~~~~ 07-14
01061459;03062037s;03115797;14160400113;24041959;08111753;197;711;514 ~~~~~~~~~~~~~~~~~~~~~~~~~~~~~~~~~~ 07-15
02061459;04062037s;04115797;15160400113;25041959;09111753;198;631;813;617 ~~~~~~~~~~~~~~~~~~~~~~~~~~~~~~ 07-16
03061459;05062037s;05115797;16160400113;26041959;10111753;199;617 ~~~~~~~~~~~~~~~~~~~~~~~~~~~~~~~~~~~~~~ 07-17
04061459;06062037s;06115797;17160400113;27041959;11111753;200;708;617 ~~~~~~~~~~~~~~~~~~~~~~~~~~~~~~~~~~ 07-18
05061459;07062037s;07115797;18160400113;28041959;12111753;201;709;397;811 ~~~~~~~~~~~~~~~~~~~~~~~~~~~~~~ 07-19
06061459;08062037s;08115797;19160400113;29041959;13111753;202;710;617 ~~~~~~~~~~~~~~~~~~~~~~~~~~~~~~~~~~ 07-20
07061459;09062037s;09115797;00170400113;30041959;14111753;203 ~~~~~~~~~~~~~~~~~~~~~~~~~~~~~~~~~~~~~~~~~~ 07-21
08061459;10062037s;10115797;01170400113;31041959;15111753;204;835;421;617 ~~~~~~~~~~~~~~~~~~~~~~~~~~~~~~ 07-22
09061459;11062037s;11115797;02170400113;01051959;16111753;205;712;546;617 ~~~~~~~~~~~~~~~~~~~~~~~~~~~~~~ 07-23
10061459;12062037s;12115797;03170400113;02051959;17111753;206;617 ~~~~~~~~~~~~~~~~~~~~~~~~~~~~~~~~~~~~~~ 07-24
11061459;13062037s;13115797;04170400113;03051959;18111753;207;713;436 ~~~~~~~~~~~~~~~~~~~~~~~~~~~~~~~~~~ 07-25
12061459;14062037s;14115797;05170400113;04051959;19111753;208;714;387;617 ~~~~~~~~~~~~~~~~~~~~~~~~~~~~~~ 07-26
13061459;15062037s;15115797;06170400113;05051959;20111753;209;531;540;561;947;617 ~~~~~~~~~~~~~~~~~~~~~~ 07-27
14061459;16062037s;16115797;07170400113;06051959;21111753;210;617 ~~~~~~~~~~~~~~~~~~~~~~~~~~~~~~~~~~~~~~ 07-28
15061459;17062037s;17115797;08170400113;07051959;22111753;211 ~~~~~~~~~~~~~~~~~~~~~~~~~~~~~~~~~~~~~~~~~~ 07-29
16061459;18062037s;18115797;09170400113;08051959;23111753;212;715;432;823;617 ~~~~~~~~~~~~~~~~~~~~~~~~~~ 07-30
17061459;19062037s;19115797;10170400113;09051959;24111753;213;716;793;513 ~~~~~~~~~~~~~~~~~~~~~~~~~~~~~~ 07-31
18061459;20062037s;20115797;11170400113;10051959;25111753;214;637;720;417;421;618 ~~~~~~~~~~~~~~~~~~~~~~ 08-01
19061459;21062037s;21115797;12170400113;11051959;26111753;215;717 ~~~~~~~~~~~~~~~~~~~~~~~~~~~~~~~~~~~~~~ 08-02
20061459;22062037s;22115797;13170400113;12051959;27111753;216;618 ~~~~~~~~~~~~~~~~~~~~~~~~~~~~~~~~~~~~~~ 08-03
21061459;23062037s;23115797;14170400113;13051959;28111753;217;718;398 ~~~~~~~~~~~~~~~~~~~~~~~~~~~~~~~~~~ 08-04
22061459;24062037s;24115797;15170400113;14051959;29111753;218;618 ~~~~~~~~~~~~~~~~~~~~~~~~~~~~~~~~~~~~~~ 08-05
23061459;25062037s;25115797;16170400113;15051959;30111753;219 ~~~~~~~~~~~~~~~~~~~~~~~~~~~~~~~~~~~~~~~~~~ 08-06
24061459;26062037s;26115797;17170400113;16051959;01121753;220;719;878;618 ~~~~~~~~~~~~~~~~~~~~~~~~~~~~~~ 08-07
25061459;27062037s;27115797;18170400113;17051959;02121753;221;723;399 ~~~~~~~~~~~~~~~~~~~~~~~~~~~~~~~~~~ 08-08
26061459;28062037s;28115797;19170400113;18051959;03121753;222;721;618 ~~~~~~~~~~~~~~~~~~~~~~~~~~~~~~~~~~ 08-09
27061459;29062037s;29115797;00000500113;19051959;04121753;223;418 ~~~~~~~~~~~~~~~~~~~~~~~~~~~~~~~~~~~~~~ 08-10
28061459;01072037s;30115797;01000500113;20051959;05121753;224;380;823;400;618 ~~~~~~~~~~~~~~~~~~~~~~~~~~ 08-11
29061459;02072037s;01125797;02000500113;21051959;06121753;225;722;514 ~~~~~~~~~~~~~~~~~~~~~~~~~~~~~~~~~~ 08-12
01071459;03072037s;02125797;03000500113;22051959;07121753;226;579;618 ~~~~~~~~~~~~~~~~~~~~~~~~~~~~~~~~~~ 08-13
02071459;04072037s;03125797;04000500113;23051959;08121753;227;467;400 ~~~~~~~~~~~~~~~~~~~~~~~~~~~~~~~~~~ 08-14
03071459;05072037s;04125797;05000500113;24051959;09121753;228;724;891;618 ~~~~~~~~~~~~~~~~~~~~~~~~~~~~~~ 08-15
04071459;06072037s;05125797;06000500113;25051959;10121753;229 ~~~~~~~~~~~~~~~~~~~~~~~~~~~~~~~~~~~~~~~~~~ 08-16
05071459;07072037s;06125797;07000500113;26051959;11121753;230;397;572;618 ~~~~~~~~~~~~~~~~~~~~~~~~~~~~~~ 08-17
06071459;08072037s;07125797;08000500113;27051959;12121753;231 ~~~~~~~~~~~~~~~~~~~~~~~~~~~~~~~~~~~~~~~~~~ 08-18
07071459;09072037s;08125797;09000500113;28051959;13121753;232;418;618 ~~~~~~~~~~~~~~~~~~~~~~~~~~~~~~~~~~ 08-19
08071459;10072037s;09125797;10000500113;29051959;14121753;233;400 ~~~~~~~~~~~~~~~~~~~~~~~~~~~~~~~~~~~~~~ 08-20
09071459;11072037s;10125797;11000500113;30051959;15121753;234;926;938;421;618 ~~~~~~~~~~~~~~~~~~~~~~~~~~ 08-21
10071459;12072037s;11125797;12000500113;31051959;16121753;235 ~~~~~~~~~~~~~~~~~~~~~~~~~~~~~~~~~~~~~~~~~~ 08-22
11071459;13072037s;12125797;13000500113;01061959;17121753;236;400;618 ~~~~~~~~~~~~~~~~~~~~~~~~~~~~~~~~~~ 08-23
12071459;14072037s;13125797;14000500113;02061959;18121753;237;897;567 ~~~~~~~~~~~~~~~~~~~~~~~~~~~~~~~~~~ 08-24
13071459;15072037s;14125797;15000500113;03061959;19121753;238;388;556;909;910;925;567;618 ~~~~~~~~~~~~~~ 08-25
14071459;16072037s;15125797;16000500113;04061959;20121753;239;400 ~~~~~~~~~~~~~~~~~~~~~~~~~~~~~~~~~~~~~~ 08-26
15071459;17072037s;16125797;17000500113;05061959;21121753;240;618 ~~~~~~~~~~~~~~~~~~~~~~~~~~~~~~~~~~~~~~ 08-27
16071459;18072037s;17125797;18000500113;06061959;22121753;241;427;513;875;418 ~~~~~~~~~~~~~~~~~~~~~~~~~~ 08-28
17071459;19072037s;18125797;19000500113;07061959;23121753;242;725;618 ~~~~~~~~~~~~~~~~~~~~~~~~~~~~~~~~~~ 08-29
18071459;20072037s;19125797;00010500113;08061959;24121753;243;428;725 ~~~~~~~~~~~~~~~~~~~~~~~~~~~~~~~~~~ 08-30
19071459;21072037s;20125797;01010500113;09061959;25121753;244;796;401;421;618 ~~~~~~~~~~~~~~~~~~~~~~~~~~ 08-31
20071459;22072037s;21125797;02010500113;10061959;26121753;245;594 ~~~~~~~~~~~~~~~~~~~~~~~~~~~~~~~~~~~~~~ 09-01
21071459;23072037s;22125797;03010500113;11061959;27121753;246;595;398;872;619 ~~~~~~~~~~~~~~~~~~~~~~~~~~ 09-02
22071459;24072037s;23125797;04010500113;12061959;28121753;247;871 ~~~~~~~~~~~~~~~~~~~~~~~~~~~~~~~~~~~~~~ 09-03
23071459;25072037s;24125797;05010500113;13061959;29121753;248;596;596;727;619 ~~~~~~~~~~~~~~~~~~~~~~~~~~ 09-04
24071459;26072037s;25125797;06010500113;14061959;30121753;249;429;637;728 ~~~~~~~~~~~~~~~~~~~~~~~~~~~~~~ 09-05
25071459;27072037s;26125797;07010500113;15061959;01131753;250;430;845;503;418;619 ~~~~~~~~~~~~~~~~~~~~~~ 09-06
26071459;28072037s;27125797;08010500113;16061959;02131753;251;434;846;437;619 ~~~~~~~~~~~~~~~~~~~~~~~~~~ 09-07
27071459;29072037s;28125797;09010500113;17061959;03131753;252;435;809;509;619 ~~~~~~~~~~~~~~~~~~~~~~~~~~ 09-08
28071459;30072037s;29125797;10010500113;18061959;04131753;253;380;521 ~~~~~~~~~~~~~~~~~~~~~~~~~~~~~~~~~~ 09-09
29071459;01082037s;01215798;11010500113;19061959;05131753;254;730;514;521;619 ~~~~~~~~~~~~~~~~~~~~~~~~~~ 09-10
30071459;02082037s;02215798;12010500113;20061959;01011754;255;433;521 ~~~~~~~~~~~~~~~~~~~~~~~~~~~~~~~~~~ 09-11
01081459;03082037s;03215798;13010500113;21061959;02011754;256;847;550;597;619 ~~~~~~~~~~~~~~~~~~~~~~~~~~ 09-12
02081459;04082037s;04215798;14010500113;22061959;03011754;257;455;726;915 ~~~~~~~~~~~~~~~~~~~~~~~~~~~~~~ 09-13
03081459;05082037s;05215798;15010500113;23061959;04011754;258;729;619 ~~~~~~~~~~~~~~~~~~~~~~~~~~~~~~~~~~ 09-14
04081459;06082037s;06215798;16010500113;24061959;05011754;259;732;823 ~~~~~~~~~~~~~~~~~~~~~~~~~~~~~~~~~~ 09-15
05081459;07082037s;07215798;17010500113;25061959;06011754;260;397;908;619 ~~~~~~~~~~~~~~~~~~~~~~~~~~~~~~ 09-16
06081459;08082037s;08215798;18010500113;26061959;07011754;261;733;619 ~~~~~~~~~~~~~~~~~~~~~~~~~~~~~~~~~~ 09-17
07081459;09082037s;09215798;19010500113;27061959;08011754;262;734;619 ~~~~~~~~~~~~~~~~~~~~~~~~~~~~~~~~~~ 09-18
08081459;10082037s;10215798;00020500113;28061959;09011754;263;735;527;619 ~~~~~~~~~~~~~~~~~~~~~~~~~~~~~~ 09-19
09081459;11082037s;11215798;01020500113;29061959;10011754;264;731;903;619 ~~~~~~~~~~~~~~~~~~~~~~~~~~~~~~ 09-20
10081459;12082037s;12215798;02020500113;30061959;11011754;265;462;619;848 ~~~~~~~~~~~~~~~~~~~~~~~~~~~~~~ 09-21
11081459;13082037s;13215798;03020500113;31061959;12011754;266;737;423;619 ~~~~~~~~~~~~~~~~~~~~~~~~~~~~~~ 09-22
12081459;14082037s;14215798;04020500113;01071959;13011754;267;520;551;463;619;848 ~~~~~~~~~~~~~~~~~~~~~~ 09-23
13081459;15082037s;15215798;05020500113;02071959;14011754;268;741;389;390;513;534;570;523;418;619 ~~~~~~ 09-24
14081459;16082037s;16215798;06020500113;03071959;15011754;269;596;738;907;512;523;619;848 ~~~~~~~~~~~~~~ 09-25
15081459;17082037s;17215798;07020500113;04071959;16011754;270;739;743;523;619 ~~~~~~~~~~~~~~~~~~~~~~~~~~ 09-26
16081459;18082037s;18215798;08020500113;05071959;17011754;271;740;829;523;619 ~~~~~~~~~~~~~~~~~~~~~~~~~~ 09-27
17081459;19082037s;19215798;09020500113;06071959;18011754;272;736;523;619 ~~~~~~~~~~~~~~~~~~~~~~~~~~~~~~ 09-28
18081459;20082037s;20215798;10020500113;07071959;19011754;273;523;848 ~~~~~~~~~~~~~~~~~~~~~~~~~~~~~~~~~~ 09-29
19081459;21082037s;21215798;11020500113;08071959;20011754;274;742;790;523;853;421;619 ~~~~~~~~~~~~~~~~~~ 09-30
20081459;22082037s;22215798;12020500113;09071959;21011754;275;747;790;864;524;853;848 ~~~~~~~~~~~~~~~~~~ 10-01
21081459;23082037s;23215798;13020500113;10071959;22011754;276;748;790;398;525;853;620 ~~~~~~~~~~~~~~~~~~ 10-02
22081459;24082037s;24215798;14020500113;11071959;23011754;277;637;790;374;848 ~~~~~~~~~~~~~~~~~~~~~~~~~~ 10-03
23081459;25082037s;25215798;15020500113;12071959;24011754;278;749;790;620 ~~~~~~~~~~~~~~~~~~~~~~~~~~~~~~ 10-04
24081459;26082037s;26215798;16020500113;13071959;25011754;279;744;790;869;620;848 ~~~~~~~~~~~~~~~~~~~~~~ 10-05
25081459;27082037s;27215798;17020500113;14071959;26011754;280;745;790;620 ~~~~~~~~~~~~~~~~~~~~~~~~~~~~~~ 10-06
26081459;28082037s;28215798;18020500113;15071959;27011754;281;746 ~~~~~~~~~~~~~~~~~~~~~~~~~~~~~~~~~~~~~~ 10-07
27081459;29082037s;29215798;19020500113;16071959;28011754;282;753;380;514;920;620 ~~~~~~~~~~~~~~~~~~~~~~ 10-08
28081459;01092037s;30215798;00030500113;17071959;29011754;283;596;895 ~~~~~~~~~~~~~~~~~~~~~~~~~~~~~~~~~~ 10-09
29081459;02092037s;01225798;01030500113;18071959;30011754;284;754;367;620 ~~~~~~~~~~~~~~~~~~~~~~~~~~~~~~ 10-10
01091459;03092037s;02225798;02030500113;19071959;01021754;285;750;368;504;620 ~~~~~~~~~~~~~~~~~~~~~~~~~~ 10-11
02091459;04092037s;03225798;03030500113;20071959;02021754;286;751;405;418;620 ~~~~~~~~~~~~~~~~~~~~~~~~~~ 10-12
03091459;05092037s;04225798;04030500113;21071959;03021754;287;791;505;848 ~~~~~~~~~~~~~~~~~~~~~~~~~~~~~~ 10-13
04091459;06092037s;05225798;05030500113;22071959;04021754;288;752;918;620 ~~~~~~~~~~~~~~~~~~~~~~~~~~~~~~ 10-14
05091459;07092037s;06225798;06030500113;23071959;05021754;289;631;397;919 ~~~~~~~~~~~~~~~~~~~~~~~~~~~~~~ 10-15
06091459;08092037s;07225798;07030500113;24071959;06021754;290;548;620 ~~~~~~~~~~~~~~~~~~~~~~~~~~~~~~~~~~ 10-16
07091459;09092037s;08225798;08030500113;25071959;07021754;291;758;885;563;406 ~~~~~~~~~~~~~~~~~~~~~~~~~~ 10-17
08091459;10092037s;09225798;09030500113;26071959;08021754;292;549;560;620 ~~~~~~~~~~~~~~~~~~~~~~~~~~~~~~ 10-18
09091459;11092037s;10225798;10030500113;27071959;09021754;293;755;899;505;620 ~~~~~~~~~~~~~~~~~~~~~~~~~~ 10-19
10091459;12092037s;11225798;11030500113;28071959;10021754;294;756;453;784;620 ~~~~~~~~~~~~~~~~~~~~~~~~~~ 10-20
11091459;13092037s;12225798;12030500113;29071959;11021754;295;757;369;431;513;785 ~~~~~~~~~~~~~~~~~~~~~~ 10-21
12091459;14092037s;13225798;13030500113;30071959;12021754;296;786;620 ~~~~~~~~~~~~~~~~~~~~~~~~~~~~~~~~~~ 10-22
13091459;15092037s;14225798;14030500113;01081959;13021754;297;393;882;922;787;620 ~~~~~~~~~~~~~~~~~~~~~~ 10-23
14091459;16092037s;15225798;15030500113;02081959;14021754;298;759;371;532;866;620 ~~~~~~~~~~~~~~~~~~~~~~ 10-24
15091459;17092037s;16225798;16030500113;03081959;15021754;299;432;620 ~~~~~~~~~~~~~~~~~~~~~~~~~~~~~~~~~~ 10-25
16091459;18092037s;17225798;17030500113;04081959;16021754;300;620 ~~~~~~~~~~~~~~~~~~~~~~~~~~~~~~~~~~~~~~ 10-26
17091459;19092037s;18225798;18030500113;05081959;17021754;301;881;406;620 ~~~~~~~~~~~~~~~~~~~~~~~~~~~~~~ 10-27
18091459;20092037s;19225798;19030500113;06081959;18021754;302;620 ~~~~~~~~~~~~~~~~~~~~~~~~~~~~~~~~~~~~~~ 10-28
19091459;21092037s;20225798;00040500113;07081959;19021754;303;505;620 ~~~~~~~~~~~~~~~~~~~~~~~~~~~~~~~~~~ 10-29
20091459;22092037s;21225798;01040500113;08081959;20021754;304;849;414;418;620 ~~~~~~~~~~~~~~~~~~~~~~~~~~ 10-30
21091459;23092037s;22225798;02040500113;09081959;21021754;305;398;499;505 ~~~~~~~~~~~~~~~~~~~~~~~~~~~~~~ 10-31
22091459;24092037s;23225798;03040500113;10081959;22021754;306;406;621 ~~~~~~~~~~~~~~~~~~~~~~~~~~~~~~~~~~ 11-01
23091459;25092037s;24225798;04040500113;11081959;23021754;307;760 ~~~~~~~~~~~~~~~~~~~~~~~~~~~~~~~~~~~~~~ 11-02
24091459;26092037s;25225798;05040500113;12081959;24021754;308;422;911;621 ~~~~~~~~~~~~~~~~~~~~~~~~~~~~~~ 11-03
25091459;27092037s;26225798;06040500113;13081959;25021754;309;761;554;558 ~~~~~~~~~~~~~~~~~~~~~~~~~~~~~~ 11-04
26091459;28092037s;27225798;07040500113;14081959;26021754;310;762;514;779;784;785;375;621 ~~~~~~~~~~~~~~ 11-05
27091459;29092037s;28225798;08040500113;15081959;27021754;311;507;780;893;508 ~~~~~~~~~~~~~~~~~~~~~~~~~~ 11-06
28091459;01102037s;29225798;09040500113;16081959;28021754;312;637;763;380;781;786;817;621 ~~~~~~~~~~~~~~ 11-07
29091459;02102037s;30225798;10040500113;17081959;29021754;313;535;782;787;418;505 ~~~~~~~~~~~~~~~~~~~~~~ 11-08
30091459;03102037s;01235798;11040500113;18081959;30021754;314;783;788;506;621 ~~~~~~~~~~~~~~~~~~~~~~~~~~ 11-09
01101459;04102037s;02235798;12040500113;19081959;01031754;315;502 ~~~~~~~~~~~~~~~~~~~~~~~~~~~~~~~~~~~~~~ 11-10
02101459;05102037s;03235798;13040500113;20081959;02031754;316;858;621 ~~~~~~~~~~~~~~~~~~~~~~~~~~~~~~~~~~ 11-11
03101459;06102037s;04235798;14040500113;21081959;03031754;317;764 ~~~~~~~~~~~~~~~~~~~~~~~~~~~~~~~~~~~~~~ 11-12
04101459;07102037s;05235798;15040500113;22081959;04031754;318;543;621 ~~~~~~~~~~~~~~~~~~~~~~~~~~~~~~~~~~ 11-13
05101459;08102037s;06235798;16040500113;23081959;05031754;319;397 ~~~~~~~~~~~~~~~~~~~~~~~~~~~~~~~~~~~~~~ 11-14
06101459;09102037s;07235798;17040500113;24081959;06031754;320;765;415;621 ~~~~~~~~~~~~~~~~~~~~~~~~~~~~~~ 11-15
07101459;10102037s;08235798;18040500113;25081959;07031754;321;408;406 ~~~~~~~~~~~~~~~~~~~~~~~~~~~~~~~~~~ 11-16
08101459;11102037s;09235798;19040500113;26081959;08031754;322;513;879;418;621 ~~~~~~~~~~~~~~~~~~~~~~~~~~ 11-17
09101459;12102037s;10235798;00050500113;27081959;09031754;323;547 ~~~~~~~~~~~~~~~~~~~~~~~~~~~~~~~~~~~~~~ 11-18
10101459;13102037s;11235798;01050500113;28081959;10031754;324;766;436;857;934;621 ~~~~~~~~~~~~~~~~~~~~~~ 11-19
11101459;14102037s;12235798;02050500113;29081959;11031754;325 ~~~~~~~~~~~~~~~~~~~~~~~~~~~~~~~~~~~~~~~~~~ 11-20
12101459;15102037s;13235798;03050500113;30081959;12031754;326;767;406;621 ~~~~~~~~~~~~~~~~~~~~~~~~~~~~~~ 11-21
13101459;16102037s;14235798;04050500113;01091959;13031754;327;392;880;788;409 ~~~~~~~~~~~~~~~~~~~~~~~~~~ 11-22
14101459;17102037s;15235798;05050500113;02091959;14031754;328;415;621 ~~~~~~~~~~~~~~~~~~~~~~~~~~~~~~~~~~ 11-23
15101459;18102037s;16235798;06050500113;03091959;15031754;329 ~~~~~~~~~~~~~~~~~~~~~~~~~~~~~~~~~~~~~~~~~~ 11-24
16101459;19102037s;17235798;07050500113;04091959;16031754;330;769;621 ~~~~~~~~~~~~~~~~~~~~~~~~~~~~~~~~~~ 11-25
17101459;20102037s;18235798;08050500113;05091959;17031754;331;440;406 ~~~~~~~~~~~~~~~~~~~~~~~~~~~~~~~~~~ 11-26
18101459;21102037s;19235798;09050500113;06091959;18031754;332;441;621 ~~~~~~~~~~~~~~~~~~~~~~~~~~~~~~~~~~ 11-27
19101459;22102037s;20235798;10050500113;07091959;19031754;333;770;768;369;399 ~~~~~~~~~~~~~~~~~~~~~~~~~~ 11-28
20101459;23102037s;21235798;11050500113;08091959;20031754;334;398;589;621 ~~~~~~~~~~~~~~~~~~~~~~~~~~~~~~ 11-29
21101459;24102037s;22235798;12050500113;09091959;21031754;335;442;876 ~~~~~~~~~~~~~~~~~~~~~~~~~~~~~~~~~~ 11-30
22101459;25102037s;23235798;13050500113;10091959;22031754;336;771;773;400;415;622 ~~~~~~~~~~~~~~~~~~~~~~ 12-01
23101459;26102037s;24235798;14050500113;11091959;23031754;337;772;370;865 ~~~~~~~~~~~~~~~~~~~~~~~~~~~~~~ 12-02
24101459;27102037s;25235798;15050500113;12091959;24031754;338;514;936;516;622 ~~~~~~~~~~~~~~~~~~~~~~~~~~ 12-03
25101459;28102037s;26235798;16050500113;13091959;25031754;339;774;516;400;409 ~~~~~~~~~~~~~~~~~~~~~~~~~~ 12-04
26101459;29102037s;27235798;17050500113;14091959;26031754;340;637;775;516;622 ~~~~~~~~~~~~~~~~~~~~~~~~~~ 12-05
27101459;30102037s;28235798;18050500113;15091959;27031754;341;380;590;516 ~~~~~~~~~~~~~~~~~~~~~~~~~~~~~~ 12-06
28101459;01112037s;29235798;19050500113;16091959;28031754;342;516;622 ~~~~~~~~~~~~~~~~~~~~~~~~~~~~~~~~~~ 12-07
29101459;02112037s;30235798;00060500113;17091959;29031754;343;433 ~~~~~~~~~~~~~~~~~~~~~~~~~~~~~~~~~~~~~~ 12-08
01111459;03112037s;01245798;01060500113;18091959;30031754;344;516;415;622 ~~~~~~~~~~~~~~~~~~~~~~~~~~~~~~ 12-09
02111459;04112037s;02245798;02060500113;19091959;01041754;345;516;400;409 ~~~~~~~~~~~~~~~~~~~~~~~~~~~~~~ 12-10
03111459;05112037s;03245798;03060500113;20091959;02041754;346;944;516;622 ~~~~~~~~~~~~~~~~~~~~~~~~~~~~~~ 12-11
04111459;06112037s;04245798;04060500113;21091959;03041754;347;776 ~~~~~~~~~~~~~~~~~~~~~~~~~~~~~~~~~~~~~~ 12-12
05111459;07112037s;05245798;05060500113;22091959;04041754;348;777;591;400;622 ~~~~~~~~~~~~~~~~~~~~~~~~~~ 12-13
06111459;08112037s;06245798;06060500113;23091959;05041754;349;397;402;418 ~~~~~~~~~~~~~~~~~~~~~~~~~~~~~~ 12-14
07111459;09112037s;07245798;07060500113;24091959;06041754;350;513;622 ~~~~~~~~~~~~~~~~~~~~~~~~~~~~~~~~~~ 12-15
08111459;10112037s;08245798;08060500113;25091959;07041754;351;400;406 ~~~~~~~~~~~~~~~~~~~~~~~~~~~~~~~~~~ 12-16
09111459;11112037s;09245798;09060500113;26091959;08041754;352;622 ~~~~~~~~~~~~~~~~~~~~~~~~~~~~~~~~~~~~~~ 12-17
10111459;12112037s;10245798;10060500113;27091959;09041754;353;778;401;557;890;403 ~~~~~~~~~~~~~~~~~~~~~~ 12-18
11111459;13112037s;11245798;11060500113;28091959;10041754;354;622 ~~~~~~~~~~~~~~~~~~~~~~~~~~~~~~~~~~~~~~ 12-19
12111459;14112037s;12245798;12060500113;29091959;11041754;355;371;592;466 ~~~~~~~~~~~~~~~~~~~~~~~~~~~~~~ 12-20
13111459;15112037s;13245798;13060500113;30091959;12041754;356;426;406;622 ~~~~~~~~~~~~~~~~~~~~~~~~~~~~~~ 12-21
14111459;16112037s;14245798;14060500113;01101959;13041754;357;395;545;887;465 ~~~~~~~~~~~~~~~~~~~~~~~~~~ 12-22
15111459;17112037s;15245798;15060500113;02101959;14041754;358;407;418;622 ~~~~~~~~~~~~~~~~~~~~~~~~~~~~~~ 12-23
16111459;18112037s;16245798;16060500113;03101959;15041754;359 ~~~~~~~~~~~~~~~~~~~~~~~~~~~~~~~~~~~~~~~~~~ 12-24
17111459;19112037s;17245798;17060500113;04101959;16041754;360;415;622 ~~~~~~~~~~~~~~~~~~~~~~~~~~~~~~~~~~ 12-25
18111459;20112037s;18245798;18060500113;05101959;17041754;361;411 ~~~~~~~~~~~~~~~~~~~~~~~~~~~~~~~~~~~~~~ 12-26
19111459;21112037s;19245798;19060500113;06101959;18041754;362;622 ~~~~~~~~~~~~~~~~~~~~~~~~~~~~~~~~~~~~~~ 12-27
20111459;22112037s;20245798;00070500113;07101959;19041754;363;437;409 ~~~~~~~~~~~~~~~~~~~~~~~~~~~~~~~~~~ 12-28
21111459;23112037s;21245798;01070500113;08101959;20041754;364;398;514;622 ~~~~~~~~~~~~~~~~~~~~~~~~~~~~~~ 12-29
22111459;24112037s;22245798;02070500113;09101959;21041754;365 ~~~~~~~~~~~~~~~~~~~~~~~~~~~~~~~~~~~~~~~~~~ 12-30
23111459;25112037s;23245798;03070500113;10101959;22041754;366;622 ~~~~~~~~~~~~~~~~~~~~~~~~~~~~~~~~~~~~~~ 12-31
