03081516;04122092n;03045853;11030100413;11102014;23041809;001;855;516;611 ~~~~~~~~~~~~~~~~~~~~~~~~~~~~~~ 01-01
04081516;05122092n;04045853;12030100413;12102014;24041809;002 ~~~~~~~~~~~~~~~~~~~~~~~~~~~~~~~~~~~~~~~~~~ 01-02
05081516;06122092n;05045853;13030100413;13102014;25041809;003;637;611 ~~~~~~~~~~~~~~~~~~~~~~~~~~~~~~~~~~ 01-03
06081516;07122092n;06045853;14030100413;14102014;26041809;004;397 ~~~~~~~~~~~~~~~~~~~~~~~~~~~~~~~~~~~~~~ 01-04
07081516;08122092n;07045853;15030100413;15102014;27041809;005;372;611 ~~~~~~~~~~~~~~~~~~~~~~~~~~~~~~~~~~ 01-05
08081516;09122092n;08045853;16030100413;16102014;28041809;006 ~~~~~~~~~~~~~~~~~~~~~~~~~~~~~~~~~~~~~~~~~~ 01-06
09081516;10122092n;09045853;17030100413;17102014;29041809;007;611 ~~~~~~~~~~~~~~~~~~~~~~~~~~~~~~~~~~~~~~ 01-07
10081516;11122092n;10045853;18030100413;18102014;30041809;008;422;905 ~~~~~~~~~~~~~~~~~~~~~~~~~~~~~~~~~~ 01-08
11081516;12122092n;11045853;19030100413;19102014;01051809;009;861;611 ~~~~~~~~~~~~~~~~~~~~~~~~~~~~~~~~~~ 01-09
12081516;13122092n;12045853;00040100413;20102014;02051809;010;626;513 ~~~~~~~~~~~~~~~~~~~~~~~~~~~~~~~~~~ 01-10
13081516;14122092n;13045853;01040100413;21102014;03051809;011;627;611 ~~~~~~~~~~~~~~~~~~~~~~~~~~~~~~~~~~ 01-11
14081516;15122092n;14045853;02040100413;22102014;04051809;012;628;381;542;904;948;512 ~~~~~~~~~~~~~~~~~~ 01-12
15081516;16122092n;15045853;03040100413;23102014;05051809;013;629;611 ~~~~~~~~~~~~~~~~~~~~~~~~~~~~~~~~~~ 01-13
16081516;17122092n;16045853;04040100413;24102014;06051809;014 ~~~~~~~~~~~~~~~~~~~~~~~~~~~~~~~~~~~~~~~~~~ 01-14
17081516;18122092n;17045853;05040100413;25102014;07051809;015;631;412;611 ~~~~~~~~~~~~~~~~~~~~~~~~~~~~~~ 01-15
18081516;19122092n;18045853;06040100413;26102014;08051809;016;916 ~~~~~~~~~~~~~~~~~~~~~~~~~~~~~~~~~~~~~~ 01-16
19081516;20122092n;19045853;07040100413;27102014;09051809;017;630;611 ~~~~~~~~~~~~~~~~~~~~~~~~~~~~~~~~~~ 01-17
20081516;21122092n;20045853;08040100413;28102014;10051809;018;625 ~~~~~~~~~~~~~~~~~~~~~~~~~~~~~~~~~~~~~~ 01-18
21081516;22122092n;21045853;09040100413;29102014;11051809;019;492;418;611 ~~~~~~~~~~~~~~~~~~~~~~~~~~~~~~ 01-19
22081516;23122092n;22045853;10040100413;30102014;12051809;020;398 ~~~~~~~~~~~~~~~~~~~~~~~~~~~~~~~~~~~~~~ 01-20
23081516;24122092n;23045853;11040100413;01112014;13051809;021;611 ~~~~~~~~~~~~~~~~~~~~~~~~~~~~~~~~~~~~~~ 01-21
24081516;25122092n;24045853;12040100413;02112014;14051809;022 ~~~~~~~~~~~~~~~~~~~~~~~~~~~~~~~~~~~~~~~~~~ 01-22
25081516;26122092n;25045853;13040100413;03112014;15051809;023;596;923;611 ~~~~~~~~~~~~~~~~~~~~~~~~~~~~~~ 01-23
26081516;27122092n;26045853;14040100413;04112014;16051809;024 ~~~~~~~~~~~~~~~~~~~~~~~~~~~~~~~~~~~~~~~~~~ 01-24
27081516;28122092n;27045853;15040100413;05112014;17051809;025;635;514;611 ~~~~~~~~~~~~~~~~~~~~~~~~~~~~~~ 01-25
28081516;29122092n;28045853;16040100413;06112014;18051809;026;636;380 ~~~~~~~~~~~~~~~~~~~~~~~~~~~~~~~~~~ 01-26
29081516;01012093o;29045853;17040100413;07112014;19051809;027;888;930;953;479;490;580;611 ~~~~~~~~~~~~~~ 01-27
01091516;02012093o;01055853;18040100413;08112014;20051809;028;632;504;566;479;490 ~~~~~~~~~~~~~~~~~~~~~~ 01-28
02091516;03012093o;02055853;19040100413;09112014;21051809;029;436;566;611 ~~~~~~~~~~~~~~~~~~~~~~~~~~~~~~ 01-29
03091516;04012093o;03055853;00050100413;10112014;22051809;030;633;566 ~~~~~~~~~~~~~~~~~~~~~~~~~~~~~~~~~~ 01-30
04091516;05012093o;04055853;01050100413;11112014;23051809;031;634;940;566;611 ~~~~~~~~~~~~~~~~~~~~~~~~~~ 01-31
05091516;06012093o;05055853;01050100413;12112014;24051809;032 ~~~~~~~~~~~~~~~~~~~~~~~~~~~~~~~~~~~~~~~~~~ 02-01
06091516;07012093o;06055853;02050100413;13112014;25051809;033;397;433;914;612 ~~~~~~~~~~~~~~~~~~~~~~~~~~ 02-02
07091516;08012093o;07055853;03050100413;14112014;26051809;034;536;375;505 ~~~~~~~~~~~~~~~~~~~~~~~~~~~~~~ 02-03
08091516;09012093o;08055853;04050100413;15112014;27051809;035;612 ~~~~~~~~~~~~~~~~~~~~~~~~~~~~~~~~~~~~~~ 02-04
09091516;10012093o;09055853;05050100413;16112014;28051809;036;638;399;412 ~~~~~~~~~~~~~~~~~~~~~~~~~~~~~~ 02-05
10091516;11012093o;10055853;06050100413;17112014;29051809;037;639;513;418;612 ~~~~~~~~~~~~~~~~~~~~~~~~~~ 02-06
11091516;12012093o;11055853;07050100413;18112014;30051809;038;637;640;873 ~~~~~~~~~~~~~~~~~~~~~~~~~~~~~~ 02-07
12091516;13012093o;12055853;08050100413;19112014;01061809;039;581;612 ~~~~~~~~~~~~~~~~~~~~~~~~~~~~~~~~~~ 02-08
13091516;14012093o;13055853;09050100413;20112014;02061809;040;641 ~~~~~~~~~~~~~~~~~~~~~~~~~~~~~~~~~~~~~~ 02-09
14091516;15012093o;14055853;10050100413;21112014;03061809;041;612 ~~~~~~~~~~~~~~~~~~~~~~~~~~~~~~~~~~~~~~ 02-10
15091516;16012093o;15055853;11050100413;22112014;04061809;042;382;884;400;505 ~~~~~~~~~~~~~~~~~~~~~~~~~~ 02-11
16091516;17012093o;16055853;12050100413;23112014;05061809;043;642;864;412;612 ~~~~~~~~~~~~~~~~~~~~~~~~~~ 02-12
17091516;18012093o;17055853;13050100413;24112014;06061809;044 ~~~~~~~~~~~~~~~~~~~~~~~~~~~~~~~~~~~~~~~~~~ 02-13
18091516;19012093o;18055853;14050100413;25112014;07061809;045;643;400;612 ~~~~~~~~~~~~~~~~~~~~~~~~~~~~~~ 02-14
19091516;20012093o;19055853;15050100413;26112014;08061809;046;418 ~~~~~~~~~~~~~~~~~~~~~~~~~~~~~~~~~~~~~~ 02-15
20091516;21012093o;20055853;16050100413;27112014;09061809;047;450;612 ~~~~~~~~~~~~~~~~~~~~~~~~~~~~~~~~~~ 02-16
21091516;22012093o;21055853;17050100413;28112014;10061809;048;854;400 ~~~~~~~~~~~~~~~~~~~~~~~~~~~~~~~~~~ 02-17
22091516;23012093o;22055853;18050100413;29112014;11061809;049;793;398;453;854;612 ~~~~~~~~~~~~~~~~~~~~~~ 02-18
23091516;24012093o;23055853;19050100413;30112014;12061809;050;644;412 ~~~~~~~~~~~~~~~~~~~~~~~~~~~~~~~~~~ 02-19
24091516;25012093o;24055853;00060100413;01122014;13061809;051;645;400;612 ~~~~~~~~~~~~~~~~~~~~~~~~~~~~~~ 02-20
25091516;26012093o;25055853;01060100413;02122014;14061809;052;943 ~~~~~~~~~~~~~~~~~~~~~~~~~~~~~~~~~~~~~~ 02-21
26091516;27012093o;26055853;02060100413;03122014;15061809;053;514;554;612 ~~~~~~~~~~~~~~~~~~~~~~~~~~~~~~ 02-22
27091516;28012093o;27055853;03060100413;04122014;16061809;054;508;400 ~~~~~~~~~~~~~~~~~~~~~~~~~~~~~~~~~~ 02-23
28091516;29012093o;28055853;04060100413;05122014;17061809;055;443;646;886;612 ~~~~~~~~~~~~~~~~~~~~~~~~~~ 02-24
29091516;01022093o;29055853;05060100413;06122014;18061809;056;444;380;375 ~~~~~~~~~~~~~~~~~~~~~~~~~~~~~~ 02-25
30091516;02022093o;30055853;06060100413;07122014;19061809;057;647;648;506;612 ~~~~~~~~~~~~~~~~~~~~~~~~~~ 02-26
01101516;03022093o;01065853;07060100413;08122014;20061809;058;649;401;507;502 ~~~~~~~~~~~~~~~~~~~~~~~~~~ 02-27
02101516;04022093o;02065853;08060100413;09122014;21061809;059;650;612 ~~~~~~~~~~~~~~~~~~~~~~~~~~~~~~~~~~ 02-28
03101516;05022093o;03065853;12060100413;10122014;22061809;061;655 ~~~~~~~~~~~~~~~~~~~~~~~~~~~~~~~~~~~~~~ 03-01
04101516;06022093o;04065853;13060100413;11122014;23061809;062;613 ~~~~~~~~~~~~~~~~~~~~~~~~~~~~~~~~~~~~~~ 03-02
05101516;07022093o;05065853;14060100413;12122014;24061809;063;405;613 ~~~~~~~~~~~~~~~~~~~~~~~~~~~~~~~~~~ 03-03
06101516;08022093o;06065853;15060100413;13122014;25061809;064;397;613 ~~~~~~~~~~~~~~~~~~~~~~~~~~~~~~~~~~ 03-04
07101516;09022093o;07065853;16060100413;14122014;26061809;065;653 ~~~~~~~~~~~~~~~~~~~~~~~~~~~~~~~~~~~~~~ 03-05
08101516;10022093o;08065853;17060100413;15122014;27061809;066;654;513;613 ~~~~~~~~~~~~~~~~~~~~~~~~~~~~~~ 03-06
09101516;11022093o;09065853;18060100413;16122014;28061809;067;637;613 ~~~~~~~~~~~~~~~~~~~~~~~~~~~~~~~~~~ 03-07
10101516;12022093o;10065853;19060100413;17122014;29061809;068;517;375;406;613 ~~~~~~~~~~~~~~~~~~~~~~~~~~ 03-08
11101516;13022093o;11065853;00070100413;18122014;30061809;069 ~~~~~~~~~~~~~~~~~~~~~~~~~~~~~~~~~~~~~~~~~~ 03-09
12101516;14022093o;12065853;01070100413;19122014;01071809;070;613 ~~~~~~~~~~~~~~~~~~~~~~~~~~~~~~~~~~~~~~ 03-10
13101516;15022093o;13065853;02070100413;20122014;02071809;071 ~~~~~~~~~~~~~~~~~~~~~~~~~~~~~~~~~~~~~~~~~~ 03-11
14101516;16022093o;14065853;03070100413;21122014;03071809;072;656;383;437;544;623;519;412;613 ~~~~~~~~~~ 03-12
15101516;17022093o;15065853;04070100413;22122014;04071809;073;598;906;406 ~~~~~~~~~~~~~~~~~~~~~~~~~~~~~~ 03-13
16101516;18022093o;16065853;05070100413;23122014;05071809;074;562;418;613 ~~~~~~~~~~~~~~~~~~~~~~~~~~~~~~ 03-14
17101516;19022093o;17065853;06070100413;24122014;06071809;075;562 ~~~~~~~~~~~~~~~~~~~~~~~~~~~~~~~~~~~~~~ 03-15
18101516;20022093o;18065853;07070100413;25122014;07071809;076;562;613 ~~~~~~~~~~~~~~~~~~~~~~~~~~~~~~~~~~ 03-16
19101516;21022093o;19065853;08070100413;26122014;08071809;077;657;413 ~~~~~~~~~~~~~~~~~~~~~~~~~~~~~~~~~~ 03-17
20101516;22022093o;20065853;09070100413;27122014;09071809;078;432;406;613 ~~~~~~~~~~~~~~~~~~~~~~~~~~~~~~ 03-18
21101516;23022093o;21065853;10070100413;28122014;10071809;079;658;398;466;613 ~~~~~~~~~~~~~~~~~~~~~~~~~~ 03-19
22101516;24022093o;22065853;11070100413;29122014;11071809;080;533;924;424;613 ~~~~~~~~~~~~~~~~~~~~~~~~~~ 03-20
23101516;25022093o;23065853;12070100413;30122014;12071809;081;514;459 ~~~~~~~~~~~~~~~~~~~~~~~~~~~~~~~~~~ 03-21
24101516;26022093o;24065853;13070100413;01012015;13071809;082;851;613 ~~~~~~~~~~~~~~~~~~~~~~~~~~~~~~~~~~ 03-22
25101516;27022093o;25065853;14070100413;02012015;14071809;083;900;613 ~~~~~~~~~~~~~~~~~~~~~~~~~~~~~~~~~~ 03-23
26101516;28022093o;26065853;15070100413;03012015;15071809;084;659;613 ~~~~~~~~~~~~~~~~~~~~~~~~~~~~~~~~~~ 03-24
27101516;29022093o;27065853;16070100413;04012015;16071809;085;660;613 ~~~~~~~~~~~~~~~~~~~~~~~~~~~~~~~~~~ 03-25
28101516;30022093o;28065853;17070100413;05012015;17071809;086;380;613 ~~~~~~~~~~~~~~~~~~~~~~~~~~~~~~~~~~ 03-26
29101516;01032093o;29065853;18070100413;06012015;18071809;087 ~~~~~~~~~~~~~~~~~~~~~~~~~~~~~~~~~~~~~~~~~~ 03-27
01111516;02032093o;01075853;19070100413;07012015;19071809;088;538;559;819;935;613 ~~~~~~~~~~~~~~~~~~~~~~ 03-28
02111516;03032093o;02075853;00080100413;08012015;20071809;089;652;613 ~~~~~~~~~~~~~~~~~~~~~~~~~~~~~~~~~~ 03-29
03111516;04032093o;03075853;01080100413;09012015;21071809;090;555;577;852;613 ~~~~~~~~~~~~~~~~~~~~~~~~~~ 03-30
04111516;05032093o;04075853;02080100413;10012015;22071809;091 ~~~~~~~~~~~~~~~~~~~~~~~~~~~~~~~~~~~~~~~~~~ 03-31
05111516;06032093o;05075853;03080100413;11012015;23071809;092;663;614 ~~~~~~~~~~~~~~~~~~~~~~~~~~~~~~~~~~ 04-01
06111516;07032093o;06075853;04080100413;12012015;24071809;093;945 ~~~~~~~~~~~~~~~~~~~~~~~~~~~~~~~~~~~~~~ 04-02
07111516;08032093o;07075853;05080100413;13012015;25071809;094;397;513;824;614 ~~~~~~~~~~~~~~~~~~~~~~~~~~ 04-03
08111516;09032093o;08075853;06080100413;14012015;26071809;095;637;661;571 ~~~~~~~~~~~~~~~~~~~~~~~~~~~~~~ 04-04
09111516;10032093o;09075853;07080100413;15012015;27071809;096;493;662;576;933;614 ~~~~~~~~~~~~~~~~~~~~~~ 04-05
10111516;11032093o;10075853;08080100413;16012015;28071809;097;376;651;614 ~~~~~~~~~~~~~~~~~~~~~~~~~~~~~~ 04-06
11111516;12032093o;11075853;09080100413;17012015;29071809;098;877;406;651;614 ~~~~~~~~~~~~~~~~~~~~~~~~~~ 04-07
12111516;13032093o;12075853;10080100413;18012015;30071809;099;651 ~~~~~~~~~~~~~~~~~~~~~~~~~~~~~~~~~~~~~~ 04-08
13111516;14032093o;13075853;11080100413;19012015;01081809;100;651;614 ~~~~~~~~~~~~~~~~~~~~~~~~~~~~~~~~~~ 04-09
14111516;15032093o;14075853;12080100413;20012015;02081809;101;445;651;418 ~~~~~~~~~~~~~~~~~~~~~~~~~~~~~~ 04-10
15111516;16032093o;15075853;13080100413;21012015;03081809;102;446;384;651;539;575;857;515;614 ~~~~~~~~~~ 04-11
16111516;17032093o;16075853;14080100413;22012015;04081809;103;447 ~~~~~~~~~~~~~~~~~~~~~~~~~~~~~~~~~~~~~~ 04-12
17111516;18032093o;17075853;15080100413;23012015;05081809;104;448;614 ~~~~~~~~~~~~~~~~~~~~~~~~~~~~~~~~~~ 04-13
18111516;19032093o;18075853;16080100413;24012015;06081809;105;614 ~~~~~~~~~~~~~~~~~~~~~~~~~~~~~~~~~~~~~~ 04-14
19111516;20032093o;19075853;17080100413;25012015;07081809;106;514;614 ~~~~~~~~~~~~~~~~~~~~~~~~~~~~~~~~~~ 04-15
20111516;21032093o;20075853;18080100413;26012015;08081809;107;631;664;858;614 ~~~~~~~~~~~~~~~~~~~~~~~~~~ 04-16
21111516;22032093o;21075853;19080100413;27012015;09081809;108;665;614 ~~~~~~~~~~~~~~~~~~~~~~~~~~~~~~~~~~ 04-17
22111516;23032093o;22075853;00090100413;28012015;10081809;109;666;398 ~~~~~~~~~~~~~~~~~~~~~~~~~~~~~~~~~~ 04-18
23111516;24032093o;23075853;01090100413;29012015;11081809;110;418;614 ~~~~~~~~~~~~~~~~~~~~~~~~~~~~~~~~~~ 04-19
24111516;25032093o;24075853;02090100413;30012015;12081809;111;794 ~~~~~~~~~~~~~~~~~~~~~~~~~~~~~~~~~~~~~~ 04-20
25111516;26032093o;25075853;03090100413;01022015;13081809;112;939;614 ~~~~~~~~~~~~~~~~~~~~~~~~~~~~~~~~~~ 04-21
26111516;27032093o;26075853;04090100413;02022015;14081809;113;526 ~~~~~~~~~~~~~~~~~~~~~~~~~~~~~~~~~~~~~~ 04-22
27111516;28032093o;27075853;05090100413;03022015;15081809;114;667;614 ~~~~~~~~~~~~~~~~~~~~~~~~~~~~~~~~~~ 04-23
28111516;29032093o;28075853;06090100413;04022015;16081809;115;671;614 ~~~~~~~~~~~~~~~~~~~~~~~~~~~~~~~~~~ 04-24
29111516;30032093o;29075853;07090100413;05022015;17081809;116;668;380;614 ~~~~~~~~~~~~~~~~~~~~~~~~~~~~~~ 04-25
30111516;01042093o;30075853;08090100413;06022015;18081809;117;669 ~~~~~~~~~~~~~~~~~~~~~~~~~~~~~~~~~~~~~~ 04-26
01121516;02042093o;01085853;09090100413;07022015;19081809;118;614 ~~~~~~~~~~~~~~~~~~~~~~~~~~~~~~~~~~~~~~ 04-27
02121516;03042093o;02085853;10090100413;08022015;20081809;119;510;902 ~~~~~~~~~~~~~~~~~~~~~~~~~~~~~~~~~~ 04-28
03121516;04042093o;03085853;11090100413;09022015;21081809;120;670;614 ~~~~~~~~~~~~~~~~~~~~~~~~~~~~~~~~~~ 04-29
04121516;05042093o;04085853;12090100413;10022015;22081809;121;528 ~~~~~~~~~~~~~~~~~~~~~~~~~~~~~~~~~~~~~~ 04-30
05121516;06042093o;05085853;13090100413;11022015;23081809;122;679;433;513;529;615 ~~~~~~~~~~~~~~~~~~~~~~ 05-01
06121516;07042093o;06085853;14090100413;12022015;24081809;123;637;672;553 ~~~~~~~~~~~~~~~~~~~~~~~~~~~~~~ 05-02
07121516;08042093o;07085853;15090100413;13022015;25081809;124;673;397;615 ~~~~~~~~~~~~~~~~~~~~~~~~~~~~~~ 05-03
08121516;09042093o;08085853;16090100413;14022015;26081809;125;674 ~~~~~~~~~~~~~~~~~~~~~~~~~~~~~~~~~~~~~~ 05-04
09121516;10042093o;09085853;17090100413;15022015;27081809;126;675;927;501;615 ~~~~~~~~~~~~~~~~~~~~~~~~~~ 05-05
10121516;11042093o;10085853;18090100413;16022015;28081809;127;676;500 ~~~~~~~~~~~~~~~~~~~~~~~~~~~~~~~~~~ 05-06
11121516;12042093o;11085853;19090100413;17022015;29081809;128;677;889;500;418;615 ~~~~~~~~~~~~~~~~~~~~~~ 05-07
12121516;13042093o;12085853;00100100413;18022015;30081809;129;596;678 ~~~~~~~~~~~~~~~~~~~~~~~~~~~~~~~~~~ 05-08
13121516;14042093o;13085853;01100100413;19022015;01091809;130;681;680;419;894;500;615 ~~~~~~~~~~~~~~~~~~ 05-09
14121516;15042093o;14085853;02100100413;20022015;02091809;131;451;385;500 ~~~~~~~~~~~~~~~~~~~~~~~~~~~~~~ 05-10
15121516;16042093o;15085853;03100100413;21022015;03091809;132;682;537;825;892;937;615 ~~~~~~~~~~~~~~~~~~ 05-11
16121516;17042093o;16085853;04100100413;22022015;04091809;133 ~~~~~~~~~~~~~~~~~~~~~~~~~~~~~~~~~~~~~~~~~~ 05-12
17121516;18042093o;17085853;05100100413;23022015;05091809;134;683;514;615 ~~~~~~~~~~~~~~~~~~~~~~~~~~~~~~ 05-13
18121516;19042093o;18085853;06100100413;24022015;06091809;135;841;518 ~~~~~~~~~~~~~~~~~~~~~~~~~~~~~~~~~~ 05-14
19121516;20042093o;19085853;07100100413;25022015;07091809;136;686;573;615 ~~~~~~~~~~~~~~~~~~~~~~~~~~~~~~ 05-15
20121516;21042093o;20085853;08100100413;26022015;08091809;137;687;809;568;573 ~~~~~~~~~~~~~~~~~~~~~~~~~~ 05-16
21121516;22042093o;21085853;09100100413;27022015;09091809;138;684;398;568;573;406;615 ~~~~~~~~~~~~~~~~~~ 05-17
22121516;23042093o;22085853;10100100413;28022015;10091809;139;789 ~~~~~~~~~~~~~~~~~~~~~~~~~~~~~~~~~~~~~~ 05-18
23121516;24042093o;23085853;11100100413;29022015;11091809;140;615 ~~~~~~~~~~~~~~~~~~~~~~~~~~~~~~~~~~~~~~ 05-19
24121516;25042093o;24085853;12100100413;30022015;12091809;141;685;842 ~~~~~~~~~~~~~~~~~~~~~~~~~~~~~~~~~~ 05-20
25121516;26042093o;25085853;13100100413;31022015;13091809;142;494;797;530;615 ~~~~~~~~~~~~~~~~~~~~~~~~~~ 05-21
26121516;27042093o;26085853;14100100413;01032015;14091809;143;689;407 ~~~~~~~~~~~~~~~~~~~~~~~~~~~~~~~~~~ 05-22
27121516;28042093o;27085853;15100100413;02032015;15091809;144;439;798;436;615 ~~~~~~~~~~~~~~~~~~~~~~~~~~ 05-23
28121516;29042093o;28085853;16100100413;03032015;16091809;145;439;380;942;624 ~~~~~~~~~~~~~~~~~~~~~~~~~~ 05-24
29121516;01052093o;29085853;17100100413;04032015;17091809;146;438;921;624;615 ~~~~~~~~~~~~~~~~~~~~~~~~~~ 05-25
01011517;02052093o;01095853;18100100413;05032015;18091809;147;495;624 ~~~~~~~~~~~~~~~~~~~~~~~~~~~~~~~~~~ 05-26
02011517;03052093o;02095853;19100100413;06032015;19091809;148;688;624;615 ~~~~~~~~~~~~~~~~~~~~~~~~~~~~~~ 05-27
03011517;04052093o;03095853;00110100413;07032015;20091809;149;513;825;624 ~~~~~~~~~~~~~~~~~~~~~~~~~~~~~~ 05-28
04011517;05052093o;04095853;01110100413;08032015;21091809;150;564;624;615 ~~~~~~~~~~~~~~~~~~~~~~~~~~~~~~ 05-29
05011517;06052093o;05095853;02110100413;09032015;22091809;151;624 ~~~~~~~~~~~~~~~~~~~~~~~~~~~~~~~~~~~~~~ 05-30
06011517;07052093o;06095853;03110100413;10032015;23091809;152;449;522;615 ~~~~~~~~~~~~~~~~~~~~~~~~~~~~~~ 05-31
07011517;08052093o;07095853;04110100413;11032015;24091809;153 ~~~~~~~~~~~~~~~~~~~~~~~~~~~~~~~~~~~~~~~~~~ 06-01
08011517;09052093o;08095853;05110100413;12032015;25091809;154;694;397;616 ~~~~~~~~~~~~~~~~~~~~~~~~~~~~~~ 06-02
09011517;10052093o;09095853;06110100413;13032015;26091809;155;691 ~~~~~~~~~~~~~~~~~~~~~~~~~~~~~~~~~~~~~~ 06-03
10011517;11052093o;10095853;07110100413;14032015;27091809;156;552;868;498;616 ~~~~~~~~~~~~~~~~~~~~~~~~~~ 06-04
11011517;12052093o;11095853;08110100413;15032015;28091809;157;692;399;896;616 ~~~~~~~~~~~~~~~~~~~~~~~~~~ 06-05
12011517;13052093o;12095853;09110100413;16032015;29091809;158;637;693;616 ~~~~~~~~~~~~~~~~~~~~~~~~~~~~~~ 06-06
13011517;14052093o;13095853;10110100413;17032015;30091809;159;690 ~~~~~~~~~~~~~~~~~~~~~~~~~~~~~~~~~~~~~~ 06-07
14011517;15052093o;14095853;11110100413;18032015;01101809;160;400;616 ~~~~~~~~~~~~~~~~~~~~~~~~~~~~~~~~~~ 06-08
15011517;16052093o;15095853;12110100413;19032015;02101809;161;696;386;874;941;496 ~~~~~~~~~~~~~~~~~~~~~~ 06-09
16011517;17052093o;16095853;13110100413;20032015;03101809;162;514;616 ~~~~~~~~~~~~~~~~~~~~~~~~~~~~~~~~~~ 06-10
17011517;18052093o;17095853;14110100413;21032015;04101809;163;569;616 ~~~~~~~~~~~~~~~~~~~~~~~~~~~~~~~~~~ 06-11
18011517;19052093o;18095853;15110100413;22032015;05101809;164;569;616 ~~~~~~~~~~~~~~~~~~~~~~~~~~~~~~~~~~ 06-12
19011517;20052093o;19095853;16110100413;23032015;06101809;165;697;799;616 ~~~~~~~~~~~~~~~~~~~~~~~~~~~~~~ 06-13
20011517;21052093o;20095853;17110100413;24032015;07101809;166;695;432;400;616 ~~~~~~~~~~~~~~~~~~~~~~~~~~ 06-14
21011517;22052093o;21095853;18110100413;25032015;08101809;167;398;616 ~~~~~~~~~~~~~~~~~~~~~~~~~~~~~~~~~~ 06-15
22011517;23052093o;22095853;19110100413;26032015;09101809;168;835;616 ~~~~~~~~~~~~~~~~~~~~~~~~~~~~~~~~~~ 06-16
23011517;24052093o;23095853;00120100413;27032015;10101809;169;400 ~~~~~~~~~~~~~~~~~~~~~~~~~~~~~~~~~~~~~~ 06-17
24011517;25052093o;24095853;01120100413;28032015;11101809;170;698;616 ~~~~~~~~~~~~~~~~~~~~~~~~~~~~~~~~~~ 06-18
25011517;26052093o;25095853;02120100413;29032015;12101809;171;596;701;699;946;460;700;616 ~~~~~~~~~~~~~~ 06-19
26011517;27052093o;26095853;03120100413;30032015;13101809;172;425;400;616 ~~~~~~~~~~~~~~~~~~~~~~~~~~~~~~ 06-20
27011517;28052093o;27095853;04120100413;31032015;14101809;173;452;452;461 ~~~~~~~~~~~~~~~~~~~~~~~~~~~~~~ 06-21
28011517;29052093o;28095853;05120100413;01042015;15101809;174;616 ~~~~~~~~~~~~~~~~~~~~~~~~~~~~~~~~~~~~~~ 06-22
29011517;30052093o;29095853;06120100413;02042015;16101809;175;380;400;616 ~~~~~~~~~~~~~~~~~~~~~~~~~~~~~~ 06-23
30011517;01062093o;30095853;07120100413;03042015;17101809;176;704;497;616 ~~~~~~~~~~~~~~~~~~~~~~~~~~~~~~ 06-24
01021517;02062093o;01105853;08120100413;04042015;18101809;177;513;870 ~~~~~~~~~~~~~~~~~~~~~~~~~~~~~~~~~~ 06-25
02021517;03062093o;02105853;09120100413;05042015;19101809;178;703;400;616 ~~~~~~~~~~~~~~~~~~~~~~~~~~~~~~ 06-26
03021517;04062093o;03105853;10120100413;06042015;20101809;179;702 ~~~~~~~~~~~~~~~~~~~~~~~~~~~~~~~~~~~~~~ 06-27
04021517;05062093o;04105853;11120100413;07042015;21101809;180;616 ~~~~~~~~~~~~~~~~~~~~~~~~~~~~~~~~~~~~~~ 06-28
05021517;06062093o;05105853;12120100413;08042015;22101809;181;401;616 ~~~~~~~~~~~~~~~~~~~~~~~~~~~~~~~~~~ 06-29
06021517;07062093o;06105853;13120100413;09042015;23101809;182;616 ~~~~~~~~~~~~~~~~~~~~~~~~~~~~~~~~~~~~~~ 06-30
07021517;08062093o;07105853;14120100413;10042015;24101809;183;397;414 ~~~~~~~~~~~~~~~~~~~~~~~~~~~~~~~~~~ 07-01
08021517;09062093o;08105853;15120100413;11042015;25101809;184;617 ~~~~~~~~~~~~~~~~~~~~~~~~~~~~~~~~~~~~~~ 07-02
09021517;10062093o;09105853;16120100413;12042015;26101809;185;565 ~~~~~~~~~~~~~~~~~~~~~~~~~~~~~~~~~~~~~~ 07-03
10021517;11062093o;10105853;17120100413;13042015;27101809;186;637;705;840;373;565;617 ~~~~~~~~~~~~~~~~~~ 07-04
11021517;12062093o;11105853;18120100413;14042015;28101809;187;795;546;617 ~~~~~~~~~~~~~~~~~~~~~~~~~~~~~~ 07-05
12021517;13062093o;12105853;19120100413;15042015;29101809;188;617 ~~~~~~~~~~~~~~~~~~~~~~~~~~~~~~~~~~~~~~ 07-06
13021517;14062093o;13105853;00130100413;16042015;30101809;189;617 ~~~~~~~~~~~~~~~~~~~~~~~~~~~~~~~~~~~~~~ 07-07
14021517;15062093o;14105853;01130100413;17042015;01111809;190;387;378;514;531;540;561;947;617 ~~~~~~~~~~ 07-08
15021517;16062093o;15105853;02130100413;18042015;02111809;191;415;617 ~~~~~~~~~~~~~~~~~~~~~~~~~~~~~~~~~~ 07-09
16021517;17062093o;16105853;03130100413;19042015;03111809;192;617 ~~~~~~~~~~~~~~~~~~~~~~~~~~~~~~~~~~~~~~ 07-10
17021517;18062093o;17105853;04130100413;20042015;04111809;193;706;437;617 ~~~~~~~~~~~~~~~~~~~~~~~~~~~~~~ 07-11
18021517;19062093o;18105853;05130100413;21042015;05111809;194;617 ~~~~~~~~~~~~~~~~~~~~~~~~~~~~~~~~~~~~~~ 07-12
19021517;20062093o;19105853;06130100413;22042015;06111809;195;707;617 ~~~~~~~~~~~~~~~~~~~~~~~~~~~~~~~~~~ 07-13
20021517;21062093o;20105853;07130100413;23042015;07111809;196;844;617 ~~~~~~~~~~~~~~~~~~~~~~~~~~~~~~~~~~ 07-14
21021517;22062093o;21105853;08130100413;24042015;08111809;197;711;398 ~~~~~~~~~~~~~~~~~~~~~~~~~~~~~~~~~~ 07-15
22021517;23062093o;22105853;09130100413;25042015;09111809;198;631;617 ~~~~~~~~~~~~~~~~~~~~~~~~~~~~~~~~~~ 07-16
23021517;24062093o;23105853;10130100413;26042015;10111809;199;833;415 ~~~~~~~~~~~~~~~~~~~~~~~~~~~~~~~~~~ 07-17
24021517;25062093o;24105853;11130100413;27042015;11111809;200;708;617 ~~~~~~~~~~~~~~~~~~~~~~~~~~~~~~~~~~ 07-18
25021517;26062093o;25105853;12130100413;28042015;12111809;201;709;878;617 ~~~~~~~~~~~~~~~~~~~~~~~~~~~~~~ 07-19
26021517;27062093o;26105853;13130100413;29042015;13111809;202;710;617 ~~~~~~~~~~~~~~~~~~~~~~~~~~~~~~~~~~ 07-20
27021517;28062093o;27105853;14130100413;30042015;14111809;203 ~~~~~~~~~~~~~~~~~~~~~~~~~~~~~~~~~~~~~~~~~~ 07-21
28021517;29062093o;28105853;15130100413;31042015;15111809;204;408;513;617 ~~~~~~~~~~~~~~~~~~~~~~~~~~~~~~ 07-22
29021517;01262093o;29105853;16130100413;01052015;16111809;205;712;380;932;950;617 ~~~~~~~~~~~~~~~~~~~~~~ 07-23
01031517;02262093o;01115853;17130100413;02052015;17111809;206;617 ~~~~~~~~~~~~~~~~~~~~~~~~~~~~~~~~~~~~~~ 07-24
02031517;03262093o;02115853;18130100413;03052015;18111809;207;713 ~~~~~~~~~~~~~~~~~~~~~~~~~~~~~~~~~~~~~~ 07-25
03031517;04262093o;03115853;19130100413;04052015;19111809;208;714;579;617 ~~~~~~~~~~~~~~~~~~~~~~~~~~~~~~ 07-26
04031517;05262093o;04115853;00140100413;05052015;20111809;209;420;617 ~~~~~~~~~~~~~~~~~~~~~~~~~~~~~~~~~~ 07-27
05031517;06262093o;05115853;01140100413;06052015;21111809;210;433;891;409;617 ~~~~~~~~~~~~~~~~~~~~~~~~~~ 07-28
06031517;07262093o;06115853;02140100413;07052015;22111809;211;617 ~~~~~~~~~~~~~~~~~~~~~~~~~~~~~~~~~~~~~~ 07-29
07031517;08262093o;07115853;03140100413;08052015;23111809;212;715;617 ~~~~~~~~~~~~~~~~~~~~~~~~~~~~~~~~~~ 07-30
08031517;09262093o;08115853;04140100413;09052015;24111809;213;716;397;938 ~~~~~~~~~~~~~~~~~~~~~~~~~~~~~~ 07-31
09031517;10262093o;09115853;05140100413;10052015;25111809;214;637;720;618 ~~~~~~~~~~~~~~~~~~~~~~~~~~~~~~ 08-01
10031517;11262093o;10115853;06140100413;11052015;26111809;215;717;415 ~~~~~~~~~~~~~~~~~~~~~~~~~~~~~~~~~~ 08-02
11031517;12262093o;11115853;07140100413;12052015;27111809;216;926;409;843;618 ~~~~~~~~~~~~~~~~~~~~~~~~~~ 08-03
12031517;13262093o;12115853;08140100413;13052015;28111809;217;718;511 ~~~~~~~~~~~~~~~~~~~~~~~~~~~~~~~~~~ 08-04
13031517;14262093o;13115853;09140100413;14052015;29111809;218;618 ~~~~~~~~~~~~~~~~~~~~~~~~~~~~~~~~~~~~~~ 08-05
14031517;15262093o;14115853;10140100413;15052015;30111809;219;388;514;556;909;910;925 ~~~~~~~~~~~~~~~~~~ 08-06
15031517;16262093o;15115853;11140100413;16052015;01121809;220;719;618 ~~~~~~~~~~~~~~~~~~~~~~~~~~~~~~~~~~ 08-07
16031517;17262093o;16115853;12140100413;17052015;02121809;221;723 ~~~~~~~~~~~~~~~~~~~~~~~~~~~~~~~~~~~~~~ 08-08
17031517;18262093o;17115853;13140100413;18052015;03121809;222;721;875;511;409;618 ~~~~~~~~~~~~~~~~~~~~~~ 08-09
18031517;19262093o;18115853;14140100413;19052015;04121809;223;415 ~~~~~~~~~~~~~~~~~~~~~~~~~~~~~~~~~~~~~~ 08-10
19031517;20262093o;19115853;15140100413;20052015;05121809;224;843;618 ~~~~~~~~~~~~~~~~~~~~~~~~~~~~~~~~~~ 08-11
20031517;21262093o;20115853;16140100413;21052015;06121809;225;722 ~~~~~~~~~~~~~~~~~~~~~~~~~~~~~~~~~~~~~~ 08-12
21031517;22262093o;21115853;17140100413;22052015;07121809;226;398;872;618 ~~~~~~~~~~~~~~~~~~~~~~~~~~~~~~ 08-13
22031517;23262093o;22115853;18140100413;23052015;08121809;227;871 ~~~~~~~~~~~~~~~~~~~~~~~~~~~~~~~~~~~~~~ 08-14
23031517;24262093o;23115853;19140100413;24052015;09121809;228;724;409;618 ~~~~~~~~~~~~~~~~~~~~~~~~~~~~~~ 08-15
24031517;25262093o;24115853;00150100413;25052015;10121809;229;421 ~~~~~~~~~~~~~~~~~~~~~~~~~~~~~~~~~~~~~~ 08-16
25031517;26262093o;25115853;01150100413;26052015;11121809;230;503;618 ~~~~~~~~~~~~~~~~~~~~~~~~~~~~~~~~~~ 08-17
26031517;27262093o;26115853;02150100413;27052015;12121809;231;513 ~~~~~~~~~~~~~~~~~~~~~~~~~~~~~~~~~~~~~~ 08-18
27031517;28262093o;27115853;03150100413;28052015;13121809;232;618 ~~~~~~~~~~~~~~~~~~~~~~~~~~~~~~~~~~~~~~ 08-19
28031517;29262093o;28115853;04150100413;29052015;14121809;233 ~~~~~~~~~~~~~~~~~~~~~~~~~~~~~~~~~~~~~~~~~~ 08-20
29031517;30262093o;29115853;05150100413;30052015;15121809;234;380;618 ~~~~~~~~~~~~~~~~~~~~~~~~~~~~~~~~~~ 08-21
30031517;01072093o;30115853;06150100413;31052015;16121809;235 ~~~~~~~~~~~~~~~~~~~~~~~~~~~~~~~~~~~~~~~~~~ 08-22
01041517;02072093o;01125853;07150100413;01062015;17121809;236;618 ~~~~~~~~~~~~~~~~~~~~~~~~~~~~~~~~~~~~~~ 08-23
02041517;03072093o;02125853;08150100413;02062015;18121809;237 ~~~~~~~~~~~~~~~~~~~~~~~~~~~~~~~~~~~~~~~~~~ 08-24
03041517;04072093o;03125853;09150100413;03062015;19121809;238;597;618 ~~~~~~~~~~~~~~~~~~~~~~~~~~~~~~~~~~ 08-25
04041517;05072093o;04125853;10150100413;04062015;20121809;239;550;915;415;421 ~~~~~~~~~~~~~~~~~~~~~~~~~~ 08-26
05041517;06072093o;05125853;11150100413;05062015;21121809;240;618 ~~~~~~~~~~~~~~~~~~~~~~~~~~~~~~~~~~~~~~ 08-27
06041517;07072093o;06125853;12150100413;06062015;22121809;241;427;572 ~~~~~~~~~~~~~~~~~~~~~~~~~~~~~~~~~~ 08-28
07041517;08072093o;07125853;13150100413;07062015;23121809;242;725;397;908;618 ~~~~~~~~~~~~~~~~~~~~~~~~~~ 08-29
08041517;09072093o;08125853;14150100413;08062015;24121809;243;428;725 ~~~~~~~~~~~~~~~~~~~~~~~~~~~~~~~~~~ 08-30
09041517;10072093o;09125853;15150100413;09062015;25121809;244;796;618 ~~~~~~~~~~~~~~~~~~~~~~~~~~~~~~~~~~ 08-31
10041517;11072093o;10125853;16150100413;10062015;26121809;245;594;903 ~~~~~~~~~~~~~~~~~~~~~~~~~~~~~~~~~~ 09-01
11041517;12072093o;11125853;17150100413;11062015;27121809;246;595;409;619 ~~~~~~~~~~~~~~~~~~~~~~~~~~~~~~ 09-02
12041517;13072093o;12125853;18150100413;12062015;28121809;247;514;897;415 ~~~~~~~~~~~~~~~~~~~~~~~~~~~~~~ 09-03
13041517;14072093o;13125853;19150100413;13062015;29121809;248;596;727;520;551;567;619 ~~~~~~~~~~~~~~~~~~ 09-04
14041517;15072093o;14125853;00160100413;14062015;30121809;249;429;637;728;389;534;907;567;421;619 ~~~~~~ 09-05
15041517;16072093o;15125853;01160100413;15062015;01131809;250;430;845;619 ~~~~~~~~~~~~~~~~~~~~~~~~~~~~~~ 09-06
16041517;17072093o;16125853;02160100413;16062015;02131809;251;434;846 ~~~~~~~~~~~~~~~~~~~~~~~~~~~~~~~~~~ 09-07
17041517;18072093o;17125853;03160100413;17062015;03131809;252;435;619 ~~~~~~~~~~~~~~~~~~~~~~~~~~~~~~~~~~ 09-08
18041517;19072093o;18125853;04160100413;18062015;04131809;253;619 ~~~~~~~~~~~~~~~~~~~~~~~~~~~~~~~~~~~~~~ 09-09
19041517;20072093o;19125853;05160100413;19062015;05131809;254;730;432;619 ~~~~~~~~~~~~~~~~~~~~~~~~~~~~~~ 09-10
20041517;21072093o;20125853;06160100413;20062015;01011810;255;415 ~~~~~~~~~~~~~~~~~~~~~~~~~~~~~~~~~~~~~~ 09-11
21041517;22072093o;21125853;07160100413;21062015;02011810;256;847;398;619 ~~~~~~~~~~~~~~~~~~~~~~~~~~~~~~ 09-12
22041517;23072093o;22125853;08160100413;22062015;03011810;257;455;726 ~~~~~~~~~~~~~~~~~~~~~~~~~~~~~~~~~~ 09-13
23041517;24072093o;23125853;09160100413;23062015;04011810;258;729;619 ~~~~~~~~~~~~~~~~~~~~~~~~~~~~~~~~~~ 09-14
24041517;25072093o;24125853;10160100413;24062015;05011810;259;732;513;619 ~~~~~~~~~~~~~~~~~~~~~~~~~~~~~~ 09-15
25041517;26072093o;25125853;11160100413;25062015;06011810;260;869;619 ~~~~~~~~~~~~~~~~~~~~~~~~~~~~~~~~~~ 09-16
26041517;27072093o;26125853;12160100413;26062015;07011810;261;733;838;619 ~~~~~~~~~~~~~~~~~~~~~~~~~~~~~~ 09-17
27041517;28072093o;27125853;13160100413;27062015;08011810;262;734;619 ~~~~~~~~~~~~~~~~~~~~~~~~~~~~~~~~~~ 09-18
28041517;29072093o;28125853;14160100413;28062015;09011810;263;735;619 ~~~~~~~~~~~~~~~~~~~~~~~~~~~~~~~~~~ 09-19
29041517;30072093o;29125853;15160100413;29062015;10011810;264;731;380;436;457;920;521;619 ~~~~~~~~~~~~~~ 09-20
01051517;01082093o;01015854;16160100413;30062015;11011810;265;895;462;521 ~~~~~~~~~~~~~~~~~~~~~~~~~~~~~~ 09-21
02051517;02082093o;02015854;17160100413;31062015;12011810;266;737;423;521;619 ~~~~~~~~~~~~~~~~~~~~~~~~~~ 09-22
03051517;03082093o;03015854;18160100413;01072015;13011810;267;463;619 ~~~~~~~~~~~~~~~~~~~~~~~~~~~~~~~~~~ 09-23
04051517;04082093o;04015854;19160100413;02072015;14011810;268;741;619 ~~~~~~~~~~~~~~~~~~~~~~~~~~~~~~~~~~ 09-24
05051517;05082093o;05015854;00170100413;03072015;15011810;269;738;864;619;848 ~~~~~~~~~~~~~~~~~~~~~~~~~~ 09-25
06051517;06082093o;06015854;01170100413;04072015;16011810;270;739;743;409;619 ~~~~~~~~~~~~~~~~~~~~~~~~~~ 09-26
07051517;07082093o;07015854;02170100413;05072015;17011810;271;740;397;918;848 ~~~~~~~~~~~~~~~~~~~~~~~~~~ 09-27
08051517;08082093o;08015854;03170100413;06072015;18011810;272;736;548;919;619 ~~~~~~~~~~~~~~~~~~~~~~~~~~ 09-28
09051517;09082093o;09015854;04170100413;07072015;19011810;273;549;560;885;848 ~~~~~~~~~~~~~~~~~~~~~~~~~~ 09-29
10051517;10082093o;10015854;05170100413;08072015;20011810;274;742;790;527;853;619 ~~~~~~~~~~~~~~~~~~~~~~ 09-30
11051517;11082093o;11015854;06170100413;09072015;21011810;275;747;790;514;899;853 ~~~~~~~~~~~~~~~~~~~~~~ 10-01
12051517;12082093o;12015854;07170100413;10072015;22011810;276;748;790;853;409;620 ~~~~~~~~~~~~~~~~~~~~~~ 10-02
13051517;13082093o;13015854;08170100413;11072015;23011810;277;637;790;399;620;848 ~~~~~~~~~~~~~~~~~~~~~~ 10-03
14051517;14082093o;14015854;09170100413;12072015;24011810;278;749;790;393;390;532;882;922;620 ~~~~~~~~~~ 10-04
15051517;15082093o;15015854;10170100413;13072015;25011810;279;744;790;570;523;415;620;848 ~~~~~~~~~~~~~~ 10-05
16051517;16082093o;16015854;11170100413;14072015;26011810;280;745;790;523;400;620 ~~~~~~~~~~~~~~~~~~~~~~ 10-06
17051517;17082093o;17015854;12170100413;15072015;27011810;281;746;866;523;848 ~~~~~~~~~~~~~~~~~~~~~~~~~~ 10-07
18051517;18082093o;18015854;13170100413;16072015;28011810;282;753;881;523;409;620 ~~~~~~~~~~~~~~~~~~~~~~ 10-08
19051517;19082093o;19015854;14170100413;17072015;29011810;283;523;400;620;848 ~~~~~~~~~~~~~~~~~~~~~~~~~~ 10-09
20051517;20082093o;20015854;15170100413;18072015;30011810;284;754;367;523;620 ~~~~~~~~~~~~~~~~~~~~~~~~~~ 10-10
21051517;21082093o;21015854;16170100413;19072015;01021810;285;750;368;523;848 ~~~~~~~~~~~~~~~~~~~~~~~~~~ 10-11
22051517;22082093o;22015854;17170100413;20072015;02021810;286;751;398;499;524;400;620 ~~~~~~~~~~~~~~~~~~ 10-12
23051517;23082093o;23015854;18170100413;21072015;03021810;287;791;513;525;415;620;848 ~~~~~~~~~~~~~~~~~~ 10-13
24051517;24082093o;24015854;19170100413;22072015;04021810;288;752;409;620 ~~~~~~~~~~~~~~~~~~~~~~~~~~~~~~ 10-14
25051517;25082093o;25015854;00000200413;23072015;05021810;289;631;400;421 ~~~~~~~~~~~~~~~~~~~~~~~~~~~~~~ 10-15
26051517;26082093o;26015854;01000200413;24072015;06021810;290;558;911;620 ~~~~~~~~~~~~~~~~~~~~~~~~~~~~~~ 10-16
27051517;27082093o;27015854;02000200413;25072015;07021810;291;758;779;784;620 ~~~~~~~~~~~~~~~~~~~~~~~~~~ 10-17
28051517;28082093o;28015854;03000200413;26072015;08021810;292;780;785;400;620 ~~~~~~~~~~~~~~~~~~~~~~~~~~ 10-18
29051517;29082093o;29015854;04000200413;27072015;09021810;293;755;781;786;893 ~~~~~~~~~~~~~~~~~~~~~~~~~~ 10-19
30051517;01092093o;30015854;05000200413;28072015;10021810;294;756;380;782;787;784;409;620 ~~~~~~~~~~~~~~ 10-20
01061517;02092093o;01025854;06000200413;29072015;11021810;295;757;369;467;535;783;788;785;400;415 ~~~~~~ 10-21
02061517;03092093o;02025854;07000200413;30072015;12021810;296;786;620 ~~~~~~~~~~~~~~~~~~~~~~~~~~~~~~~~~~ 10-22
03061517;04092093o;03025854;08000200413;01082015;13021810;297;787;620 ~~~~~~~~~~~~~~~~~~~~~~~~~~~~~~~~~~ 10-23
04061517;05092093o;04025854;09000200413;02082015;14021810;298;759;371;401;433;620 ~~~~~~~~~~~~~~~~~~~~~~ 10-24
05061517;06092093o;05025854;10000200413;03082015;15021810;299;543;620 ~~~~~~~~~~~~~~~~~~~~~~~~~~~~~~~~~~ 10-25
06061517;07092093o;06025854;11000200413;04082015;16021810;300;397;514;409;620 ~~~~~~~~~~~~~~~~~~~~~~~~~~ 10-26
07061517;08092093o;07025854;12000200413;05082015;17021810;301;809 ~~~~~~~~~~~~~~~~~~~~~~~~~~~~~~~~~~~~~~ 10-27
08061517;09092093o;08025854;13000200413;06082015;18021810;302;563;620 ~~~~~~~~~~~~~~~~~~~~~~~~~~~~~~~~~~ 10-28
09061517;10092093o;09025854;14000200413;07082015;19021810;303;879;415;620 ~~~~~~~~~~~~~~~~~~~~~~~~~~~~~~ 10-29
10061517;11092093o;10025854;15000200413;08082015;20021810;304;849;547;620 ~~~~~~~~~~~~~~~~~~~~~~~~~~~~~~ 10-30
11061517;12092093o;11025854;16000200413;09082015;21021810;305;437;934 ~~~~~~~~~~~~~~~~~~~~~~~~~~~~~~~~~~ 10-31
12061517;13092093o;12025854;17000200413;10082015;22021810;306;621 ~~~~~~~~~~~~~~~~~~~~~~~~~~~~~~~~~~~~~~ 11-01
13061517;14092093o;13025854;18000200413;11082015;23021810;307;760;392 ~~~~~~~~~~~~~~~~~~~~~~~~~~~~~~~~~~ 11-02
14061517;15092093o;14025854;19000200413;12082015;24021810;308;880;621 ~~~~~~~~~~~~~~~~~~~~~~~~~~~~~~~~~~ 11-03
15061517;16092093o;15025854;00010200413;13082015;25021810;309;761;421 ~~~~~~~~~~~~~~~~~~~~~~~~~~~~~~~~~~ 11-04
16061517;17092093o;16025854;01010200413;14082015;26021810;310;762;431;621 ~~~~~~~~~~~~~~~~~~~~~~~~~~~~~~ 11-05
17061517;18092093o;17025854;02010200413;15082015;27021810;311 ~~~~~~~~~~~~~~~~~~~~~~~~~~~~~~~~~~~~~~~~~~ 11-06
18061517;19092093o;18025854;03010200413;16082015;28021810;312;637;763;621 ~~~~~~~~~~~~~~~~~~~~~~~~~~~~~~ 11-07
19061517;20092093o;19025854;04010200413;17082015;29021810;313 ~~~~~~~~~~~~~~~~~~~~~~~~~~~~~~~~~~~~~~~~~~ 11-08
20061517;21092093o;20025854;05010200413;18082015;30021810;314;513;621 ~~~~~~~~~~~~~~~~~~~~~~~~~~~~~~~~~~ 11-09
21061517;22092093o;21025854;06010200413;19082015;01031810;315;398 ~~~~~~~~~~~~~~~~~~~~~~~~~~~~~~~~~~~~~~ 11-10
22061517;23092093o;22025854;07010200413;20082015;02031810;316;876;621 ~~~~~~~~~~~~~~~~~~~~~~~~~~~~~~~~~~ 11-11
23061517;24092093o;23025854;08010200413;21082015;03031810;317;764 ~~~~~~~~~~~~~~~~~~~~~~~~~~~~~~~~~~~~~~ 11-12
24061517;25092093o;24025854;09010200413;22082015;04031810;318;409;621 ~~~~~~~~~~~~~~~~~~~~~~~~~~~~~~~~~~ 11-13
25061517;26092093o;25025854;10010200413;23082015;05031810;319;936 ~~~~~~~~~~~~~~~~~~~~~~~~~~~~~~~~~~~~~~ 11-14
26061517;27092093o;26025854;11010200413;24082015;06031810;320;765;865;621 ~~~~~~~~~~~~~~~~~~~~~~~~~~~~~~ 11-15
27061517;28092093o;27025854;12010200413;25082015;07031810;321 ~~~~~~~~~~~~~~~~~~~~~~~~~~~~~~~~~~~~~~~~~~ 11-16
28061517;29092093o;28025854;13010200413;26082015;08031810;322;410;621 ~~~~~~~~~~~~~~~~~~~~~~~~~~~~~~~~~~ 11-17
29061517;30092093o;29025854;14010200413;27082015;09031810;323;380;411 ~~~~~~~~~~~~~~~~~~~~~~~~~~~~~~~~~~ 11-18
01071517;01102093o;30025854;15010200413;28082015;10031810;324;766;621 ~~~~~~~~~~~~~~~~~~~~~~~~~~~~~~~~~~ 11-19
02071517;02102093o;01035854;16010200413;29082015;11031810;325 ~~~~~~~~~~~~~~~~~~~~~~~~~~~~~~~~~~~~~~~~~~ 11-20
03071517;03102093o;02035854;17010200413;30082015;12031810;326;767;514;621 ~~~~~~~~~~~~~~~~~~~~~~~~~~~~~~ 11-21
04071517;04102093o;03035854;18010200413;01092015;13031810;327;788;415 ~~~~~~~~~~~~~~~~~~~~~~~~~~~~~~~~~~ 11-22
05071517;05102093o;04035854;19010200413;02092015;14031810;328;944;621 ~~~~~~~~~~~~~~~~~~~~~~~~~~~~~~~~~~ 11-23
06071517;06102093o;05035854;00020200413;03092015;15031810;329;421 ~~~~~~~~~~~~~~~~~~~~~~~~~~~~~~~~~~~~~~ 11-24
07071517;07102093o;06035854;01020200413;04092015;16031810;330;769;397;621 ~~~~~~~~~~~~~~~~~~~~~~~~~~~~~~ 11-25
08071517;08102093o;07035854;02020200413;05092015;17031810;331;440 ~~~~~~~~~~~~~~~~~~~~~~~~~~~~~~~~~~~~~~ 11-26
09071517;09102093o;08035854;03020200413;06092015;18031810;332;441;402;621 ~~~~~~~~~~~~~~~~~~~~~~~~~~~~~~ 11-27
10071517;10102093o;09035854;04020200413;07092015;19031810;333;770;768;369;557;890 ~~~~~~~~~~~~~~~~~~~~~~ 11-28
11071517;11102093o;10035854;05020200413;08092015;20031810;334;589;621 ~~~~~~~~~~~~~~~~~~~~~~~~~~~~~~~~~~ 11-29
12071517;12102093o;11035854;06020200413;09092015;21031810;335;442;809 ~~~~~~~~~~~~~~~~~~~~~~~~~~~~~~~~~~ 11-30
13071517;13102093o;12035854;07020200413;10092015;22031810;336;771;773;403;622 ~~~~~~~~~~~~~~~~~~~~~~~~~~ 12-01
14071517;14102093o;13035854;08020200413;11092015;23031810;337;772;395;370;416;545;887;412 ~~~~~~~~~~~~~~ 12-02
15071517;15102093o;14035854;09020200413;12092015;24031810;338;622 ~~~~~~~~~~~~~~~~~~~~~~~~~~~~~~~~~~~~~~ 12-03
16071517;16102093o;15035854;10020200413;13092015;25031810;339;774;421 ~~~~~~~~~~~~~~~~~~~~~~~~~~~~~~~~~~ 12-04
17071517;17102093o;16035854;11020200413;14092015;26031810;340;637;775;417;403;622 ~~~~~~~~~~~~~~~~~~~~~~ 12-05
18071517;18102093o;17035854;12020200413;15092015;27031810;341;810;590 ~~~~~~~~~~~~~~~~~~~~~~~~~~~~~~~~~~ 12-06
19071517;19102093o;18035854;13020200413;16092015;28031810;342;432;513;622 ~~~~~~~~~~~~~~~~~~~~~~~~~~~~~~ 12-07
20071517;20102093o;19035854;14020200413;17092015;29031810;343;374 ~~~~~~~~~~~~~~~~~~~~~~~~~~~~~~~~~~~~~~ 12-08
21071517;21102093o;20035854;15020200413;18092015;30031810;344;403;622 ~~~~~~~~~~~~~~~~~~~~~~~~~~~~~~~~~~ 12-09
22071517;22102093o;21035854;16020200413;19092015;01041810;345;398 ~~~~~~~~~~~~~~~~~~~~~~~~~~~~~~~~~~~~~~ 12-10
23071517;23102093o;22035854;17020200413;20092015;02041810;346;859;622 ~~~~~~~~~~~~~~~~~~~~~~~~~~~~~~~~~~ 12-11
24071517;24102093o;23035854;18020200413;21092015;03041810;347;776 ~~~~~~~~~~~~~~~~~~~~~~~~~~~~~~~~~~~~~~ 12-12
25071517;25102093o;24035854;19020200413;22092015;04041810;348;777;591;622 ~~~~~~~~~~~~~~~~~~~~~~~~~~~~~~ 12-13
26071517;26102093o;25035854;00030200413;23092015;05041810;349;917;516 ~~~~~~~~~~~~~~~~~~~~~~~~~~~~~~~~~~ 12-14
27071517;27102093o;26035854;01030200413;24092015;06041810;350;509;516;622 ~~~~~~~~~~~~~~~~~~~~~~~~~~~~~~ 12-15
28071517;28102093o;27035854;02030200413;25092015;07041810;351;516;412 ~~~~~~~~~~~~~~~~~~~~~~~~~~~~~~~~~~ 12-16
29071517;29102093o;28035854;03030200413;26092015;08041810;352;380;516;403;622 ~~~~~~~~~~~~~~~~~~~~~~~~~~ 12-17
30071517;01112093o;29035854;04030200413;27092015;09041810;353;778;516 ~~~~~~~~~~~~~~~~~~~~~~~~~~~~~~~~~~ 12-18
01081517;02112093o;30035854;05030200413;28092015;10041810;354;514;375;622 ~~~~~~~~~~~~~~~~~~~~~~~~~~~~~~ 12-19
02081517;03112093o;01045854;06030200413;29092015;11041810;355;371;592;466;516 ~~~~~~~~~~~~~~~~~~~~~~~~~~ 12-20
03081517;04112093o;02045854;07030200413;30092015;12041810;356;426;516;403;622 ~~~~~~~~~~~~~~~~~~~~~~~~~~ 12-21
04081517;05112093o;03045854;08030200413;01102015;13041810;357;465;516 ~~~~~~~~~~~~~~~~~~~~~~~~~~~~~~~~~~ 12-22
05081517;06112093o;04045854;09030200413;02102015;14041810;358;418;622 ~~~~~~~~~~~~~~~~~~~~~~~~~~~~~~~~~~ 12-23
06081517;07112093o;05045854;10030200413;03102015;15041810;359;397;421 ~~~~~~~~~~~~~~~~~~~~~~~~~~~~~~~~~~ 12-24
07081517;08112093o;06045854;11030200413;04102015;16041810;360;596;622 ~~~~~~~~~~~~~~~~~~~~~~~~~~~~~~~~~~ 12-25
08081517;09112093o;07045854;12030200413;05102015;17041810;361 ~~~~~~~~~~~~~~~~~~~~~~~~~~~~~~~~~~~~~~~~~~ 12-26
09081517;10112093o;08045854;13030200413;06102015;18041810;362;622 ~~~~~~~~~~~~~~~~~~~~~~~~~~~~~~~~~~~~~~ 12-27
10081517;11112093o;09045854;14030200413;07102015;19041810;363;905 ~~~~~~~~~~~~~~~~~~~~~~~~~~~~~~~~~~~~~~ 12-28
11081517;12112093o;10045854;15030200413;08102015;20041810;364;403;622 ~~~~~~~~~~~~~~~~~~~~~~~~~~~~~~~~~~ 12-29
12081517;13112093o;11045854;16030200413;09102015;21041810;365 ~~~~~~~~~~~~~~~~~~~~~~~~~~~~~~~~~~~~~~~~~~ 12-30
13081517;14112093o;12045854;17030200413;10102015;22041810;366;622 ~~~~~~~~~~~~~~~~~~~~~~~~~~~~~~~~~~~~~~ 12-31
