12061478;15112055C;12045816;17110300213;11101977;22041772;001;637;433;829;611 ~~~~~~~~~~~~~~~~~~~~~~~~~~ 01-01
13061478;16112055C;13045816;18110300213;12101977;23041772;002;381;904 ~~~~~~~~~~~~~~~~~~~~~~~~~~~~~~~~~~ 01-02
14061478;17112055C;14045816;19110300213;13101977;24041772;003;611 ~~~~~~~~~~~~~~~~~~~~~~~~~~~~~~~~~~~~~~ 01-03
15061478;18112055C;15045816;00120300213;14101977;25041772;004;372;400 ~~~~~~~~~~~~~~~~~~~~~~~~~~~~~~~~~~ 01-04
16061478;19112055C;16045816;01120300213;15101977;26041772;005;403;611 ~~~~~~~~~~~~~~~~~~~~~~~~~~~~~~~~~~ 01-05
17061478;20112055C;17045816;02120300213;16101977;27041772;006;916 ~~~~~~~~~~~~~~~~~~~~~~~~~~~~~~~~~~~~~~ 01-06
18061478;21112055C;18045816;03120300213;17101977;28041772;007;611 ~~~~~~~~~~~~~~~~~~~~~~~~~~~~~~~~~~~~~~ 01-07
19061478;22112055C;19045816;04120300213;18101977;29041772;008;626 ~~~~~~~~~~~~~~~~~~~~~~~~~~~~~~~~~~~~~~ 01-08
20061478;23112055C;20045816;05120300213;19101977;30041772;009;627;398;403;611 ~~~~~~~~~~~~~~~~~~~~~~~~~~ 01-09
21061478;24112055C;21045816;06120300213;20101977;01051772;010;628;514;400 ~~~~~~~~~~~~~~~~~~~~~~~~~~~~~~ 01-10
22061478;25112055C;22045816;07120300213;21101977;02051772;011;629;820;611 ~~~~~~~~~~~~~~~~~~~~~~~~~~~~~~ 01-11
23061478;26112055C;23045816;08120300213;22101977;03051772;012 ~~~~~~~~~~~~~~~~~~~~~~~~~~~~~~~~~~~~~~~~~~ 01-12
24061478;27112055C;24045816;09120300213;23101977;04051772;013;923;403;611 ~~~~~~~~~~~~~~~~~~~~~~~~~~~~~~ 01-13
25061478;28112055C;25045816;10120300213;24101977;05051772;014 ~~~~~~~~~~~~~~~~~~~~~~~~~~~~~~~~~~~~~~~~~~ 01-14
26061478;29112055C;26045816;11120300213;25101977;06051772;015;630;611 ~~~~~~~~~~~~~~~~~~~~~~~~~~~~~~~~~~ 01-15
27061478;30112055C;27045816;12120300213;26101977;07051772;016;625;380;401;888;950 ~~~~~~~~~~~~~~~~~~~~~~ 01-16
28061478;01122055C;28045816;13120300213;27101977;08051772;017;492;932;403;611 ~~~~~~~~~~~~~~~~~~~~~~~~~~ 01-17
29061478;02122055C;29045816;14120300213;28101977;09051772;018 ~~~~~~~~~~~~~~~~~~~~~~~~~~~~~~~~~~~~~~~~~~ 01-18
01071478;03122055C;01055816;15120300213;29101977;10051772;019;611 ~~~~~~~~~~~~~~~~~~~~~~~~~~~~~~~~~~~~~~ 01-19
02071478;04122055C;02055816;16120300213;30101977;11051772;020;631 ~~~~~~~~~~~~~~~~~~~~~~~~~~~~~~~~~~~~~~ 01-20
03071478;05122055C;03055816;17120300213;01111977;12051772;021;940;611 ~~~~~~~~~~~~~~~~~~~~~~~~~~~~~~~~~~ 01-21
04071478;06122055C;04055816;18120300213;02111977;13051772;022 ~~~~~~~~~~~~~~~~~~~~~~~~~~~~~~~~~~~~~~~~~~ 01-22
05071478;07122055C;05055816;19120300213;03111977;14051772;023;414;611 ~~~~~~~~~~~~~~~~~~~~~~~~~~~~~~~~~~ 01-23
06071478;08122055C;06055816;00130300213;04111977;15051772;024;397;513;914 ~~~~~~~~~~~~~~~~~~~~~~~~~~~~~~ 01-24
07071478;09122055C;07055816;01130300213;05111977;16051772;025;536;403;580;611 ~~~~~~~~~~~~~~~~~~~~~~~~~~ 01-25
08071478;10122055C;08055816;02130300213;06111977;17051772;026;632 ~~~~~~~~~~~~~~~~~~~~~~~~~~~~~~~~~~~~~~ 01-26
09071478;11122055C;09055816;03130300213;07111977;18051772;027;611 ~~~~~~~~~~~~~~~~~~~~~~~~~~~~~~~~~~~~~~ 01-27
10071478;12122055C;10055816;04130300213;08111977;19051772;028;633;437;873 ~~~~~~~~~~~~~~~~~~~~~~~~~~~~~~ 01-28
11071478;13122055C;11055816;05130300213;09111977;20051772;029;634;403;611 ~~~~~~~~~~~~~~~~~~~~~~~~~~~~~~ 01-29
12071478;14122055C;12055816;06130300213;10111977;21051772;030;635 ~~~~~~~~~~~~~~~~~~~~~~~~~~~~~~~~~~~~~~ 01-30
13071478;15122055C;13055816;07130300213;11111977;22051772;031;636;611 ~~~~~~~~~~~~~~~~~~~~~~~~~~~~~~~~~~ 01-31
14071478;16122055C;14055816;07130300213;12111977;23051772;032;382;542;812;884;948 ~~~~~~~~~~~~~~~~~~~~~~ 02-01
15071478;17122055C;15055816;08130300213;13111977;24051772;033;403;612 ~~~~~~~~~~~~~~~~~~~~~~~~~~~~~~~~~~ 02-02
16071478;18122055C;16055816;09130300213;14111977;25051772;034;638 ~~~~~~~~~~~~~~~~~~~~~~~~~~~~~~~~~~~~~~ 02-03
17071478;19122055C;17055816;10130300213;15111977;26051772;035;639;514;612 ~~~~~~~~~~~~~~~~~~~~~~~~~~~~~~ 02-04
18071478;20122055C;18055816;11130300213;16111977;27051772;036;637;640 ~~~~~~~~~~~~~~~~~~~~~~~~~~~~~~~~~~ 02-05
19071478;21122055C;19055816;12130300213;17111977;28051772;037;612 ~~~~~~~~~~~~~~~~~~~~~~~~~~~~~~~~~~~~~~ 02-06
20071478;22122055C;20055816;13130300213;18111977;29051772;038;398 ~~~~~~~~~~~~~~~~~~~~~~~~~~~~~~~~~~~~~~ 02-07
21071478;23122055C;21055816;14130300213;19111977;30051772;039;819;612 ~~~~~~~~~~~~~~~~~~~~~~~~~~~~~~~~~~ 02-08
22071478;24122055C;22055816;15130300213;20111977;01061772;040 ~~~~~~~~~~~~~~~~~~~~~~~~~~~~~~~~~~~~~~~~~~ 02-09
23071478;25122055C;23055816;16130300213;21111977;02061772;041;642;403;612 ~~~~~~~~~~~~~~~~~~~~~~~~~~~~~~ 02-10
24071478;26122055C;24055816;17130300213;22111977;03061772;042;943 ~~~~~~~~~~~~~~~~~~~~~~~~~~~~~~~~~~~~~~ 02-11
25071478;27122055C;25055816;18130300213;23111977;04061772;043;643;831;612 ~~~~~~~~~~~~~~~~~~~~~~~~~~~~~~ 02-12
26071478;28122055C;26055816;19130300213;24111977;05061772;044;820;886;581 ~~~~~~~~~~~~~~~~~~~~~~~~~~~~~~ 02-13
27071478;29122055C;27055816;00140300213;25111977;06061772;045;641;432;509;403;612 ~~~~~~~~~~~~~~~~~~~~~~ 02-14
28071478;01012056D;28055816;01140300213;26111977;07061772;046;443;380;479;490;418 ~~~~~~~~~~~~~~~~~~~~~~ 02-15
29071478;02012056D;29055816;02140300213;27111977;08061772;047;444;419;566;479;490;612 ~~~~~~~~~~~~~~~~~~ 02-16
30071478;03012056D;30055816;03140300213;28111977;09061772;048;644;566;854 ~~~~~~~~~~~~~~~~~~~~~~~~~~~~~~ 02-17
01081478;04012056D;01065816;04140300213;29111977;10061772;049;645;566;854;403;612 ~~~~~~~~~~~~~~~~~~~~~~ 02-18
02081478;05012056D;02065816;05140300213;30111977;11061772;050;566 ~~~~~~~~~~~~~~~~~~~~~~~~~~~~~~~~~~~~~~ 02-19
03081478;06012056D;03065816;06140300213;01121977;12061772;051;513;612 ~~~~~~~~~~~~~~~~~~~~~~~~~~~~~~~~~~ 02-20
04081478;07012056D;04065816;07140300213;02121977;13061772;052;450 ~~~~~~~~~~~~~~~~~~~~~~~~~~~~~~~~~~~~~~ 02-21
05081478;08012056D;05065816;08140300213;03121977;14061772;053;612 ~~~~~~~~~~~~~~~~~~~~~~~~~~~~~~~~~~~~~~ 02-22
06081478;09012056D;06065816;09140300213;04121977;15061772;054;397 ~~~~~~~~~~~~~~~~~~~~~~~~~~~~~~~~~~~~~~ 02-23
07081478;10012056D;07065816;10140300213;05121977;16061772;055;647;648;415;612 ~~~~~~~~~~~~~~~~~~~~~~~~~~ 02-24
08081478;11012056D;08065816;11140300213;06121977;17061772;056;649;832 ~~~~~~~~~~~~~~~~~~~~~~~~~~~~~~~~~~ 02-25
09081478;12012056D;09065816;12140300213;07121977;18061772;057;403;612 ~~~~~~~~~~~~~~~~~~~~~~~~~~~~~~~~~~ 02-26
10081478;13012056D;10065816;13140300213;08121977;19061772;058;517 ~~~~~~~~~~~~~~~~~~~~~~~~~~~~~~~~~~~~~~ 02-27
11081478;14012056D;11065816;14140300213;09121977;20061772;059;612 ~~~~~~~~~~~~~~~~~~~~~~~~~~~~~~~~~~~~~~ 02-28
12081478;15012056D;12065816;15140300213;10121977;21061772;060;646;650 ~~~~~~~~~~~~~~~~~~~~~~~~~~~~~~~~~~ 02-29
13081478;16012056D;13065816;18140300213;11121977;22061772;061;383;544;623;906;403;613 ~~~~~~~~~~~~~~~~~~ 03-01
14081478;17012056D;14065816;19140300213;12121977;23061772;062;653;598;512;519 ~~~~~~~~~~~~~~~~~~~~~~~~~~ 03-02
15081478;18012056D;15065816;00150300213;13121977;24061772;063;654;514;562;415;613 ~~~~~~~~~~~~~~~~~~~~~~ 03-03
16081478;19012056D;16065816;01150300213;14121977;25061772;064;637;562 ~~~~~~~~~~~~~~~~~~~~~~~~~~~~~~~~~~ 03-04
17081478;20012056D;17065816;02150300213;15121977;26061772;065;655;562;403;613 ~~~~~~~~~~~~~~~~~~~~~~~~~~ 03-05
18081478;21012056D;18065816;03150300213;16121977;27061772;066 ~~~~~~~~~~~~~~~~~~~~~~~~~~~~~~~~~~~~~~~~~~ 03-06
19081478;22012056D;19065816;04150300213;17121977;28061772;067;613 ~~~~~~~~~~~~~~~~~~~~~~~~~~~~~~~~~~~~~~ 03-07
20081478;23012056D;20065816;05150300213;18121977;29061772;068;398;533;924 ~~~~~~~~~~~~~~~~~~~~~~~~~~~~~~ 03-08
21081478;24012056D;21065816;06150300213;19121977;30061772;069;656;613 ~~~~~~~~~~~~~~~~~~~~~~~~~~~~~~~~~~ 03-09
22081478;25012056D;22065816;07150300213;20121977;01071772;070 ~~~~~~~~~~~~~~~~~~~~~~~~~~~~~~~~~~~~~~~~~~ 03-10
23081478;26012056D;23065816;08150300213;21121977;02071772;071;613 ~~~~~~~~~~~~~~~~~~~~~~~~~~~~~~~~~~~~~~ 03-11
24081478;27012056D;24065816;09150300213;22121977;03071772;072;900 ~~~~~~~~~~~~~~~~~~~~~~~~~~~~~~~~~~~~~~ 03-12
25081478;28012056D;25065816;10150300213;23121977;04071772;073;403;613 ~~~~~~~~~~~~~~~~~~~~~~~~~~~~~~~~~~ 03-13
26081478;29012056D;26065816;11150300213;24121977;05071772;074 ~~~~~~~~~~~~~~~~~~~~~~~~~~~~~~~~~~~~~~~~~~ 03-14
27081478;30012056D;27065816;12150300213;25121977;06071772;075;380;613 ~~~~~~~~~~~~~~~~~~~~~~~~~~~~~~~~~~ 03-15
28081478;01022056D;28065816;13150300213;26121977;07071772;076;658;864 ~~~~~~~~~~~~~~~~~~~~~~~~~~~~~~~~~~ 03-16
29081478;02022056D;29065816;14150300213;27121977;08071772;077;538;559;935;613 ~~~~~~~~~~~~~~~~~~~~~~~~~~ 03-17
01091478;03022056D;01075816;15150300213;28121977;09071772;078;504 ~~~~~~~~~~~~~~~~~~~~~~~~~~~~~~~~~~~~~~ 03-18
02091478;04022056D;02075816;16150300213;29121977;10071772;079;513;555;577;466;415;613 ~~~~~~~~~~~~~~~~~~ 03-19
03091478;05022056D;03075816;17150300213;30121977;11071772;080;424 ~~~~~~~~~~~~~~~~~~~~~~~~~~~~~~~~~~~~~~ 03-20
04091478;06022056D;04075816;18150300213;01011978;12071772;081;657;459;851;403;613 ~~~~~~~~~~~~~~~~~~~~~~ 03-21
05091478;07022056D;05075816;19150300213;02011978;13071772;082;945;505 ~~~~~~~~~~~~~~~~~~~~~~~~~~~~~~~~~~ 03-22
06091478;08022056D;06075816;00160300213;03011978;14071772;083;613 ~~~~~~~~~~~~~~~~~~~~~~~~~~~~~~~~~~~~~~ 03-23
07091478;09022056D;07075816;01160300213;04011978;15071772;084;397 ~~~~~~~~~~~~~~~~~~~~~~~~~~~~~~~~~~~~~~ 03-24
08091478;10022056D;08075816;02160300213;05011978;16071772;085;576;933;403;613 ~~~~~~~~~~~~~~~~~~~~~~~~~~ 03-25
09091478;11022056D;09075816;03160300213;06011978;17071772;086;493;505 ~~~~~~~~~~~~~~~~~~~~~~~~~~~~~~~~~~ 03-26
10091478;12022056D;10075816;04160300213;07011978;18071772;087;877;415;613 ~~~~~~~~~~~~~~~~~~~~~~~~~~~~~~ 03-27
11091478;13022056D;11075816;05160300213;08011978;19071772;088;659;652 ~~~~~~~~~~~~~~~~~~~~~~~~~~~~~~~~~~ 03-28
12091478;14022056D;12075816;06160300213;09011978;20071772;089;660;433;852;613 ~~~~~~~~~~~~~~~~~~~~~~~~~~ 03-29
13091478;15022056D;13075816;07160300213;10011978;21071772;090;505 ~~~~~~~~~~~~~~~~~~~~~~~~~~~~~~~~~~~~~~ 03-30
14091478;16022056D;14075816;08160300213;11011978;22071772;091;445;396;396;539;575;613 ~~~~~~~~~~~~~~~~~~ 03-31
15091478;17022056D;15075816;09160300213;12011978;23071772;092;446;637;661;514;515;505 ~~~~~~~~~~~~~~~~~~ 04-01
16091478;18022056D;16075816;10160300213;13011978;24071772;093;447;662;403;614 ~~~~~~~~~~~~~~~~~~~~~~~~~~ 04-02
17091478;19022056D;17075816;11160300213;14011978;25071772;094;448;651;505 ~~~~~~~~~~~~~~~~~~~~~~~~~~~~~~ 04-03
18091478;20022056D;18075816;12160300213;15011978;26071772;095;571;651;614 ~~~~~~~~~~~~~~~~~~~~~~~~~~~~~~ 04-04
19091478;21022056D;19075816;13160300213;16011978;27071772;096;663;818;651 ~~~~~~~~~~~~~~~~~~~~~~~~~~~~~~ 04-05
20091478;22022056D;20075816;14160300213;17011978;28071772;097;398;838;651;614 ~~~~~~~~~~~~~~~~~~~~~~~~~~ 04-06
21091478;23022056D;21075816;15160300213;18011978;29071772;098;505;651 ~~~~~~~~~~~~~~~~~~~~~~~~~~~~~~~~~~ 04-07
22091478;24022056D;22075816;16160300213;19011978;30071772;099;651;614 ~~~~~~~~~~~~~~~~~~~~~~~~~~~~~~~~~~ 04-08
23091478;25022056D;23075816;17160300213;20011978;01081772;100;436 ~~~~~~~~~~~~~~~~~~~~~~~~~~~~~~~~~~~~~~ 04-09
24091478;26022056D;24075816;18160300213;21011978;02081772;101;939;403;614 ~~~~~~~~~~~~~~~~~~~~~~~~~~~~~~ 04-10
25091478;27022056D;25075816;19160300213;22011978;03081772;102;505 ~~~~~~~~~~~~~~~~~~~~~~~~~~~~~~~~~~~~~~ 04-11
26091478;28022056D;26075816;00170300213;23011978;04081772;103;526;614 ~~~~~~~~~~~~~~~~~~~~~~~~~~~~~~~~~~ 04-12
27091478;29022056D;27075816;01170300213;24011978;05081772;104;508;505 ~~~~~~~~~~~~~~~~~~~~~~~~~~~~~~~~~~ 04-13
28091478;30022056D;28075816;02170300213;25011978;06081772;105;380;507;614 ~~~~~~~~~~~~~~~~~~~~~~~~~~~~~~ 04-14
29091478;01032056D;29075816;03170300213;26011978;07081772;106;666;513 ~~~~~~~~~~~~~~~~~~~~~~~~~~~~~~~~~~ 04-15
30091478;02032056D;30075816;04170300213;27011978;08081772;107;506;614 ~~~~~~~~~~~~~~~~~~~~~~~~~~~~~~~~~~ 04-16
01101478;03032056D;01085816;05170300213;28011978;09081772;108;794;502 ~~~~~~~~~~~~~~~~~~~~~~~~~~~~~~~~~~ 04-17
02101478;04032056D;02085816;06170300213;29011978;10081772;109;399;403;614 ~~~~~~~~~~~~~~~~~~~~~~~~~~~~~~ 04-18
03101478;05032056D;03085816;07170300213;30011978;11081772;110 ~~~~~~~~~~~~~~~~~~~~~~~~~~~~~~~~~~~~~~~~~~ 04-19
04101478;06032056D;04085816;08170300213;31011978;12081772;111;631;664;528;415;614 ~~~~~~~~~~~~~~~~~~~~~~ 04-20
05101478;07032056D;05085816;09170300213;01021978;13081772;112;665;529;400 ~~~~~~~~~~~~~~~~~~~~~~~~~~~~~~ 04-21
06101478;08032056D;06085816;10170300213;02021978;14081772;113;397;403;614 ~~~~~~~~~~~~~~~~~~~~~~~~~~~~~~ 04-22
07101478;09032056D;07085816;11170300213;03021978;15081772;114 ~~~~~~~~~~~~~~~~~~~~~~~~~~~~~~~~~~~~~~~~~~ 04-23
08101478;10032056D;08085816;12170300213;04021978;16081772;115;614 ~~~~~~~~~~~~~~~~~~~~~~~~~~~~~~~~~~~~~~ 04-24
09101478;11032056D;09085816;13170300213;05021978;17081772;116 ~~~~~~~~~~~~~~~~~~~~~~~~~~~~~~~~~~~~~~~~~~ 04-25
10101478;12032056D;10085816;14170300213;06021978;18081772;117;670;898;614 ~~~~~~~~~~~~~~~~~~~~~~~~~~~~~~ 04-26
11101478;13032056D;11085816;15170300213;07021978;19081772;118;667;400 ~~~~~~~~~~~~~~~~~~~~~~~~~~~~~~~~~~ 04-27
12101478;14032056D;12085816;16170300213;08021978;20081772;119;671;415;614 ~~~~~~~~~~~~~~~~~~~~~~~~~~~~~~ 04-28
13101478;15032056D;13085816;17170300213;09021978;21081772;120;668;384;514;859;937 ~~~~~~~~~~~~~~~~~~~~~~ 04-29
14101478;16032056D;14085816;18170300213;10021978;22081772;121;669;400;403;614 ~~~~~~~~~~~~~~~~~~~~~~~~~~ 04-30
15101478;17032056D;15085816;19170300213;11021978;23081772;122;674 ~~~~~~~~~~~~~~~~~~~~~~~~~~~~~~~~~~~~~~ 05-01
16101478;18032056D;16085816;00000400213;12021978;24081772;123;675;615 ~~~~~~~~~~~~~~~~~~~~~~~~~~~~~~~~~~ 05-02
17101478;19032056D;17085816;01000400213;13021978;25081772;124;676;400 ~~~~~~~~~~~~~~~~~~~~~~~~~~~~~~~~~~ 05-03
18101478;20032056D;18085816;02000400213;14021978;26081772;125;677;518;403;615 ~~~~~~~~~~~~~~~~~~~~~~~~~~ 05-04
19101478;21032056D;19085816;03000400213;15021978;27081772;126;679 ~~~~~~~~~~~~~~~~~~~~~~~~~~~~~~~~~~~~~~ 05-05
20101478;22032056D;20085816;04000400213;16021978;28081772;127;637;672;398;400;415;615 ~~~~~~~~~~~~~~~~~~ 05-06
21101478;23032056D;21085816;05000400213;17021978;29081772;128;673;615 ~~~~~~~~~~~~~~~~~~~~~~~~~~~~~~~~~~ 05-07
22101478;24032056D;22085816;06000400213;18021978;30081772;129;682;818;403;615 ~~~~~~~~~~~~~~~~~~~~~~~~~~ 05-08
23101478;25032056D;23085816;07000400213;19021978;01091772;130;400;615 ~~~~~~~~~~~~~~~~~~~~~~~~~~~~~~~~~~ 05-09
24101478;26032056D;24085816;08000400213;20021978;02091772;131;683;901;615 ~~~~~~~~~~~~~~~~~~~~~~~~~~~~~~ 05-10
25101478;27032056D;25085816;09000400213;21021978;03091772;132;494 ~~~~~~~~~~~~~~~~~~~~~~~~~~~~~~~~~~~~~~ 05-11
26101478;28032056D;26085816;10000400213;22021978;04091772;133;678;374;401;432;513;403;615 ~~~~~~~~~~~~~~ 05-12
27101478;29032056D;27085816;11000400213;23021978;05091772;134;681;680;818 ~~~~~~~~~~~~~~~~~~~~~~~~~~~~~~ 05-13
28101478;30032056D;28085816;12000400213;24021978;06091772;135;451;380;624;615 ~~~~~~~~~~~~~~~~~~~~~~~~~~ 05-14
29101478;01042056D;29085816;13000400213;25021978;07091772;136;624;615 ~~~~~~~~~~~~~~~~~~~~~~~~~~~~~~~~~~ 05-15
01111478;02042056D;01095816;14000400213;26021978;08091772;137;624;615 ~~~~~~~~~~~~~~~~~~~~~~~~~~~~~~~~~~ 05-16
02111478;03042056D;02095816;15000400213;27021978;09091772;138;685;510;902;624;615 ~~~~~~~~~~~~~~~~~~~~~~ 05-17
03111478;04042056D;03095816;16000400213;28021978;10091772;139;797;624;615 ~~~~~~~~~~~~~~~~~~~~~~~~~~~~~~ 05-18
04111478;05042056D;04095816;17000400213;29021978;11091772;140;686;815;573;624;615 ~~~~~~~~~~~~~~~~~~~~~~ 05-19
05111478;06042056D;05095816;18000400213;30021978;12091772;141;687;573;624;615 ~~~~~~~~~~~~~~~~~~~~~~~~~~ 05-20
06111478;07042056D;06095816;19000400213;31021978;13091772;142;449;684;553;522;573 ~~~~~~~~~~~~~~~~~~~~~~ 05-21
07111478;08042056D;07095816;00010400213;01031978;14091772;143;798;789;397;615 ~~~~~~~~~~~~~~~~~~~~~~~~~~ 05-22
08111478;09042056D;08095816;01010400213;02031978;15091772;144;927 ~~~~~~~~~~~~~~~~~~~~~~~~~~~~~~~~~~~~~~ 05-23
09111478;10042056D;09095816;02010400213;03031978;16091772;145;615 ~~~~~~~~~~~~~~~~~~~~~~~~~~~~~~~~~~~~~~ 05-24
10111478;11042056D;10095816;03010400213;04031978;17091772;146;889 ~~~~~~~~~~~~~~~~~~~~~~~~~~~~~~~~~~~~~~ 05-25
11111478;12042056D;11095816;04010400213;05031978;18091772;147;596;689;437;615 ~~~~~~~~~~~~~~~~~~~~~~~~~~ 05-26
12111478;13042056D;12095816;05010400213;06031978;19091772;148;439;514;894;615 ~~~~~~~~~~~~~~~~~~~~~~~~~~ 05-27
13111478;14042056D;13095816;06010400213;07031978;20091772;149;439;385;403;615 ~~~~~~~~~~~~~~~~~~~~~~~~~~ 05-28
14111478;15042056D;14095816;07010400213;08031978;21091772;150;438;408;537;892;937 ~~~~~~~~~~~~~~~~~~~~~~ 05-29
15111478;16042056D;15095816;08010400213;09031978;22091772;151;415;615 ~~~~~~~~~~~~~~~~~~~~~~~~~~~~~~~~~~ 05-30
16111478;17042056D;16095816;09010400213;10031978;23091772;152;688 ~~~~~~~~~~~~~~~~~~~~~~~~~~~~~~~~~~~~~~ 05-31
17111478;18042056D;17095816;10010400213;11031978;24091772;153;403;616 ~~~~~~~~~~~~~~~~~~~~~~~~~~~~~~~~~~ 06-01
18111478;19042056D;18095816;11010400213;12031978;25091772;154;692;694 ~~~~~~~~~~~~~~~~~~~~~~~~~~~~~~~~~~ 06-02
19111478;20042056D;19095816;12010400213;13031978;26091772;155;637;693;616 ~~~~~~~~~~~~~~~~~~~~~~~~~~~~~~ 06-03
20111478;21042056D;20095816;13010400213;14031978;27091772;156;690;398 ~~~~~~~~~~~~~~~~~~~~~~~~~~~~~~~~~~ 06-04
21111478;22042056D;21095816;14010400213;15031978;28091772;157;616;605 ~~~~~~~~~~~~~~~~~~~~~~~~~~~~~~~~~~ 06-05
22111478;23042056D;22095816;15010400213;16031978;29091772;158 ~~~~~~~~~~~~~~~~~~~~~~~~~~~~~~~~~~~~~~~~~~ 06-06
23111478;24042056D;23095816;16010400213;17031978;30091772;159;691;415;616 ~~~~~~~~~~~~~~~~~~~~~~~~~~~~~~ 06-07
24111478;25042056D;24095816;17010400213;18031978;01101772;160;530 ~~~~~~~~~~~~~~~~~~~~~~~~~~~~~~~~~~~~~~ 06-08
25111478;26042056D;25095816;18010400213;19031978;02101772;161;513;616 ~~~~~~~~~~~~~~~~~~~~~~~~~~~~~~~~~~ 06-09
26111478;27042056D;26095816;19010400213;20031978;03101772;162;697;799;811;569;409 ~~~~~~~~~~~~~~~~~~~~~~ 06-10
27111478;28042056D;27095816;00020400213;21031978;04101772;163;695;569;616 ~~~~~~~~~~~~~~~~~~~~~~~~~~~~~~ 06-11
28111478;29042056D;28095816;01020400213;22031978;05101772;164;942 ~~~~~~~~~~~~~~~~~~~~~~~~~~~~~~~~~~~~~~ 06-12
29111478;01052056D;29095816;02020400213;23031978;06101772;165;696;380;921;403;616 ~~~~~~~~~~~~~~~~~~~~~~ 06-13
30111478;02052056D;30095816;03020400213;24031978;07101772;166 ~~~~~~~~~~~~~~~~~~~~~~~~~~~~~~~~~~~~~~~~~~ 06-14
01121478;03052056D;01105816;04020400213;25031978;08101772;167;698;821;616 ~~~~~~~~~~~~~~~~~~~~~~~~~~~~~~ 06-15
02121478;04052056D;02105816;05020400213;26031978;09101772;168;701;699;409 ~~~~~~~~~~~~~~~~~~~~~~~~~~~~~~ 06-16
03121478;05052056D;03105816;06020400213;27031978;10101772;169;420;564;403;616 ~~~~~~~~~~~~~~~~~~~~~~~~~~ 06-17
04121478;06052056D;04105816;07020400213;28031978;11101772;170;452;452;378 ~~~~~~~~~~~~~~~~~~~~~~~~~~~~~~ 06-18
05121478;07052056D;05105816;08020400213;29031978;12101772;171;460;616 ~~~~~~~~~~~~~~~~~~~~~~~~~~~~~~~~~~ 06-19
06121478;08052056D;06105816;09020400213;30031978;13101772;172;397;425 ~~~~~~~~~~~~~~~~~~~~~~~~~~~~~~~~~~ 06-20
07121478;09052056D;07105816;10020400213;31031978;14101772;173;461;403;616 ~~~~~~~~~~~~~~~~~~~~~~~~~~~~~~ 06-21
08121478;10052056D;08105816;11020400213;01041978;15101772;174;416;552;409 ~~~~~~~~~~~~~~~~~~~~~~~~~~~~~~ 06-22
09121478;11052056D;09105816;12020400213;02041978;16101772;175;896;501;700;616 ~~~~~~~~~~~~~~~~~~~~~~~~~~ 06-23
10121478;12052056D;10105816;13020400213;03041978;17101772;176;702;554;500 ~~~~~~~~~~~~~~~~~~~~~~~~~~~~~~ 06-24
11121478;13052056D;11105816;14020400213;04041978;18101772;177;433;514;500;616 ~~~~~~~~~~~~~~~~~~~~~~~~~~ 06-25
12121478;14052056D;12105816;15020400213;05041978;19101772;178 ~~~~~~~~~~~~~~~~~~~~~~~~~~~~~~~~~~~~~~~~~~ 06-26
13121478;15052056D;13105816;16020400213;06041978;20101772;179;386;542;874;941;948;500;616 ~~~~~~~~~~~~~~ 06-27
14121478;16052056D;14105816;17020400213;07041978;21101772;180;704;500;409 ~~~~~~~~~~~~~~~~~~~~~~~~~~~~~~ 06-28
15121478;17052056D;15105816;18020400213;08041978;22101772;181;403;616 ~~~~~~~~~~~~~~~~~~~~~~~~~~~~~~~~~~ 06-29
16121478;18052056D;16105816;19020400213;09041978;23101772;182;703 ~~~~~~~~~~~~~~~~~~~~~~~~~~~~~~~~~~~~~~ 06-30
17121478;19052056D;17105816;00030400213;10041978;24101772;183;637;705;840;617 ~~~~~~~~~~~~~~~~~~~~~~~~~~ 07-01
18121478;20052056D;18105816;01030400213;11041978;25101772;184;795;841 ~~~~~~~~~~~~~~~~~~~~~~~~~~~~~~~~~~ 07-02
19121478;21052056D;19105816;02030400213;12041978;26101772;185;403;617 ~~~~~~~~~~~~~~~~~~~~~~~~~~~~~~~~~~ 07-03
20121478;22052056D;20105816;03030400213;13041978;27101772;186;398 ~~~~~~~~~~~~~~~~~~~~~~~~~~~~~~~~~~~~~~ 07-04
21121478;23052056D;21105816;04030400213;14041978;28101772;187;617 ~~~~~~~~~~~~~~~~~~~~~~~~~~~~~~~~~~~~~~ 07-05
22121478;24052056D;22105816;05030400213;15041978;29101772;188;373;868 ~~~~~~~~~~~~~~~~~~~~~~~~~~~~~~~~~~ 07-06
23121478;25052056D;23105816;06030400213;16041978;30101772;189;513;565;403;421;617 ~~~~~~~~~~~~~~~~~~~~~~ 07-07
24121478;26052056D;24105816;07030400213;17041978;01111772;190;706;946;842;565 ~~~~~~~~~~~~~~~~~~~~~~~~~~ 07-08
25121478;27052056D;25105816;08030400213;18041978;02111772;191;617 ~~~~~~~~~~~~~~~~~~~~~~~~~~~~~~~~~~~~~~ 07-09
26121478;28052056D;26105816;09030400213;19041978;03111772;192;707 ~~~~~~~~~~~~~~~~~~~~~~~~~~~~~~~~~~~~~~ 07-10
27121478;29052056D;27105816;10030400213;20041978;04111772;193;403;617 ~~~~~~~~~~~~~~~~~~~~~~~~~~~~~~~~~~ 07-11
28121478;30052056D;28105816;11030400213;21041978;05111772;194;380;950 ~~~~~~~~~~~~~~~~~~~~~~~~~~~~~~~~~~ 07-12
29121478;01062056D;29105816;12030400213;22041978;06111772;195;932;617 ~~~~~~~~~~~~~~~~~~~~~~~~~~~~~~~~~~ 07-13
01011479;02062056D;01115816;13030400213;23041978;07111772;196;870;495 ~~~~~~~~~~~~~~~~~~~~~~~~~~~~~~~~~~ 07-14
02011479;03062056D;02115816;14030400213;24041978;08111772;197;708;403;617 ~~~~~~~~~~~~~~~~~~~~~~~~~~~~~~ 07-15
03011479;04062056D;03115816;15030400213;25041978;09111772;198;709 ~~~~~~~~~~~~~~~~~~~~~~~~~~~~~~~~~~~~~~ 07-16
04011479;05062056D;04115816;16030400213;26041978;10111772;199;710;617 ~~~~~~~~~~~~~~~~~~~~~~~~~~~~~~~~~~ 07-17
05011479;06062056D;05115816;17030400213;27041978;11111772;200;496 ~~~~~~~~~~~~~~~~~~~~~~~~~~~~~~~~~~~~~~ 07-18
06011479;07062056D;06115816;18030400213;28041978;12111772;201;711;397;403;617 ~~~~~~~~~~~~~~~~~~~~~~~~~~ 07-19
07011479;08062056D;07115816;19030400213;29041978;13111772;202;631 ~~~~~~~~~~~~~~~~~~~~~~~~~~~~~~~~~~~~~~ 07-20
08011479;09062056D;08115816;00040400213;30041978;14111772;203;617 ~~~~~~~~~~~~~~~~~~~~~~~~~~~~~~~~~~~~~~ 07-21
09011479;10062056D;09115816;01040400213;31041978;15111772;204;713;514 ~~~~~~~~~~~~~~~~~~~~~~~~~~~~~~~~~~ 07-22
10011479;11062056D;10115816;02040400213;01051978;16111772;205;714;546;498;617 ~~~~~~~~~~~~~~~~~~~~~~~~~~ 07-23
11011479;12062056D;11115816;03040400213;02051978;17111772;206 ~~~~~~~~~~~~~~~~~~~~~~~~~~~~~~~~~~~~~~~~~~ 07-24
12011479;13062056D;12115816;04040400213;03051978;18111772;207;617 ~~~~~~~~~~~~~~~~~~~~~~~~~~~~~~~~~~~~~~ 07-25
13011479;14062056D;13115816;05040400213;04051978;19111772;208;387;531;542;561;948 ~~~~~~~~~~~~~~~~~~~~~~ 07-26
14011479;15062056D;14115816;06040400213;05051978;20111772;209;712;715;421;617 ~~~~~~~~~~~~~~~~~~~~~~~~~~ 07-27
15011479;16062056D;15115816;07040400213;06051978;21111772;210;716;375 ~~~~~~~~~~~~~~~~~~~~~~~~~~~~~~~~~~ 07-28
16011479;17062056D;16115816;08040400213;07051978;22111772;211;457;617 ~~~~~~~~~~~~~~~~~~~~~~~~~~~~~~~~~~ 07-29
17011479;18062056D;17115816;09040400213;08051978;23111772;212 ~~~~~~~~~~~~~~~~~~~~~~~~~~~~~~~~~~~~~~~~~~ 07-30
18011479;19062056D;18115816;10040400213;09051978;24111772;213;813;403;617 ~~~~~~~~~~~~~~~~~~~~~~~~~~~~~~ 07-31
19011479;20062056D;19115816;11040400213;10051978;25111772;214;718 ~~~~~~~~~~~~~~~~~~~~~~~~~~~~~~~~~~~~~~ 08-01
20011479;21062056D;20115816;12040400213;11051978;26111772;215;618 ~~~~~~~~~~~~~~~~~~~~~~~~~~~~~~~~~~~~~~ 08-02
21011479;22062056D;21115816;13040400213;12051978;27111772;216;398;411;513;409;496;618 ~~~~~~~~~~~~~~~~~~ 08-03
22011479;23062056D;22115816;14040400213;13051978;28111772;217;719;403;618 ~~~~~~~~~~~~~~~~~~~~~~~~~~~~~~ 08-04
23011479;24062056D;23115816;15040400213;14051978;29111772;218;637;720;496 ~~~~~~~~~~~~~~~~~~~~~~~~~~~~~~ 08-05
24011479;25062056D;24115816;16040400213;15051978;30111772;219;717;421;618 ~~~~~~~~~~~~~~~~~~~~~~~~~~~~~~ 08-06
25011479;26062056D;25115816;17040400213;16051978;01121772;220;436;878;496;618 ~~~~~~~~~~~~~~~~~~~~~~~~~~ 08-07
26011479;27062056D;26115816;18040400213;17051978;02121772;221;432;375;618 ~~~~~~~~~~~~~~~~~~~~~~~~~~~~~~ 08-08
27011479;28062056D;27115816;19040400213;18051978;03121772;222;722;409;496 ~~~~~~~~~~~~~~~~~~~~~~~~~~~~~~ 08-09
28011479;29062056D;28115816;00050400213;19051978;04121772;223;618 ~~~~~~~~~~~~~~~~~~~~~~~~~~~~~~~~~~~~~~ 08-10
29011479;01072056D;29115816;01050400213;20051978;05121772;224;380 ~~~~~~~~~~~~~~~~~~~~~~~~~~~~~~~~~~~~~~ 08-11
30011479;02072056D;30115816;02050400213;21051978;06121772;225;723;497;403;618 ~~~~~~~~~~~~~~~~~~~~~~~~~~ 08-12
01021479;03072056D;01125816;03050400213;22051978;07121772;226;721;618 ~~~~~~~~~~~~~~~~~~~~~~~~~~~~~~~~~~ 08-13
02021479;04072056D;02125816;04050400213;23051978;08121772;227;579;618 ~~~~~~~~~~~~~~~~~~~~~~~~~~~~~~~~~~ 08-14
03021479;05072056D;03125816;05050400213;24051978;09121772;228;891 ~~~~~~~~~~~~~~~~~~~~~~~~~~~~~~~~~~~~~~ 08-15
04021479;06072056D;04125816;06050400213;25051978;10121772;229;514;403;618 ~~~~~~~~~~~~~~~~~~~~~~~~~~~~~~ 08-16
05021479;07072056D;05125816;07050400213;26051978;11121772;230;397;825;572 ~~~~~~~~~~~~~~~~~~~~~~~~~~~~~~ 08-17
06021479;08072056D;06125816;08050400213;27051978;12121772;231;618 ~~~~~~~~~~~~~~~~~~~~~~~~~~~~~~~~~~~~~~ 08-18
07021479;09072056D;07125816;09050400213;28051978;13121772;232;724;375 ~~~~~~~~~~~~~~~~~~~~~~~~~~~~~~~~~~ 08-19
08021479;10072056D;08125816;10050400213;29051978;14121772;233;403;618 ~~~~~~~~~~~~~~~~~~~~~~~~~~~~~~~~~~ 08-20
09021479;11072056D;09125816;11050400213;30051978;15121772;234;399;926;409 ~~~~~~~~~~~~~~~~~~~~~~~~~~~~~~ 08-21
10021479;12072056D;10125816;12050400213;31051978;16121772;235;618 ~~~~~~~~~~~~~~~~~~~~~~~~~~~~~~~~~~~~~~ 08-22
11021479;13072056D;11125816;13050400213;01061978;17121772;236;897 ~~~~~~~~~~~~~~~~~~~~~~~~~~~~~~~~~~~~~~ 08-23
12021479;14072056D;12125816;14050400213;02061978;18121772;237;388;567;400;412;618 ~~~~~~~~~~~~~~~~~~~~~~ 08-24
13021479;15072056D;13125816;15050400213;03061978;19121772;238;427;556;909;910;925;938;567;618 ~~~~~~~~~~ 08-25
14021479;16072056D;14125816;16050400213;04061978;20121772;239;725;618 ~~~~~~~~~~~~~~~~~~~~~~~~~~~~~~~~~~ 08-26
15021479;17072056D;15125816;17050400213;05061978;21121772;240;428;725;400;409 ~~~~~~~~~~~~~~~~~~~~~~~~~~ 08-27
16021479;18072056D;16125816;18050400213;06061978;22121772;241;796;875;403;618 ~~~~~~~~~~~~~~~~~~~~~~~~~~ 08-28
17021479;19072056D;17125816;19050400213;07061978;23121772;242;594;618 ~~~~~~~~~~~~~~~~~~~~~~~~~~~~~~~~~~ 08-29
18021479;20072056D;18125816;00060400213;08061978;24121772;243;595;375;618 ~~~~~~~~~~~~~~~~~~~~~~~~~~~~~~ 08-30
19021479;21072056D;19125816;01060400213;09061978;25121772;244;513;412 ~~~~~~~~~~~~~~~~~~~~~~~~~~~~~~~~~~ 08-31
20021479;22072056D;20125816;02060400213;10061978;26121772;245;596;727;398;844;619 ~~~~~~~~~~~~~~~~~~~~~~ 09-01
21021479;23072056D;21125816;03060400213;11061978;27121772;246;429;637;728;883 ~~~~~~~~~~~~~~~~~~~~~~~~~~ 09-02
22021479;24072056D;22125816;04060400213;12061978;28121772;247;430;619 ~~~~~~~~~~~~~~~~~~~~~~~~~~~~~~~~~~ 09-03
23021479;25072056D;23125816;05060400213;13061978;29121772;248;434;793 ~~~~~~~~~~~~~~~~~~~~~~~~~~~~~~~~~~ 09-04
24021479;26072056D;24125816;06060400213;14061978;30121772;249;435;503;400;403;619 ~~~~~~~~~~~~~~~~~~~~~~ 09-05
25021479;27072056D;25125816;07060400213;15061978;01131772;250 ~~~~~~~~~~~~~~~~~~~~~~~~~~~~~~~~~~~~~~~~~~ 09-06
26021479;28072056D;26125816;08060400213;16061978;02131772;251;412;619 ~~~~~~~~~~~~~~~~~~~~~~~~~~~~~~~~~~ 09-07
27021479;29072056D;27125816;09060400213;17061978;03131772;252;400 ~~~~~~~~~~~~~~~~~~~~~~~~~~~~~~~~~~~~~~ 09-08
28021479;30072056D;28125816;10060400213;18061978;04131772;253;380;619 ~~~~~~~~~~~~~~~~~~~~~~~~~~~~~~~~~~ 09-09
29021479;01082056D;29125816;11060400213;19061978;05131772;254;455;845;467;521;375 ~~~~~~~~~~~~~~~~~~~~~~ 09-10
01031479;02082056D;01215817;12060400213;20061978;01011773;255;729;846;836;521;400;619 ~~~~~~~~~~~~~~~~~~ 09-11
02031479;03082056D;02215817;13060400213;21061978;02011773;256;726;847;514;597;521 ~~~~~~~~~~~~~~~~~~~~~~ 09-12
03031479;04082056D;03215817;14060400213;22061978;03011773;257;401;417;550;915;403;619 ~~~~~~~~~~~~~~~~~~ 09-13
04031479;05082056D;04215817;15060400213;23061978;04011773;258;730 ~~~~~~~~~~~~~~~~~~~~~~~~~~~~~~~~~~~~~~ 09-14
05031479;06082056D;05215817;16060400213;24061978;05011773;259;734;619 ~~~~~~~~~~~~~~~~~~~~~~~~~~~~~~~~~~ 09-15
06031479;07082056D;06215817;17060400213;25061978;06011773;260;735;397;908 ~~~~~~~~~~~~~~~~~~~~~~~~~~~~~~ 09-16
07031479;08082056D;07215817;18060400213;26061978;07011773;261;731;619 ~~~~~~~~~~~~~~~~~~~~~~~~~~~~~~~~~~ 09-17
08031479;09082056D;08215817;19060400213;27061978;08011773;262 ~~~~~~~~~~~~~~~~~~~~~~~~~~~~~~~~~~~~~~~~~~ 09-18
09031479;10082056D;09215817;00070400213;28061978;09011773;263;732;437;903;619 ~~~~~~~~~~~~~~~~~~~~~~~~~~ 09-19
10031479;11082056D;10215817;01070400213;29061978;10011773;264;527;409 ~~~~~~~~~~~~~~~~~~~~~~~~~~~~~~~~~~ 09-20
11031479;12082056D;11215817;02070400213;30061978;11011773;265;733;433;462;412;848;619 ~~~~~~~~~~~~~~~~~~ 09-21
12031479;13082056D;12215817;03070400213;31061978;12011773;266;738;520;551;423;511 ~~~~~~~~~~~~~~~~~~~~~~ 09-22
13031479;14082056D;13215817;04070400213;01071978;13011773;267;739;389;390;534;463;843;848;619 ~~~~~~~~~~ 09-23
14031479;15082056D;14215817;05070400213;02071978;14011773;268;740;907;570 ~~~~~~~~~~~~~~~~~~~~~~~~~~~~~~ 09-24
15031479;16082056D;15215817;06070400213;03071978;15011773;269;736;523;619;848 ~~~~~~~~~~~~~~~~~~~~~~~~~~ 09-25
16031479;17082056D;16215817;07070400213;04071978;16011773;270;737;523 ~~~~~~~~~~~~~~~~~~~~~~~~~~~~~~~~~~ 09-26
17031479;18082056D;17215817;08070400213;05071978;17011773;271;742;790;410;511;523;843;848;619 ~~~~~~~~~~ 09-27
18031479;19082056D;18215817;09070400213;06071978;18011773;272;741;790;513;523;412 ~~~~~~~~~~~~~~~~~~~~~~ 09-28
19031479;20082056D;19215817;10070400213;07071978;19011773;273;790;523;403;619;848 ~~~~~~~~~~~~~~~~~~~~~~ 09-29
20031479;21082056D;20215817;11070400213;08071978;20011773;274;743;790;523;853 ~~~~~~~~~~~~~~~~~~~~~~~~~~ 09-30
21031479;22082056D;21215817;12070400213;09071978;21011773;275;790;398;523;853;418;843;620 ~~~~~~~~~~~~~~ 10-01
22031479;23082056D;22215817;13070400213;10071978;22011773;276;744;790;524;853 ~~~~~~~~~~~~~~~~~~~~~~~~~~ 10-02
23031479;24082056D;23215817;14070400213;11071978;23011773;277;745;790;525;620;848 ~~~~~~~~~~~~~~~~~~~~~~ 10-03
24031479;25082056D;24215817;15070400213;12071978;24011773;278;746 ~~~~~~~~~~~~~~~~~~~~~~~~~~~~~~~~~~~~~~ 10-04
25031479;26082056D;25215817;16070400213;13071978;25011773;279;747;869;620;848 ~~~~~~~~~~~~~~~~~~~~~~~~~~ 10-05
26031479;27082056D;26215817;17070400213;14071978;26011773;280;748 ~~~~~~~~~~~~~~~~~~~~~~~~~~~~~~~~~~~~~~ 10-06
27031479;28082056D;27215817;18070400213;15071978;27011773;281;637;620 ~~~~~~~~~~~~~~~~~~~~~~~~~~~~~~~~~~ 10-07
28031479;29082056D;28215817;19070400213;16071978;28011773;282;750;749;380;920 ~~~~~~~~~~~~~~~~~~~~~~~~~~ 10-08
29031479;01092056D;29215817;00080400213;17071978;29011773;283;751;376;895;620 ~~~~~~~~~~~~~~~~~~~~~~~~~~ 10-09
30031479;02092056D;30215817;01080400213;18071978;30011773;284;791;367;514;418 ~~~~~~~~~~~~~~~~~~~~~~~~~~ 10-10
01041479;03092056D;01225817;02080400213;19071978;01021773;285;752;368;861;403;620;848 ~~~~~~~~~~~~~~~~~~ 10-11
02041479;04092056D;02225817;03080400213;20071978;02021773;286;753;412 ~~~~~~~~~~~~~~~~~~~~~~~~~~~~~~~~~~ 10-12
03041479;05092056D;03225817;04080400213;21071978;03021773;287;620 ~~~~~~~~~~~~~~~~~~~~~~~~~~~~~~~~~~~~~~ 10-13
04041479;06092056D;04225817;05080400213;22071978;04021773;288;754;918 ~~~~~~~~~~~~~~~~~~~~~~~~~~~~~~~~~~ 10-14
05041479;07092056D;05225817;06080400213;23071978;05021773;289;397;919;403;620 ~~~~~~~~~~~~~~~~~~~~~~~~~~ 10-15
06041479;08092056D;06225817;07080400213;24071978;06021773;290;755;548;885 ~~~~~~~~~~~~~~~~~~~~~~~~~~~~~~ 10-16
07041479;09092056D;07225817;08080400213;25071978;07021773;291;756;549;560;563;620 ~~~~~~~~~~~~~~~~~~~~~~ 10-17
08041479;10092056D;08225817;09080400213;26071978;08021773;292;757 ~~~~~~~~~~~~~~~~~~~~~~~~~~~~~~~~~~~~~~ 10-18
09041479;11092056D;09225817;10080400213;27071978;09021773;293;631;899;403;412;418;620 ~~~~~~~~~~~~~~~~~~ 10-19
10041479;12092056D;10225817;11080400213;28071978;10021773;294;784 ~~~~~~~~~~~~~~~~~~~~~~~~~~~~~~~~~~~~~~ 10-20
11041479;13092056D;11225817;12080400213;29071978;11021773;295;758;369;785;620 ~~~~~~~~~~~~~~~~~~~~~~~~~~ 10-21
12041479;14092056D;12225817;13080400213;30071978;12021773;296;882;922;786 ~~~~~~~~~~~~~~~~~~~~~~~~~~~~~~ 10-22
13041479;15092056D;13225817;14080400213;01081978;13021773;297;393;532;787;620 ~~~~~~~~~~~~~~~~~~~~~~~~~~ 10-23
14041479;16092056D;14225817;15080400213;02081978;14021773;298;371 ~~~~~~~~~~~~~~~~~~~~~~~~~~~~~~~~~~~~~~ 10-24
15041479;17092056D;15225817;16080400213;03081978;15021773;299;431;513;421;620 ~~~~~~~~~~~~~~~~~~~~~~~~~~ 10-25
16041479;18092056D;16225817;17080400213;04081978;16021773;300 ~~~~~~~~~~~~~~~~~~~~~~~~~~~~~~~~~~~~~~~~~~ 10-26
17041479;19092056D;17225817;18080400213;05081978;17021773;301;849;864;881;403;620 ~~~~~~~~~~~~~~~~~~~~~~ 10-27
18041479;20092056D;18225817;19080400213;06081978;18021773;302;759 ~~~~~~~~~~~~~~~~~~~~~~~~~~~~~~~~~~~~~~ 10-28
19041479;21092056D;19225817;00090400213;07081978;19021773;303;620 ~~~~~~~~~~~~~~~~~~~~~~~~~~~~~~~~~~~~~~ 10-29
20041479;22092056D;20225817;01090400213;08081978;20021773;304 ~~~~~~~~~~~~~~~~~~~~~~~~~~~~~~~~~~~~~~~~~~ 10-30
21041479;23092056D;21225817;02090400213;09081978;21021773;305;398;499;403;620 ~~~~~~~~~~~~~~~~~~~~~~~~~~ 10-31
22041479;24092056D;22225817;03090400213;10081978;22021773;306;761 ~~~~~~~~~~~~~~~~~~~~~~~~~~~~~~~~~~~~~~ 11-01
23041479;25092056D;23225817;04090400213;11081978;23021773;307;762;621 ~~~~~~~~~~~~~~~~~~~~~~~~~~~~~~~~~~ 11-02
24041479;26092056D;24225817;05090400213;12081978;24021773;308;911 ~~~~~~~~~~~~~~~~~~~~~~~~~~~~~~~~~~~~~~ 11-03
25041479;27092056D;25225817;06090400213;13081978;25021773;309;637;763;432;554;558;403;421;621 ~~~~~~~~~~ 11-04
26041479;28092056D;26225817;07090400213;14081978;26021773;310;779;784 ~~~~~~~~~~~~~~~~~~~~~~~~~~~~~~~~~~ 11-05
27041479;29092056D;27225817;08090400213;15081978;27021773;311;760;780;785;893;418;621 ~~~~~~~~~~~~~~~~~~ 11-06
28041479;01102056D;28225817;09090400213;16081978;28021773;312;850;380;514;781;786;787;621 ~~~~~~~~~~~~~~ 11-07
29041479;02102056D;29225817;10090400213;17081978;29021773;313;535;782;788;403;621 ~~~~~~~~~~~~~~~~~~~~~~ 11-08
01051479;03102056D;01235817;11090400213;18081978;30021773;314;764;783 ~~~~~~~~~~~~~~~~~~~~~~~~~~~~~~~~~~ 11-09
02051479;04102056D;02235817;12090400213;19081978;01031773;315;621 ~~~~~~~~~~~~~~~~~~~~~~~~~~~~~~~~~~~~~~ 11-10
03051479;05102056D;03235817;13090400213;20081978;02031773;316;621 ~~~~~~~~~~~~~~~~~~~~~~~~~~~~~~~~~~~~~~ 11-11
04051479;06102056D;04235817;14090400213;21081978;03031773;317;543;403;621 ~~~~~~~~~~~~~~~~~~~~~~~~~~~~~~ 11-12
05051479;07102056D;05235817;15090400213;22081978;04031773;318;397 ~~~~~~~~~~~~~~~~~~~~~~~~~~~~~~~~~~~~~~ 11-13
06051479;08102056D;06235817;16090400213;23081978;05031773;319;621 ~~~~~~~~~~~~~~~~~~~~~~~~~~~~~~~~~~~~~~ 11-14
07051479;09102056D;07235817;17090400213;24081978;06031773;320;418;621 ~~~~~~~~~~~~~~~~~~~~~~~~~~~~~~~~~~ 11-15
08051479;10102056D;08235817;18090400213;25081978;07031773;321;766;879;403;412;621 ~~~~~~~~~~~~~~~~~~~~~~ 11-16
09051479;11102056D;09235817;19090400213;26081978;08031773;322;596;547;621 ~~~~~~~~~~~~~~~~~~~~~~~~~~~~~~ 11-17
10051479;12102056D;10235817;00100400213;27081978;09031773;323;767;934;621 ~~~~~~~~~~~~~~~~~~~~~~~~~~~~~~ 11-18
11051479;13102056D;11235817;01100400213;28081978;10031773;324;765 ~~~~~~~~~~~~~~~~~~~~~~~~~~~~~~~~~~~~~~ 11-19
12051479;14102056D;12235817;02100400213;29081978;11031773;325;403;621 ~~~~~~~~~~~~~~~~~~~~~~~~~~~~~~~~~~ 11-20
13051479;15102056D;13235817;03100400213;30081978;12031773;326;392;513 ~~~~~~~~~~~~~~~~~~~~~~~~~~~~~~~~~~ 11-21
14051479;16102056D;14235817;04100400213;01091978;13031773;327;769;880;788;621 ~~~~~~~~~~~~~~~~~~~~~~~~~~ 11-22
15051479;17102056D;15235817;05100400213;02091978;14031773;328;440;829;621 ~~~~~~~~~~~~~~~~~~~~~~~~~~~~~~ 11-23
16051479;18102056D;16235817;06100400213;03091978;15031773;329;596;441;418;621 ~~~~~~~~~~~~~~~~~~~~~~~~~~ 11-24
17051479;19102056D;17235817;07100400213;04091978;16031773;330;770;768 ~~~~~~~~~~~~~~~~~~~~~~~~~~~~~~~~~~ 11-25
18051479;20102056D;18235817;08100400213;05091978;17031773;331;621 ~~~~~~~~~~~~~~~~~~~~~~~~~~~~~~~~~~~~~~ 11-26
19051479;21102056D;19235817;09100400213;06091978;18031773;332;442 ~~~~~~~~~~~~~~~~~~~~~~~~~~~~~~~~~~~~~~ 11-27
20051479;22102056D;20235817;10100400213;07091978;19031773;333;771;369;403;621 ~~~~~~~~~~~~~~~~~~~~~~~~~~ 11-28
21051479;23102056D;21235817;11100400213;08091978;20031773;334;772;398;422 ~~~~~~~~~~~~~~~~~~~~~~~~~~~~~~ 11-29
22051479;24102056D;22235817;12100400213;09091978;21031773;335;876;412;621 ~~~~~~~~~~~~~~~~~~~~~~~~~~~~~~ 11-30
23051479;25102056D;23235817;13100400213;10091978;22031773;336;774;453 ~~~~~~~~~~~~~~~~~~~~~~~~~~~~~~~~~~ 12-01
24051479;26102056D;24235817;14100400213;11091978;23031773;337;637;775;370;436;622 ~~~~~~~~~~~~~~~~~~~~~~ 12-02
25051479;27102056D;25235817;15100400213;12091978;24031773;338;936;589;516;418;622 ~~~~~~~~~~~~~~~~~~~~~~ 12-03
26051479;28102056D;26235817;16100400213;13091978;25031773;339;516;622 ~~~~~~~~~~~~~~~~~~~~~~~~~~~~~~~~~~ 12-04
27051479;29102056D;27235817;17100400213;14091978;26031773;340;773;516 ~~~~~~~~~~~~~~~~~~~~~~~~~~~~~~~~~~ 12-05
28051479;30102056D;28235817;18100400213;15091978;27031773;341;380;514;516;403;622 ~~~~~~~~~~~~~~~~~~~~~~ 12-06
29051479;01112056D;29235817;19100400213;16091978;28031773;342;516;412;622 ~~~~~~~~~~~~~~~~~~~~~~~~~~~~~~ 12-07
30051479;02112056D;01245817;00110400213;17091978;29031773;343;516;622 ~~~~~~~~~~~~~~~~~~~~~~~~~~~~~~~~~~ 12-08
01061479;03112056D;02245817;01110400213;18091978;30031773;344;776;516 ~~~~~~~~~~~~~~~~~~~~~~~~~~~~~~~~~~ 12-09
02061479;04112056D;03245817;02110400213;19091978;01041773;345;777;399;590;516;622 ~~~~~~~~~~~~~~~~~~~~~~ 12-10
03061479;05112056D;04245817;03110400213;20091978;02041773;346;944;622 ~~~~~~~~~~~~~~~~~~~~~~~~~~~~~~~~~~ 12-11
04061479;06112056D;05245817;04110400213;21091978;03041773;347;622 ~~~~~~~~~~~~~~~~~~~~~~~~~~~~~~~~~~~~~~ 12-12
05061479;07112056D;06245817;05110400213;22091978;04041773;348;397;622 ~~~~~~~~~~~~~~~~~~~~~~~~~~~~~~~~~~ 12-13
06061479;08112056D;07245817;06110400213;23091978;05041773;349;405;403;622 ~~~~~~~~~~~~~~~~~~~~~~~~~~~~~~ 12-14
07061479;09112056D;08245817;07110400213;24091978;06041773;350;596;778;831 ~~~~~~~~~~~~~~~~~~~~~~~~~~~~~~ 12-15
08061479;10112056D;09245817;08110400213;25091978;07041773;351;400;622 ~~~~~~~~~~~~~~~~~~~~~~~~~~~~~~~~~~ 12-16
09061479;11112056D;10245817;09110400213;26091978;08041773;352;413;557;890;591;622 ~~~~~~~~~~~~~~~~~~~~~~ 12-17
10061479;12112056D;11245817;10110400213;27091978;09041773;353;433;403;622 ~~~~~~~~~~~~~~~~~~~~~~~~~~~~~~ 12-18
11061479;13112056D;12245817;11110400213;28091978;10041773;354;371;513;400;406 ~~~~~~~~~~~~~~~~~~~~~~~~~~ 12-19
12061479;14112056D;13245817;12110400213;29091978;11041773;355;466;622 ~~~~~~~~~~~~~~~~~~~~~~~~~~~~~~~~~~ 12-20
13061479;15112056D;14245817;13110400213;30091978;12041773;356;395;545;887;426;418;622 ~~~~~~~~~~~~~~~~~~ 12-21
14061479;16112056D;15245817;14110400213;01101978;13041773;357;542;948;465;400;403;622 ~~~~~~~~~~~~~~~~~~ 12-22
15061479;17112056D;16245817;15110400213;02101978;14041773;358 ~~~~~~~~~~~~~~~~~~~~~~~~~~~~~~~~~~~~~~~~~~ 12-23
16061479;18112056D;17245817;16110400213;03101978;15041773;359;592;622 ~~~~~~~~~~~~~~~~~~~~~~~~~~~~~~~~~~ 12-24
17061479;19112056D;18245817;17110400213;04101978;16041773;360;622 ~~~~~~~~~~~~~~~~~~~~~~~~~~~~~~~~~~~~~~ 12-25
18061479;20112056D;19245817;18110400213;05101978;17041773;361;403;622 ~~~~~~~~~~~~~~~~~~~~~~~~~~~~~~~~~~ 12-31
19061479;21112056D;20245817;19110400213;06101978;18041773;362;622 ~~~~~~~~~~~~~~~~~~~~~~~~~~~~~~~~~~~~~~ 12-27
20061479;22112056D;21245817;00120400213;07101978;19041773;363;400;622 ~~~~~~~~~~~~~~~~~~~~~~~~~~~~~~~~~~ 12-28
21061479;23112056D;22245817;01120400213;08101978;20041773;364;398;622 ~~~~~~~~~~~~~~~~~~~~~~~~~~~~~~~~~~ 12-29
22061479;24112056D;23245817;02120400213;09101978;21041773;365;401;622 ~~~~~~~~~~~~~~~~~~~~~~~~~~~~~~~~~~ 12-30
23061479;25112056D;24245817;03120400213;10101978;22041773;366;866 ~~~~~~~~~~~~~~~~~~~~~~~~~~~~~~~~~~~~~~ 12-31
