15101489;16112066N;14045827;14141400213;11101988;23041783;001;637;513;611 ~~~~~~~~~~~~~~~~~~~~~~~~~~~~~~ 01-01
16101489;17112066N;15045827;15141400213;12101988;24041783;002 ~~~~~~~~~~~~~~~~~~~~~~~~~~~~~~~~~~~~~~~~~~ 01-02
17101489;18112066N;16045827;16141400213;13101988;25041783;003;372;611 ~~~~~~~~~~~~~~~~~~~~~~~~~~~~~~~~~~ 01-03
18101489;19112066N;17045827;17141400213;14101988;26041783;004;916 ~~~~~~~~~~~~~~~~~~~~~~~~~~~~~~~~~~~~~~ 01-04
19101489;20112066N;18045827;18141400213;15101988;27041783;005;832;611 ~~~~~~~~~~~~~~~~~~~~~~~~~~~~~~~~~~ 01-05
20101489;21112066N;19045827;19141400213;16101988;28041783;006 ~~~~~~~~~~~~~~~~~~~~~~~~~~~~~~~~~~~~~~~~~~ 01-06
21101489;22112066N;20045827;00151400213;17101988;29041783;007;611 ~~~~~~~~~~~~~~~~~~~~~~~~~~~~~~~~~~~~~~ 01-07
22101489;23112066N;21045827;01151400213;18101988;30041783;008;626;398 ~~~~~~~~~~~~~~~~~~~~~~~~~~~~~~~~~~ 01-08
23101489;24112066N;22045827;02151400213;19101988;01051783;009;627;611 ~~~~~~~~~~~~~~~~~~~~~~~~~~~~~~~~~~ 01-09
24101489;25112066N;23045827;03151400213;20101988;02051783;010;628 ~~~~~~~~~~~~~~~~~~~~~~~~~~~~~~~~~~~~~~ 01-10
25101489;26112066N;24045827;04151400213;21101988;03051783;011;629;923;611 ~~~~~~~~~~~~~~~~~~~~~~~~~~~~~~ 01-11
26101489;27112066N;25045827;05151400213;22101988;04051783;012;554 ~~~~~~~~~~~~~~~~~~~~~~~~~~~~~~~~~~~~~~ 01-12
27101489;28112066N;26045827;06151400213;23101988;05051783;013;836;611 ~~~~~~~~~~~~~~~~~~~~~~~~~~~~~~~~~~ 01-13
28101489;29112066N;27045827;07151400213;24101988;06051783;014 ~~~~~~~~~~~~~~~~~~~~~~~~~~~~~~~~~~~~~~~~~~ 01-14
29101489;01122066N;28045827;08151400213;25101988;07051783;015;630;380;514;888;412;611 ~~~~~~~~~~~~~~~~~~ 01-15
01111489;02122066N;29045827;09151400213;26101988;08051783;016;625 ~~~~~~~~~~~~~~~~~~~~~~~~~~~~~~~~~~~~~~ 01-16
02111489;03122066N;01055827;10151400213;27101988;09051783;017;492;403;611 ~~~~~~~~~~~~~~~~~~~~~~~~~~~~~~ 01-17
03111489;04122066N;02055827;11151400213;28101988;10051783;018 ~~~~~~~~~~~~~~~~~~~~~~~~~~~~~~~~~~~~~~~~~~ 01-18
04111489;05122066N;03055827;12151400213;29101988;11051783;019;816;940;418;611 ~~~~~~~~~~~~~~~~~~~~~~~~~~ 01-19
05111489;06122066N;04055827;13151400213;30101988;12051783;020;631 ~~~~~~~~~~~~~~~~~~~~~~~~~~~~~~~~~~~~~~ 01-20
06111489;07122066N;05055827;14151400213;01111988;13051783;021;397;914;403;611 ~~~~~~~~~~~~~~~~~~~~~~~~~~ 01-21
07111489;08122066N;06055827;15151400213;02111988;14051783;022;536;412 ~~~~~~~~~~~~~~~~~~~~~~~~~~~~~~~~~~ 01-22
08111489;09122066N;07055827;16151400213;03111988;15051783;023;611 ~~~~~~~~~~~~~~~~~~~~~~~~~~~~~~~~~~~~~~ 01-23
09111489;10122066N;08055827;17151400213;04111988;16051783;024 ~~~~~~~~~~~~~~~~~~~~~~~~~~~~~~~~~~~~~~~~~~ 01-24
10111489;11122066N;09055827;18151400213;05111988;17051783;025;436;873;403;580;611 ~~~~~~~~~~~~~~~~~~~~~~ 01-25
11111489;12122066N;10055827;19151400213;06111988;18051783;026;632 ~~~~~~~~~~~~~~~~~~~~~~~~~~~~~~~~~~~~~~ 01-26
12111489;13122066N;11055827;00161400213;07111988;19051783;027;611 ~~~~~~~~~~~~~~~~~~~~~~~~~~~~~~~~~~~~~~ 01-27
13111489;14122066N;12055827;01161400213;08111988;20051783;028;633;513 ~~~~~~~~~~~~~~~~~~~~~~~~~~~~~~~~~~ 01-28
14111489;15122066N;13055827;02161400213;09111988;21051783;029;634;412;611 ~~~~~~~~~~~~~~~~~~~~~~~~~~~~~~ 01-29
15111489;16122066N;14055827;03161400213;10111988;22051783;030;635;381;433;884 ~~~~~~~~~~~~~~~~~~~~~~~~~~ 01-30
16111489;17122066N;15055827;04161400213;11111988;23051783;031;636;399;611 ~~~~~~~~~~~~~~~~~~~~~~~~~~~~~~ 01-31
17111489;18122066N;16055827;04161400213;12111988;24051783;032 ~~~~~~~~~~~~~~~~~~~~~~~~~~~~~~~~~~~~~~~~~~ 02-01
18111489;19122066N;17055827;05161400213;13111988;25051783;033;403;612 ~~~~~~~~~~~~~~~~~~~~~~~~~~~~~~~~~~ 02-02
19111489;20122066N;18055827;06161400213;14111988;26051783;034;638;793;400 ~~~~~~~~~~~~~~~~~~~~~~~~~~~~~~ 02-03
20111489;21122066N;19055827;07161400213;15111988;27051783;035;639;831;612 ~~~~~~~~~~~~~~~~~~~~~~~~~~~~~~ 02-04
21111489;22122066N;20055827;08161400213;16111988;28051783;036;637;640 ~~~~~~~~~~~~~~~~~~~~~~~~~~~~~~~~~~ 02-05
22111489;23122066N;21055827;09161400213;17111988;29051783;037;398;400;403;612 ~~~~~~~~~~~~~~~~~~~~~~~~~~ 02-06
23111489;24122066N;22055827;10161400213;18111988;30051783;038 ~~~~~~~~~~~~~~~~~~~~~~~~~~~~~~~~~~~~~~~~~~ 02-07
24111489;25122066N;23055827;11161400213;19111988;01061783;039;612 ~~~~~~~~~~~~~~~~~~~~~~~~~~~~~~~~~~~~~~ 02-08
25111489;26122066N;24055827;12161400213;20111988;02061783;040;400 ~~~~~~~~~~~~~~~~~~~~~~~~~~~~~~~~~~~~~~ 02-09
26111489;27122066N;25055827;13161400213;21111988;03061783;041;642;943;403;612 ~~~~~~~~~~~~~~~~~~~~~~~~~~ 02-10
27111489;28122066N;26055827;14161400213;22111988;04061783;042 ~~~~~~~~~~~~~~~~~~~~~~~~~~~~~~~~~~~~~~~~~~ 02-11
28111489;29122066N;27055827;15161400213;23111988;05061783;043;643;514;886;612 ~~~~~~~~~~~~~~~~~~~~~~~~~~ 02-12
29111489;30122066N;28055827;16161400213;24111988;06061783;044;380;581 ~~~~~~~~~~~~~~~~~~~~~~~~~~~~~~~~~~ 02-13
30111489;01012067O;29055827;17161400213;25111988;07061783;045;641;479;490;403;612 ~~~~~~~~~~~~~~~~~~~~~~ 02-14
01121489;02012067O;30055827;18161400213;26111988;08061783;046;443;566;479;490;400;418 ~~~~~~~~~~~~~~~~~~ 02-15
02121489;03012067O;01065827;19161400213;27111988;09061783;047;444;566;612 ~~~~~~~~~~~~~~~~~~~~~~~~~~~~~~ 02-16
03121489;04012067O;02065827;00171400213;28111988;10061783;048;644;566;854 ~~~~~~~~~~~~~~~~~~~~~~~~~~~~~~ 02-17
04121489;05012067O;03065827;01171400213;29111988;11061783;049;645;566;854;400;403;612 ~~~~~~~~~~~~~~~~~~ 02-18
05121489;06012067O;04065827;02171400213;30111988;12061783;050 ~~~~~~~~~~~~~~~~~~~~~~~~~~~~~~~~~~~~~~~~~~ 02-19
06121489;07012067O;05065827;03171400213;01121988;13061783;051;397;612 ~~~~~~~~~~~~~~~~~~~~~~~~~~~~~~~~~~ 02-20
07121489;08012067O;06065827;04171400213;02121988;14061783;052;450;400 ~~~~~~~~~~~~~~~~~~~~~~~~~~~~~~~~~~ 02-21
08121489;09012067O;07065827;05171400213;03121988;15061783;053;646;401;403;612 ~~~~~~~~~~~~~~~~~~~~~~~~~~ 02-22
09121489;10012067O;08065827;06171400213;04121988;16061783;054;501 ~~~~~~~~~~~~~~~~~~~~~~~~~~~~~~~~~~~~~~ 02-23
10121489;11012067O;09065827;07171400213;05121988;17061783;055;647;648;517;500;418;612 ~~~~~~~~~~~~~~~~~~ 02-24
11121489;12012067O;10065827;08171400213;06121988;18061783;056;649;513;500 ~~~~~~~~~~~~~~~~~~~~~~~~~~~~~~ 02-25
12121489;13012067O;11065827;09171400213;07121988;19061783;057;861;612 ~~~~~~~~~~~~~~~~~~~~~~~~~~~~~~~~~~ 02-26
13121489;14012067O;12065827;10171400213;08121988;20061783;058;500 ~~~~~~~~~~~~~~~~~~~~~~~~~~~~~~~~~~~~~~ 02-27
14121489;15012067O;13065827;11171400213;09121988;21061783;059;650;383;544;623;803;500;612 ~~~~~~~~~~~~~~ 02-28
15121489;16012067O;14065827;15171400213;10121988;22061783;061;598;906;519 ~~~~~~~~~~~~~~~~~~~~~~~~~~~~~~ 03-01
16121489;17012067O;15065827;16171400213;11121988;23061783;062;562;403;613 ~~~~~~~~~~~~~~~~~~~~~~~~~~~~~~ 03-02
17121489;18012067O;16065827;17171400213;12121988;24061783;063;653;562;812 ~~~~~~~~~~~~~~~~~~~~~~~~~~~~~~ 03-03
18121489;19012067O;17065827;18171400213;13121988;25061783;064;654;562;841;613 ~~~~~~~~~~~~~~~~~~~~~~~~~~ 03-04
19121489;20012067O;18065827;19171400213;14121988;26061783;065;637 ~~~~~~~~~~~~~~~~~~~~~~~~~~~~~~~~~~~~~~ 03-05
20121489;21012067O;19065827;00001500213;15121988;27061783;066;655;403;613 ~~~~~~~~~~~~~~~~~~~~~~~~~~~~~~ 03-06
21121489;22012067O;20065827;01001500213;16121988;28061783;067;437;613 ~~~~~~~~~~~~~~~~~~~~~~~~~~~~~~~~~~ 03-07
22121489;23012067O;21065827;02001500213;17121988;29061783;068;398;533;924;613 ~~~~~~~~~~~~~~~~~~~~~~~~~~ 03-08
23121489;24012067O;22065827;03001500213;18121988;30061783;069 ~~~~~~~~~~~~~~~~~~~~~~~~~~~~~~~~~~~~~~~~~~ 03-09
24121489;25012067O;23065827;04001500213;19121988;01071783;070;656;842;403;613 ~~~~~~~~~~~~~~~~~~~~~~~~~~ 03-10
25121489;26012067O;24065827;05001500213;20121988;02071783;071;900;613 ~~~~~~~~~~~~~~~~~~~~~~~~~~~~~~~~~~ 03-11
26121489;27012067O;25065827;06001500213;21121988;03071783;072;419;613 ~~~~~~~~~~~~~~~~~~~~~~~~~~~~~~~~~~ 03-12
27121489;28012067O;26065827;07001500213;22121988;04071783;073;514;613 ~~~~~~~~~~~~~~~~~~~~~~~~~~~~~~~~~~ 03-13
28121489;29012067O;27065827;08001500213;23121988;05071783;074;403;613 ~~~~~~~~~~~~~~~~~~~~~~~~~~~~~~~~~~ 03-14
29121489;01022067O;28065827;09001500213;24121988;06071783;075;657;380;414;432 ~~~~~~~~~~~~~~~~~~~~~~~~~~ 03-15
01011490;02022067O;29065827;10001500213;25121988;07071783;076;495;613 ~~~~~~~~~~~~~~~~~~~~~~~~~~~~~~~~~~ 03-16
02011490;03022067O;01075827;11001500213;26121988;08071783;077;658 ~~~~~~~~~~~~~~~~~~~~~~~~~~~~~~~~~~~~~~ 03-17
03011490;04022067O;02075827;12001500213;27121988;09071783;078;496;613 ~~~~~~~~~~~~~~~~~~~~~~~~~~~~~~~~~~ 03-18
04011490;05022067O;03075827;13001500213;28121988;10071783;079;466;412;613 ~~~~~~~~~~~~~~~~~~~~~~~~~~~~~~ 03-19
05011490;06022067O;04075827;14001500213;29121988;11071783;080;424;613 ~~~~~~~~~~~~~~~~~~~~~~~~~~~~~~~~~~ 03-20
06011490;07022067O;05075827;15001500213;30121988;12071783;081;459;613 ~~~~~~~~~~~~~~~~~~~~~~~~~~~~~~~~~~ 03-21
07011490;08022067O;06075827;16001500213;01011989;13071783;082;659;397;851;403;613 ~~~~~~~~~~~~~~~~~~~~~~ 03-22
08011490;09022067O;07075827;17001500213;02011989;14071783;083;415;613 ~~~~~~~~~~~~~~~~~~~~~~~~~~~~~~~~~~ 03-23
09011490;10022067O;08075827;18001500213;03011989;15071783;084;513;613 ~~~~~~~~~~~~~~~~~~~~~~~~~~~~~~~~~~ 03-24
10011490;11022067O;09075827;19001500213;04011989;16071783;085;498 ~~~~~~~~~~~~~~~~~~~~~~~~~~~~~~~~~~~~~~ 03-25
11011490;12022067O;10075827;00011500213;05011989;17071783;086;898;403;496;613 ~~~~~~~~~~~~~~~~~~~~~~~~~~ 03-26
12011490;13022067O;11075827;01011500213;06011989;18071783;087;493;613 ~~~~~~~~~~~~~~~~~~~~~~~~~~~~~~~~~~ 03-27
13011490;14022067O;12075827;02011500213;07011989;19071783;088;496;613 ~~~~~~~~~~~~~~~~~~~~~~~~~~~~~~~~~~ 03-28
14011490;15022067O;13075827;03011500213;08011989;20071783;089;652;613 ~~~~~~~~~~~~~~~~~~~~~~~~~~~~~~~~~~ 03-29
15011490;16022067O;14075827;04011500213;09011989;21071783;090;660;396;396;852;403;613 ~~~~~~~~~~~~~~~~~~ 03-30
16011490;17022067O;15075827;05011500213;10011989;22071783;091;515 ~~~~~~~~~~~~~~~~~~~~~~~~~~~~~~~~~~~~~~ 03-31
17011490;18022067O;16075827;06011500213;11011989;23071783;092;445;614 ~~~~~~~~~~~~~~~~~~~~~~~~~~~~~~~~~~ 04-01
18011490;19022067O;17075827;07011500213;12011989;24071783;093;446;637;661 ~~~~~~~~~~~~~~~~~~~~~~~~~~~~~~ 04-02
19011490;20022067O;18075827;08011500213;13011989;25071783;094;447;662;403;614 ~~~~~~~~~~~~~~~~~~~~~~~~~~ 04-03
20011490;21022067O;19075827;09011500213;14011989;26071783;095;448;651;571 ~~~~~~~~~~~~~~~~~~~~~~~~~~~~~~ 04-04
21011490;22022067O;20075827;10011500213;15011989;27071783;096;651;614 ~~~~~~~~~~~~~~~~~~~~~~~~~~~~~~~~~~ 04-05
22011490;23022067O;21075827;11011500213;16011989;28071783;097;663;651;398;614 ~~~~~~~~~~~~~~~~~~~~~~~~~~ 04-06
23011490;24022067O;22075827;12011500213;17011989;29071783;098;403;651;614 ~~~~~~~~~~~~~~~~~~~~~~~~~~~~~~ 04-07
24011490;25022067O;23075827;13011500213;18011989;30071783;099;614;651 ~~~~~~~~~~~~~~~~~~~~~~~~~~~~~~~~~~ 04-08
25011490;26022067O;24075827;14011500213;19011989;01081783;100;514;412;496;651;614 ~~~~~~~~~~~~~~~~~~~~~~ 04-09
26011490;27022067O;25075827;15011500213;20011989;02081783;101;901 ~~~~~~~~~~~~~~~~~~~~~~~~~~~~~~~~~~~~~~ 04-10
27011490;28022067O;26075827;16011500213;21011989;03081783;102;526;403;614 ~~~~~~~~~~~~~~~~~~~~~~~~~~~~~~ 04-11
28011490;29022067O;27075827;17011500213;22011989;04081783;103;864 ~~~~~~~~~~~~~~~~~~~~~~~~~~~~~~~~~~~~~~ 04-12
29011490;30022067O;28075827;18011500213;23011989;05081783;104;380;496;614 ~~~~~~~~~~~~~~~~~~~~~~~~~~~~~~ 04-13
30011490;01032067O;29075827;19011500213;24011989;06081783;105;538;559;935;497 ~~~~~~~~~~~~~~~~~~~~~~~~~~ 04-14
01021490;02032067O;30075827;00021500213;25011989;07081783;106;665;403;614 ~~~~~~~~~~~~~~~~~~~~~~~~~~~~~~ 04-15
02021490;03032067O;01085827;01021500213;26011989;08081783;107;666;555;577 ~~~~~~~~~~~~~~~~~~~~~~~~~~~~~~ 04-16
03021490;04032067O;02085827;02021500213;27011989;09081783;108;614 ~~~~~~~~~~~~~~~~~~~~~~~~~~~~~~~~~~~~~~ 04-17
04021490;05032067O;03085827;03021500213;28011989;10081783;109;794;614 ~~~~~~~~~~~~~~~~~~~~~~~~~~~~~~~~~~ 04-18
05021490;06032067O;04085827;04021500213;29011989;11081783;110;945;528;614 ~~~~~~~~~~~~~~~~~~~~~~~~~~~~~~ 04-19
06021490;07032067O;05085827;05021500213;30011989;12081783;111;529;614 ~~~~~~~~~~~~~~~~~~~~~~~~~~~~~~~~~~ 04-20
07021490;08032067O;06085827;06021500213;01021989;13081783;112;631;664;397;513;614 ~~~~~~~~~~~~~~~~~~~~~~ 04-21
08021490;09032067O;07085827;07021500213;02021989;14081783;113;913 ~~~~~~~~~~~~~~~~~~~~~~~~~~~~~~~~~~~~~~ 04-22
09021490;10032067O;08085827;08021500213;03021989;15081783;114;912;933;403;412;614 ~~~~~~~~~~~~~~~~~~~~~~ 04-23
10021490;11032067O;09085827;09021500213;04021989;16081783;115;669;614 ~~~~~~~~~~~~~~~~~~~~~~~~~~~~~~~~~~ 04-24
11021490;12032067O;10085827;10021500213;05021989;17081783;116;877;614 ~~~~~~~~~~~~~~~~~~~~~~~~~~~~~~~~~~ 04-25
12021490;13032067O;11085827;11021500213;06021989;18081783;117 ~~~~~~~~~~~~~~~~~~~~~~~~~~~~~~~~~~~~~~~~~~ 04-26
13021490;14032067O;12085827;12021500213;07021989;19081783;118;670;403;614 ~~~~~~~~~~~~~~~~~~~~~~~~~~~~~~ 04-27
14021490;15032067O;13085827;13021500213;08021989;20081783;119;667;433 ~~~~~~~~~~~~~~~~~~~~~~~~~~~~~~~~~~ 04-28
15021490;16032067O;14085827;14021500213;09021989;21081783;120;671;384;408;539;575;614 ~~~~~~~~~~~~~~~~~~ 04-29
16021490;17032067O;15085827;15021500213;10021989;22081783;121;668 ~~~~~~~~~~~~~~~~~~~~~~~~~~~~~~~~~~~~~~ 04-30
17021490;18032067O;16085827;16021500213;11021989;23081783;122;673;615 ~~~~~~~~~~~~~~~~~~~~~~~~~~~~~~~~~~ 05-01
18021490;19032067O;17085827;17021500213;12021989;24081783;123;674 ~~~~~~~~~~~~~~~~~~~~~~~~~~~~~~~~~~~~~~ 05-02
19021490;20032067O;18085827;18021500213;13021989;25081783;124;675;518;615 ~~~~~~~~~~~~~~~~~~~~~~~~~~~~~~ 05-03
20021490;21032067O;19085827;19021500213;14021989;26081783;125;676;514;844 ~~~~~~~~~~~~~~~~~~~~~~~~~~~~~~ 05-04
21021490;22032067O;20085827;00031500213;15021989;27081783;126;677;398;413;403;615 ~~~~~~~~~~~~~~~~~~~~~~ 05-05
22021490;23032067O;21085827;01031500213;16021989;28081783;127;679;678 ~~~~~~~~~~~~~~~~~~~~~~~~~~~~~~~~~~ 05-06
23021490;24032067O;22085827;02031500213;17021989;29081783;128;637;672;680;615 ~~~~~~~~~~~~~~~~~~~~~~~~~~ 05-07
24021490;25032067O;23085827;03031500213;18021989;30081783;129;451;624 ~~~~~~~~~~~~~~~~~~~~~~~~~~~~~~~~~~ 05-08
25021490;26032067O;24085827;04031500213;19021989;01091783;130;682;939;624;403;615 ~~~~~~~~~~~~~~~~~~~~~~ 05-09
26021490;27032067O;25085827;05031500213;20021989;02091783;131;624;415 ~~~~~~~~~~~~~~~~~~~~~~~~~~~~~~~~~~ 05-10
27021490;28032067O;26085827;06031500213;21021989;03091783;132;683;624;409;615 ~~~~~~~~~~~~~~~~~~~~~~~~~~ 05-11
28021490;29032067O;27085827;07031500213;22021989;04091783;133;494;624 ~~~~~~~~~~~~~~~~~~~~~~~~~~~~~~~~~~ 05-12
29021490;01042067O;28085827;08031500213;23021989;05091783;134;380;624;615 ~~~~~~~~~~~~~~~~~~~~~~~~~~~~~~ 05-13
01031490;02042067O;29085827;09031500213;24021989;06091783;135;681;568;624 ~~~~~~~~~~~~~~~~~~~~~~~~~~~~~~ 05-14
02031490;03042067O;01095827;10031500213;25021989;07091783;136;684;902;568;615 ~~~~~~~~~~~~~~~~~~~~~~~~~~ 05-15
03031490;04042067O;02095827;11031500213;26021989;08091783;137;510 ~~~~~~~~~~~~~~~~~~~~~~~~~~~~~~~~~~~~~~ 05-16
04031490;05042067O;03095827;12031500213;27021989;09091783;138;800;829;830;403;409;615 ~~~~~~~~~~~~~~~~~~ 05-17
05031490;06042067O;04095827;13031500213;28021989;10091783;139;685;436;415 ~~~~~~~~~~~~~~~~~~~~~~~~~~~~~~ 05-18
06031490;07042067O;05095827;14031500213;29021989;11091783;140;797;513;615 ~~~~~~~~~~~~~~~~~~~~~~~~~~~~~~ 05-19
07031490;08042067O;06095827;15031500213;30021989;12091783;141;596;596;686;553;522;573 ~~~~~~~~~~~~~~~~~~ 05-20
08031490;09042067O;07095827;16031500213;31021989;13091783;142;687;397;573;615 ~~~~~~~~~~~~~~~~~~~~~~~~~~ 05-21
09031490;10042067O;08095827;17031500213;01031989;14091783;143;449;927;573 ~~~~~~~~~~~~~~~~~~~~~~~~~~~~~~ 05-22
10031490;11042067O;09095827;18031500213;02031989;15091783;144;798;789;615 ~~~~~~~~~~~~~~~~~~~~~~~~~~~~~~ 05-23
11031490;12042067O;10095827;19031500213;03031989;16091783;145;889;843 ~~~~~~~~~~~~~~~~~~~~~~~~~~~~~~~~~~ 05-24
12031490;13042067O;11095827;00041500213;04031989;17091783;146;688;511;615 ~~~~~~~~~~~~~~~~~~~~~~~~~~~~~~ 05-25
13031490;14042067O;12095827;01041500213;05031989;18091783;147;415 ~~~~~~~~~~~~~~~~~~~~~~~~~~~~~~~~~~~~~~ 05-26
14031490;15042067O;13095827;02041500213;06031989;19091783;148;689;894;615 ~~~~~~~~~~~~~~~~~~~~~~~~~~~~~~ 05-27
15031490;16042067O;14095827;03041500213;07031989;20091783;149;439;385;537;542;937;948 ~~~~~~~~~~~~~~~~~~ 05-28
16031490;17042067O;15095827;04041500213;08031989;21091783;150;439;838;892;403;409;615 ~~~~~~~~~~~~~~~~~~ 05-29
17031490;18042067O;16095827;05041500213;09031989;22091783;151;438;511 ~~~~~~~~~~~~~~~~~~~~~~~~~~~~~~~~~~ 05-30
18031490;19042067O;17095827;06041500213;10031989;23091783;152;399;514;615 ~~~~~~~~~~~~~~~~~~~~~~~~~~~~~~ 05-31
19031490;20042067O;18095827;07041500213;11031989;24091783;153;691 ~~~~~~~~~~~~~~~~~~~~~~~~~~~~~~~~~~~~~~ 06-01
20031490;21042067O;19095827;08041500213;12031989;25091783;154;694;403;616 ~~~~~~~~~~~~~~~~~~~~~~~~~~~~~~ 06-02
21031490;22042067O;20095827;09041500213;13031989;26091783;155;692;843;616 ~~~~~~~~~~~~~~~~~~~~~~~~~~~~~~ 06-03
22031490;23042067O;21095827;10041500213;14031989;27091783;156;637;693;398;616 ~~~~~~~~~~~~~~~~~~~~~~~~~~ 06-04
23031490;24042067O;22095827;11041500213;15031989;28091783;157;690;616 ~~~~~~~~~~~~~~~~~~~~~~~~~~~~~~~~~~ 06-05
24031490;25042067O;23095827;12041500213;16031989;29091783;158;403;616;605 ~~~~~~~~~~~~~~~~~~~~~~~~~~~~~~ 06-06
25031490;26042067O;24095827;13041500213;17031989;30091783;159;530 ~~~~~~~~~~~~~~~~~~~~~~~~~~~~~~~~~~~~~~ 06-07
26031490;27042067O;25095827;14041500213;18031989;01101783;160;616 ~~~~~~~~~~~~~~~~~~~~~~~~~~~~~~~~~~~~~~ 06-08
27031490;28042067O;26095827;15041500213;19031989;02101783;161;400;616 ~~~~~~~~~~~~~~~~~~~~~~~~~~~~~~~~~~ 06-09
28031490;29042067O;27095827;16041500213;20031989;03101783;162;403;409;616 ~~~~~~~~~~~~~~~~~~~~~~~~~~~~~~ 06-10
29031490;30042067O;28095827;17041500213;21031989;04101783;163;697;799;380;432;921;942;950;569 ~~~~~~~~~~ 06-11
30031490;01052067O;29095827;18041500213;22031989;05101783;164;695;932;569;616 ~~~~~~~~~~~~~~~~~~~~~~~~~~ 06-12
01041490;02052067O;30095827;19041500213;23031989;06101783;165 ~~~~~~~~~~~~~~~~~~~~~~~~~~~~~~~~~~~~~~~~~~ 06-13
02041490;03052067O;01105827;00051500213;24031989;07101783;166;696;403;616 ~~~~~~~~~~~~~~~~~~~~~~~~~~~~~~ 06-14
03041490;04052067O;02105827;01051500213;25031989;08101783;167;400;616 ~~~~~~~~~~~~~~~~~~~~~~~~~~~~~~~~~~ 06-15
04041490;05052067O;03105827;02051500213;26031989;09101783;168;698;513;564;409;616 ~~~~~~~~~~~~~~~~~~~~~~ 06-16
05041490;06052067O;04105827;03051500213;27031989;10101783;169;701;699;700 ~~~~~~~~~~~~~~~~~~~~~~~~~~~~~~ 06-17
06041490;07052067O;05105827;04051500213;28031989;11101783;170;403;616 ~~~~~~~~~~~~~~~~~~~~~~~~~~~~~~~~~~ 06-18
07041490;08052067O;06105827;05051500213;29031989;12101783;171;452;452;397;616 ~~~~~~~~~~~~~~~~~~~~~~~~~~ 06-19
08041490;09052067O;07105827;06051500213;30031989;13101783;172;460;616 ~~~~~~~~~~~~~~~~~~~~~~~~~~~~~~~~~~ 06-20
09041490;10052067O;08105827;07051500213;31031989;14101783;173;425 ~~~~~~~~~~~~~~~~~~~~~~~~~~~~~~~~~~~~~~ 06-21
10041490;11052067O;09105827;08051500213;01041989;15101783;174;552;461;403;616 ~~~~~~~~~~~~~~~~~~~~~~~~~~ 06-22
11041490;12052067O;10105827;09051500213;02041989;16101783;175;896 ~~~~~~~~~~~~~~~~~~~~~~~~~~~~~~~~~~~~~~ 06-23
12041490;13052067O;11105827;10051500213;03041989;17101783;176;703;401;616 ~~~~~~~~~~~~~~~~~~~~~~~~~~~~~~ 06-24
13041490;14052067O;12105827;11051500213;04041989;18101783;177;702;616 ~~~~~~~~~~~~~~~~~~~~~~~~~~~~~~~~~~ 06-25
14041490;15052067O;13105827;12051500213;05041989;19101783;178;386;941;403;616 ~~~~~~~~~~~~~~~~~~~~~~~~~~ 06-26
15041490;16052067O;14105827;13051500213;06041989;20101783;179;542;874;948;415;616 ~~~~~~~~~~~~~~~~~~~~~~ 06-27
16041490;17052067O;15105827;14051500213;07041989;21101783;180;514;409;616 ~~~~~~~~~~~~~~~~~~~~~~~~~~~~~~ 06-28
17041490;18052067O;16105827;15051500213;08041989;22101783;181;704;457 ~~~~~~~~~~~~~~~~~~~~~~~~~~~~~~~~~~ 06-29
18041490;19052067O;17105827;16051500213;09041989;23101783;182;374;616 ~~~~~~~~~~~~~~~~~~~~~~~~~~~~~~~~~~ 06-30
19041490;20052067O;18105827;17051500213;10041989;24101783;183;596;420;565 ~~~~~~~~~~~~~~~~~~~~~~~~~~~~~~ 07-01
20041490;21052067O;19105827;18051500213;11041989;25101783;184;637;705;840;565;617 ~~~~~~~~~~~~~~~~~~~~~~ 07-02
21041490;22052067O;20105827;19051500213;12041989;26101783;185;795;398;617 ~~~~~~~~~~~~~~~~~~~~~~~~~~~~~~ 07-03
22041490;23052067O;21105827;00061500213;13041989;27101783;186;403;617 ~~~~~~~~~~~~~~~~~~~~~~~~~~~~~~~~~~ 07-04
23041490;24052067O;22105827;01061500213;14041989;28101783;187 ~~~~~~~~~~~~~~~~~~~~~~~~~~~~~~~~~~~~~~~~~~ 07-05
24041490;25052067O;23105827;02061500213;15041989;29101783;188;437;617 ~~~~~~~~~~~~~~~~~~~~~~~~~~~~~~~~~~ 07-06
25041490;26052067O;24105827;03061500213;16041989;30101783;189;373;946 ~~~~~~~~~~~~~~~~~~~~~~~~~~~~~~~~~~ 07-07
26041490;27052067O;25105827;04061500213;17041989;01111783;190;403;617 ~~~~~~~~~~~~~~~~~~~~~~~~~~~~~~~~~~ 07-08
27041490;28052067O;26105827;05061500213;18041989;02111783;191;706;617 ~~~~~~~~~~~~~~~~~~~~~~~~~~~~~~~~~~ 07-09
28041490;29052067O;27105827;06061500213;19041989;03111783;192;409;617 ~~~~~~~~~~~~~~~~~~~~~~~~~~~~~~~~~~ 07-10
29041490;01062067O;28105827;07061500213;20041989;04111783;193;707;380;928;617 ~~~~~~~~~~~~~~~~~~~~~~~~~~ 07-11
01051490;02062067O;29105827;08061500213;21041989;05111783;194;403;617 ~~~~~~~~~~~~~~~~~~~~~~~~~~~~~~~~~~ 07-12
02051490;03062067O;01115827;09061500213;22041989;06111783;195;513;870;415;617 ~~~~~~~~~~~~~~~~~~~~~~~~~~ 07-13
03051490;04062067O;02115827;10061500213;23041989;07111783;196;617 ~~~~~~~~~~~~~~~~~~~~~~~~~~~~~~~~~~~~~~ 07-14
04051490;05062067O;03115827;11061500213;24041989;08111783;197;821 ~~~~~~~~~~~~~~~~~~~~~~~~~~~~~~~~~~~~~~ 07-15
05051490;06062067O;04115827;12061500213;25041989;09111783;198;708;617 ~~~~~~~~~~~~~~~~~~~~~~~~~~~~~~~~~~ 07-16
06051490;07062067O;05115827;13061500213;26041989;10111783;199;709 ~~~~~~~~~~~~~~~~~~~~~~~~~~~~~~~~~~~~~~ 07-17
07051490;08062067O;06115827;14061500213;27041989;11111783;200;710;617 ~~~~~~~~~~~~~~~~~~~~~~~~~~~~~~~~~~ 07-18
08051490;09062067O;07115827;15061500213;28041989;12111783;201;397;617 ~~~~~~~~~~~~~~~~~~~~~~~~~~~~~~~~~~ 07-19
09051490;10062067O;08115827;16061500213;29041989;13111783;202;711;403;617 ~~~~~~~~~~~~~~~~~~~~~~~~~~~~~~ 07-20
10051490;11062067O;09115827;17061500213;30041989;14111783;203;631 ~~~~~~~~~~~~~~~~~~~~~~~~~~~~~~~~~~~~~~ 07-21
11051490;12062067O;10115827;18061500213;31041989;15111783;204;546;375;409;617 ~~~~~~~~~~~~~~~~~~~~~~~~~~ 07-22
12051490;13062067O;11115827;19061500213;01051989;16111783;205;713;554 ~~~~~~~~~~~~~~~~~~~~~~~~~~~~~~~~~~ 07-23
13051490;14062067O;12115827;00071500213;02051989;17111783;206;714;403;617 ~~~~~~~~~~~~~~~~~~~~~~~~~~~~~~ 07-24
14051490;15062067O;13115827;01071500213;03051989;18111783;207;433 ~~~~~~~~~~~~~~~~~~~~~~~~~~~~~~~~~~~~~~ 07-25
15051490;16062067O;14115827;02071500213;04051989;19111783;208;387;514;531;561;617 ~~~~~~~~~~~~~~~~~~~~~~ 07-26
16051490;17062067O;15115827;03071500213;05051989;20111783;209;617 ~~~~~~~~~~~~~~~~~~~~~~~~~~~~~~~~~~~~~~ 07-27
17051490;18062067O;16115827;04071500213;06051989;21111783;210;712;715;403;409;617 ~~~~~~~~~~~~~~~~~~~~~~ 07-28
18051490;19062067O;17115827;05071500213;07051989;22111783;211;716;415 ~~~~~~~~~~~~~~~~~~~~~~~~~~~~~~~~~~ 07-29
19051490;20062067O;18115827;06071500213;08051989;23111783;212;617 ~~~~~~~~~~~~~~~~~~~~~~~~~~~~~~~~~~~~~~ 07-30
20051490;21062067O;19115827;07071500213;09051989;24111783;213;421 ~~~~~~~~~~~~~~~~~~~~~~~~~~~~~~~~~~~~~~ 07-31
21051490;22062067O;20115827;08071500213;10051989;25111783;214;398;403;618 ~~~~~~~~~~~~~~~~~~~~~~~~~~~~~~ 08-01
22051490;23062067O;21115827;09071500213;11051989;26111783;215;718 ~~~~~~~~~~~~~~~~~~~~~~~~~~~~~~~~~~~~~~ 08-02
23051490;24062067O;22115827;10071500213;12051989;27111783;216;868;409;618 ~~~~~~~~~~~~~~~~~~~~~~~~~~~~~~ 08-03
24051490;25062067O;23115827;11071500213;13051989;28111783;217 ~~~~~~~~~~~~~~~~~~~~~~~~~~~~~~~~~~~~~~~~~~ 08-04
25051490;26062067O;24115827;12071500213;14051989;29111783;218;719;878;403;618 ~~~~~~~~~~~~~~~~~~~~~~~~~~ 08-05
26051490;27062067O;25115827;13071500213;15051989;30111783;219;637;720 ~~~~~~~~~~~~~~~~~~~~~~~~~~~~~~~~~~ 08-06
27051490;28062067O;26115827;14071500213;16051989;01121783;220;717;618 ~~~~~~~~~~~~~~~~~~~~~~~~~~~~~~~~~~ 08-07
28051490;29062067O;27115827;15071500213;17051989;02121783;221 ~~~~~~~~~~~~~~~~~~~~~~~~~~~~~~~~~~~~~~~~~~ 08-08
29051490;30062067O;28115827;16071500213;18051989;03121783;222;380;513;403;409;618 ~~~~~~~~~~~~~~~~~~~~~~ 08-09
30051490;01072067O;29115827;17071500213;19051989;04121783;223;722;421 ~~~~~~~~~~~~~~~~~~~~~~~~~~~~~~~~~~ 08-10
01061490;02072067O;30115827;18071500213;20051989;05121783;224;618 ~~~~~~~~~~~~~~~~~~~~~~~~~~~~~~~~~~~~~~ 08-11
02061490;03072067O;01125827;19071500213;21051989;06121783;225;859 ~~~~~~~~~~~~~~~~~~~~~~~~~~~~~~~~~~~~~~ 08-12
03061490;04072067O;02125827;00081500213;22051989;07121783;226;723;579;375;403;618 ~~~~~~~~~~~~~~~~~~~~~~ 08-13
04061490;05072067O;03125827;01081500213;23051989;08121783;227;721;416 ~~~~~~~~~~~~~~~~~~~~~~~~~~~~~~~~~~ 08-14
05061490;06072067O;04125827;02081500213;24051989;09121783;228;891;409;618 ~~~~~~~~~~~~~~~~~~~~~~~~~~~~~~ 08-15
06061490;07072067O;05125827;03081500213;25051989;10121783;229;572 ~~~~~~~~~~~~~~~~~~~~~~~~~~~~~~~~~~~~~~ 08-16
07061490;08072067O;06125827;04081500213;26051989;11121783;230;397;618 ~~~~~~~~~~~~~~~~~~~~~~~~~~~~~~~~~~ 08-17
08061490;09072067O;07125827;05081500213;27051989;12121783;231 ~~~~~~~~~~~~~~~~~~~~~~~~~~~~~~~~~~~~~~~~~~ 08-18
09061490;10072067O;08125827;06081500213;28051989;13121783;232;823;938;618 ~~~~~~~~~~~~~~~~~~~~~~~~~~~~~~ 08-19
10061490;11072067O;09125827;07081500213;29051989;14121783;233;724;421 ~~~~~~~~~~~~~~~~~~~~~~~~~~~~~~~~~~ 08-20
11061490;12072067O;10125827;08081500213;30051989;15121783;234;926;403;618 ~~~~~~~~~~~~~~~~~~~~~~~~~~~~~~ 08-21
12061490;13072067O;11125827;09081500213;31051989;16121783;235 ~~~~~~~~~~~~~~~~~~~~~~~~~~~~~~~~~~~~~~~~~~ 08-22
13061490;14072067O;12125827;10081500213;01061989;17121783;236;897;567;618 ~~~~~~~~~~~~~~~~~~~~~~~~~~~~~~ 08-23
14061490;15072067O;13125827;11081500213;02061989;18121783;237;388;514;556;909;910;925;567 ~~~~~~~~~~~~~~ 08-24
15061490;16072067O;14125827;12081500213;03061989;19121783;238;403;618 ~~~~~~~~~~~~~~~~~~~~~~~~~~~~~~~~~~ 08-25
16061490;17072067O;15125827;13081500213;04061989;20121783;239;427 ~~~~~~~~~~~~~~~~~~~~~~~~~~~~~~~~~~~~~~ 08-26
17061490;18072067O;16125827;14081500213;05061989;21121783;240;725;875;409;618 ~~~~~~~~~~~~~~~~~~~~~~~~~~ 08-27
18061490;19072067O;17125827;15081500213;06061989;22121783;241;428;725 ~~~~~~~~~~~~~~~~~~~~~~~~~~~~~~~~~~ 08-28
19061490;20072067O;18125827;16081500213;07061989;23121783;242;796;410;403;618 ~~~~~~~~~~~~~~~~~~~~~~~~~~ 08-29
20061490;21072067O;19125827;17081500213;08061989;24121783;243;594;421 ~~~~~~~~~~~~~~~~~~~~~~~~~~~~~~~~~~ 08-30
21061490;22072067O;20125827;18081500213;09061989;25121783;244;595;398;405;872;618 ~~~~~~~~~~~~~~~~~~~~~~ 08-31
22061490;23072067O;21125827;19081500213;10061989;26121783;245;871 ~~~~~~~~~~~~~~~~~~~~~~~~~~~~~~~~~~~~~~ 09-01
23061490;24072067O;22125827;00091500213;11061989;27121783;246;596;727;619 ~~~~~~~~~~~~~~~~~~~~~~~~~~~~~~ 09-02
24061490;25072067O;23125827;01091500213;12061989;28121783;247;429;637;728;619 ~~~~~~~~~~~~~~~~~~~~~~~~~~ 09-03
25061490;26072067O;24125827;02091500213;13061989;29121783;248;430;503;375;619 ~~~~~~~~~~~~~~~~~~~~~~~~~~ 09-04
26061490;27072067O;25125827;03091500213;14061989;30121783;249;434;513;619 ~~~~~~~~~~~~~~~~~~~~~~~~~~~~~~ 09-05
27061490;28072067O;26125827;04091500213;15061989;01131783;250;435;403;619 ~~~~~~~~~~~~~~~~~~~~~~~~~~~~~~ 09-06
28061490;29072067O;27125827;05091500213;16061989;02131783;251;432 ~~~~~~~~~~~~~~~~~~~~~~~~~~~~~~~~~~~~~~ 09-07
29061490;30072067O;28125827;06091500213;17061989;03131783;252;730;380;619 ~~~~~~~~~~~~~~~~~~~~~~~~~~~~~~ 09-08
01071490;01082067O;29125827;07091500213;18061989;04131783;253;521;421 ~~~~~~~~~~~~~~~~~~~~~~~~~~~~~~~~~~ 09-09
02071490;02082067O;01215828;08091500213;19061989;05131783;254;521;406;619 ~~~~~~~~~~~~~~~~~~~~~~~~~~~~~~ 09-10
03071490;03082067O;02215828;09091500213;20061989;06131783;255;455;845;597;521 ~~~~~~~~~~~~~~~~~~~~~~~~~~ 09-11
04071490;04082067O;03215828;10091500213;21061989;01011784;256;729;847;846;550;619 ~~~~~~~~~~~~~~~~~~~~~~ 09-12
05071490;05082067O;04215828;11091500213;22061989;02011784;257;726;915 ~~~~~~~~~~~~~~~~~~~~~~~~~~~~~~~~~~ 09-13
06071490;06082067O;05215828;12091500213;23061989;03011784;258;403;619 ~~~~~~~~~~~~~~~~~~~~~~~~~~~~~~~~~~ 09-14
07071490;07082067O;06215828;13091500213;24061989;04011784;259;733;436;375;406;619 ~~~~~~~~~~~~~~~~~~~~~~ 09-15
08071490;08082067O;07215828;14091500213;25061989;05011784;260;734;397;908;619 ~~~~~~~~~~~~~~~~~~~~~~~~~~ 09-16
09071490;09082067O;08215828;15091500213;26061989;06011784;261;735 ~~~~~~~~~~~~~~~~~~~~~~~~~~~~~~~~~~~~~~ 09-17
10071490;10082067O;09215828;16091500213;27061989;07011784;262;731;619 ~~~~~~~~~~~~~~~~~~~~~~~~~~~~~~~~~~ 09-18
11071490;11082067O;10215828;17091500213;28061989;08011784;263;903;527;421;619;848 ~~~~~~~~~~~~~~~~~~~~~~ 09-19
12071490;12082067O;11215828;18091500213;29061989;09011784;264;732;406;619 ~~~~~~~~~~~~~~~~~~~~~~~~~~~~~~ 09-20
13071490;13082067O;12215828;19091500213;30061989;10011784;265;514 ~~~~~~~~~~~~~~~~~~~~~~~~~~~~~~~~~~~~~~ 09-21
14071490;14082067O;13215828;00101500213;31061989;11011784;266;389;390;520;534;551;462;619 ~~~~~~~~~~~~~~ 09-22
15071490;15082067O;14215828;01101500213;01071989;12011784;267;738;907;423;570;619 ~~~~~~~~~~~~~~~~~~~~~~ 09-23
16071490;16082067O;15215828;02101500213;02071989;13011784;268;739;743;467;463;523;619 ~~~~~~~~~~~~~~~~~~ 09-24
17071490;17082067O;16215828;03101500213;03071989;14011784;269;740;523;406;619;848 ~~~~~~~~~~~~~~~~~~~~~~ 09-25
18071490;18082067O;17215828;04101500213;04071989;15011784;270;736;858;523;375;403;619 ~~~~~~~~~~~~~~~~~~ 09-26
19071490;19082067O;18215828;05101500213;05071989;16011784;271;737;523 ~~~~~~~~~~~~~~~~~~~~~~~~~~~~~~~~~~ 09-27
20071490;20082067O;19215828;06101500213;06071989;17011784;272;742;790;399;523;619 ~~~~~~~~~~~~~~~~~~~~~~ 09-28
21071490;21082067O;20215828;07101500213;07071989;18011784;273;741;790;398;523 ~~~~~~~~~~~~~~~~~~~~~~~~~~ 09-29
22071490;22082067O;21215828;08101500213;08071989;19011784;274;790;825;523;853;403;406;619 ~~~~~~~~~~~~~~ 09-30
23071490;23082067O;22215828;09101500213;09071989;20011784;275;637;790;524;853;400;848 ~~~~~~~~~~~~~~~~~~ 10-01
24071490;24082067O;23215828;10101500213;10071989;21011784;276;749;790;857;525;853;620 ~~~~~~~~~~~~~~~~~~ 10-02
25071490;25082067O;24215828;11101500213;11071989;22011784;277;744;790;513;620;848 ~~~~~~~~~~~~~~~~~~~~~~ 10-03
26071490;26082067O;25215828;12101500213;12071989;23011784;278;745;790;869;400;620 ~~~~~~~~~~~~~~~~~~~~~~ 10-04
27071490;27082067O;26215828;13101500213;13071989;24011784;279;746;509 ~~~~~~~~~~~~~~~~~~~~~~~~~~~~~~~~~~ 10-05
28071490;28082067O;27215828;14101500213;14071989;25011784;280;747;620 ~~~~~~~~~~~~~~~~~~~~~~~~~~~~~~~~~~ 10-06
29071490;29082067O;28215828;15101500213;15071989;26011784;281;748;920;375;400;848;574 ~~~~~~~~~~~~~~~~~~ 10-07
30071490;01092067O;29215828;16101500213;16071989;27011784;282;754;380;403;620 ~~~~~~~~~~~~~~~~~~~~~~~~~~ 10-08
01081490;02092067O;30215828;17101500213;17071989;28011784;283;750;417;895;848 ~~~~~~~~~~~~~~~~~~~~~~~~~~ 10-09
02081490;03092067O;01225828;18101500213;18071989;29011784;284;751;400;620 ~~~~~~~~~~~~~~~~~~~~~~~~~~~~~~ 10-10
03081490;04092067O;02225828;19101500213;19071989;30011784;285;791;367;620 ~~~~~~~~~~~~~~~~~~~~~~~~~~~~~~ 10-11
04081490;05092067O;03225828;00111500213;20071989;01021784;286;752;368;403;620 ~~~~~~~~~~~~~~~~~~~~~~~~~~ 10-12
05081490;06092067O;04225828;01111500213;21071989;02021784;287;753;400 ~~~~~~~~~~~~~~~~~~~~~~~~~~~~~~~~~~ 10-13
06081490;07092067O;05225828;02111500213;22071989;03021784;288;918;620 ~~~~~~~~~~~~~~~~~~~~~~~~~~~~~~~~~~ 10-14
07081490;08092067O;06225828;03111500213;23071989;04021784;289;758;397;919;406;620 ~~~~~~~~~~~~~~~~~~~~~~ 10-15
08081490;09092067O;07225828;04111500213;24071989;05021784;290;548;885;563;620 ~~~~~~~~~~~~~~~~~~~~~~~~~~ 10-16
09081490;10092067O;08225828;05111500213;25071989;06021784;291;755;549;560 ~~~~~~~~~~~~~~~~~~~~~~~~~~~~~~ 10-17
10081490;11092067O;09225828;06111500213;26071989;07021784;292;756;899;375;620 ~~~~~~~~~~~~~~~~~~~~~~~~~~ 10-18
11081490;12092067O;10225828;07111500213;27071989;08021784;293;757;401;514 ~~~~~~~~~~~~~~~~~~~~~~~~~~~~~~ 10-19
12081490;13092067O;11225828;08111500213;28071989;09021784;294;631;784;403;406;620 ~~~~~~~~~~~~~~~~~~~~~~ 10-20
13081490;14092067O;12225828;09111500213;29071989;10021784;295;433;882;922;785 ~~~~~~~~~~~~~~~~~~~~~~~~~~ 10-21
14081490;15092067O;13225828;10111500213;30071989;11021784;296;759;391;369;532;512;786;620 ~~~~~~~~~~~~~~ 10-22
15081490;16092067O;14225828;11111500213;01081989;12021784;297;787 ~~~~~~~~~~~~~~~~~~~~~~~~~~~~~~~~~~~~~~ 10-23
16081490;17092067O;15225828;12111500213;02081989;13021784;298;403;620 ~~~~~~~~~~~~~~~~~~~~~~~~~~~~~~~~~~ 10-24
17081490;18092067O;16225828;13111500213;03081989;14021784;299;371;881;620 ~~~~~~~~~~~~~~~~~~~~~~~~~~~~~~ 10-25
18081490;19092067O;17225828;14111500213;04081989;15021784;300;437;620 ~~~~~~~~~~~~~~~~~~~~~~~~~~~~~~~~~~ 10-26
19081490;20092067O;18225828;15111500213;05081989;16021784;301;418;620 ~~~~~~~~~~~~~~~~~~~~~~~~~~~~~~~~~~ 10-27
20081490;21092067O;19225828;16111500213;06081989;17021784;302;596;849;403;620 ~~~~~~~~~~~~~~~~~~~~~~~~~~ 10-28
21081490;22092067O;20225828;17111500213;07081989;18021784;303;398;431;499 ~~~~~~~~~~~~~~~~~~~~~~~~~~~~~~ 10-29
22081490;23092067O;21225828;18111500213;08081989;19021784;304;620 ~~~~~~~~~~~~~~~~~~~~~~~~~~~~~~~~~~~~~~ 10-30
23081490;24092067O;22225828;19111500213;09081989;20021784;305;513 ~~~~~~~~~~~~~~~~~~~~~~~~~~~~~~~~~~~~~~ 10-31
24081490;25092067O;23225828;00121500213;10081989;21021784;306;621 ~~~~~~~~~~~~~~~~~~~~~~~~~~~~~~~~~~~~~~ 11-01
25081490;26092067O;24225828;01121500213;11081989;22021784;307;761;407;911 ~~~~~~~~~~~~~~~~~~~~~~~~~~~~~~ 11-02
26081490;27092067O;25225828;02121500213;12081989;23021784;308;762;558;621 ~~~~~~~~~~~~~~~~~~~~~~~~~~~~~~ 11-03
27081490;28092067O;26225828;03121500213;13081989;24021784;309;779;784 ~~~~~~~~~~~~~~~~~~~~~~~~~~~~~~~~~~ 11-04
28081490;29092067O;27225828;04121500213;14081989;25021784;310;637;763;780;785;893;621 ~~~~~~~~~~~~~~~~~~ 11-05
29081490;30092067O;28225828;05121500213;15081989;26021784;311;380;781;786;836 ~~~~~~~~~~~~~~~~~~~~~~~~~~ 11-06
01091490;01102067O;29225828;06121500213;16081989;27021784;312;760;782;787;504;621 ~~~~~~~~~~~~~~~~~~~~~~ 11-07
02091490;02102067O;01235828;07121500213;17081989;28021784;313;535;783;788 ~~~~~~~~~~~~~~~~~~~~~~~~~~~~~~ 11-08
03091490;03102067O;02235828;08121500213;18081989;29021784;314;375;403;505;621 ~~~~~~~~~~~~~~~~~~~~~~~~~~ 11-09
04091490;04102067O;03235828;09121500213;19081989;30021784;315;764 ~~~~~~~~~~~~~~~~~~~~~~~~~~~~~~~~~~~~~~ 11-10
05091490;05102067O;04235828;10121500213;20081989;01031784;316;505;621 ~~~~~~~~~~~~~~~~~~~~~~~~~~~~~~~~~~ 11-11
06091490;06102067O;05235828;11121500213;21081989;02031784;317;543 ~~~~~~~~~~~~~~~~~~~~~~~~~~~~~~~~~~~~~~ 11-12
07091490;07102067O;06235828;12121500213;22081989;03031784;318;397;403;621 ~~~~~~~~~~~~~~~~~~~~~~~~~~~~~~ 11-13
08091490;08102067O;07235828;13121500213;23081989;04031784;319;514;418 ~~~~~~~~~~~~~~~~~~~~~~~~~~~~~~~~~~ 11-14
09091490;09102067O;08235828;14121500213;24081989;05031784;320;621 ~~~~~~~~~~~~~~~~~~~~~~~~~~~~~~~~~~~~~~ 11-15
10091490;10102067O;09235828;15121500213;25081989;06031784;321;879 ~~~~~~~~~~~~~~~~~~~~~~~~~~~~~~~~~~~~~~ 11-16
11091490;11102067O;10235828;16121500213;26081989;07031784;322;766;547;505;621 ~~~~~~~~~~~~~~~~~~~~~~~~~~ 11-17
12091490;12102067O;11235828;17121500213;27081989;08031784;323;934 ~~~~~~~~~~~~~~~~~~~~~~~~~~~~~~~~~~~~~~ 11-18
13091490;13102067O;12235828;18121500213;28081989;09031784;324;767;505;621 ~~~~~~~~~~~~~~~~~~~~~~~~~~~~~~ 11-19
14091490;14102067O;13235828;19121500213;29081989;10031784;325;765;392;880;375 ~~~~~~~~~~~~~~~~~~~~~~~~~~ 11-20
15091490;15102067O;14235828;00131500213;30081989;11031784;326;542;948;403;621 ~~~~~~~~~~~~~~~~~~~~~~~~~~ 11-21
16091490;16102067O;15235828;01131500213;01091989;12031784;327;788 ~~~~~~~~~~~~~~~~~~~~~~~~~~~~~~~~~~~~~~ 11-22
17091490;17102067O;16235828;02131500213;02091989;13031784;328;769;864;418;505;621 ~~~~~~~~~~~~~~~~~~~~~~ 11-23
18091490;18102067O;17235828;03131500213;03091989;14031784;329;440 ~~~~~~~~~~~~~~~~~~~~~~~~~~~~~~~~~~~~~~ 11-24
19091490;19102067O;18235828;04131500213;04091989;15031784;330;441;403;621 ~~~~~~~~~~~~~~~~~~~~~~~~~~~~~~ 11-25
20091490;20102067O;19235828;05131500213;05091989;16031784;331;770;768 ~~~~~~~~~~~~~~~~~~~~~~~~~~~~~~~~~~ 11-26
21091490;21102067O;20235828;06131500213;06091989;17031784;332;589;621 ~~~~~~~~~~~~~~~~~~~~~~~~~~~~~~~~~~ 11-27
22091490;22102067O;21235828;07131500213;07091989;18031784;333;442;398;378;513;876 ~~~~~~~~~~~~~~~~~~~~~~ 11-28
23091490;23102067O;22235828;08131500213;08091989;19031784;334;771;369;403;621 ~~~~~~~~~~~~~~~~~~~~~~~~~~ 11-29
24091490;24102067O;23235828;09131500213;09091989;20031784;335;772 ~~~~~~~~~~~~~~~~~~~~~~~~~~~~~~~~~~~~~~ 11-30
25091490;25102067O;24235828;10131500213;10091989;21031784;336;505;622 ~~~~~~~~~~~~~~~~~~~~~~~~~~~~~~~~~~ 12-01
26091490;26102067O;25235828;11131500213;11091989;22031784;337;774;507;936;516;418 ~~~~~~~~~~~~~~~~~~~~~~ 12-02
27091490;27102067O;26235828;12131500213;12091989;23031784;338;637;775;370;508;516;403;622 ~~~~~~~~~~~~~~ 12-03
28091490;28102067O;27235828;13131500213;13091989;24031784;339;376;432;590;516 ~~~~~~~~~~~~~~~~~~~~~~~~~~ 12-04
29091490;29102067O;28235828;14131500213;14091989;25031784;340;831;516;505;622 ~~~~~~~~~~~~~~~~~~~~~~~~~~ 12-05
30091490;01112067O;29235828;15131500213;15091989;26031784;341;773;380;931;951;506;516 ~~~~~~~~~~~~~~~~~~ 12-06
01101490;02112067O;01245828;16131500213;16091989;27031784;342;502;516;403;622 ~~~~~~~~~~~~~~~~~~~~~~~~~~ 12-07
02101490;03112067O;02245828;17131500213;17091989;28031784;343;516 ~~~~~~~~~~~~~~~~~~~~~~~~~~~~~~~~~~~~~~ 12-08
03101490;04112067O;03245828;18131500213;18091989;29031784;344;516;622 ~~~~~~~~~~~~~~~~~~~~~~~~~~~~~~~~~~ 12-09
04101490;05112067O;04245828;19131500213;19091989;30031784;345;776;514 ~~~~~~~~~~~~~~~~~~~~~~~~~~~~~~~~~~ 12-10
05101490;06112067O;05245828;00141500213;20091989;01041784;346;777;944;591;403;622 ~~~~~~~~~~~~~~~~~~~~~~ 12-11
06101490;07112067O;06245828;01141500213;21091989;02041784;347 ~~~~~~~~~~~~~~~~~~~~~~~~~~~~~~~~~~~~~~~~~~ 12-12
07101490;08112067O;07245828;02141500213;22091989;03041784;348;397;422;622 ~~~~~~~~~~~~~~~~~~~~~~~~~~~~~~ 12-13
08101490;09112067O;08245828;03141500213;23091989;04041784;349 ~~~~~~~~~~~~~~~~~~~~~~~~~~~~~~~~~~~~~~~~~~ 12-14
09101490;10112067O;09245828;04141500213;24091989;05041784;350;622 ~~~~~~~~~~~~~~~~~~~~~~~~~~~~~~~~~~~~~~ 12-15
10101490;11112067O;10245828;05141500213;25091989;06041784;351;778;557;890 ~~~~~~~~~~~~~~~~~~~~~~~~~~~~~~ 12-16
11101490;12112067O;11245828;06141500213;26091989;07041784;352;622 ~~~~~~~~~~~~~~~~~~~~~~~~~~~~~~~~~~~~~~ 12-17
12101490;13112067O;12245828;07141500213;27091989;08041784;353;592 ~~~~~~~~~~~~~~~~~~~~~~~~~~~~~~~~~~~~~~ 12-18
13101490;14112067O;13245828;08141500213;28091989;09041784;354;403;622 ~~~~~~~~~~~~~~~~~~~~~~~~~~~~~~~~~~ 12-19
14101490;15112067O;14245828;09141500213;29091989;10041784;355;395;371;545;887 ~~~~~~~~~~~~~~~~~~~~~~~~~~ 12-20
15101490;16112067O;15245828;10141500213;30091989;11041784;356;466;622 ~~~~~~~~~~~~~~~~~~~~~~~~~~~~~~~~~~ 12-21
16101490;17112067O;16245828;11141500213;01101989;12041784;357;426 ~~~~~~~~~~~~~~~~~~~~~~~~~~~~~~~~~~~~~~ 12-22
17101490;18112067O;17245828;12141500213;02101989;13041784;358;465;403;622 ~~~~~~~~~~~~~~~~~~~~~~~~~~~~~~ 12-23
18101490;19112067O;18245828;13141500213;03101989;14041784;359 ~~~~~~~~~~~~~~~~~~~~~~~~~~~~~~~~~~~~~~~~~~ 12-24
19101490;20112067O;19245828;14141500213;04101989;15041784;360;513;622 ~~~~~~~~~~~~~~~~~~~~~~~~~~~~~~~~~~ 12-25
20101490;21112067O;20245828;15141500213;05101989;16041784;361;453;819 ~~~~~~~~~~~~~~~~~~~~~~~~~~~~~~~~~~ 12-26
21101490;22112067O;21245828;16141500213;06101989;17041784;362;403;622 ~~~~~~~~~~~~~~~~~~~~~~~~~~~~~~~~~~ 12-27
22101490;23112067O;22245828;17141500213;07101989;18041784;363;398 ~~~~~~~~~~~~~~~~~~~~~~~~~~~~~~~~~~~~~~ 12-28
23101490;24112067O;23245828;18141500213;08101989;19041784;364;418;622 ~~~~~~~~~~~~~~~~~~~~~~~~~~~~~~~~~~ 12-29
24101490;25112067O;24245828;19141500213;09101989;20041784;365 ~~~~~~~~~~~~~~~~~~~~~~~~~~~~~~~~~~~~~~~~~~ 12-30
25101490;26112067O;25245828;00151500213;10101989;21041784;366;622 ~~~~~~~~~~~~~~~~~~~~~~~~~~~~~~~~~~~~~~ 12-31
