07071480;07122057E;05045818;07120500213;11101979;23041774;001;397;611 ~~~~~~~~~~~~~~~~~~~~~~~~~~~~~~~~~~ 01-01
08071480;08122057E;06045818;08120500213;12101979;24041774;002 ~~~~~~~~~~~~~~~~~~~~~~~~~~~~~~~~~~~~~~~~~~ 01-02
09071480;09122057E;07045818;09120500213;13101979;25041774;003;611 ~~~~~~~~~~~~~~~~~~~~~~~~~~~~~~~~~~~~~~ 01-03
10071480;10122057E;08045818;10120500213;14101979;26041774;004 ~~~~~~~~~~~~~~~~~~~~~~~~~~~~~~~~~~~~~~~~~~ 01-04
11071480;11122057E;09045818;11120500213;15101979;27041774;005;637;372;905;611 ~~~~~~~~~~~~~~~~~~~~~~~~~~ 01-05
12071480;12122057E;10045818;12120500213;16101979;28041774;006 ~~~~~~~~~~~~~~~~~~~~~~~~~~~~~~~~~~~~~~~~~~ 01-06
13071480;13122057E;11045818;13120500213;17101979;29041774;007;611 ~~~~~~~~~~~~~~~~~~~~~~~~~~~~~~~~~~~~~~ 01-07
14071480;14122057E;12045818;14120500213;18101979;30041774;008;629 ~~~~~~~~~~~~~~~~~~~~~~~~~~~~~~~~~~~~~~ 01-08
15071480;15122057E;13045818;15120500213;19101979;01051774;009;381;513;904;611 ~~~~~~~~~~~~~~~~~~~~~~~~~~ 01-09
16071480;16122057E;14045818;16120500213;20101979;02051774;010;418 ~~~~~~~~~~~~~~~~~~~~~~~~~~~~~~~~~~~~~~ 01-10
17071480;17122057E;15045818;17120500213;21101979;03051774;011;406;611 ~~~~~~~~~~~~~~~~~~~~~~~~~~~~~~~~~~ 01-11
18071480;18122057E;16045818;18120500213;22101979;04051774;012;626 ~~~~~~~~~~~~~~~~~~~~~~~~~~~~~~~~~~~~~~ 01-12
19071480;19122057E;17045818;19120500213;23101979;05051774;013;627;916;611 ~~~~~~~~~~~~~~~~~~~~~~~~~~~~~~ 01-13
20071480;20122057E;18045818;00130500213;24101979;06051774;014;628 ~~~~~~~~~~~~~~~~~~~~~~~~~~~~~~~~~~~~~~ 01-14
21071480;21122057E;19045818;01130500213;25101979;07051774;015;611 ~~~~~~~~~~~~~~~~~~~~~~~~~~~~~~~~~~~~~~ 01-15
22071480;22122057E;20045818;02130500213;26101979;08051774;016 ~~~~~~~~~~~~~~~~~~~~~~~~~~~~~~~~~~~~~~~~~~ 01-16
23071480;23122057E;21045818;03130500213;27101979;09051774;017;631;398;611 ~~~~~~~~~~~~~~~~~~~~~~~~~~~~~~ 01-17
24071480;24122057E;22045818;04130500213;28101979;10051774;018;432;864 ~~~~~~~~~~~~~~~~~~~~~~~~~~~~~~~~~~ 01-18
25071480;25122057E;23045818;05130500213;29101979;11051774;019;630;611 ~~~~~~~~~~~~~~~~~~~~~~~~~~~~~~~~~~ 01-19
26071480;26122057E;24045818;06130500213;30101979;12051774;020;625;923 ~~~~~~~~~~~~~~~~~~~~~~~~~~~~~~~~~~ 01-20
27071480;27122057E;25045818;07130500213;01111979;13051774;021;492;554;509;406;611 ~~~~~~~~~~~~~~~~~~~~~~ 01-21
28071480;28122057E;26045818;08130500213;02111979;14051774;022 ~~~~~~~~~~~~~~~~~~~~~~~~~~~~~~~~~~~~~~~~~~ 01-22
29071480;29122057E;27045818;09130500213;03111979;15051774;023;632;514;611 ~~~~~~~~~~~~~~~~~~~~~~~~~~~~~~ 01-23
30071480;01012058F;28045818;10130500213;04111979;16051774;024;380;888;479;490 ~~~~~~~~~~~~~~~~~~~~~~~~~~ 01-24
01081480;02012058F;29045818;11130500213;05111979;17051774;025;633;566;479;490;611 ~~~~~~~~~~~~~~~~~~~~~~ 01-25
02081480;03012058F;01055818;12130500213;06111979;18051774;026;634;566;406 ~~~~~~~~~~~~~~~~~~~~~~~~~~~~~~ 01-26
03081480;04012058F;02055818;13130500213;07111979;19051774;027;635;566;611 ~~~~~~~~~~~~~~~~~~~~~~~~~~~~~~ 01-27
04081480;05012058F;03055818;14130500213;08111979;20051774;028;636;940;566 ~~~~~~~~~~~~~~~~~~~~~~~~~~~~~~ 01-28
05081480;06012058F;04055818;15130500213;09111979;21051774;029;580;611 ~~~~~~~~~~~~~~~~~~~~~~~~~~~~~~~~~~ 01-29
06081480;07012058F;05055818;16130500213;10111979;22051774;030;914 ~~~~~~~~~~~~~~~~~~~~~~~~~~~~~~~~~~~~~~ 01-30
07081480;08012058F;06055818;17130500213;11111979;23051774;031;397;536;611 ~~~~~~~~~~~~~~~~~~~~~~~~~~~~~~ 01-31
08081480;09012058F;07055818;17130500213;12111979;24051774;032;639;414 ~~~~~~~~~~~~~~~~~~~~~~~~~~~~~~~~~~ 02-01
09081480;10012058F;08055818;18130500213;13111979;25051774;033;637;640;612 ~~~~~~~~~~~~~~~~~~~~~~~~~~~~~~ 02-02
10081480;11012058F;09055818;19130500213;14111979;26051774;034 ~~~~~~~~~~~~~~~~~~~~~~~~~~~~~~~~~~~~~~~~~~ 02-03
11081480;12012058F;10055818;00140500213;15111979;27051774;035;873;612 ~~~~~~~~~~~~~~~~~~~~~~~~~~~~~~~~~~ 02-04
12081480;13012058F;11055818;01140500213;16111979;28051774;036;513 ~~~~~~~~~~~~~~~~~~~~~~~~~~~~~~~~~~~~~~ 02-05
13081480;14012058F;12055818;02140500213;17111979;29051774;037;418;612 ~~~~~~~~~~~~~~~~~~~~~~~~~~~~~~~~~~ 02-06
14081480;15012058F;13055818;03140500213;18111979;30051774;038;638;512 ~~~~~~~~~~~~~~~~~~~~~~~~~~~~~~~~~~ 02-07
15081480;16012058F;14055818;04140500213;19111979;01061774;039;382;884;612 ~~~~~~~~~~~~~~~~~~~~~~~~~~~~~~ 02-08
16081480;17012058F;15055818;05140500213;20111979;02061774;040;643 ~~~~~~~~~~~~~~~~~~~~~~~~~~~~~~~~~~~~~~ 02-09
17081480;18012058F;16055818;06140500213;21111979;03061774;041;406;581;612 ~~~~~~~~~~~~~~~~~~~~~~~~~~~~~~ 02-10
18081480;19012058F;17055818;07140500213;22111979;04061774;042;641 ~~~~~~~~~~~~~~~~~~~~~~~~~~~~~~~~~~~~~~ 02-11
19081480;20012058F;18055818;08140500213;23111979;05061774;043;612 ~~~~~~~~~~~~~~~~~~~~~~~~~~~~~~~~~~~~~~ 02-12
20081480;21012058F;19055818;09140500213;24111979;06061774;044 ~~~~~~~~~~~~~~~~~~~~~~~~~~~~~~~~~~~~~~~~~~ 02-13
21081480;22012058F;20055818;10140500213;25111979;07061774;045;642;612 ~~~~~~~~~~~~~~~~~~~~~~~~~~~~~~~~~~ 02-14
22081480;23012058F;21055818;11140500213;26111979;08061774;046;645;398;406;418 ~~~~~~~~~~~~~~~~~~~~~~~~~~ 02-15
23081480;24012058F;22055818;12140500213;27111979;09061774;047;612 ~~~~~~~~~~~~~~~~~~~~~~~~~~~~~~~~~~~~~~ 02-16
24081480;25012058F;23055818;13140500213;28111979;10061774;048;854 ~~~~~~~~~~~~~~~~~~~~~~~~~~~~~~~~~~~~~~ 02-17
25081480;26012058F;24055818;14140500213;29111979;11061774;049;450;854;612 ~~~~~~~~~~~~~~~~~~~~~~~~~~~~~~ 02-18
26081480;27012058F;25055818;15140500213;30111979;12061774;050;943 ~~~~~~~~~~~~~~~~~~~~~~~~~~~~~~~~~~~~~~ 02-19
27081480;28012058F;26055818;16140500213;01121979;13061774;051;419;612 ~~~~~~~~~~~~~~~~~~~~~~~~~~~~~~~~~~ 02-20
28081480;29012058F;27055818;17140500213;02121979;14061774;052;644;514;886 ~~~~~~~~~~~~~~~~~~~~~~~~~~~~~~ 02-21
29081480;30012058F;28055818;18140500213;03121979;15061774;053;649;380;612 ~~~~~~~~~~~~~~~~~~~~~~~~~~~~~~ 02-22
01091480;01022058F;29055818;19140500213;04121979;16061774;054;504 ~~~~~~~~~~~~~~~~~~~~~~~~~~~~~~~~~~~~~~ 02-23
02091480;02022058F;30055818;00150500213;05121979;17061774;055;612 ~~~~~~~~~~~~~~~~~~~~~~~~~~~~~~~~~~~~~~ 02-24
03091480;03022058F;01065818;01150500213;06121979;18061774;056 ~~~~~~~~~~~~~~~~~~~~~~~~~~~~~~~~~~~~~~~~~~ 02-25
04091480;04022058F;02065818;02150500213;07121979;19061774;057;443;646;825;612 ~~~~~~~~~~~~~~~~~~~~~~~~~~ 02-26
05091480;05022058F;03065818;03150500213;08121979;20061774;058;444 ~~~~~~~~~~~~~~~~~~~~~~~~~~~~~~~~~~~~~~ 02-27
06091480;06022058F;04065818;04150500213;09121979;21061774;059;647;648;650;819;831;612 ~~~~~~~~~~~~~~~~~~ 02-28
07091480;07022058F;05065818;08150500213;10121979;22061774;061;654;397 ~~~~~~~~~~~~~~~~~~~~~~~~~~~~~~~~~~ 03-01
08091480;08022058F;06065818;09150500213;11121979;23061774;062;637;406;613 ~~~~~~~~~~~~~~~~~~~~~~~~~~~~~~ 03-02
09091480;09022058F;07065818;10150500213;12121979;24061774;063;655;433;613 ~~~~~~~~~~~~~~~~~~~~~~~~~~~~~~ 03-03
10091480;10022058F;08065818;11150500213;13121979;25061774;064;613 ~~~~~~~~~~~~~~~~~~~~~~~~~~~~~~~~~~~~~~ 03-04
11091480;11022058F;09065818;12150500213;14121979;26061774;065;513 ~~~~~~~~~~~~~~~~~~~~~~~~~~~~~~~~~~~~~~ 03-05
12091480;12022058F;10065818;13150500213;15121979;27061774;066;436;517;613 ~~~~~~~~~~~~~~~~~~~~~~~~~~~~~~ 03-06
13091480;13022058F;11065818;14150500213;16121979;28061774;067;653;825;406;613 ~~~~~~~~~~~~~~~~~~~~~~~~~~ 03-07
14091480;14022058F;12065818;15150500213;17121979;29061774;068;613 ~~~~~~~~~~~~~~~~~~~~~~~~~~~~~~~~~~~~~~ 03-08
15091480;15022058F;13065818;16150500213;18121979;30061774;069;544;623;613 ~~~~~~~~~~~~~~~~~~~~~~~~~~~~~~ 03-09
16091480;16022058F;14065818;17150500213;19121979;01071774;070;383;598;906;519;613 ~~~~~~~~~~~~~~~~~~~~~~ 03-10
17091480;17022058F;15065818;18150500213;20121979;02071774;071;562 ~~~~~~~~~~~~~~~~~~~~~~~~~~~~~~~~~~~~~~ 03-11
18091480;18022058F;16065818;19150500213;21121979;03071774;072;562;613 ~~~~~~~~~~~~~~~~~~~~~~~~~~~~~~~~~~ 03-12
19091480;19022058F;17065818;00160500213;22121979;04071774;073;399;562;415 ~~~~~~~~~~~~~~~~~~~~~~~~~~~~~~ 03-13
20091480;20022058F;18065818;01160500213;23121979;05071774;074;656;613 ~~~~~~~~~~~~~~~~~~~~~~~~~~~~~~~~~~ 03-14
21091480;21022058F;19065818;02160500213;24121979;06071774;075;613 ~~~~~~~~~~~~~~~~~~~~~~~~~~~~~~~~~~~~~~ 03-15
22091480;22022058F;20065818;03160500213;25121979;07071774;076;826;613 ~~~~~~~~~~~~~~~~~~~~~~~~~~~~~~~~~~ 03-16
23091480;23022058F;21065818;04160500213;26121979;08071774;077;398;533;859;924;406;613 ~~~~~~~~~~~~~~~~~~ 03-17
24091480;24022058F;22065818;05160500213;27121979;09071774;078;613 ~~~~~~~~~~~~~~~~~~~~~~~~~~~~~~~~~~~~~~ 03-18
25091480;25022058F;23065818;06160500213;28121979;10071774;079;657;466;400;505;613 ~~~~~~~~~~~~~~~~~~~~~~ 03-19
26091480;26022058F;24065818;07160500213;29121979;11071774;080;900;424;613 ~~~~~~~~~~~~~~~~~~~~~~~~~~~~~~ 03-20
27091480;27022058F;25065818;08160500213;30121979;12071774;081;658;514;459;508;415;505;613 ~~~~~~~~~~~~~~ 03-21
28091480;28022058F;26065818;09160500213;01011980;13071774;082;507;851;406;613 ~~~~~~~~~~~~~~~~~~~~~~~~~~ 03-22
29091480;29022058F;27065818;10160500213;02011980;14071774;083 ~~~~~~~~~~~~~~~~~~~~~~~~~~~~~~~~~~~~~~~~~~ 03-23
30091480;01032058F;28065818;11160500213;03011980;15071774;084;380;506;613 ~~~~~~~~~~~~~~~~~~~~~~~~~~~~~~ 03-24
01101480;02032058F;29065818;12160500213;04011980;16071774;085;538;559;829;935;502;400;613 ~~~~~~~~~~~~~~ 03-25
02101480;03032058F;01075818;13160500213;05011980;17071774;086;659;613 ~~~~~~~~~~~~~~~~~~~~~~~~~~~~~~~~~~ 03-26
03101480;04032058F;02075818;14160500213;06011980;18071774;087;660;555;577 ~~~~~~~~~~~~~~~~~~~~~~~~~~~~~~ 03-27
04101480;05032058F;03075818;15160500213;07011980;19071774;088;400;613 ~~~~~~~~~~~~~~~~~~~~~~~~~~~~~~~~~~ 03-28
05101480;06032058F;04075818;16160500213;08011980;20071774;089;652;613 ~~~~~~~~~~~~~~~~~~~~~~~~~~~~~~~~~~ 03-29
06101480;07032058F;05075818;17160500213;09011980;21071774;090;820;945;852;613 ~~~~~~~~~~~~~~~~~~~~~~~~~~ 03-30
07101480;08032058F;06075818;18160500213;10011980;22071774;091;397;400 ~~~~~~~~~~~~~~~~~~~~~~~~~~~~~~~~~~ 03-31
08101480;09032058F;07075818;19160500213;11011980;23071774;092;513;830;406;614 ~~~~~~~~~~~~~~~~~~~~~~~~~~ 04-01
09101480;10032058F;08075818;00170500213;12011980;24071774;093;576;835;933 ~~~~~~~~~~~~~~~~~~~~~~~~~~~~~~ 04-02
10101480;11032058F;09075818;01170500213;13011980;25071774;094;663;400;614 ~~~~~~~~~~~~~~~~~~~~~~~~~~~~~~ 04-03
11101480;12032058F;10075818;02170500213;14011980;26071774;095;877;571 ~~~~~~~~~~~~~~~~~~~~~~~~~~~~~~~~~~ 04-04
12101480;13032058F;11075818;03170500213;15011980;27071774;096;401;614 ~~~~~~~~~~~~~~~~~~~~~~~~~~~~~~~~~~ 04-05
13101480;14032058F;12075818;04170500213;16011980;28071774;097;637;661;406;415;614 ~~~~~~~~~~~~~~~~~~~~~~ 04-06
14101480;15032058F;13075818;05170500213;17011980;29071774;098;493;662;614 ~~~~~~~~~~~~~~~~~~~~~~~~~~~~~~ 04-07
15101480;16032058F;14075818;06170500213;18011980;30071774;099;384;651;539;575 ~~~~~~~~~~~~~~~~~~~~~~~~~~ 04-08
16101480;17032058F;15075818;07170500213;19011980;01081774;100;515;651;614 ~~~~~~~~~~~~~~~~~~~~~~~~~~~~~~ 04-09
17101480;18032058F;16075818;08170500213;20011980;02081774;101;651 ~~~~~~~~~~~~~~~~~~~~~~~~~~~~~~~~~~~~~~ 04-10
18101480;19032058F;17075818;09170500213;21011980;03081774;102;651;614 ~~~~~~~~~~~~~~~~~~~~~~~~~~~~~~~~~~ 04-11
19101480;20032058F;18075818;10170500213;22011980;04081774;103;445;651;812 ~~~~~~~~~~~~~~~~~~~~~~~~~~~~~~ 04-12
20101480;21032058F;19075818;11170500213;23011980;05081774;104;446;651;614 ~~~~~~~~~~~~~~~~~~~~~~~~~~~~~~ 04-13
21101480;22032058F;20075818;12170500213;24011980;06081774;105;447 ~~~~~~~~~~~~~~~~~~~~~~~~~~~~~~~~~~~~~~ 04-14
22101480;23032058F;21075818;13170500213;25011980;07081774;106;448;794;398;514;614 ~~~~~~~~~~~~~~~~~~~~~~ 04-15
23101480;24032058F;22075818;14170500213;26011980;08081774;107;432;838;406 ~~~~~~~~~~~~~~~~~~~~~~~~~~~~~~ 04-16
24101480;25032058F;23075818;15170500213;27011980;09081774;108;614 ~~~~~~~~~~~~~~~~~~~~~~~~~~~~~~~~~~~~~~ 04-17
25101480;26032058F;24075818;16170500213;28011980;10081774;109;631;664 ~~~~~~~~~~~~~~~~~~~~~~~~~~~~~~~~~~ 04-18
26101480;27032058F;25075818;17170500213;29011980;11081774;110;665;437;939;614 ~~~~~~~~~~~~~~~~~~~~~~~~~~ 04-19
27101480;28032058F;26075818;18170500213;30011980;12081774;111;666 ~~~~~~~~~~~~~~~~~~~~~~~~~~~~~~~~~~~~~~ 04-20
28101480;29032058F;27075818;19170500213;01021980;13081774;112;526;614 ~~~~~~~~~~~~~~~~~~~~~~~~~~~~~~~~~~ 04-21
29101480;30032058F;28075818;00000600213;02021980;14081774;113;380;928;415 ~~~~~~~~~~~~~~~~~~~~~~~~~~~~~~ 04-22
01111480;01042058F;29075818;01000600213;03021980;15081774;114;614 ~~~~~~~~~~~~~~~~~~~~~~~~~~~~~~~~~~~~~~ 04-23
02111480;02042058F;30075818;02000600213;04021980;16081774;115;670;819;614 ~~~~~~~~~~~~~~~~~~~~~~~~~~~~~~ 04-24
03111480;03042058F;01085818;03000600213;05021980;17081774;116;667;510;902;614 ~~~~~~~~~~~~~~~~~~~~~~~~~~ 04-25
04111480;04042058F;02085818;04000600213;06021980;18081774;117;671;406 ~~~~~~~~~~~~~~~~~~~~~~~~~~~~~~~~~~ 04-26
05111480;05042058F;03085818;05000600213;07021980;19081774;118;668;614 ~~~~~~~~~~~~~~~~~~~~~~~~~~~~~~~~~~ 04-27
06111480;06042058F;04085818;06000600213;08021980;20081774;119;669;528;614 ~~~~~~~~~~~~~~~~~~~~~~~~~~~~~~ 04-28
07111480;07042058F;05085818;07000600213;09021980;21081774;120;513;553;529;614 ~~~~~~~~~~~~~~~~~~~~~~~~~~ 04-29
08111480;08042058F;06085818;08000600213;10021980;22081774;121;397 ~~~~~~~~~~~~~~~~~~~~~~~~~~~~~~~~~~~~~~ 04-30
09111480;09042058F;07085818;09000600213;11021980;23081774;122;676;615 ~~~~~~~~~~~~~~~~~~~~~~~~~~~~~~~~~~ 05-01
10111480;10042058F;08085818;10000600213;12021980;24081774;123;677;833;927 ~~~~~~~~~~~~~~~~~~~~~~~~~~~~~~ 05-02
11111480;11042058F;09085818;11000600213;13021980;25081774;124;679;615 ~~~~~~~~~~~~~~~~~~~~~~~~~~~~~~~~~~ 05-03
12111480;12042058F;10085818;12000600213;14021980;26081774;125;637;672;889 ~~~~~~~~~~~~~~~~~~~~~~~~~~~~~~ 05-04
13111480;13042058F;11085818;13000600213;15021980;27081774;126;673;820;615 ~~~~~~~~~~~~~~~~~~~~~~~~~~~~~~ 05-05
14111480;14042058F;12085818;14000600213;16021980;28081774;127;674;894;406 ~~~~~~~~~~~~~~~~~~~~~~~~~~~~~~ 05-06
15111480;15042058F;13085818;15000600213;17021980;29081774;128;675;615 ~~~~~~~~~~~~~~~~~~~~~~~~~~~~~~~~~~ 05-07
16111480;16042058F;14085818;16000600213;18021980;30081774;129;683;385;537;937 ~~~~~~~~~~~~~~~~~~~~~~~~~~ 05-08
17111480;17042058F;15085818;17000600213;19021980;01091774;130;892;615 ~~~~~~~~~~~~~~~~~~~~~~~~~~~~~~~~~~ 05-09
18111480;18042058F;16085818;18000600213;20021980;02091774;131;678 ~~~~~~~~~~~~~~~~~~~~~~~~~~~~~~~~~~~~~~ 05-10
19111480;19042058F;17085818;19000600213;21021980;03091774;132;681;680;514;868;406;615 ~~~~~~~~~~~~~~~~~~ 05-11
20111480;20042058F;18085818;00010600213;22021980;04091774;133;451;818;518 ~~~~~~~~~~~~~~~~~~~~~~~~~~~~~~ 05-12
21111480;21042058F;19085818;01010600213;23021980;05091774;134;682;615 ~~~~~~~~~~~~~~~~~~~~~~~~~~~~~~~~~~ 05-13
22111480;22042058F;20085818;02010600213;24021980;06091774;135;398 ~~~~~~~~~~~~~~~~~~~~~~~~~~~~~~~~~~~~~~ 05-14
23111480;23042058F;21085818;03010600213;25021980;07091774;136;685;615 ~~~~~~~~~~~~~~~~~~~~~~~~~~~~~~~~~~ 05-15
24111480;24042058F;22085818;04010600213;26021980;08091774;137;797;823 ~~~~~~~~~~~~~~~~~~~~~~~~~~~~~~~~~~ 05-16
25111480;25042058F;23085818;05010600213;27021980;09091774;138;686;573;615 ~~~~~~~~~~~~~~~~~~~~~~~~~~~~~~ 05-17
26111480;26042058F;24085818;06010600213;28021980;10091774;139;687;530;573 ~~~~~~~~~~~~~~~~~~~~~~~~~~~~~~ 05-18
27111480;27042058F;25085818;07010600213;29021980;11091774;140;684;573;624;615 ~~~~~~~~~~~~~~~~~~~~~~~~~~ 05-19
28111480;28042058F;26085818;08010600213;30021980;12091774;141;789;811;624 ~~~~~~~~~~~~~~~~~~~~~~~~~~~~~~ 05-20
29111480;29042058F;27085818;09010600213;31021980;13091774;142;624;615 ~~~~~~~~~~~~~~~~~~~~~~~~~~~~~~~~~~ 05-21
30111480;01242058F;28085818;10010600213;01031980;14091774;143;380;921;929;942;952;624 ~~~~~~~~~~~~~~~~~~ 05-22
01121480;02242058F;29085818;11010600213;02031980;15091774;144;494;798;374;624;615 ~~~~~~~~~~~~~~~~~~~~~~ 05-23
02121480;03242058F;01095818;12010600213;03031980;16091774;145;689;624 ~~~~~~~~~~~~~~~~~~~~~~~~~~~~~~~~~~ 05-24
03121480;04242058F;02095818;13010600213;04031980;17091774;146;439;624;615 ~~~~~~~~~~~~~~~~~~~~~~~~~~~~~~ 05-25
04121480;05242058F;03095818;14010600213;05031980;18091774;147;439;406 ~~~~~~~~~~~~~~~~~~~~~~~~~~~~~~~~~~ 05-26
05121480;06242058F;04095818;15010600213;06031980;19091774;148;438;513;615 ~~~~~~~~~~~~~~~~~~~~~~~~~~~~~~ 05-27
06121480;07242058F;05095818;16010600213;07031980;20091774;149 ~~~~~~~~~~~~~~~~~~~~~~~~~~~~~~~~~~~~~~~~~~ 05-28
07121480;08242058F;06095818;17010600213;08031980;21091774;150;688;522;615 ~~~~~~~~~~~~~~~~~~~~~~~~~~~~~~ 05-29
08121480;09242058F;07095818;18010600213;09031980;22091774;151;397;433 ~~~~~~~~~~~~~~~~~~~~~~~~~~~~~~~~~~ 05-30
09121480;10242058F;08095818;19010600213;10031980;23091774;152;793;501;615 ~~~~~~~~~~~~~~~~~~~~~~~~~~~~~~ 05-31
10121480;11242058F;09095818;00020600213;11031980;24091774;153;637;693;552;815;500;415 ~~~~~~~~~~~~~~~~~~ 06-01
11121480;12242058F;10095818;01020600213;12031980;25091774;154;449;690;500;616 ~~~~~~~~~~~~~~~~~~~~~~~~~~ 06-02
12121480;13242058F;11095818;02020600213;13031980;26091774;155;694;896;616 ~~~~~~~~~~~~~~~~~~~~~~~~~~~~~~ 06-03
13121480;14242058F;12095818;03020600213;14031980;27091774;156;500;616 ~~~~~~~~~~~~~~~~~~~~~~~~~~~~~~~~~~ 06-04
14121480;15242058F;13095818;04020600213;15031980;28091774;157;691;500;406 ~~~~~~~~~~~~~~~~~~~~~~~~~~~~~~ 06-05
15121480;16242058F;14095818;05020600213;16031980;29091774;158;386;874;941;949;616 ~~~~~~~~~~~~~~~~~~~~~~ 06-06
16121480;17242058F;15095818;06020600213;17031980;30091774;159;596;692;541;616 ~~~~~~~~~~~~~~~~~~~~~~~~~~ 06-07
17121480;18242058F;16095818;07020600213;18031980;01101774;160;697;799;514;616 ~~~~~~~~~~~~~~~~~~~~~~~~~~ 06-08
18121480;19242058F;17095818;08020600213;19031980;02101774;161;695;841;415 ~~~~~~~~~~~~~~~~~~~~~~~~~~~~~~ 06-09
19121480;20242058F;18095818;09020600213;20031980;03101774;162;616 ~~~~~~~~~~~~~~~~~~~~~~~~~~~~~~~~~~~~~~ 06-10
20121480;21242058F;19095818;10020600213;21031980;04101774;163;696;569;616 ~~~~~~~~~~~~~~~~~~~~~~~~~~~~~~ 06-11
21121480;22242058F;20095818;11020600213;22031980;05101774;164;569;616 ~~~~~~~~~~~~~~~~~~~~~~~~~~~~~~~~~~ 06-12
22121480;23242058F;21095818;12020600213;23031980;06101774;165;398;616 ~~~~~~~~~~~~~~~~~~~~~~~~~~~~~~~~~~ 06-13
23121480;24242058F;22095818;13020600213;24031980;07101774;166;699;616 ~~~~~~~~~~~~~~~~~~~~~~~~~~~~~~~~~~ 06-14
24121480;25242058F;23095818;14020600213;25031980;08101774;167;842;406;616 ~~~~~~~~~~~~~~~~~~~~~~~~~~~~~~ 06-15
25121480;26242058F;24095818;15020600213;26031980;09101774;168;452;452;946;616 ~~~~~~~~~~~~~~~~~~~~~~~~~~ 06-16
26121480;27242058F;25095818;16020600213;27031980;10101774;169;415;616 ~~~~~~~~~~~~~~~~~~~~~~~~~~~~~~~~~~ 06-17
27121480;28242058F;26095818;17020600213;28031980;11101774;170;616 ~~~~~~~~~~~~~~~~~~~~~~~~~~~~~~~~~~~~~~ 06-18
28121480;29242058F;27095818;18020600213;29031980;12101774;171 ~~~~~~~~~~~~~~~~~~~~~~~~~~~~~~~~~~~~~~~~~~ 06-19
29121480;30242058F;28095818;19020600213;30031980;13101774;172;698;380;420;460;406;616 ~~~~~~~~~~~~~~~~~~ 06-20
30121480;01052058F;29095818;00030600213;31031980;14101774;173;701;929;952;425;700;616 ~~~~~~~~~~~~~~~~~~ 06-21
01011481;02052058F;30095818;01030600213;01041980;15101774;174;702;461;495;616 ~~~~~~~~~~~~~~~~~~~~~~~~~~ 06-22
02011481;03052058F;01105818;02030600213;02041980;16101774;175;870 ~~~~~~~~~~~~~~~~~~~~~~~~~~~~~~~~~~~~~~ 06-23
03011481;04052058F;02105818;03030600213;03041980;17101774;176;513;616 ~~~~~~~~~~~~~~~~~~~~~~~~~~~~~~~~~~ 06-24
04011481;05052058F;03105818;04030600213;04041980;18101774;177;564;406;415;616 ~~~~~~~~~~~~~~~~~~~~~~~~~~ 06-25
05011481;06052058F;04105818;05030600213;05041980;19101774;178;704;810;616 ~~~~~~~~~~~~~~~~~~~~~~~~~~~~~~ 06-26
06011481;07052058F;05105818;06030600213;06041980;20101774;179 ~~~~~~~~~~~~~~~~~~~~~~~~~~~~~~~~~~~~~~~~~~ 06-27
07011481;08052058F;06105818;07030600213;07041980;21101774;180;703;397;616 ~~~~~~~~~~~~~~~~~~~~~~~~~~~~~~ 06-28
08011481;09052058F;07105818;08030600213;08041980;22101774;181;616 ~~~~~~~~~~~~~~~~~~~~~~~~~~~~~~~~~~~~~~ 06-29
09011481;10052058F;08105818;09030600213;09041980;23101774;182;795;406;616 ~~~~~~~~~~~~~~~~~~~~~~~~~~~~~~ 06-30
10011481;11052058F;09105818;10030600213;10041980;24101774;183;498 ~~~~~~~~~~~~~~~~~~~~~~~~~~~~~~~~~~~~~~ 07-01
11011481;12052058F;10105818;11030600213;11041980;25101774;184;416;436;546;617 ~~~~~~~~~~~~~~~~~~~~~~~~~~ 07-02
12011481;13052058F;11105818;12030600213;12041980;26101774;185;617 ~~~~~~~~~~~~~~~~~~~~~~~~~~~~~~~~~~~~~~ 07-03
13011481;14052058F;12105818;13030600213;13041980;27101774;186;496;617 ~~~~~~~~~~~~~~~~~~~~~~~~~~~~~~~~~~ 07-04
14011481;15052058F;13105818;14030600213;14041980;28101774;187;387;373;565;617 ~~~~~~~~~~~~~~~~~~~~~~~~~~ 07-05
15011481;16052058F;14105818;15030600213;15041980;29101774;188;637;705;840;514;531;561;565;375;617 ~~~~~~ 07-06
16011481;17052058F;15105818;16030600213;16041980;30101774;189 ~~~~~~~~~~~~~~~~~~~~~~~~~~~~~~~~~~~~~~~~~~ 07-07
17011481;18052058F;16105818;17030600213;17041980;01111774;190;707;617 ~~~~~~~~~~~~~~~~~~~~~~~~~~~~~~~~~~ 07-08
18011481;19052058F;17105818;18030600213;18041980;02111774;191 ~~~~~~~~~~~~~~~~~~~~~~~~~~~~~~~~~~~~~~~~~~ 07-09
19011481;20052058F;18105818;19030600213;19041980;03111774;192;406;496;617 ~~~~~~~~~~~~~~~~~~~~~~~~~~~~~~ 07-10
20011481;21052058F;19105818;00040600213;20041980;04111774;193;617 ~~~~~~~~~~~~~~~~~~~~~~~~~~~~~~~~~~~~~~ 07-11
21011481;22052058F;20105818;01040600213;21041980;05111774;194;398;617 ~~~~~~~~~~~~~~~~~~~~~~~~~~~~~~~~~~ 07-12
22011481;23052058F;21105818;02040600213;22041980;06111774;195;706;432;617 ~~~~~~~~~~~~~~~~~~~~~~~~~~~~~~ 07-13
23011481;24052058F;22105818;03040600213;23041980;07111774;196;617 ~~~~~~~~~~~~~~~~~~~~~~~~~~~~~~~~~~~~~~ 07-14
24011481;25052058F;23105818;04040600213;24041980;08111774;197;710;813 ~~~~~~~~~~~~~~~~~~~~~~~~~~~~~~~~~~ 07-15
25011481;26052058F;24105818;05040600213;25041980;09111774;198;399;878;617 ~~~~~~~~~~~~~~~~~~~~~~~~~~~~~~ 07-16
26011481;27052058F;25105818;06040600213;26041980;10111774;199;711;375 ~~~~~~~~~~~~~~~~~~~~~~~~~~~~~~~~~~ 07-17
27011481;28052058F;26105818;07040600213;27041980;11111774;200;631;496;617 ~~~~~~~~~~~~~~~~~~~~~~~~~~~~~~ 07-18
28011481;29052058F;27105818;08040600213;28041980;12111774;201;596;617 ~~~~~~~~~~~~~~~~~~~~~~~~~~~~~~~~~~ 07-19
29011481;01062058F;28105818;09040600213;29041980;13111774;202;708;380;617 ~~~~~~~~~~~~~~~~~~~~~~~~~~~~~~ 07-20
30011481;02062058F;29105818;10040600213;30041980;14111774;203;709;513;497;617 ~~~~~~~~~~~~~~~~~~~~~~~~~~ 07-21
01021481;03062058F;01115818;11040600213;31041980;15111774;204;400;617 ~~~~~~~~~~~~~~~~~~~~~~~~~~~~~~~~~~ 07-22
02021481;04062058F;02115818;12040600213;01051980;16111774;205;579 ~~~~~~~~~~~~~~~~~~~~~~~~~~~~~~~~~~~~~~ 07-23
03021481;05062058F;03115818;13040600213;02051980;17111774;206;617 ~~~~~~~~~~~~~~~~~~~~~~~~~~~~~~~~~~~~~~ 07-24
04021481;06062058F;04115818;14040600213;03051980;18111774;207;712;715;891;400;617 ~~~~~~~~~~~~~~~~~~~~~~ 07-25
05021481;07062058F;05115818;15040600213;04051980;19111774;208;716;617 ~~~~~~~~~~~~~~~~~~~~~~~~~~~~~~~~~~ 07-26
06021481;08062058F;06115818;16040600213;05051980;20111774;209;713 ~~~~~~~~~~~~~~~~~~~~~~~~~~~~~~~~~~~~~~ 07-27
07021481;09062058F;07115818;17040600213;06051980;21111774;210;714;397;375;617 ~~~~~~~~~~~~~~~~~~~~~~~~~~ 07-28
08021481;10062058F;08115818;18040600213;07051980;22111774;211;617 ~~~~~~~~~~~~~~~~~~~~~~~~~~~~~~~~~~~~~~ 07-29
09021481;11062058F;09115818;19040600213;08051980;23111774;212;421;617 ~~~~~~~~~~~~~~~~~~~~~~~~~~~~~~~~~~ 07-30
10021481;12062058F;10115818;00050600213;09051980;24111774;213;926 ~~~~~~~~~~~~~~~~~~~~~~~~~~~~~~~~~~~~~~ 07-31
11021481;13062058F;11115818;01050600213;10051980;25111774;214;554;618 ~~~~~~~~~~~~~~~~~~~~~~~~~~~~~~~~~~ 08-01
12021481;14062058F;12115818;02050600213;11051980;26111774;215;596;719;938 ~~~~~~~~~~~~~~~~~~~~~~~~~~~~~~ 08-02
13021481;15062058F;13115818;03050600213;12051980;27111774;216;637;720;400;618 ~~~~~~~~~~~~~~~~~~~~~~~~~~ 08-03
14021481;16062058F;14115818;04050600213;13051980;28111774;217;717;388;514;556;909;910;925 ~~~~~~~~~~~~~~ 08-04
15021481;17062058F;15115818;05050600213;14051980;29111774;218;802;866;618 ~~~~~~~~~~~~~~~~~~~~~~~~~~~~~~ 08-05
16021481;18062058F;16115818;06050600213;15051980;30111774;219;718;875;400 ~~~~~~~~~~~~~~~~~~~~~~~~~~~~~~ 08-06
17021481;19062058F;17115818;07050600213;16051980;01121774;220;618 ~~~~~~~~~~~~~~~~~~~~~~~~~~~~~~~~~~~~~~ 08-07
18021481;20062058F;18115818;08050600213;17051980;02121774;221 ~~~~~~~~~~~~~~~~~~~~~~~~~~~~~~~~~~~~~~~~~~ 08-08
19021481;21062058F;19115818;09050600213;18051980;03121774;222;401;421;618 ~~~~~~~~~~~~~~~~~~~~~~~~~~~~~~ 08-09
20021481;22062058F;20115818;10050600213;19051980;04121774;223;723;398;872;844 ~~~~~~~~~~~~~~~~~~~~~~~~~~ 08-10
21021481;23062058F;21115818;11050600213;20051980;05121774;224;721;871;618 ~~~~~~~~~~~~~~~~~~~~~~~~~~~~~~ 08-11
22021481;24062058F;22115818;12050600213;21051980;06121774;225 ~~~~~~~~~~~~~~~~~~~~~~~~~~~~~~~~~~~~~~~~~~ 08-12
23021481;25062058F;23115818;13050600213;22051980;07121774;226;408;618 ~~~~~~~~~~~~~~~~~~~~~~~~~~~~~~~~~~ 08-13
24021481;26062058F;24115818;14050600213;23051980;08121774;227;722;503;406 ~~~~~~~~~~~~~~~~~~~~~~~~~~~~~~ 08-14
25021481;27062058F;25115818;15050600213;24051980;09121774;228;618 ~~~~~~~~~~~~~~~~~~~~~~~~~~~~~~~~~~~~~~ 08-15
26021481;28062058F;26115818;16050600213;25051980;10121774;229 ~~~~~~~~~~~~~~~~~~~~~~~~~~~~~~~~~~~~~~~~~~ 08-16
27021481;29062058F;27115818;17050600213;26051980;11121774;230;724;437;513;618 ~~~~~~~~~~~~~~~~~~~~~~~~~~ 08-17
28021481;30062058F;28115818;18050600213;27051980;12121774;231 ~~~~~~~~~~~~~~~~~~~~~~~~~~~~~~~~~~~~~~~~~~ 08-18
29021481;01072058F;29115818;19050600213;28051980;13121774;232;380;928;406;618 ~~~~~~~~~~~~~~~~~~~~~~~~~~ 08-19
01031481;02072058F;30115818;00060600213;29051980;14121774;233 ~~~~~~~~~~~~~~~~~~~~~~~~~~~~~~~~~~~~~~~~~~ 08-20
02031481;03072058F;01125818;01060600213;30051980;15121774;234;618 ~~~~~~~~~~~~~~~~~~~~~~~~~~~~~~~~~~~~~~ 08-21
03031481;04072058F;02125818;02060600213;31051980;16121774;235;597 ~~~~~~~~~~~~~~~~~~~~~~~~~~~~~~~~~~~~~~ 08-22
04031481;05072058F;03125818;03060600213;01061980;17121774;236;427;550;618 ~~~~~~~~~~~~~~~~~~~~~~~~~~~~~~ 08-23
05031481;06072058F;04125818;04060600213;02061980;18121774;237;725;915;406 ~~~~~~~~~~~~~~~~~~~~~~~~~~~~~~ 08-24
06031481;07072058F;05125818;05060600213;03061980;19121774;238;428;725;572;409;618 ~~~~~~~~~~~~~~~~~~~~~~ 08-25
07031481;08072058F;06125818;06060600213;04061980;20121774;239;796;397;433 ~~~~~~~~~~~~~~~~~~~~~~~~~~~~~~ 08-26
08031481;09072058F;07125818;07060600213;05061980;21121774;240;594;908;618 ~~~~~~~~~~~~~~~~~~~~~~~~~~~~~~ 08-27
09031481;10072058F;08125818;08060600213;06061980;22121774;241;595 ~~~~~~~~~~~~~~~~~~~~~~~~~~~~~~~~~~~~~~ 08-28
10031481;11072058F;09125818;09060600213;07061980;23121774;242;406;618 ~~~~~~~~~~~~~~~~~~~~~~~~~~~~~~~~~~ 08-29
11031481;12072058F;10125818;10060600213;08061980;24121774;243;596;903;843 ~~~~~~~~~~~~~~~~~~~~~~~~~~~~~~ 08-30
12031481;13072058F;11125818;11060600213;09061980;25121774;244;429;411;897;511;409;618 ~~~~~~~~~~~~~~~~~~ 08-31
13031481;14072058F;12125818;12060600213;10061980;26121774;245;430;514;520;551;864;567 ~~~~~~~~~~~~~~~~~~ 09-01
14031481;15072058F;13125818;13060600213;11061980;27121774;246;434;389;534;567;619 ~~~~~~~~~~~~~~~~~~~~~~ 09-02
15031481;16072058F;14125818;14060600213;12061980;28121774;247;435;907;406 ~~~~~~~~~~~~~~~~~~~~~~~~~~~~~~ 09-03
16031481;17072058F;15125818;15060600213;13061980;29121774;248;619 ~~~~~~~~~~~~~~~~~~~~~~~~~~~~~~~~~~~~~~ 09-04
17031481;18072058F;16125818;16060600213;14061980;30121774;249;511;843 ~~~~~~~~~~~~~~~~~~~~~~~~~~~~~~~~~~ 09-05
18031481;19072058F;17125818;17060600213;15061980;01131774;250;727;619 ~~~~~~~~~~~~~~~~~~~~~~~~~~~~~~~~~~ 09-06
19031481;20072058F;18125818;18060600213;16061980;02131774;251;637;728;412;843;619 ~~~~~~~~~~~~~~~~~~~~~~ 09-07
20031481;21072058F;19125818;19060600213;17061980;03131774;252;455;845;406;421;619 ~~~~~~~~~~~~~~~~~~~~~~ 09-08
21031481;22072058F;20125818;00070600213;18061980;04131774;253;729;846;398 ~~~~~~~~~~~~~~~~~~~~~~~~~~~~~~ 09-09
22031481;23072058F;21125818;01070600213;19061980;05131774;254;375;619 ~~~~~~~~~~~~~~~~~~~~~~~~~~~~~~~~~~ 09-10
23031481;24072058F;22125818;02070600213;20061980;01011775;255;458;843;619 ~~~~~~~~~~~~~~~~~~~~~~~~~~~~~~ 09-11
24031481;25072058F;23125818;03070600213;21061980;02011775;256;730;847;865;409;619 ~~~~~~~~~~~~~~~~~~~~~~ 09-12
25031481;26072058F;24125818;04070600213;22061980;03011775;257;726;467;513;869;406;619 ~~~~~~~~~~~~~~~~~~ 09-13
26031481;27072058F;25125818;05070600213;23061980;04011775;258;412;619 ~~~~~~~~~~~~~~~~~~~~~~~~~~~~~~~~~~ 09-14
27031481;28072058F;26125818;06070600213;24061980;05011775;259;731 ~~~~~~~~~~~~~~~~~~~~~~~~~~~~~~~~~~~~~~ 09-15
28031481;29072058F;27125818;07070600213;25061980;06011775;260;619 ~~~~~~~~~~~~~~~~~~~~~~~~~~~~~~~~~~~~~~ 09-16
29031481;30072058F;28125818;08070600213;26061980;07011775;261;732;380;920;848 ~~~~~~~~~~~~~~~~~~~~~~~~~~ 09-17
30031481;01082058F;29125818;09070600213;27061980;08011775;262;417;521;406;409;619 ~~~~~~~~~~~~~~~~~~~~~~ 09-18
01041481;02082058F;01015819;10070600213;28061980;09011775;263;733;521;848 ~~~~~~~~~~~~~~~~~~~~~~~~~~~~~~ 09-19
02041481;03082058F;02015819;11070600213;29061980;10011775;264;734;521;619 ~~~~~~~~~~~~~~~~~~~~~~~~~~~~~~ 09-20
03041481;04082058F;03015819;12070600213;30061980;11011775;265;735;619 ~~~~~~~~~~~~~~~~~~~~~~~~~~~~~~~~~~ 09-21
04041481;05082058F;04015819;13070600213;31061980;12011775;266;740;462;619 ~~~~~~~~~~~~~~~~~~~~~~~~~~~~~~ 09-22
05041481;06082058F;05015819;14070600213;01071980;13011775;267;736;402;423;848 ~~~~~~~~~~~~~~~~~~~~~~~~~~ 09-23
06041481;07082058F;06015819;15070600213;02071980;14011775;268;737;463;409;619 ~~~~~~~~~~~~~~~~~~~~~~~~~~ 09-24
07041481;08082058F;07015819;16070600213;03071980;15011775;269;742;790;397;619 ~~~~~~~~~~~~~~~~~~~~~~~~~~ 09-25
08041481;09082058F;08015819;17070600213;04071980;16011775;270;741;790;619 ~~~~~~~~~~~~~~~~~~~~~~~~~~~~~~ 09-26
09041481;10082058F;09015819;18070600213;05071980;17011775;271;738;790;403;619;848 ~~~~~~~~~~~~~~~~~~~~~~ 09-27
10041481;11082058F;10015819;19070600213;06071980;18011775;272;739;743;790;898;527;406;619 ~~~~~~~~~~~~~~ 09-28
11041481;12082058F;11015819;00080600213;07071980;19011775;273;790;514;619 ~~~~~~~~~~~~~~~~~~~~~~~~~~~~~~ 09-29
12041481;13082058F;12015819;01080600213;08071980;20011775;274;790;853;409;619 ~~~~~~~~~~~~~~~~~~~~~~~~~~ 09-30
13041481;14082058F;13015819;02080600213;09071980;21011775;275;745;790;391;390;853 ~~~~~~~~~~~~~~~~~~~~~~ 10-01
14041481;15082058F;14015819;03080600213;10071980;22011775;276;746;825;570;853;620 ~~~~~~~~~~~~~~~~~~~~~~ 10-02
15041481;16082058F;15015819;04080600213;11071980;23011775;277;747;523;406;620 ~~~~~~~~~~~~~~~~~~~~~~~~~~ 10-03
16041481;17082058F;16015819;05080600213;12071980;24011775;278;748;523;620 ~~~~~~~~~~~~~~~~~~~~~~~~~~~~~~ 10-04
17041481;18082058F;17015819;06080600213;13071980;25011775;279;637;824;523;403;848 ~~~~~~~~~~~~~~~~~~~~~~ 10-05
18041481;19082058F;18015819;07080600213;14071980;26011775;280;749;523;409;620 ~~~~~~~~~~~~~~~~~~~~~~~~~~ 10-06
19041481;20082058F;19015819;08080600213;15071980;27011775;281;744;523 ~~~~~~~~~~~~~~~~~~~~~~~~~~~~~~~~~~ 10-07
20041481;21082058F;20015819;09080600213;16071980;28011775;282;791;523;406;620 ~~~~~~~~~~~~~~~~~~~~~~~~~~ 10-08
21041481;22082058F;21015819;10080600213;17071980;29011775;283;752;398;432;523;403 ~~~~~~~~~~~~~~~~~~~~~~ 10-09
22041481;23082058F;22015819;11080600213;18071980;30011775;284;753;367;524;620 ~~~~~~~~~~~~~~~~~~~~~~~~~~ 10-10
23041481;24082058F;23015819;12080600213;19071980;01021775;285;368;513;525 ~~~~~~~~~~~~~~~~~~~~~~~~~~~~~~ 10-11
24041481;25082058F;24015819;13080600213;20071980;02021775;286;754;457;409;620 ~~~~~~~~~~~~~~~~~~~~~~~~~~ 10-12
25041481;26082058F;25015819;14080600213;21071980;03021775;287;750;901;375;403;406;620 ~~~~~~~~~~~~~~~~~~ 10-13
26041481;27082058F;26015819;15080600213;22071980;04021775;288;751;620 ~~~~~~~~~~~~~~~~~~~~~~~~~~~~~~~~~~ 10-14
27041481;28082058F;27015819;16080600213;23071980;05021775;289;756;418;620;574 ~~~~~~~~~~~~~~~~~~~~~~~~~~ 10-15
28041481;29082058F;28015819;17080600213;24071980;06021775;290;757;620 ~~~~~~~~~~~~~~~~~~~~~~~~~~~~~~~~~~ 10-16
29041481;01092058F;29015819;18080600213;25071980;07021775;291;631;380;403 ~~~~~~~~~~~~~~~~~~~~~~~~~~~~~~ 10-17
01051481;02092058F;30015819;19080600213;26071980;08021775;292;895;406;409;620 ~~~~~~~~~~~~~~~~~~~~~~~~~~ 10-18
02051481;03092058F;01025819;00090600213;27071980;09021775;293;758;412 ~~~~~~~~~~~~~~~~~~~~~~~~~~~~~~~~~~ 10-19
03051481;04092058F;02025819;01090600213;28071980;10021775;294;784;620 ~~~~~~~~~~~~~~~~~~~~~~~~~~~~~~~~~~ 10-20
04051481;05092058F;03025819;02090600213;29071980;11021775;295;755;369;785;403;620 ~~~~~~~~~~~~~~~~~~~~~~ 10-21
05051481;06092058F;04025819;03090600213;30071980;12021775;296;918;786;620 ~~~~~~~~~~~~~~~~~~~~~~~~~~~~~~ 10-22
06051481;07092058F;05025819;04090600213;01081980;13021775;297;376;919;787 ~~~~~~~~~~~~~~~~~~~~~~~~~~~~~~ 10-23
07051481;08092058F;06025819;05090600213;02081980;14021775;298;397;371;418;620 ~~~~~~~~~~~~~~~~~~~~~~~~~~ 10-24
08051481;09092058F;07025819;06090600213;03081980;15021775;299;849;548;885;563;403;620 ~~~~~~~~~~~~~~~~~~ 10-25
09051481;10092058F;08025819;07090600213;04081980;16021775;300;759;431;549;560;412;620 ~~~~~~~~~~~~~~~~~~ 10-26
10051481;11092058F;09025819;08090600213;05081980;17021775;301;514;899;620 ~~~~~~~~~~~~~~~~~~~~~~~~~~~~~~ 10-27
11051481;12092058F;10025819;09090600213;06081980;18021775;302;436;406;620 ~~~~~~~~~~~~~~~~~~~~~~~~~~~~~~ 10-28
12051481;13092058F;11025819;10090600213;07081980;19021775;303;403;620 ~~~~~~~~~~~~~~~~~~~~~~~~~~~~~~~~~~ 10-29
13051481;14092058F;12025819;11090600213;08081980;20021775;304;882;922;409;620 ~~~~~~~~~~~~~~~~~~~~~~~~~~ 10-30
14051481;15092058F;13025819;12090600213;09081980;21021775;305;396;396;532 ~~~~~~~~~~~~~~~~~~~~~~~~~~~~~~ 10-31
15051481;16092058F;14025819;13090600213;10081980;22021775;306;621 ~~~~~~~~~~~~~~~~~~~~~~~~~~~~~~~~~~~~~~ 11-01
16051481;17092058F;15025819;14090600213;11081980;23021775;307;637;763;412 ~~~~~~~~~~~~~~~~~~~~~~~~~~~~~~ 11-02
17051481;18092058F;16025819;15090600213;12081980;24021775;308;881;621 ~~~~~~~~~~~~~~~~~~~~~~~~~~~~~~~~~~ 11-03
18051481;19092058F;17025819;16090600213;13081980;25021775;309;760;404 ~~~~~~~~~~~~~~~~~~~~~~~~~~~~~~~~~~ 11-04
19051481;20092058F;18025819;17090600213;14081980;26021775;310;850;621 ~~~~~~~~~~~~~~~~~~~~~~~~~~~~~~~~~~ 11-05
20051481;21092058F;19025819;18090600213;15081980;27021775;311;761 ~~~~~~~~~~~~~~~~~~~~~~~~~~~~~~~~~~~~~~ 11-06
21051481;22092058F;20025819;19090600213;16081980;28021775;312;762;398;406;421;621 ~~~~~~~~~~~~~~~~~~~~~~ 11-07
22051481;23092058F;21025819;00100600213;17081980;29021775;313;399;499;513;861 ~~~~~~~~~~~~~~~~~~~~~~~~~~ 11-08
23051481;24092058F;22025819;01100600213;18081980;30021775;314;412;621 ~~~~~~~~~~~~~~~~~~~~~~~~~~~~~~~~~~ 11-09
24051481;25092058F;23025819;02100600213;19081980;01031775;315 ~~~~~~~~~~~~~~~~~~~~~~~~~~~~~~~~~~~~~~~~~~ 11-10
25051481;26092058F;24025819;03100600213;20081980;02031775;316;400;418;621 ~~~~~~~~~~~~~~~~~~~~~~~~~~~~~~ 11-11
26051481;27092058F;25025819;04100600213;21081980;03031775;317;558;911;406 ~~~~~~~~~~~~~~~~~~~~~~~~~~~~~~ 11-12
27051481;28092058F;26025819;05100600213;22081980;04031775;318;779;784;621 ~~~~~~~~~~~~~~~~~~~~~~~~~~~~~~ 11-13
28051481;29092058F;27025819;06100600213;23081980;05031775;319;764;780;785 ~~~~~~~~~~~~~~~~~~~~~~~~~~~~~~ 11-14
29051481;30092058F;28025819;07100600213;24081980;06031775;320;380;781;786;893;621 ~~~~~~~~~~~~~~~~~~~~~~ 11-15
30051481;01102058F;29025819;08100600213;25081980;07031775;321;767;782;787;929;952;412 ~~~~~~~~~~~~~~~~~~ 11-16
01061481;02102058F;01035819;09100600213;26081980;08031775;322;765;535;783;788;400;406;621 ~~~~~~~~~~~~~~ 11-17
02061481;03102058F;02035819;10100600213;27081980;09031775;323;865 ~~~~~~~~~~~~~~~~~~~~~~~~~~~~~~~~~~~~~~ 11-18
03061481;04102058F;03035819;11100600213;28081980;10031775;324;621 ~~~~~~~~~~~~~~~~~~~~~~~~~~~~~~~~~~~~~~ 11-19
04061481;05102058F;04035819;12100600213;29081980;11031775;325;514;400 ~~~~~~~~~~~~~~~~~~~~~~~~~~~~~~~~~~ 11-20
05061481;06102058F;05035819;13100600213;30081980;12031775;326;766;543;621 ~~~~~~~~~~~~~~~~~~~~~~~~~~~~~~ 11-21
06061481;07102058F;06035819;14100600213;01091980;13031775;327;397;433;788;406 ~~~~~~~~~~~~~~~~~~~~~~~~~~ 11-22
07061481;08102058F;07035819;15100600213;02091980;14031775;328;768;409;412;621 ~~~~~~~~~~~~~~~~~~~~~~~~~~ 11-23
08061481;09102058F;08035819;16100600213;03091980;15031775;329 ~~~~~~~~~~~~~~~~~~~~~~~~~~~~~~~~~~~~~~~~~~ 11-24
09061481;10102058F;09035819;17100600213;04091980;16031775;330;879;621 ~~~~~~~~~~~~~~~~~~~~~~~~~~~~~~~~~~ 11-25
10061481;11102058F;10035819;18100600213;05091980;17031775;331;547;400 ~~~~~~~~~~~~~~~~~~~~~~~~~~~~~~~~~~ 11-26
11061481;12102058F;11035819;19100600213;06091980;18031775;332;769;934;421;621 ~~~~~~~~~~~~~~~~~~~~~~~~~~ 11-27
12061481;13102058F;12035819;00110600213;07091980;19031775;333;440;369;401 ~~~~~~~~~~~~~~~~~~~~~~~~~~~~~~ 11-28
13061481;14102058F;13035819;01110600213;08091980;20031775;334;441;394;418;621 ~~~~~~~~~~~~~~~~~~~~~~~~~~ 11-29
14061481;15102058F;14035819;02110600213;09091980;21031775;335;770;541;880;949 ~~~~~~~~~~~~~~~~~~~~~~~~~~ 11-30
15061481;16102058F;15035819;03110600213;10091980;22031775;336;589;622 ~~~~~~~~~~~~~~~~~~~~~~~~~~~~~~~~~~ 12-01
16061481;17102058F;16035819;04110600213;11091980;23031775;337;442;370;422 ~~~~~~~~~~~~~~~~~~~~~~~~~~~~~~ 12-02
17061481;18102058F;17035819;05110600213;12091980;24031775;338;771;773;622 ~~~~~~~~~~~~~~~~~~~~~~~~~~~~~~ 12-03
18061481;19102058F;18035819;06110600213;13091980;25031775;339;772 ~~~~~~~~~~~~~~~~~~~~~~~~~~~~~~~~~~~~~~ 12-04
19061481;20102058F;19035819;07110600213;14091980;26031775;340;409;622 ~~~~~~~~~~~~~~~~~~~~~~~~~~~~~~~~~~ 12-05
20061481;21102058F;20035819;08110600213;15091980;27031775;341;596;774;437;453;513 ~~~~~~~~~~~~~~~~~~~~~~ 12-06
21061481;22102058F;21035819;09110600213;16091980;28031775;342;637;775;398;406;412;622 ~~~~~~~~~~~~~~~~~~ 12-07
22061481;23102058F;22035819;10110600213;17091980;29031775;343;777;836;876;590 ~~~~~~~~~~~~~~~~~~~~~~~~~~ 12-08
23061481;24102058F;23035819;11110600213;18091980;30031775;344;410;622 ~~~~~~~~~~~~~~~~~~~~~~~~~~~~~~~~~~ 12-09
24061481;25102058F;24035819;12110600213;19091980;01041775;345 ~~~~~~~~~~~~~~~~~~~~~~~~~~~~~~~~~~~~~~~~~~ 12-10
25061481;26102058F;25035819;13110600213;20091980;02041775;346;936;516;622 ~~~~~~~~~~~~~~~~~~~~~~~~~~~~~~ 12-11
26061481;27102058F;26035819;14110600213;21091980;03041775;347;516;406 ~~~~~~~~~~~~~~~~~~~~~~~~~~~~~~~~~~ 12-12
27061481;28102058F;27035819;15110600213;22091980;04041775;348;516;622 ~~~~~~~~~~~~~~~~~~~~~~~~~~~~~~~~~~ 12-13
28061481;29102058F;28035819;16110600213;23091980;05041775;349;776;516;412 ~~~~~~~~~~~~~~~~~~~~~~~~~~~~~~ 12-14
29061481;30102058F;29035819;17110600213;24091980;06041775;350;380;591;516;622 ~~~~~~~~~~~~~~~~~~~~~~~~~~ 12-15
01071481;01112058F;30035819;18110600213;25091980;07041775;351 ~~~~~~~~~~~~~~~~~~~~~~~~~~~~~~~~~~~~~~~~~~ 12-16
02071481;02112058F;01045819;19110600213;26091980;08041775;352;516;406;622 ~~~~~~~~~~~~~~~~~~~~~~~~~~~~~~ 12-17
03071481;03112058F;02045819;00120600213;27091980;09041775;353;378;514;516 ~~~~~~~~~~~~~~~~~~~~~~~~~~~~~~ 12-18
04071481;04112058F;03045819;01120600213;28091980;10041775;354;516;622 ~~~~~~~~~~~~~~~~~~~~~~~~~~~~~~~~~~ 12-19
05071481;05112058F;04045819;02120600213;29091980;11041775;355;778;371;944;466 ~~~~~~~~~~~~~~~~~~~~~~~~~~ 12-20
06071481;06112058F;05045819;03120600213;30091980;12041775;356;426;412;622 ~~~~~~~~~~~~~~~~~~~~~~~~~~~~~~ 12-21
07071481;07112058F;06045819;04120600213;01101980;13041775;357;397;868;592;465;406 ~~~~~~~~~~~~~~~~~~~~~~ 12-22
08071481;08112058F;07045819;05120600213;02101980;14041775;358;622 ~~~~~~~~~~~~~~~~~~~~~~~~~~~~~~~~~~~~~~ 12-23
09071481;09112058F;08045819;06120600213;03101980;15041775;359 ~~~~~~~~~~~~~~~~~~~~~~~~~~~~~~~~~~~~~~~~~~ 12-24
10071481;10112058F;09045819;07120600213;04101980;16041775;360;557;867;890;622 ~~~~~~~~~~~~~~~~~~~~~~~~~~ 12-25
11071481;11112058F;10045819;08120600213;05101980;17041775;361 ~~~~~~~~~~~~~~~~~~~~~~~~~~~~~~~~~~~~~~~~~~ 12-26
12071481;12112058F;11045819;09120600213;06101980;18041775;362;622 ~~~~~~~~~~~~~~~~~~~~~~~~~~~~~~~~~~~~~~ 12-27
13071481;13112058F;12045819;10120600213;07101980;19041775;363;412 ~~~~~~~~~~~~~~~~~~~~~~~~~~~~~~~~~~~~~~ 12-28
14071481;14112058F;13045819;11120600213;08101980;20041775;364;395;545;887;622 ~~~~~~~~~~~~~~~~~~~~~~~~~~ 12-29
15071481;15112058F;14045819;12120600213;09101980;21041775;365 ~~~~~~~~~~~~~~~~~~~~~~~~~~~~~~~~~~~~~~~~~~ 12-30
16071481;16112058F;15045819;13120600213;10101980;22041775;366;622 ~~~~~~~~~~~~~~~~~~~~~~~~~~~~~~~~~~~~~~ 12-31
