05101488;06122065M;04045826;09141300213;11101987;23041782;001;611 ~~~~~~~~~~~~~~~~~~~~~~~~~~~~~~~~~~~~~~ 01-01
06101488;07122065M;05045826;10141300213;12101987;24041782;002;637 ~~~~~~~~~~~~~~~~~~~~~~~~~~~~~~~~~~~~~~ 01-02
07101488;08122065M;06045826;11141300213;13101987;25041782;003;397;611 ~~~~~~~~~~~~~~~~~~~~~~~~~~~~~~~~~~ 01-03
08101488;09122065M;07045826;12141300213;14101987;26041782;004 ~~~~~~~~~~~~~~~~~~~~~~~~~~~~~~~~~~~~~~~~~~ 01-04
09101488;10122065M;08045826;13141300213;15101987;27041782;005;372;611 ~~~~~~~~~~~~~~~~~~~~~~~~~~~~~~~~~~ 01-05
10101488;11122065M;09045826;14141300213;16101987;28041782;006;406 ~~~~~~~~~~~~~~~~~~~~~~~~~~~~~~~~~~~~~~ 01-06
11101488;12122065M;10045826;15141300213;17101987;29041782;007;513;905;611 ~~~~~~~~~~~~~~~~~~~~~~~~~~~~~~ 01-07
12101488;13122065M;11045826;16141300213;18101987;30041782;008;412 ~~~~~~~~~~~~~~~~~~~~~~~~~~~~~~~~~~~~~~ 01-08
13101488;14122065M;12045826;17141300213;19101987;01051782;009;626;611 ~~~~~~~~~~~~~~~~~~~~~~~~~~~~~~~~~~ 01-09
14101488;15122065M;13045826;18141300213;20101987;02051782;010;627 ~~~~~~~~~~~~~~~~~~~~~~~~~~~~~~~~~~~~~~ 01-10
15101488;16122065M;14045826;19141300213;21101987;03051782;011;628;381;541;904;949;406;611 ~~~~~~~~~~~~~~ 01-11
16101488;17122065M;15045826;00151300213;22101987;04051782;012;629 ~~~~~~~~~~~~~~~~~~~~~~~~~~~~~~~~~~~~~~ 01-12
17101488;18122065M;16045826;01151300213;23101987;05051782;013;611 ~~~~~~~~~~~~~~~~~~~~~~~~~~~~~~~~~~~~~~ 01-13
18101488;19122065M;17045826;02151300213;24101987;06051782;014 ~~~~~~~~~~~~~~~~~~~~~~~~~~~~~~~~~~~~~~~~~~ 01-14
19101488;20122065M;18045826;03151300213;25101987;07051782;015;916;412;611 ~~~~~~~~~~~~~~~~~~~~~~~~~~~~~~ 01-15
20101488;21122065M;19045826;04151300213;26101987;08051782;016;630;406 ~~~~~~~~~~~~~~~~~~~~~~~~~~~~~~~~~~ 01-16
21101488;22122065M;20045826;05151300213;27101987;09051782;017;625;864;611 ~~~~~~~~~~~~~~~~~~~~~~~~~~~~~~ 01-17
22101488;23122065M;21045826;06151300213;28101987;10051782;018;492;398 ~~~~~~~~~~~~~~~~~~~~~~~~~~~~~~~~~~ 01-18
23101488;24122065M;22045826;07151300213;29101987;11051782;019;809;418;611 ~~~~~~~~~~~~~~~~~~~~~~~~~~~~~~ 01-19
24101488;25122065M;23045826;08151300213;30101987;12051782;020 ~~~~~~~~~~~~~~~~~~~~~~~~~~~~~~~~~~~~~~~~~~ 01-20
25101488;26122065M;24045826;09151300213;01111987;13051782;021;631;611 ~~~~~~~~~~~~~~~~~~~~~~~~~~~~~~~~~~ 01-21
26101488;27122065M;25045826;10151300213;02111987;14051782;022;923;412 ~~~~~~~~~~~~~~~~~~~~~~~~~~~~~~~~~~ 01-22
27101488;28122065M;26045826;11151300213;03111987;15051782;023;514;611 ~~~~~~~~~~~~~~~~~~~~~~~~~~~~~~~~~~ 01-23
28101488;29122065M;27045826;12151300213;04111987;16051782;024 ~~~~~~~~~~~~~~~~~~~~~~~~~~~~~~~~~~~~~~~~~~ 01-24
29101488;30122065M;28045826;13151300213;05111987;17051782;025;636;380;888;611 ~~~~~~~~~~~~~~~~~~~~~~~~~~ 01-25
01111488;01012066N;29045826;14151300213;06111987;18051782;026;479;490;580 ~~~~~~~~~~~~~~~~~~~~~~~~~~~~~~ 01-26
02111488;02012066N;01055826;15151300213;07111987;19051782;027;632;566;479;490;611 ~~~~~~~~~~~~~~~~~~~~~~ 01-27
03111488;03012066N;02055826;16151300213;08111987;20051782;028;566 ~~~~~~~~~~~~~~~~~~~~~~~~~~~~~~~~~~~~~~ 01-28
04111488;04012066N;03055826;17151300213;09111987;21051782;029;633;566;412;611 ~~~~~~~~~~~~~~~~~~~~~~~~~~ 01-29
05111488;05012066N;04055826;18151300213;10111987;22051782;030;634;940;566 ~~~~~~~~~~~~~~~~~~~~~~~~~~~~~~ 01-30
06111488;06012066N;05055826;19151300213;11111987;23051782;031;635;406;611 ~~~~~~~~~~~~~~~~~~~~~~~~~~~~~~ 01-31
07111488;07012066N;06055826;19151300213;12111987;24051782;032;397;914 ~~~~~~~~~~~~~~~~~~~~~~~~~~~~~~~~~~ 02-01
08111488;08012066N;07055826;00161300213;13111987;25051782;033;536;612 ~~~~~~~~~~~~~~~~~~~~~~~~~~~~~~~~~~ 02-02
09111488;09012066N;08055826;01161300213;14111987;26051782;034 ~~~~~~~~~~~~~~~~~~~~~~~~~~~~~~~~~~~~~~~~~~ 02-03
10111488;10012066N;09055826;02161300213;15111987;27051782;035;638;513;612 ~~~~~~~~~~~~~~~~~~~~~~~~~~~~~~ 02-04
11111488;11012066N;10055826;03161300213;16111987;28051782;036;639;406;412 ~~~~~~~~~~~~~~~~~~~~~~~~~~~~~~ 02-05
12111488;12012066N;11055826;04161300213;17111987;29051782;037;637;640;873;418;612 ~~~~~~~~~~~~~~~~~~~~~~ 02-06
13111488;13012066N;12055826;05161300213;18111987;30051782;038 ~~~~~~~~~~~~~~~~~~~~~~~~~~~~~~~~~~~~~~~~~~ 02-07
14111488;14012066N;13055826;06161300213;19111987;01061782;039;641;612 ~~~~~~~~~~~~~~~~~~~~~~~~~~~~~~~~~~ 02-08
15111488;15012066N;14055826;07161300213;20111987;02061782;040 ~~~~~~~~~~~~~~~~~~~~~~~~~~~~~~~~~~~~~~~~~~ 02-09
16111488;16012066N;15055826;08161300213;21111987;03061782;041;382;436;884;406;612 ~~~~~~~~~~~~~~~~~~~~~~ 02-10
17111488;17012066N;16055826;09161300213;22111987;04061782;042;642 ~~~~~~~~~~~~~~~~~~~~~~~~~~~~~~~~~~~~~~ 02-11
18111488;18012066N;17055826;10161300213;23111987;05061782;043;433;861;412;612 ~~~~~~~~~~~~~~~~~~~~~~~~~~ 02-12
19111488;19012066N;18055826;11161300213;24111987;06061782;044;643 ~~~~~~~~~~~~~~~~~~~~~~~~~~~~~~~~~~~~~~ 02-13
20111488;20012066N;19055826;12161300213;25111987;07061782;045;581;612 ~~~~~~~~~~~~~~~~~~~~~~~~~~~~~~~~~~ 02-14
21111488;21012066N;20055826;13161300213;26111987;08061782;046;450 ~~~~~~~~~~~~~~~~~~~~~~~~~~~~~~~~~~~~~~ 02-15
22111488;22012066N;21055826;14161300213;27111987;09061782;047;612 ~~~~~~~~~~~~~~~~~~~~~~~~~~~~~~~~~~~~~~ 02-16
23111488;23012066N;22055826;15161300213;28111987;10061782;048;398;399;825;854 ~~~~~~~~~~~~~~~~~~~~~~~~~~ 02-17
24111488;24012066N;23055826;16161300213;29111987;11061782;049;644;854;612 ~~~~~~~~~~~~~~~~~~~~~~~~~~~~~~ 02-18
25111488;25012066N;24055826;17161300213;30111987;12061782;050;645 ~~~~~~~~~~~~~~~~~~~~~~~~~~~~~~~~~~~~~~ 02-19
26111488;26012066N;25055826;18161300213;01121987;13061782;051;514;943;400;406;612 ~~~~~~~~~~~~~~~~~~~~~~ 02-20
27111488;27012066N;26055826;19161300213;02121987;14061782;052 ~~~~~~~~~~~~~~~~~~~~~~~~~~~~~~~~~~~~~~~~~~ 02-21
28111488;28012066N;27055826;00171300213;03121987;15061782;053;886;612 ~~~~~~~~~~~~~~~~~~~~~~~~~~~~~~~~~~ 02-22
29111488;29012066N;28055826;01171300213;04121987;16061782;054;443;646;400 ~~~~~~~~~~~~~~~~~~~~~~~~~~~~~~ 02-23
30111488;01022066N;29055826;02171300213;05121987;17061782;055;444;380;418;612 ~~~~~~~~~~~~~~~~~~~~~~~~~~ 02-24
01121488;02022066N;30055826;03171300213;06121987;18061782;056;647;648 ~~~~~~~~~~~~~~~~~~~~~~~~~~~~~~~~~~ 02-25
02121488;03022066N;01065826;04171300213;07121987;19061782;057;649;811;400;612 ~~~~~~~~~~~~~~~~~~~~~~~~~~ 02-26
03121488;04022066N;02065826;05171300213;08121987;20061782;058 ~~~~~~~~~~~~~~~~~~~~~~~~~~~~~~~~~~~~~~~~~~ 02-27
04121488;05022066N;03065826;06171300213;09121987;21061782;059;650;612 ~~~~~~~~~~~~~~~~~~~~~~~~~~~~~~~~~~ 02-28
05121488;06022066N;04065826;10171300213;10121987;22061782;061;400 ~~~~~~~~~~~~~~~~~~~~~~~~~~~~~~~~~~~~~~ 03-01
06121488;07022066N;05065826;11171300213;11121987;23061782;062;613 ~~~~~~~~~~~~~~~~~~~~~~~~~~~~~~~~~~~~~~ 03-02
07121488;08022066N;06065826;12171300213;12121987;24061782;063;397;613 ~~~~~~~~~~~~~~~~~~~~~~~~~~~~~~~~~~ 03-03
08121488;09022066N;07065826;13171300213;13121987;25061782;064;653;513;613 ~~~~~~~~~~~~~~~~~~~~~~~~~~~~~~ 03-04
09121488;10022066N;08065826;14171300213;14121987;26061782;065;654;501;412;418;613 ~~~~~~~~~~~~~~~~~~~~~~ 03-05
10121488;11022066N;09065826;15171300213;15121987;27061782;066;637;500;613 ~~~~~~~~~~~~~~~~~~~~~~~~~~~~~~ 03-06
11121488;12022066N;10065826;16171300213;16121987;28061782;067;655;517;500;400;406 ~~~~~~~~~~~~~~~~~~~~~~ 03-07
12121488;13022066N;11065826;17171300213;17121987;29061782;068;613 ~~~~~~~~~~~~~~~~~~~~~~~~~~~~~~~~~~~~~~ 03-08
13121488;14022066N;12065826;18171300213;18121987;30061782;069;419;500 ~~~~~~~~~~~~~~~~~~~~~~~~~~~~~~~~~~ 03-09
14121488;15022066N;13065826;19171300213;19121987;01071782;070;414;500;613 ~~~~~~~~~~~~~~~~~~~~~~~~~~~~~~ 03-10
15121488;16022066N;14065826;00001400213;20121987;02071782;071;656;383;401;544;623;906;519 ~~~~~~~~~~~~~~ 03-11
16121488;17022066N;15065826;01001400213;21121987;03071782;072;598;412;613 ~~~~~~~~~~~~~~~~~~~~~~~~~~~~~~ 03-12
17121488;18022066N;16065826;02001400213;22121987;04071782;073;562 ~~~~~~~~~~~~~~~~~~~~~~~~~~~~~~~~~~~~~~ 03-13
18121488;19022066N;17065826;03001400213;23121987;05071782;074;562;841;613 ~~~~~~~~~~~~~~~~~~~~~~~~~~~~~~ 03-14
19121488;20022066N;18065826;04001400213;24121987;06071782;075;562 ~~~~~~~~~~~~~~~~~~~~~~~~~~~~~~~~~~~~~~ 03-15
20121488;21022066N;19065826;05001400213;25121987;07071782;076;657;514;613 ~~~~~~~~~~~~~~~~~~~~~~~~~~~~~~ 03-16
21121488;22022066N;20065826;06001400213;26121987;08071782;077;406 ~~~~~~~~~~~~~~~~~~~~~~~~~~~~~~~~~~~~~~ 03-17
22121488;23022066N;21065826;07001400213;27121987;09071782;078;658;398;533;924;613 ~~~~~~~~~~~~~~~~~~~~~~ 03-18
23121488;24022066N;22065826;08001400213;28121987;10071782;079;466;412 ~~~~~~~~~~~~~~~~~~~~~~~~~~~~~~~~~~ 03-19
24121488;25022066N;23065826;09001400213;29121987;11071782;080;424;842;613 ~~~~~~~~~~~~~~~~~~~~~~~~~~~~~~ 03-20
25121488;26022066N;24065826;10001400213;30121987;12071782;081;900;459;613 ~~~~~~~~~~~~~~~~~~~~~~~~~~~~~~ 03-21
26121488;27022066N;25065826;11001400213;01011988;13071782;082;554;851;406;613 ~~~~~~~~~~~~~~~~~~~~~~~~~~ 03-22
27121488;28022066N;26065826;12001400213;02011988;14071782;083;659 ~~~~~~~~~~~~~~~~~~~~~~~~~~~~~~~~~~~~~~ 03-23
28121488;29022066N;27065826;13001400213;03011988;15071782;084;613 ~~~~~~~~~~~~~~~~~~~~~~~~~~~~~~~~~~~~~~ 03-24
29121488;30022066N;28065826;14001400213;04011988;16071782;085;380;437;613 ~~~~~~~~~~~~~~~~~~~~~~~~~~~~~~ 03-25
30121488;01032066N;29065826;15001400213;05011988;17071782;086;408;538;559;935;412;613 ~~~~~~~~~~~~~~~~~~ 03-26
01011489;02032066N;01075826;16001400213;06011988;18071782;087;495;406;613 ~~~~~~~~~~~~~~~~~~~~~~~~~~~~~~ 03-27
02011489;03032066N;02075826;17001400213;07011988;19071782;088;432;555;577;613 ~~~~~~~~~~~~~~~~~~~~~~~~~~ 03-28
03011489;04032066N;03075826;18001400213;08011988;20071782;089;652;613 ~~~~~~~~~~~~~~~~~~~~~~~~~~~~~~~~~~ 03-29
04011489;05032066N;04075826;19001400213;09011988;21071782;090;852;613 ~~~~~~~~~~~~~~~~~~~~~~~~~~~~~~~~~~ 03-30
05011489;06032066N;05075826;00011400213;10011988;22071782;091;660;496 ~~~~~~~~~~~~~~~~~~~~~~~~~~~~~~~~~~ 03-31
06011489;07032066N;06075826;01011400213;11011988;23071782;092;513;945;409;614 ~~~~~~~~~~~~~~~~~~~~~~~~~~ 04-01
07011489;08032066N;07075826;02011400213;12011988;24071782;093;397;830 ~~~~~~~~~~~~~~~~~~~~~~~~~~~~~~~~~~ 04-02
08011489;09032066N;08075826;03011400213;13011988;25071782;094;637;661;614 ~~~~~~~~~~~~~~~~~~~~~~~~~~~~~~ 04-03
09011489;10032066N;09075826;04011400213;14011988;26071782;095;493;662;576;933;571 ~~~~~~~~~~~~~~~~~~~~~~ 04-04
10011489;11032066N;10075826;05011400213;15011988;27071782;096;498;651;614 ~~~~~~~~~~~~~~~~~~~~~~~~~~~~~~ 04-05
11011489;12032066N;11075826;06011400213;16011988;28071782;097;877;614;651 ~~~~~~~~~~~~~~~~~~~~~~~~~~~~~~ 04-06
12011489;13032066N;12075826;07011400213;17011988;29071782;098;663;651;614 ~~~~~~~~~~~~~~~~~~~~~~~~~~~~~~ 04-07
13011489;14032066N;13075826;08011400213;18011988;30071782;099;651 ~~~~~~~~~~~~~~~~~~~~~~~~~~~~~~~~~~~~~~ 04-08
14011489;15032066N;14075826;09011400213;19011988;01081782;100;445;651;412;614 ~~~~~~~~~~~~~~~~~~~~~~~~~~ 04-09
15011489;16032066N;15075826;10011400213;20011988;02081782;101;446;384;651;539;575;515 ~~~~~~~~~~~~~~~~~~ 04-10
16011489;17032066N;16075826;11011400213;21011988;03081782;102;447;406;415;614 ~~~~~~~~~~~~~~~~~~~~~~~~~~ 04-11
17011489;18032066N;17075826;12011400213;22011988;04081782;103;448;514;496;614 ~~~~~~~~~~~~~~~~~~~~~~~~~~ 04-12
18011489;19032066N;18075826;13011400213;23011988;05081782;104;409;614 ~~~~~~~~~~~~~~~~~~~~~~~~~~~~~~~~~~ 04-13
19011489;20032066N;19075826;14011400213;24011988;06081782;105;614 ~~~~~~~~~~~~~~~~~~~~~~~~~~~~~~~~~~~~~~ 04-14
20011489;21032066N;20075826;15011400213;25011988;07081782;106;631;664;614 ~~~~~~~~~~~~~~~~~~~~~~~~~~~~~~ 04-15
21011489;22032066N;21075826;16011400213;26011988;08081782;107;665;398;406;412 ~~~~~~~~~~~~~~~~~~~~~~~~~~ 04-16
22011489;23032066N;22075826;17011400213;27011988;09081782;108;666;614 ~~~~~~~~~~~~~~~~~~~~~~~~~~~~~~~~~~ 04-17
23011489;24032066N;23075826;18011400213;28011988;10081782;109;614 ~~~~~~~~~~~~~~~~~~~~~~~~~~~~~~~~~~~~~~ 04-18
24011489;25032066N;24075826;19011400213;29011988;11081782;110;794;409;614 ~~~~~~~~~~~~~~~~~~~~~~~~~~~~~~ 04-19
25011489;26032066N;25075826;00021400213;30011988;12081782;111;939 ~~~~~~~~~~~~~~~~~~~~~~~~~~~~~~~~~~~~~~ 04-20
26011489;27032066N;26075826;01021400213;01021988;13081782;112;413;526;406;614 ~~~~~~~~~~~~~~~~~~~~~~~~~~ 04-21
27011489;28032066N;27075826;02021400213;02021988;14081782;113;667;496;614 ~~~~~~~~~~~~~~~~~~~~~~~~~~~~~~ 04-22
28011489;29032066N;28075826;03021400213;03021988;15081782;114;614 ~~~~~~~~~~~~~~~~~~~~~~~~~~~~~~~~~~~~~~ 04-23
29011489;01042066N;29075826;04021400213;04021988;16081782;115;668;380;614 ~~~~~~~~~~~~~~~~~~~~~~~~~~~~~~ 04-24
30011489;02042066N;30075826;05021400213;05021988;17081782;116;669;497;409;614 ~~~~~~~~~~~~~~~~~~~~~~~~~~ 04-25
01021489;03042066N;01085826;06021400213;06021988;18081782;117;406 ~~~~~~~~~~~~~~~~~~~~~~~~~~~~~~~~~~~~~~ 04-26
02021489;04042066N;02085826;07021400213;07021988;19081782;118;510;902;415;614 ~~~~~~~~~~~~~~~~~~~~~~~~~~ 04-27
03021489;05042066N;03085826;08021400213;08021988;20081782;119;670;513;614 ~~~~~~~~~~~~~~~~~~~~~~~~~~~~~~ 04-28
04021489;06042066N;04085826;09021400213;09021988;21081782;120;528;614 ~~~~~~~~~~~~~~~~~~~~~~~~~~~~~~~~~~ 04-29
05021489;07042066N;05085826;10021400213;10021988;22081782;121;671;529 ~~~~~~~~~~~~~~~~~~~~~~~~~~~~~~~~~~ 04-30
06021489;08042066N;06085826;11021400213;11021988;23081782;122;637;672;553;406;615 ~~~~~~~~~~~~~~~~~~~~~~ 05-01
07021489;09042066N;07085826;12021400213;12021988;24081782;123;673;397 ~~~~~~~~~~~~~~~~~~~~~~~~~~~~~~~~~~ 05-02
08021489;10042066N;08085826;13021400213;13021988;25081782;124;674;615 ~~~~~~~~~~~~~~~~~~~~~~~~~~~~~~~~~~ 05-03
09021489;11042066N;09085826;14021400213;14021988;26081782;125;675;927 ~~~~~~~~~~~~~~~~~~~~~~~~~~~~~~~~~~ 05-04
10021489;12042066N;10085826;15021400213;15021988;27081782;126;676;615 ~~~~~~~~~~~~~~~~~~~~~~~~~~~~~~~~~~ 05-05
11021489;13042066N;11085826;16021400213;16021988;28081782;127;677;889;406 ~~~~~~~~~~~~~~~~~~~~~~~~~~~~~~ 05-06
12021489;14042066N;12085826;17021400213;17021988;29081782;128;679;678;409;615 ~~~~~~~~~~~~~~~~~~~~~~~~~~ 05-07
13021489;15042066N;13085826;18021400213;18021988;30081782;129;681;680;894 ~~~~~~~~~~~~~~~~~~~~~~~~~~~~~~ 05-08
14021489;16042066N;14085826;19021400213;19021988;01091782;130;451;385;537;937;615 ~~~~~~~~~~~~~~~~~~~~~~ 05-09
15021489;17042066N;15085826;00031400213;20021988;02091782;131;682;868;892 ~~~~~~~~~~~~~~~~~~~~~~~~~~~~~~ 05-10
16021489;18042066N;16085826;01031400213;21021988;03091782;132;433;514;615 ~~~~~~~~~~~~~~~~~~~~~~~~~~~~~~ 05-11
17021489;19042066N;17085826;02031400213;22021988;04091782;133;683 ~~~~~~~~~~~~~~~~~~~~~~~~~~~~~~~~~~~~~~ 05-12
18021489;20042066N;18085826;03031400213;23021988;05091782;134;518;409;415;615 ~~~~~~~~~~~~~~~~~~~~~~~~~~ 05-13
19021489;21042066N;19085826;04031400213;24021988;06091782;135;832 ~~~~~~~~~~~~~~~~~~~~~~~~~~~~~~~~~~~~~~ 05-14
20021489;22042066N;20085826;05031400213;25021988;07091782;136;687;844;615 ~~~~~~~~~~~~~~~~~~~~~~~~~~~~~~ 05-15
21021489;23042066N;21085826;06031400213;26021988;08091782;137;684;398;833 ~~~~~~~~~~~~~~~~~~~~~~~~~~~~~~ 05-16
22021489;24042066N;22085826;07031400213;27021988;09091782;138;615 ~~~~~~~~~~~~~~~~~~~~~~~~~~~~~~~~~~~~~~ 05-17
23021489;25042066N;23085826;08031400213;28021988;10091782;139 ~~~~~~~~~~~~~~~~~~~~~~~~~~~~~~~~~~~~~~~~~~ 05-18
24021489;26042066N;24085826;09031400213;29021988;11091782;140;685;530;813;615 ~~~~~~~~~~~~~~~~~~~~~~~~~~ 05-19
25021489;27042066N;25085826;10031400213;30021988;12091782;141;494;797 ~~~~~~~~~~~~~~~~~~~~~~~~~~~~~~~~~~ 05-20
26021489;28042066N;26085826;11031400213;31021988;13091782;142;686;573;406;415;615 ~~~~~~~~~~~~~~~~~~~~~~ 05-21
27021489;29042066N;27085826;12031400213;01031988;14091782;143;573 ~~~~~~~~~~~~~~~~~~~~~~~~~~~~~~~~~~~~~~ 05-22
28021489;30042066N;28085826;13031400213;02031988;15091782;144;798;380;942;573;624;615 ~~~~~~~~~~~~~~~~~~ 05-23
29021489;01052066N;29085826;14031400213;03031988;16091782;145;789;838;921;624 ~~~~~~~~~~~~~~~~~~~~~~~~~~ 05-24
01031489;02052066N;01095826;15031400213;04031988;17091782;146;624;615 ~~~~~~~~~~~~~~~~~~~~~~~~~~~~~~~~~~ 05-25
02031489;03052066N;02095826;16031400213;05031988;18091782;147;688;457;513;624 ~~~~~~~~~~~~~~~~~~~~~~~~~~ 05-26
03031489;04052066N;03095826;17031400213;06031988;19091782;148;624;615 ~~~~~~~~~~~~~~~~~~~~~~~~~~~~~~~~~~ 05-27
04031489;05052066N;04095826;18031400213;07031988;20091782;149;689;564;624 ~~~~~~~~~~~~~~~~~~~~~~~~~~~~~~ 05-28
05031489;06052066N;05095826;19031400213;08031988;21091782;150;439;821;624;615 ~~~~~~~~~~~~~~~~~~~~~~~~~~ 05-29
06031489;07052066N;06095826;00041400213;09031988;22091782;151;449;439;522 ~~~~~~~~~~~~~~~~~~~~~~~~~~~~~~ 05-30
07031489;08052066N;07095826;01041400213;10031988;23091782;152;438;406;409;615 ~~~~~~~~~~~~~~~~~~~~~~~~~~ 05-31
08031489;09052066N;08095826;02041400213;11031988;24091782;153;397 ~~~~~~~~~~~~~~~~~~~~~~~~~~~~~~~~~~~~~~ 06-01
09031489;10052066N;09095826;03041400213;12031988;25091782;154;691;694;616 ~~~~~~~~~~~~~~~~~~~~~~~~~~~~~~ 06-02
10031489;11052066N;10095826;04041400213;13031988;26091782;155;552;616 ~~~~~~~~~~~~~~~~~~~~~~~~~~~~~~~~~~ 06-03
11031489;12052066N;11095826;05041400213;14031988;27091782;156;692;896;843;616 ~~~~~~~~~~~~~~~~~~~~~~~~~~ 06-04
12031489;13052066N;12095826;06041400213;15031988;28091782;157;637;693;436;511;616 ~~~~~~~~~~~~~~~~~~~~~~ 06-05
13031489;14052066N;13095826;07041400213;16031988;29091782;158;690;843;616 ~~~~~~~~~~~~~~~~~~~~~~~~~~~~~~ 06-06
14031489;15052066N;14095826;08041400213;17031988;30091782;159;386;941 ~~~~~~~~~~~~~~~~~~~~~~~~~~~~~~~~~~ 06-07
15031489;16052066N;15095826;09041400213;18031988;01101782;160;696;514;874;616 ~~~~~~~~~~~~~~~~~~~~~~~~~~ 06-08
16031489;17052066N;16095826;10041400213;19031988;02101782;161;616 ~~~~~~~~~~~~~~~~~~~~~~~~~~~~~~~~~~~~~~ 06-09
17031489;18052066N;17095826;11041400213;20031988;03101782;162;511;843;616 ~~~~~~~~~~~~~~~~~~~~~~~~~~~~~~ 06-10
18031489;19052066N;18095826;12041400213;21031988;04101782;163;596;569;616 ~~~~~~~~~~~~~~~~~~~~~~~~~~~~~~ 06-11
19031489;20052066N;19095826;13041400213;22031988;05101782;164;697;799;569;616 ~~~~~~~~~~~~~~~~~~~~~~~~~~ 06-12
20031489;21052066N;20095826;14041400213;23031988;06101782;165;695 ~~~~~~~~~~~~~~~~~~~~~~~~~~~~~~~~~~~~~~ 06-13
21031489;22052066N;21095826;15041400213;24031988;07101782;166;398;415;616 ~~~~~~~~~~~~~~~~~~~~~~~~~~~~~~ 06-14
22031489;23052066N;22095826;16041400213;25031988;08101782;167;406 ~~~~~~~~~~~~~~~~~~~~~~~~~~~~~~~~~~~~~~ 06-15
23031489;24052066N;23095826;17041400213;26031988;09101782;168;843;616 ~~~~~~~~~~~~~~~~~~~~~~~~~~~~~~~~~~ 06-16
24031489;25052066N;24095826;18041400213;27031988;10101782;169;698;616 ~~~~~~~~~~~~~~~~~~~~~~~~~~~~~~~~~~ 06-17
25031489;26052066N;25095826;19041400213;28031988;11101782;170;701;699;946;700;409;843;616 ~~~~~~~~~~~~~~ 06-18
26031489;27052066N;26095826;00051400213;29031988;12101782;171;399 ~~~~~~~~~~~~~~~~~~~~~~~~~~~~~~~~~~~~~~ 06-19
27031489;28052066N;27095826;01051400213;30031988;13101782;172;452;452;460;616 ~~~~~~~~~~~~~~~~~~~~~~~~~~ 06-20
28031489;29052066N;28095826;02051400213;31031988;14101782;173;425;616 ~~~~~~~~~~~~~~~~~~~~~~~~~~~~~~~~~~ 06-21
29031489;30052066N;29095826;03051400213;01041988;15101782;174;380;513;950;461;400;415;616 ~~~~~~~~~~~~~~ 06-22
30031489;01252066N;30095826;04051400213;02041988;16101782;175;932;616 ~~~~~~~~~~~~~~~~~~~~~~~~~~~~~~~~~~ 06-23
01041489;02252066N;01105826;05051400213;03041988;17101782;176;432;870;616 ~~~~~~~~~~~~~~~~~~~~~~~~~~~~~~ 06-24
02041489;03252066N;02105826;06051400213;04041988;18101782;177;703;400 ~~~~~~~~~~~~~~~~~~~~~~~~~~~~~~~~~~ 06-25
03041489;04252066N;03105826;07051400213;05041988;19101782;178;702;374;616 ~~~~~~~~~~~~~~~~~~~~~~~~~~~~~~ 06-26
04041489;05252066N;04105826;08051400213;06041988;20101782;179;809 ~~~~~~~~~~~~~~~~~~~~~~~~~~~~~~~~~~~~~~ 06-27
05041489;06252066N;05105826;09051400213;07041988;21101782;180;400;616 ~~~~~~~~~~~~~~~~~~~~~~~~~~~~~~~~~~ 06-28
06041489;07252066N;06105826;10051400213;08041988;22101782;181;420;616 ~~~~~~~~~~~~~~~~~~~~~~~~~~~~~~~~~~ 06-29
07041489;08252066N;07105826;11051400213;09041988;23101782;182;704;397;406;409;415;616 ~~~~~~~~~~~~~~~~~~ 06-30
08041489;09252066N;08105826;12051400213;10041988;24101782;183 ~~~~~~~~~~~~~~~~~~~~~~~~~~~~~~~~~~~~~~~~~~ 07-01
09041489;10252066N;09105826;13051400213;11041988;25101782;184;565;617 ~~~~~~~~~~~~~~~~~~~~~~~~~~~~~~~~~~ 07-02
10041489;11252066N;10105826;14051400213;12041988;26101782;185;637;705;840;546;835;565;617 ~~~~~~~~~~~~~~ 07-03
11041489;12252066N;11105826;15051400213;13041988;27101782;186;795;554;400;617 ~~~~~~~~~~~~~~~~~~~~~~~~~~ 07-04
12041489;13252066N;12105826;16051400213;14041988;28101782;187;373;617 ~~~~~~~~~~~~~~~~~~~~~~~~~~~~~~~~~~ 07-05
13041489;14252066N;13105826;17051400213;15041988;29101782;188;514;409;617 ~~~~~~~~~~~~~~~~~~~~~~~~~~~~~~ 07-06
14041489;15252066N;14105826;18051400213;16041988;30101782;189;387;531;540;561;947 ~~~~~~~~~~~~~~~~~~~~~~ 07-07
15041489;16252066N;15105826;19051400213;17041988;01111782;190;415;617 ~~~~~~~~~~~~~~~~~~~~~~~~~~~~~~~~~~ 07-08
16041489;17252066N;16105826;00061400213;18041988;02111782;191;617 ~~~~~~~~~~~~~~~~~~~~~~~~~~~~~~~~~~~~~~ 07-09
17041489;18252066N;17105826;01061400213;19041988;03111782;192;706;400;406;617 ~~~~~~~~~~~~~~~~~~~~~~~~~~ 07-10
18041489;19252066N;18105826;02061400213;20041988;04111782;193 ~~~~~~~~~~~~~~~~~~~~~~~~~~~~~~~~~~~~~~~~~~ 07-11
19041489;20252066N;19105826;03061400213;21041988;05111782;194;707;409;617 ~~~~~~~~~~~~~~~~~~~~~~~~~~~~~~ 07-12
20041489;21252066N;20105826;04061400213;22041988;06111782;195;398;401 ~~~~~~~~~~~~~~~~~~~~~~~~~~~~~~~~~~ 07-13
21041489;22252066N;21105826;05061400213;23041988;07111782;196;617 ~~~~~~~~~~~~~~~~~~~~~~~~~~~~~~~~~~~~~~ 07-14
22041489;23252066N;22105826;06061400213;24041988;08111782;197;631;406 ~~~~~~~~~~~~~~~~~~~~~~~~~~~~~~~~~~ 07-15
23041489;24252066N;23105826;07061400213;25041988;09111782;198;617 ~~~~~~~~~~~~~~~~~~~~~~~~~~~~~~~~~~~~~~ 07-16
24041489;25252066N;24105826;08061400213;26041988;10111782;199;708;878 ~~~~~~~~~~~~~~~~~~~~~~~~~~~~~~~~~~ 07-17
25041489;26252066N;25105826;09061400213;27041988;11111782;200;709;375;409;617 ~~~~~~~~~~~~~~~~~~~~~~~~~~ 07-18
26041489;27252066N;26105826;10061400213;28041988;12111782;201;710;513;617 ~~~~~~~~~~~~~~~~~~~~~~~~~~~~~~ 07-19
27041489;28252066N;27105826;11061400213;29041988;13111782;202;406;617 ~~~~~~~~~~~~~~~~~~~~~~~~~~~~~~~~~~ 07-20
28041489;29252066N;28105826;12061400213;30041988;14111782;203;711 ~~~~~~~~~~~~~~~~~~~~~~~~~~~~~~~~~~~~~~ 07-21
29041489;01062066N;29105826;13061400213;31041988;15111782;204;712;380;617 ~~~~~~~~~~~~~~~~~~~~~~~~~~~~~~ 07-22
01051489;02062066N;01115826;14061400213;01051988;16111782;205 ~~~~~~~~~~~~~~~~~~~~~~~~~~~~~~~~~~~~~~~~~~ 07-23
02051489;03062066N;02115826;15061400213;02051988;17111782;206;713;437;409;617 ~~~~~~~~~~~~~~~~~~~~~~~~~~ 07-24
03051489;04062066N;03115826;16061400213;03051988;18111782;207;714;579 ~~~~~~~~~~~~~~~~~~~~~~~~~~~~~~~~~~ 07-25
04051489;05062066N;04115826;17061400213;04051988;19111782;208;617 ~~~~~~~~~~~~~~~~~~~~~~~~~~~~~~~~~~~~~~ 07-26
05051489;06062066N;05115826;18061400213;05051988;20111782;209;891;617 ~~~~~~~~~~~~~~~~~~~~~~~~~~~~~~~~~~ 07-27
06051489;07062066N;06115826;19061400213;06051988;21111782;210;410;617 ~~~~~~~~~~~~~~~~~~~~~~~~~~~~~~~~~~ 07-28
07051489;08062066N;07115826;00071400213;07051988;22111782;211;715;397;375;617 ~~~~~~~~~~~~~~~~~~~~~~~~~~ 07-29
08051489;09062066N;08115826;01071400213;08051988;23111782;212;716;938;617 ~~~~~~~~~~~~~~~~~~~~~~~~~~~~~~ 07-30
09051489;10062066N;09115826;02071400213;09051988;24111782;213 ~~~~~~~~~~~~~~~~~~~~~~~~~~~~~~~~~~~~~~~~~~ 07-31
10051489;11062066N;10115826;03071400213;10051988;25111782;214;717;618 ~~~~~~~~~~~~~~~~~~~~~~~~~~~~~~~~~~ 08-01
11051489;12062066N;11115826;04071400213;11051988;26111782;215;866;926 ~~~~~~~~~~~~~~~~~~~~~~~~~~~~~~~~~~ 08-02
12051489;13062066N;12115826;05071400213;12051988;27111782;216;718;618 ~~~~~~~~~~~~~~~~~~~~~~~~~~~~~~~~~~ 08-03
13051489;14062066N;13115826;06071400213;13051988;28111782;217;514 ~~~~~~~~~~~~~~~~~~~~~~~~~~~~~~~~~~~~~~ 08-04
14051489;15062066N;14115826;07071400213;14051988;29111782;218;388;556;909;910;925;618 ~~~~~~~~~~~~~~~~~~ 08-05
15051489;16062066N;15115826;08071400213;15051988;30111782;219;596;719 ~~~~~~~~~~~~~~~~~~~~~~~~~~~~~~~~~~ 08-06
16051489;17062066N;16115826;09071400213;16051988;01121782;220;637;720;433;618 ~~~~~~~~~~~~~~~~~~~~~~~~~~ 08-07
17051489;18062066N;17115826;10071400213;17051988;02121782;221;721;875 ~~~~~~~~~~~~~~~~~~~~~~~~~~~~~~~~~~ 08-08
18051489;19062066N;18115826;11071400213;18051988;03121782;222;416;618 ~~~~~~~~~~~~~~~~~~~~~~~~~~~~~~~~~~ 08-09
19051489;20062066N;19115826;12071400213;19051988;04121782;223 ~~~~~~~~~~~~~~~~~~~~~~~~~~~~~~~~~~~~~~~~~~ 08-10
20051489;21062066N;20115826;13071400213;20051988;05121782;224;722;618 ~~~~~~~~~~~~~~~~~~~~~~~~~~~~~~~~~~ 08-11
21051489;22062066N;21115826;14071400213;21051988;06121782;225;398;872 ~~~~~~~~~~~~~~~~~~~~~~~~~~~~~~~~~~ 08-12
22051489;23062066N;22115826;15071400213;22051988;07121782;226;871;618 ~~~~~~~~~~~~~~~~~~~~~~~~~~~~~~~~~~ 08-13
23051489;24062066N;23115826;16071400213;23051988;08121782;227;723;406 ~~~~~~~~~~~~~~~~~~~~~~~~~~~~~~~~~~ 08-14
24051489;25062066N;24115826;17071400213;24051988;09121782;228;618 ~~~~~~~~~~~~~~~~~~~~~~~~~~~~~~~~~~~~~~ 08-15
25051489;26062066N;25115826;18071400213;25051988;10121782;229;503;513 ~~~~~~~~~~~~~~~~~~~~~~~~~~~~~~~~~~ 08-16
26051489;27062066N;26115826;19071400213;26051988;11121782;230;618 ~~~~~~~~~~~~~~~~~~~~~~~~~~~~~~~~~~~~~~ 08-17
27051489;28062066N;27115826;00081400213;27051988;12121782;231;377 ~~~~~~~~~~~~~~~~~~~~~~~~~~~~~~~~~~~~~~ 08-18
28051489;29062066N;28115826;01081400213;28051988;13121782;232;809;406;618 ~~~~~~~~~~~~~~~~~~~~~~~~~~~~~~ 08-19
29051489;30062066N;29115826;02081400213;29051988;14121782;233;380 ~~~~~~~~~~~~~~~~~~~~~~~~~~~~~~~~~~~~~~ 08-20
30051489;01072066N;30115826;03081400213;30051988;15121782;234;724;618 ~~~~~~~~~~~~~~~~~~~~~~~~~~~~~~~~~~ 08-21
01061489;02072066N;01125826;04081400213;31051988;16121782;235 ~~~~~~~~~~~~~~~~~~~~~~~~~~~~~~~~~~~~~~~~~~ 08-22
02061489;03072066N;02125826;05081400213;01061988;17121782;236;618 ~~~~~~~~~~~~~~~~~~~~~~~~~~~~~~~~~~~~~~ 08-23
03061489;04072066N;03125826;06081400213;02061988;18121782;237;550;597;406 ~~~~~~~~~~~~~~~~~~~~~~~~~~~~~~ 08-24
04061489;05072066N;04125826;07081400213;03061988;19121782;238;856;915;618 ~~~~~~~~~~~~~~~~~~~~~~~~~~~~~~ 08-25
05061489;06072066N;05125826;08081400213;04061988;20121782;239 ~~~~~~~~~~~~~~~~~~~~~~~~~~~~~~~~~~~~~~~~~~ 08-26
06061489;07072066N;06125826;09081400213;05061988;21121782;240;427;572;618 ~~~~~~~~~~~~~~~~~~~~~~~~~~~~~~ 08-27
07061489;08072066N;07125826;10081400213;06061988;22121782;241;725;397;908;421 ~~~~~~~~~~~~~~~~~~~~~~~~~~ 08-28
08061489;09072066N;08125826;11081400213;07061988;23121782;242;428;725;406;618 ~~~~~~~~~~~~~~~~~~~~~~~~~~ 08-29
09061489;10072066N;09125826;12081400213;08061988;24121782;243;796;378 ~~~~~~~~~~~~~~~~~~~~~~~~~~~~~~~~~~ 08-30
10061489;11072066N;10125826;13081400213;09061988;25121782;244;594;864;903;375;618 ~~~~~~~~~~~~~~~~~~~~~~ 08-31
11061489;12072066N;11125826;14081400213;10061988;26121782;245;595;514 ~~~~~~~~~~~~~~~~~~~~~~~~~~~~~~~~~~ 09-01
12061489;13072066N;12125826;15081400213;11061988;27121782;246;897;619 ~~~~~~~~~~~~~~~~~~~~~~~~~~~~~~~~~~ 09-02
13061489;14072066N;13125826;16081400213;12061988;28121782;247;596;727;389;520;551;855;567;619 ~~~~~~~~~~ 09-03
14061489;15072066N;14125826;17081400213;13061988;29121782;248;429;637;728;534;907;567;619 ~~~~~~~~~~~~~~ 09-04
15061489;16072066N;15125826;18081400213;14061988;30121782;249;430;845 ~~~~~~~~~~~~~~~~~~~~~~~~~~~~~~~~~~ 09-05
16061489;17072066N;16125826;19081400213;15061988;01131782;250;434;846;619 ~~~~~~~~~~~~~~~~~~~~~~~~~~~~~~ 09-06
17061489;18072066N;17125826;00091400213;16061988;02131782;251;435;421 ~~~~~~~~~~~~~~~~~~~~~~~~~~~~~~~~~~ 09-07
18061489;19072066N;18125826;01091400213;17061988;03131782;252;406;619 ~~~~~~~~~~~~~~~~~~~~~~~~~~~~~~~~~~ 09-08
19061489;20072066N;19125826;02091400213;18061988;04131782;253;730;619 ~~~~~~~~~~~~~~~~~~~~~~~~~~~~~~~~~~ 09-09
20061489;21072066N;20125826;03091400213;19061988;05131782;254;865;619 ~~~~~~~~~~~~~~~~~~~~~~~~~~~~~~~~~~ 09-10
21061489;22072066N;21125826;04091400213;20061988;01011783;255;398;619 ~~~~~~~~~~~~~~~~~~~~~~~~~~~~~~~~~~ 09-11
22061489;23072066N;22125826;05091400213;21061988;02011783;256;455;847;513;619 ~~~~~~~~~~~~~~~~~~~~~~~~~~ 09-12
23061489;24072066N;23125826;06091400213;22061988;03011783;257;729;726 ~~~~~~~~~~~~~~~~~~~~~~~~~~~~~~~~~~ 09-13
24061489;25072066N;24125826;07091400213;23061988;04011783;258;619 ~~~~~~~~~~~~~~~~~~~~~~~~~~~~~~~~~~~~~~ 09-14
25061489;26072066N;25125826;08091400213;24061988;05011783;259;869;619 ~~~~~~~~~~~~~~~~~~~~~~~~~~~~~~~~~~ 09-15
26061489;27072066N;26125826;09091400213;25061988;06011783;260;733;619 ~~~~~~~~~~~~~~~~~~~~~~~~~~~~~~~~~~ 09-16
27061489;28072066N;27125826;10091400213;26061988;07011783;261;734;848 ~~~~~~~~~~~~~~~~~~~~~~~~~~~~~~~~~~ 09-17
28061489;29072066N;28125826;11091400213;27061988;08011783;262;735;406;619 ~~~~~~~~~~~~~~~~~~~~~~~~~~~~~~ 09-18
29061489;01082066N;29125826;12091400213;28061988;09011783;263;731;380;920;521 ~~~~~~~~~~~~~~~~~~~~~~~~~~ 09-19
01071489;02082066N;01015827;13091400213;29061988;10011783;264;432;895;521;619 ~~~~~~~~~~~~~~~~~~~~~~~~~~ 09-20
02071489;03082066N;02015827;14091400213;30061988;11011783;265;732;402;462;521;619;848 ~~~~~~~~~~~~~~~~~~ 09-21
03071489;04082066N;03015827;15091400213;31061988;12011783;266;467;423;619 ~~~~~~~~~~~~~~~~~~~~~~~~~~~~~~ 09-22
04071489;05082066N;04015827;16091400213;01071988;13011783;267;825;463;406;848 ~~~~~~~~~~~~~~~~~~~~~~~~~~ 09-23
05071489;06082066N;05015827;17091400213;02071988;14011783;268;596;738;619 ~~~~~~~~~~~~~~~~~~~~~~~~~~~~~~ 09-24
06071489;07082066N;06015827;18091400213;03071988;15011783;269;739;743;848 ~~~~~~~~~~~~~~~~~~~~~~~~~~~~~~ 09-25
07071489;08082066N;07015827;19091400213;04071988;16011783;270;740;397;548;918;619 ~~~~~~~~~~~~~~~~~~~~~~ 09-26
08071489;09082066N;08015827;00101400213;05071988;17011783;271;736;514;885;919;421;619;848 ~~~~~~~~~~~~~~ 09-27
09071489;10082066N;09015827;01101400213;06071988;18011783;272;737;549;560;406;619 ~~~~~~~~~~~~~~~~~~~~~~ 09-28
10071489;11082066N;10015827;02101400213;07071988;19011783;273;742;790;899;527;403;619 ~~~~~~~~~~~~~~~~~~ 09-29
11071489;12082066N;11015827;03101400213;08071988;20011783;274;741;790;853;619 ~~~~~~~~~~~~~~~~~~~~~~~~~~ 09-30
12071489;13082066N;12015827;04101400213;09071988;21011783;275;748;790;853 ~~~~~~~~~~~~~~~~~~~~~~~~~~~~~~ 10-01
13071489;14082066N;13015827;05101400213;10071988;22011783;276;637;790;436;882;922;853;620 ~~~~~~~~~~~~~~ 10-02
14071489;15082066N;14015827;06101400213;11071988;23011783;277;749;790;391;390;532;570;403;406 ~~~~~~~~~~ 10-03
15071489;16082066N;15015827;07101400213;12071988;24011783;278;744;790;523;620 ~~~~~~~~~~~~~~~~~~~~~~~~~~ 10-04
16071489;17082066N;16015827;08101400213;13071988;25011783;279;745;790;523;620;848 ~~~~~~~~~~~~~~~~~~~~~~ 10-05
17071489;18082066N;17015827;09101400213;14071988;26011783;280;746;881;523;620 ~~~~~~~~~~~~~~~~~~~~~~~~~~ 10-06
18071489;19082066N;18015827;10101400213;15071988;27011783;281;747;417;523;620;848 ~~~~~~~~~~~~~~~~~~~~~~ 10-07
19071489;20082066N;19015827;11101400213;16071988;28011783;282;523;620 ~~~~~~~~~~~~~~~~~~~~~~~~~~~~~~~~~~ 10-08
20071489;21082066N;20015827;12101400213;17071988;29011783;283;754;523;620 ~~~~~~~~~~~~~~~~~~~~~~~~~~~~~~ 10-09
21071489;22082066N;21015827;13101400213;18071988;30011783;284;750;367;513;523;620 ~~~~~~~~~~~~~~~~~~~~~~ 10-10
22071489;23082066N;22015827;14101400213;19071988;01021783;285;751;398;368;499;524;403;620;848 ~~~~~~~~~~ 10-11
23071489;24082066N;23015827;15101400213;20071988;02021783;286;791;525;620 ~~~~~~~~~~~~~~~~~~~~~~~~~~~~~~ 10-12
24071489;25082066N;24015827;16101400213;21071988;03021783;287;752;406 ~~~~~~~~~~~~~~~~~~~~~~~~~~~~~~~~~~ 10-13
25071489;26082066N;25015827;17101400213;22071988;04021783;288;753;375;620 ~~~~~~~~~~~~~~~~~~~~~~~~~~~~~~ 10-14
26071489;27082066N;26015827;18101400213;23071988;05021783;289;399;558;911;620 ~~~~~~~~~~~~~~~~~~~~~~~~~~ 10-15
27071489;28082066N;27015827;19101400213;24071988;06021783;290;758;779;784;509;418;620 ~~~~~~~~~~~~~~~~~~ 10-16
28071489;29082066N;28015827;00111400213;25071988;07021783;291;780;785;574 ~~~~~~~~~~~~~~~~~~~~~~~~~~~~~~ 10-17
29071489;30082066N;29015827;01111400213;26071988;08021783;292;755;380;781;786;893;400;620 ~~~~~~~~~~~~~~ 10-18
30071489;01092066N;30015827;02111400213;27071988;09021783;293;756;782;787;403 ~~~~~~~~~~~~~~~~~~~~~~~~~~ 10-19
01081489;02092066N;01025827;03111400213;28071988;10021783;294;757;535;783;788;784;620 ~~~~~~~~~~~~~~~~~~ 10-20
02081489;03092066N;02025827;04111400213;29071988;11021783;295;631;785;620 ~~~~~~~~~~~~~~~~~~~~~~~~~~~~~~ 10-21
03081489;04092066N;03025827;05111400213;30071988;12021783;296;369;514;832;786;620 ~~~~~~~~~~~~~~~~~~~~~~ 10-22
04081489;05092066N;04025827;06111400213;01081988;13021783;297;759;787;406;620 ~~~~~~~~~~~~~~~~~~~~~~~~~~ 10-23
05081489;06092066N;05025827;07111400213;02081988;14021783;298;543;400;620 ~~~~~~~~~~~~~~~~~~~~~~~~~~~~~~ 10-24
06081489;07092066N;06025827;08111400213;03081988;15021783;299;397;371;418 ~~~~~~~~~~~~~~~~~~~~~~~~~~~~~~ 10-25
07081489;08092066N;07025827;09111400213;04081988;16021783;300;620 ~~~~~~~~~~~~~~~~~~~~~~~~~~~~~~~~~~~~~~ 10-26
08081489;09092066N;08025827;10111400213;05081988;17021783;301;563;403;620 ~~~~~~~~~~~~~~~~~~~~~~~~~~~~~~ 10-27
09081489;10092066N;09025827;11111400213;06081988;18021783;302;879;406;620 ~~~~~~~~~~~~~~~~~~~~~~~~~~~~~~ 10-28
10081489;11092066N;10025827;12111400213;07081988;19021783;303;849;431;547;620 ~~~~~~~~~~~~~~~~~~~~~~~~~~ 10-29
11081489;12092066N;11025827;13111400213;08081988;20021783;304;934;620 ~~~~~~~~~~~~~~~~~~~~~~~~~~~~~~~~~~ 10-30
12081489;13092066N;12025827;14111400213;09081988;21021783;305;403 ~~~~~~~~~~~~~~~~~~~~~~~~~~~~~~~~~~~~~~ 10-31
13081489;14092066N;13025827;15111400213;10081988;22021783;306;760;394;621 ~~~~~~~~~~~~~~~~~~~~~~~~~~~~~~ 11-01
14081489;15092066N;14025827;16111400213;11081988;23021783;307;850;404;880;512;400;406 ~~~~~~~~~~~~~~~~~~ 11-02
15081489;16092066N;15025827;17111400213;12081988;24021783;308;761;433;418;621 ~~~~~~~~~~~~~~~~~~~~~~~~~~ 11-03
16081489;17092066N;16025827;18111400213;13081988;25021783;309;762;401 ~~~~~~~~~~~~~~~~~~~~~~~~~~~~~~~~~~ 11-04
17081489;18092066N;17025827;19111400213;14081988;26021783;310;621 ~~~~~~~~~~~~~~~~~~~~~~~~~~~~~~~~~~~~~~ 11-05
18081489;19092066N;18025827;00121400213;15081988;27021783;311;637;763 ~~~~~~~~~~~~~~~~~~~~~~~~~~~~~~~~~~ 11-06
19081489;20092066N;19025827;01121400213;16081988;28021783;312;513;406;621 ~~~~~~~~~~~~~~~~~~~~~~~~~~~~~~ 11-07
20081489;21092066N;20025827;02121400213;17081988;29021783;313 ~~~~~~~~~~~~~~~~~~~~~~~~~~~~~~~~~~~~~~~~~~ 11-08
21081489;22092066N;21025827;03121400213;18081988;30021783;314;398;621 ~~~~~~~~~~~~~~~~~~~~~~~~~~~~~~~~~~ 11-09
22081489;23092066N;22025827;04121400213;19081988;01031783;315;876 ~~~~~~~~~~~~~~~~~~~~~~~~~~~~~~~~~~~~~~ 11-10
23081489;24092066N;23025827;05121400213;20081988;02031783;316;764;437;621 ~~~~~~~~~~~~~~~~~~~~~~~~~~~~~~ 11-11
24081489;25092066N;24025827;06121400213;21081988;03031783;317 ~~~~~~~~~~~~~~~~~~~~~~~~~~~~~~~~~~~~~~~~~~ 11-12
25081489;26092066N;25025827;07121400213;22081988;04031783;318;936;621 ~~~~~~~~~~~~~~~~~~~~~~~~~~~~~~~~~~ 11-13
26081489;27092066N;26025827;08121400213;23081988;05031783;319 ~~~~~~~~~~~~~~~~~~~~~~~~~~~~~~~~~~~~~~~~~~ 11-14
27081489;28092066N;27025827;09121400213;24081988;06031783;320;621 ~~~~~~~~~~~~~~~~~~~~~~~~~~~~~~~~~~~~~~ 11-15
28081489;29092066N;28025827;10121400213;25081988;07031783;321;865;375 ~~~~~~~~~~~~~~~~~~~~~~~~~~~~~~~~~~ 11-16
29081489;01102066N;29025827;11121400213;26081988;08031783;322;380;621 ~~~~~~~~~~~~~~~~~~~~~~~~~~~~~~~~~~ 11-17
01091489;02102066N;30025827;12121400213;27081988;09031783;323;766;504 ~~~~~~~~~~~~~~~~~~~~~~~~~~~~~~~~~~ 11-18
02091489;03102066N;01035827;13121400213;28081988;10031783;324;596;514;621 ~~~~~~~~~~~~~~~~~~~~~~~~~~~~~~ 11-19
03091489;04102066N;02035827;14121400213;29081988;11031783;325;767 ~~~~~~~~~~~~~~~~~~~~~~~~~~~~~~~~~~~~~~ 11-20
04091489;05102066N;03035827;15121400213;30081988;12031783;326;765;944;418;621 ~~~~~~~~~~~~~~~~~~~~~~~~~~ 11-21
05091489;06102066N;04035827;16121400213;01091988;13031783;327;788;505 ~~~~~~~~~~~~~~~~~~~~~~~~~~~~~~~~~~ 11-22
06091489;07102066N;05035827;17121400213;02091988;14031783;328;397;621 ~~~~~~~~~~~~~~~~~~~~~~~~~~~~~~~~~~ 11-23
07091489;08102066N;06035827;18121400213;03091988;15031783;329;769;505 ~~~~~~~~~~~~~~~~~~~~~~~~~~~~~~~~~~ 11-24
08091489;09102066N;07035827;19121400213;04091988;16031783;330;440;621 ~~~~~~~~~~~~~~~~~~~~~~~~~~~~~~~~~~ 11-25
09091489;10102066N;08035827;00131400213;05091988;17031783;331;441;505 ~~~~~~~~~~~~~~~~~~~~~~~~~~~~~~~~~~ 11-26
10091489;11102066N;09035827;01131400213;06091988;18031783;332;770;768;557;890;375;621 ~~~~~~~~~~~~~~~~~~ 11-27
11091489;12102066N;10035827;02131400213;07091988;19031783;333;369;589;505 ~~~~~~~~~~~~~~~~~~~~~~~~~~~~~~ 11-28
12091489;13102066N;11035827;03131400213;08091988;20031783;334;442;621 ~~~~~~~~~~~~~~~~~~~~~~~~~~~~~~~~~~ 11-29
13091489;14102066N;12035827;04131400213;09091988;21031783;335;771;376;418;505 ~~~~~~~~~~~~~~~~~~~~~~~~~~ 11-30
14091489;15102066N;13035827;05131400213;10091988;22031783;336;772;395;545;887;622 ~~~~~~~~~~~~~~~~~~~~~~ 12-01
15091489;16102066N;14035827;06131400213;11091988;23031783;337;370;505 ~~~~~~~~~~~~~~~~~~~~~~~~~~~~~~~~~~ 12-02
16091489;17102066N;15035827;07131400213;12091988;24031783;338;774;622 ~~~~~~~~~~~~~~~~~~~~~~~~~~~~~~~~~~ 12-03
17091489;18102066N;16035827;08131400213;13091988;25031783;339;637;775 ~~~~~~~~~~~~~~~~~~~~~~~~~~~~~~~~~~ 12-04
18091489;19102066N;17035827;09131400213;14091988;26031783;340;513;590;622 ~~~~~~~~~~~~~~~~~~~~~~~~~~~~~~ 12-05
19091489;20102066N;18035827;10131400213;15091988;27031783;341;421;505 ~~~~~~~~~~~~~~~~~~~~~~~~~~~~~~~~~~ 12-06
20091489;21102066N;19035827;11131400213;16091988;28031783;342;773;406;622 ~~~~~~~~~~~~~~~~~~~~~~~~~~~~~~ 12-07
21091489;22102066N;20035827;12131400213;17091988;29031783;343 ~~~~~~~~~~~~~~~~~~~~~~~~~~~~~~~~~~~~~~~~~~ 12-08
22091489;23102066N;21035827;13131400213;18091988;30031783;344;398;418;622 ~~~~~~~~~~~~~~~~~~~~~~~~~~~~~~ 12-09
23091489;24102066N;22035827;14131400213;19091988;01041783;345 ~~~~~~~~~~~~~~~~~~~~~~~~~~~~~~~~~~~~~~~~~~ 12-10
24091489;25102066N;23035827;15131400213;20091988;02041783;346;776;422;622 ~~~~~~~~~~~~~~~~~~~~~~~~~~~~~~ 12-11
25091489;26102066N;24035827;16131400213;21091988;03041783;347;777;591;505 ~~~~~~~~~~~~~~~~~~~~~~~~~~~~~~ 12-12
26091489;27102066N;25035827;17131400213;22091988;04041783;348;917;516;622 ~~~~~~~~~~~~~~~~~~~~~~~~~~~~~~ 12-13
27091489;28102066N;26035827;18131400213;23091988;05041783;349;508;516 ~~~~~~~~~~~~~~~~~~~~~~~~~~~~~~~~~~ 12-14
28091489;29102066N;27035827;19131400213;24091988;06041783;350;516;622 ~~~~~~~~~~~~~~~~~~~~~~~~~~~~~~~~~~ 12-15
29091489;30102066N;28035827;00141400213;25091988;07041783;351;380;516 ~~~~~~~~~~~~~~~~~~~~~~~~~~~~~~~~~~ 12-16
30091489;01112066N;29035827;01141400213;26091988;08041783;352;778;432;507;514;930;953;506;516;406;622 ~~ 12-17
01101489;02112066N;30035827;02141400213;27091988;09041783;353;502 ~~~~~~~~~~~~~~~~~~~~~~~~~~~~~~~~~~~~~~ 12-18
02101489;03112066N;01045827;03141400213;28091988;10041783;354;592;516;622 ~~~~~~~~~~~~~~~~~~~~~~~~~~~~~~ 12-19
03101489;04112066N;02045827;04141400213;29091988;11041783;355;371;466;516 ~~~~~~~~~~~~~~~~~~~~~~~~~~~~~~ 12-20
04101489;05112066N;03045827;05141400213;30091988;12041783;356;411;868;426;516;622 ~~~~~~~~~~~~~~~~~~~~~~ 12-21
05101489;06112066N;04045827;06141400213;01101988;13041783;357;867;465;406 ~~~~~~~~~~~~~~~~~~~~~~~~~~~~~~ 12-22
06101489;07112066N;05045827;07141400213;02101988;14041783;358;397;622 ~~~~~~~~~~~~~~~~~~~~~~~~~~~~~~~~~~ 12-23
07101489;08112066N;06045827;08141400213;03101988;15041783;359;453 ~~~~~~~~~~~~~~~~~~~~~~~~~~~~~~~~~~~~~~ 12-24
08101489;09112066N;07045827;09141400213;04101988;16041783;360;622 ~~~~~~~~~~~~~~~~~~~~~~~~~~~~~~~~~~~~~~ 12-25
09101489;10112066N;08045827;10141400213;05101988;17041783;361 ~~~~~~~~~~~~~~~~~~~~~~~~~~~~~~~~~~~~~~~~~~ 12-26
10101489;11112066N;09045827;11141400213;06101988;18041783;362;905;418;622 ~~~~~~~~~~~~~~~~~~~~~~~~~~~~~~ 12-27
11101489;12112066N;10045827;12141400213;07101988;19041783;363 ~~~~~~~~~~~~~~~~~~~~~~~~~~~~~~~~~~~~~~~~~~ 12-28
12101489;13112066N;11045827;13141400213;08101988;20041783;364;622 ~~~~~~~~~~~~~~~~~~~~~~~~~~~~~~~~~~~~~~ 12-29
13101489;14112066N;12045827;14141400213;09101988;21041783;365 ~~~~~~~~~~~~~~~~~~~~~~~~~~~~~~~~~~~~~~~~~~ 12-30
14101489;15112066N;13045827;15141400213;10101988;22041783;366;396;396;542;904;948;622 ~~~~~~~~~~~~~~~~~~ 12-31
