25081451;28112029k;26245790;00051700013;11101951;23041746;001;514 ~~~~~~~~~~~~~~~~~~~~~~~~~~~~~~~~~~~~~~ 01-01
26081451;29112029k;27245790;01051700013;12101951;24041746;002 ~~~~~~~~~~~~~~~~~~~~~~~~~~~~~~~~~~~~~~~~~~ 01-02
27081451;30112029k;28245790;02051700013;13101951;25041746;003;380;372 ~~~~~~~~~~~~~~~~~~~~~~~~~~~~~~~~~~ 01-03
28081451;01122029k;29245790;03051700013;14101951;26041746;004;400 ~~~~~~~~~~~~~~~~~~~~~~~~~~~~~~~~~~~~~~ 01-04
29081451;02122029k;01255790;04051700013;15101951;27041746;005;637;403 ~~~~~~~~~~~~~~~~~~~~~~~~~~~~~~~~~~ 01-05
01091451;03122029k;02255790;05051700013;16101951;28041746;006;504;406 ~~~~~~~~~~~~~~~~~~~~~~~~~~~~~~~~~~ 01-06
02091451;04122029k;03255790;06051700013;17101951;29041746;007 ~~~~~~~~~~~~~~~~~~~~~~~~~~~~~~~~~~~~~~~~~~ 01-07
03091451;05122029k;04255790;07051700013;18101951;30041746;008;629;412 ~~~~~~~~~~~~~~~~~~~~~~~~~~~~~~~~~~ 01-08
04091451;06122029k;05255790;08051700013;19101951;01051746;009;403;415 ~~~~~~~~~~~~~~~~~~~~~~~~~~~~~~~~~~ 01-09
05091451;07122029k;06255790;09051700013;20101951;02051746;010;400 ~~~~~~~~~~~~~~~~~~~~~~~~~~~~~~~~~~~~~~ 01-10
06091451;08122029k;07255790;10051700013;21101951;03051746;011;397;401;406 ~~~~~~~~~~~~~~~~~~~~~~~~~~~~~~ 01-11
07091451;09122029k;08255790;11051700013;22101951;04051746;012;626;375 ~~~~~~~~~~~~~~~~~~~~~~~~~~~~~~~~~~ 01-12
08091451;10122029k;09255790;12051700013;23101951;05051746;013;627;513 ~~~~~~~~~~~~~~~~~~~~~~~~~~~~~~~~~~ 01-13
09091451;11122029k;10255790;13051700013;24101951;06051746;014;628;505 ~~~~~~~~~~~~~~~~~~~~~~~~~~~~~~~~~~ 01-14
10091451;12122029k;11255790;14051700013;25101951;07051746;015;905;412 ~~~~~~~~~~~~~~~~~~~~~~~~~~~~~~~~~~ 01-15
11091451;13122029k;12255790;15051700013;26101951;08051746;016;406;505 ~~~~~~~~~~~~~~~~~~~~~~~~~~~~~~~~~~ 01-16
12091451;14122029k;13255790;16051700013;27101951;09051746;017;631;376;403;415 ~~~~~~~~~~~~~~~~~~~~~~~~~~ 01-17
13091451;15122029k;14255790;17051700013;28101951;10051746;018 ~~~~~~~~~~~~~~~~~~~~~~~~~~~~~~~~~~~~~~~~~~ 01-18
14091451;16122029k;15255790;18051700013;29101951;11051746;019;630;381;413;904 ~~~~~~~~~~~~~~~~~~~~~~~~~~ 01-19
15091451;17122029k;16255790;19051700013;30101951;12051746;020;625 ~~~~~~~~~~~~~~~~~~~~~~~~~~~~~~~~~~~~~~ 01-20
16091451;18122029k;17255790;00061700013;01111951;13051746;021;492;403;406 ~~~~~~~~~~~~~~~~~~~~~~~~~~~~~~ 01-21
17091451;19122029k;18255790;01061700013;02111951;14051746;022;437;825;868;916 ~~~~~~~~~~~~~~~~~~~~~~~~~~ 01-22
18091451;20122029k;19255790;02061700013;03111951;15051746;023;632 ~~~~~~~~~~~~~~~~~~~~~~~~~~~~~~~~~~~~~~ 01-23
19091451;21122029k;20255790;03061700013;04111951;16051746;024 ~~~~~~~~~~~~~~~~~~~~~~~~~~~~~~~~~~~~~~~~~~ 01-24
20091451;22122029k;21255790;04061700013;05111951;17051746;025;633;415 ~~~~~~~~~~~~~~~~~~~~~~~~~~~~~~~~~~ 01-25
21091451;23122029k;22255790;05061700013;06111951;18051746;026;634;398;404 ~~~~~~~~~~~~~~~~~~~~~~~~~~~~~~ 01-26
22091451;24122029k;23255790;06061700013;07111951;19051746;027;635 ~~~~~~~~~~~~~~~~~~~~~~~~~~~~~~~~~~~~~~ 01-27
23091451;25122029k;24255790;07061700013;08111951;20051746;028;636;514 ~~~~~~~~~~~~~~~~~~~~~~~~~~~~~~~~~~ 01-28
24091451;26122029k;25255790;08061700013;09111951;21051746;029;923;580 ~~~~~~~~~~~~~~~~~~~~~~~~~~~~~~~~~~ 01-29
25091451;27122029k;26255790;09061700013;10111951;22051746;030;505 ~~~~~~~~~~~~~~~~~~~~~~~~~~~~~~~~~~~~~~ 01-30
26091451;28122029k;27255790;10061700013;11111951;23051746;031;406 ~~~~~~~~~~~~~~~~~~~~~~~~~~~~~~~~~~~~~~ 01-31
27091451;29122029k;28255790;10061700013;12111951;24051746;032;639;507;508 ~~~~~~~~~~~~~~~~~~~~~~~~~~~~~~ 02-01
28091451;30122029k;29255790;11061700013;13111951;25051746;033;637;640;380;888;415 ~~~~~~~~~~~~~~~~~~~~~~ 02-02
29091451;01012030l;30255790;12061700013;14111951;26051746;034;479;490;505;612 ~~~~~~~~~~~~~~~~~~~~~~~~~~ 02-03
30091451;02012030l;01265790;13061700013;15111951;27051746;035;506;566;479;490 ~~~~~~~~~~~~~~~~~~~~~~~~~~ 02-04
01101451;03012030l;02265790;14061700013;16111951;28051746;036;502;566;406;612 ~~~~~~~~~~~~~~~~~~~~~~~~~~ 02-05
02101451;04012030l;03265790;15061700013;17111951;29051746;037;566 ~~~~~~~~~~~~~~~~~~~~~~~~~~~~~~~~~~~~~~ 02-06
03101451;05012030l;04265790;16061700013;18111951;30051746;038;638;865;940;566 ~~~~~~~~~~~~~~~~~~~~~~~~~~ 02-07
04101451;06012030l;05265790;17061700013;19111951;01061746;039 ~~~~~~~~~~~~~~~~~~~~~~~~~~~~~~~~~~~~~~~~~~ 02-08
05101451;07012030l;06265790;18061700013;20111951;02061746;040;643;432;914;612 ~~~~~~~~~~~~~~~~~~~~~~~~~~ 02-09
06101451;08012030l;07265790;19061700013;21111951;03061746;041;397;513;536;581 ~~~~~~~~~~~~~~~~~~~~~~~~~~ 02-10
07101451;09012030l;08265790;00071700013;22111951;04061746;042;641 ~~~~~~~~~~~~~~~~~~~~~~~~~~~~~~~~~~~~~~ 02-11
08101451;10012030l;09265790;01071700013;23111951;05061746;043 ~~~~~~~~~~~~~~~~~~~~~~~~~~~~~~~~~~~~~~~~~~ 02-12
09101451;11012030l;10265790;02071700013;24111951;06061746;044;612 ~~~~~~~~~~~~~~~~~~~~~~~~~~~~~~~~~~~~~~ 02-13
10101451;12012030l;11265790;03071700013;25111951;07061746;045;642;873 ~~~~~~~~~~~~~~~~~~~~~~~~~~~~~~~~~~ 02-14
11101451;13012030l;12265790;04071700013;26111951;08061746;046;645;406;612 ~~~~~~~~~~~~~~~~~~~~~~~~~~~~~~ 02-15
12101451;14012030l;13265790;05071700013;27111951;09061746;047;810;822 ~~~~~~~~~~~~~~~~~~~~~~~~~~~~~~~~~~ 02-16
13101451;15012030l;14265790;06071700013;28111951;10061746;048;382;854 ~~~~~~~~~~~~~~~~~~~~~~~~~~~~~~~~~~ 02-17
14101451;16012030l;15265790;07071700013;29111951;11061746;049;450;884;854 ~~~~~~~~~~~~~~~~~~~~~~~~~~~~~~ 02-18
15101451;17012030l;16265790;08071700013;30111951;12061746;050;612 ~~~~~~~~~~~~~~~~~~~~~~~~~~~~~~~~~~~~~~ 02-19
16101451;18012030l;17265790;09071700013;01121951;13061746;051;416;406 ~~~~~~~~~~~~~~~~~~~~~~~~~~~~~~~~~~ 02-20
17101451;19012030l;18265790;10071700013;02121951;14061746;052;644;612 ~~~~~~~~~~~~~~~~~~~~~~~~~~~~~~~~~~ 02-21
18101451;20012030l;19265790;11071700013;03121951;15061746;053;649;514 ~~~~~~~~~~~~~~~~~~~~~~~~~~~~~~~~~~ 02-22
19101451;21012030l;20265790;12071700013;04121951;16061746;054;612 ~~~~~~~~~~~~~~~~~~~~~~~~~~~~~~~~~~~~~~ 02-23
20101451;22012030l;21265790;13071700013;05121951;17061746;055;398 ~~~~~~~~~~~~~~~~~~~~~~~~~~~~~~~~~~~~~~ 02-24
21101451;23012030l;22265790;14071700013;06121951;18061746;056 ~~~~~~~~~~~~~~~~~~~~~~~~~~~~~~~~~~~~~~~~~~ 02-25
22101451;24012030l;23265790;15071700013;07121951;19061746;057;646 ~~~~~~~~~~~~~~~~~~~~~~~~~~~~~~~~~~~~~~ 02-26
23101451;25012030l;24265790;16071700013;08121951;20061746;058;612 ~~~~~~~~~~~~~~~~~~~~~~~~~~~~~~~~~~~~~~ 02-27
24101451;26012030l;25265790;17071700013;09121951;21061746;059;647;648;650;943 ~~~~~~~~~~~~~~~~~~~~~~~~~~ 02-28
25101451;27012030l;26265790;01081700013;10121951;22061746;061;654;612 ~~~~~~~~~~~~~~~~~~~~~~~~~~~~~~~~~~ 03-01
26101451;28012030l;27265790;02081700013;11121951;23061746;062;637;886;406 ~~~~~~~~~~~~~~~~~~~~~~~~~~~~~~ 03-02
27101451;29012030l;28265790;03081700013;12121951;24061746;063;655;380;612 ~~~~~~~~~~~~~~~~~~~~~~~~~~~~~~ 03-03
28101451;01022030l;29265790;04081700013;13121951;25061746;064;928 ~~~~~~~~~~~~~~~~~~~~~~~~~~~~~~~~~~~~~~ 03-04
29101451;02022030l;30265790;05081700013;14121951;26061746;065;443;613 ~~~~~~~~~~~~~~~~~~~~~~~~~~~~~~~~~~ 03-05
01111451;03022030l;01275790;06081700013;15121951;27061746;066;444 ~~~~~~~~~~~~~~~~~~~~~~~~~~~~~~~~~~~~~~ 03-06
02111451;04022030l;02275790;07081700013;16121951;28061746;067;653;406 ~~~~~~~~~~~~~~~~~~~~~~~~~~~~~~~~~~ 03-07
03111451;05022030l;03275790;08081700013;17121951;29061746;068 ~~~~~~~~~~~~~~~~~~~~~~~~~~~~~~~~~~~~~~~~~~ 03-08
04111451;06022030l;04275790;09081700013;18121951;30061746;069 ~~~~~~~~~~~~~~~~~~~~~~~~~~~~~~~~~~~~~~~~~~ 03-09
05111451;07022030l;05275790;10081700013;19121951;01071746;070;513 ~~~~~~~~~~~~~~~~~~~~~~~~~~~~~~~~~~~~~~ 03-10
06111451;08022030l;06275790;11081700013;20121951;02071746;071;613 ~~~~~~~~~~~~~~~~~~~~~~~~~~~~~~~~~~~~~~ 03-11
07111451;09022030l;07275790;12081700013;21121951;03071746;072;397 ~~~~~~~~~~~~~~~~~~~~~~~~~~~~~~~~~~~~~~ 03-12
08111451;10022030l;08275790;13081700013;22121951;04071746;073;408;813;612;613 ~~~~~~~~~~~~~~~~~~~~~~~~~~ 03-13
09111451;11022030l;09275790;14081700013;23121951;05071746;074;656 ~~~~~~~~~~~~~~~~~~~~~~~~~~~~~~~~~~~~~~ 03-14
10111451;12022030l;10275790;15081700013;24121951;06071746;075;517 ~~~~~~~~~~~~~~~~~~~~~~~~~~~~~~~~~~~~~~ 03-15
11111451;13022030l;11275790;16081700013;25121951;07071746;076 ~~~~~~~~~~~~~~~~~~~~~~~~~~~~~~~~~~~~~~~~~~ 03-16
12111451;14022030l;12275790;17081700013;26121951;08071746;077 ~~~~~~~~~~~~~~~~~~~~~~~~~~~~~~~~~~~~~~~~~~ 03-17
13111451;15022030l;13275790;18081700013;27121951;09071746;078;867 ~~~~~~~~~~~~~~~~~~~~~~~~~~~~~~~~~~~~~~ 03-18
14111451;16022030l;14275790;19081700013;28121951;10071746;079;657;383;544;623;906;466;519;409;612 ~~~~~~ 03-19
15111451;17022030l;15275790;00091700013;29121951;11071746;080;598;424 ~~~~~~~~~~~~~~~~~~~~~~~~~~~~~~~~~~ 03-20
16111451;18022030l;16275790;01091700013;30121951;12071746;081;658;514;562;834;459;612 ~~~~~~~~~~~~~~~~~~ 03-21
17111451;19022030l;17275790;02091700013;01011952;13071746;082;562;851 ~~~~~~~~~~~~~~~~~~~~~~~~~~~~~~~~~~ 03-22
18111451;20022030l;18275790;03091700013;02011952;14071746;083;562 ~~~~~~~~~~~~~~~~~~~~~~~~~~~~~~~~~~~~~~ 03-23
19111451;21022030l;19275790;04091700013;03011952;15071746;084 ~~~~~~~~~~~~~~~~~~~~~~~~~~~~~~~~~~~~~~~~~~ 03-24
20111451;22022030l;20275790;05091700013;04011952;16071746;085;433;612;613 ~~~~~~~~~~~~~~~~~~~~~~~~~~~~~~ 03-25
21111451;23022030l;21275790;06091700013;05011952;17071746;086;659;398;533;820;924 ~~~~~~~~~~~~~~~~~~~~~~ 03-26
22111451;24022030l;22275790;07091700013;06011952;18071746;087;660;406;613 ~~~~~~~~~~~~~~~~~~~~~~~~~~~~~~ 03-27
23111451;25022030l;23275790;08091700013;07011952;19071746;088 ~~~~~~~~~~~~~~~~~~~~~~~~~~~~~~~~~~~~~~~~~~ 03-28
24111451;26022030l;24275790;09091700013;08011952;20071746;089;652;900;612;613 ~~~~~~~~~~~~~~~~~~~~~~~~~~ 03-29
25111451;27022030l;25275790;10091700013;09011952;21071746;090;852 ~~~~~~~~~~~~~~~~~~~~~~~~~~~~~~~~~~~~~~ 03-30
26111451;28022030l;26275790;11091700013;10011952;22071746;091;612 ~~~~~~~~~~~~~~~~~~~~~~~~~~~~~~~~~~~~~~ 03-31
27111451;29022030l;27275790;12091700013;11011952;23071746;092;406 ~~~~~~~~~~~~~~~~~~~~~~~~~~~~~~~~~~~~~~ 04-01
28111451;30022030l;28275790;13091700013;12011952;24071746;093;380;612 ~~~~~~~~~~~~~~~~~~~~~~~~~~~~~~~~~~ 04-02
29111451;01032030l;29275790;14091700013;13011952;25071746;094;663;538;559;935 ~~~~~~~~~~~~~~~~~~~~~~~~~~ 04-03
30111451;02032030l;01285790;15091700013;14011952;26071746;095;436;571;612 ~~~~~~~~~~~~~~~~~~~~~~~~~~~~~~ 04-04
01121451;03032030l;02285790;16091700013;15011952;27071746;096 ~~~~~~~~~~~~~~~~~~~~~~~~~~~~~~~~~~~~~~~~~~ 04-05
02121451;04032030l;03285790;17091700013;16011952;28071746;097;637;661;513;555;577;406;612 ~~~~~~~~~~~~~~ 04-06
03121451;05032030l;04285790;18091700013;17011952;29071746;098;662 ~~~~~~~~~~~~~~~~~~~~~~~~~~~~~~~~~~~~~~ 04-07
04121451;06032030l;05285790;19091700013;18011952;30071746;099;651 ~~~~~~~~~~~~~~~~~~~~~~~~~~~~~~~~~~~~~~ 04-08
05121451;07032030l;06285790;00101700013;19011952;01081746;100;945;651 ~~~~~~~~~~~~~~~~~~~~~~~~~~~~~~~~~~ 04-09
06121451;08032030l;07285790;01101700013;20011952;02081746;101;397;612;651;614 ~~~~~~~~~~~~~~~~~~~~~~~~~~ 04-10
07121451;09032030l;08285790;02101700013;21011952;03081746;102;651 ~~~~~~~~~~~~~~~~~~~~~~~~~~~~~~~~~~~~~~ 04-11
08121451;10032030l;09285790;03101700013;22011952;04081746;103;576;651;933 ~~~~~~~~~~~~~~~~~~~~~~~~~~~~~~ 04-12
09121451;11032030l;10285790;04101700013;23011952;05081746;104;399;501;651 ~~~~~~~~~~~~~~~~~~~~~~~~~~~~~~ 04-13
10121451;12032030l;11285790;05101700013;24011952;06081746;105;493;877;500;612;614 ~~~~~~~~~~~~~~~~~~~~~~ 04-14
11121451;13032030l;12285790;06101700013;25011952;07081746;106;794;500 ~~~~~~~~~~~~~~~~~~~~~~~~~~~~~~~~~~ 04-15
12121451;14032030l;13285790;07101700013;26011952;08081746;107;400;406;612 ~~~~~~~~~~~~~~~~~~~~~~~~~~~~~~ 04-16
13121451;15032030l;14285790;08101700013;27011952;09081746;108;384;500 ~~~~~~~~~~~~~~~~~~~~~~~~~~~~~~~~~~ 04-17
14121451;16032030l;15285790;09101700013;28011952;10081746;109;631;664;539;575;500;515;409 ~~~~~~~~~~~~~~ 04-18
15121451;17032030l;16285790;10101700013;29011952;11081746;110;445;665;514;400 ~~~~~~~~~~~~~~~~~~~~~~~~~~ 04-19
16121451;18032030l;17285790;11101700013;30011952;12081746;111;446;666 ~~~~~~~~~~~~~~~~~~~~~~~~~~~~~~~~~~ 04-20
17121451;19032030l;18285790;12101700013;01021952;13081746;112;447;406 ~~~~~~~~~~~~~~~~~~~~~~~~~~~~~~~~~~ 04-21
18121451;20032030l;19285790;13101700013;02021952;14081746;113;448;841;400;612 ~~~~~~~~~~~~~~~~~~~~~~~~~~ 04-22
19121451;21032030l;20285790;14101700013;03021952;15081746;114 ~~~~~~~~~~~~~~~~~~~~~~~~~~~~~~~~~~~~~~~~~~ 04-23
20121451;22032030l;21285790;15101700013;04021952;16081746;115;670;398;409;612 ~~~~~~~~~~~~~~~~~~~~~~~~~~ 04-24
21121451;23032030l;22285790;16101700013;05021952;17081746;116;667;400 ~~~~~~~~~~~~~~~~~~~~~~~~~~~~~~~~~~ 04-25
22121451;24032030l;23285790;17101700013;06021952;18081746;117;671 ~~~~~~~~~~~~~~~~~~~~~~~~~~~~~~~~~~~~~~ 04-26
23121451;25032030l;24285790;18101700013;07021952;19081746;118;668 ~~~~~~~~~~~~~~~~~~~~~~~~~~~~~~~~~~~~~~ 04-27
24121451;26032030l;25285790;19101700013;08021952;20081746;119;669;939;842;624;400;612;614 ~~~~~~~~~~~~~~ 04-28
25121451;27032030l;26285790;00111700013;09021952;21081746;120;526;624 ~~~~~~~~~~~~~~~~~~~~~~~~~~~~~~~~~~ 04-29
26121451;28032030l;27285790;01111700013;10021952;22081746;121;624;409 ~~~~~~~~~~~~~~~~~~~~~~~~~~~~~~~~~~ 04-30
27121451;29032030l;28285790;02111700013;11021952;23081746;122;676;624 ~~~~~~~~~~~~~~~~~~~~~~~~~~~~~~~~~~ 05-01
28121451;01042030l;29285790;03111700013;12021952;24081746;123;677;380;624;612 ~~~~~~~~~~~~~~~~~~~~~~~~~~ 05-02
29121451;02042030l;30285790;04111700013;13021952;25081746;124;679;624 ~~~~~~~~~~~~~~~~~~~~~~~~~~~~~~~~~~ 05-03
01011452;03042030l;01295790;05111700013;14021952;26081746;125;637;672;513;495;624;400 ~~~~~~~~~~~~~~~~~~ 05-04
02011452;04042030l;02295790;06111700013;15021952;27081746;126;673;510;902;615 ~~~~~~~~~~~~~~~~~~~~~~~~~~ 05-05
03011452;05042030l;03295790;07111700013;16021952;28081746;127;674;401;406;409 ~~~~~~~~~~~~~~~~~~~~~~~~~~ 05-06
04011452;06042030l;04295790;08111700013;17021952;29081746;128;675;528 ~~~~~~~~~~~~~~~~~~~~~~~~~~~~~~~~~~ 05-07
05011452;07042030l;05295790;09111700013;18021952;30081746;129;683;432;529;496;612 ~~~~~~~~~~~~~~~~~~~~~~ 05-08
06011452;08042030l;06295790;10111700013;19021952;01091746;130;553 ~~~~~~~~~~~~~~~~~~~~~~~~~~~~~~~~~~~~~~ 05-09
07011452;09042030l;07295790;11111700013;20021952;02091746;131;678;397;612 ~~~~~~~~~~~~~~~~~~~~~~~~~~~~~~ 05-10
08011452;10042030l;08295790;12111700013;21021952;03091746;132;681;680;927;615 ~~~~~~~~~~~~~~~~~~~~~~~~~~ 05-11
09011452;11042030l;09295790;13111700013;22021952;04091746;133;451;420;833;612 ~~~~~~~~~~~~~~~~~~~~~~~~~~ 05-12
10011452;12042030l;10295790;14111700013;23021952;05091746;134;682;457;818;889;498;615 ~~~~~~~~~~~~~~~~~~ 05-13
11011452;13042030l;11295790;15111700013;24021952;06091746;135;554;864;496;612 ~~~~~~~~~~~~~~~~~~~~~~~~~~ 05-14
12011452;14042030l;12295790;16111700013;25021952;07091746;136;685 ~~~~~~~~~~~~~~~~~~~~~~~~~~~~~~~~~~~~~~ 05-15
13011452;15042030l;13295790;17111700013;26021952;08091746;137;797;894;406 ~~~~~~~~~~~~~~~~~~~~~~~~~~~~~~ 05-16
14011452;16042030l;14295790;18111700013;27021952;09091746;138;686;385;514;537;937;573 ~~~~~~~~~~~~~~~~~~ 05-17
15011452;17042030l;15295790;19111700013;28021952;10091746;139;687;892;573;409;612 ~~~~~~~~~~~~~~~~~~~~~~ 05-18
16011452;18042030l;16295790;00121700013;29021952;11091746;140;684;573 ~~~~~~~~~~~~~~~~~~~~~~~~~~~~~~~~~~ 05-19
17011452;19042030l;17295790;01121700013;30021952;12091746;141;789;496;612 ~~~~~~~~~~~~~~~~~~~~~~~~~~~~~~ 05-20
18011452;20042030l;18295790;02121700013;31021952;13091746;142;437;518;406;615 ~~~~~~~~~~~~~~~~~~~~~~~~~~ 05-21
19011452;21042030l;19295790;03121700013;01031952;14091746;143;612 ~~~~~~~~~~~~~~~~~~~~~~~~~~~~~~~~~~~~~~ 05-22
20011452;22042030l;20295790;04121700013;02031952;15091746;144;798;398 ~~~~~~~~~~~~~~~~~~~~~~~~~~~~~~~~~~ 05-23
21011452;23042030l;21295790;05121700013;03031952;16091746;145;689;612 ~~~~~~~~~~~~~~~~~~~~~~~~~~~~~~~~~~ 05-24
22011452;24042030l;22295790;06121700013;04031952;17091746;146;439;615 ~~~~~~~~~~~~~~~~~~~~~~~~~~~~~~~~~~ 05-25
23011452;25042030l;23295790;07121700013;05031952;18091746;147;439;612 ~~~~~~~~~~~~~~~~~~~~~~~~~~~~~~~~~~ 05-26
24011452;26042030l;24295790;08121700013;06031952;19091746;148;438;530;829 ~~~~~~~~~~~~~~~~~~~~~~~~~~~~~~ 05-27
25011452;27042030l;25295790;09121700013;07031952;20091746;149;830;496;612 ~~~~~~~~~~~~~~~~~~~~~~~~~~~~~~ 05-28
26011452;28042030l;26295790;10121700013;08031952;21091746;150;688 ~~~~~~~~~~~~~~~~~~~~~~~~~~~~~~~~~~~~~~ 05-29
27011452;29042030l;27295790;11121700013;09031952;22091746;151;494;800;409;496 ~~~~~~~~~~~~~~~~~~~~~~~~~~ 05-30
28011452;30042030l;28295790;12121700013;10031952;23091746;152;380;513;942 ~~~~~~~~~~~~~~~~~~~~~~~~~~~~~~ 05-31
29011452;01052030l;29295790;13121700013;11031952;24091746;153;637;693;921;932;950;612 ~~~~~~~~~~~~~~~~~~ 06-01
30011452;02052030l;01305790;14121700013;12031952;25091746;154;690;497 ~~~~~~~~~~~~~~~~~~~~~~~~~~~~~~~~~~ 06-02
01021452;03052030l;02305790;15121700013;13031952;26091746;155;694 ~~~~~~~~~~~~~~~~~~~~~~~~~~~~~~~~~~~~~~ 06-03
02021452;04052030l;03305790;16121700013;14031952;27091746;156 ~~~~~~~~~~~~~~~~~~~~~~~~~~~~~~~~~~~~~~~~~~ 06-04
03021452;05052030l;04305790;17121700013;15031952;28091746;157;691;564;406 ~~~~~~~~~~~~~~~~~~~~~~~~~~~~~~ 06-05
04021452;06052030l;05305790;18121700013;16031952;29091746;158 ~~~~~~~~~~~~~~~~~~~~~~~~~~~~~~~~~~~~~~~~~~ 06-06
05021452;07052030l;06305790;19121700013;17031952;30091746;159;692;522;612 ~~~~~~~~~~~~~~~~~~~~~~~~~~~~~~ 06-07
06021452;08052030l;07305790;00131700013;18031952;01101746;160;697;799;397;823 ~~~~~~~~~~~~~~~~~~~~~~~~~~ 06-08
07021452;09052030l;08305790;01131700013;19031952;02101746;161;449;695;612;616 ~~~~~~~~~~~~~~~~~~~~~~~~~~ 06-09
08021452;10052030l;09305790;02131700013;20031952;03101746;162;406 ~~~~~~~~~~~~~~~~~~~~~~~~~~~~~~~~~~~~~~ 06-10
09021452;11052030l;10305790;03131700013;21031952;04101746;163;696;552;569;612;616 ~~~~~~~~~~~~~~~~~~~~~~ 06-11
10021452;12052030l;11305790;04131700013;22031952;05101746;164;896;569 ~~~~~~~~~~~~~~~~~~~~~~~~~~~~~~~~~~ 06-12
11021452;13052030l;12305790;05131700013;23031952;06101746;165;612;616 ~~~~~~~~~~~~~~~~~~~~~~~~~~~~~~~~~~ 06-13
12021452;14052030l;13305790;06131700013;24031952;07101746;166;699;514 ~~~~~~~~~~~~~~~~~~~~~~~~~~~~~~~~~~ 06-14
13021452;15052030l;14305790;07131700013;25031952;08101746;167;386;540;874;941;947;406 ~~~~~~~~~~~~~~~~~~ 06-15
14021452;16052030l;15305790;08131700013;26031952;09101746;168;452;452 ~~~~~~~~~~~~~~~~~~~~~~~~~~~~~~~~~~ 06-16
15021452;17052030l;16305790;09131700013;27031952;10101746;169 ~~~~~~~~~~~~~~~~~~~~~~~~~~~~~~~~~~~~~~~~~~ 06-17
16021452;18052030l;17305790;10131700013;28031952;11101746;170 ~~~~~~~~~~~~~~~~~~~~~~~~~~~~~~~~~~~~~~~~~~ 06-18
17021452;19052030l;18305790;11131700013;29031952;12101746;171;616 ~~~~~~~~~~~~~~~~~~~~~~~~~~~~~~~~~~~~~~ 06-19
18021452;20052030l;19305790;12131700013;30031952;13101746;172;698;460;406 ~~~~~~~~~~~~~~~~~~~~~~~~~~~~~~ 06-20
19021452;21052030l;20305790;13131700013;31031952;14101746;173;701;433;578;425;700;421;612;616 ~~~~~~~~~~ 06-21
20021452;22052030l;21305790;14131700013;01041952;15101746;174;702;398;461;844 ~~~~~~~~~~~~~~~~~~~~~~~~~~ 06-22
21021452;23052030l;22305790;15131700013;02041952;16101746;175;612;616 ~~~~~~~~~~~~~~~~~~~~~~~~~~~~~~~~~~ 06-23
22021452;24052030l;23305790;16131700013;03041952;17101746;176 ~~~~~~~~~~~~~~~~~~~~~~~~~~~~~~~~~~~~~~~~~~ 06-24
23021452;25052030l;24305790;17131700013;04041952;18101746;177;835;612;616 ~~~~~~~~~~~~~~~~~~~~~~~~~~~~~~ 06-25
24021452;26052030l;25305790;18131700013;05041952;19101746;178;704;946 ~~~~~~~~~~~~~~~~~~~~~~~~~~~~~~~~~~ 06-26
25021452;27052030l;26305790;19131700013;06041952;20101746;179;513;616 ~~~~~~~~~~~~~~~~~~~~~~~~~~~~~~~~~~ 06-27
26021452;28052030l;27305790;00141700013;07041952;21101746;180;703 ~~~~~~~~~~~~~~~~~~~~~~~~~~~~~~~~~~~~~~ 06-28
27021452;29052030l;28305790;01141700013;08041952;22101746;181;856;612;616 ~~~~~~~~~~~~~~~~~~~~~~~~~~~~~~ 06-29
28021452;30052030l;29305790;02141700013;09041952;23101746;182;795;380;406 ~~~~~~~~~~~~~~~~~~~~~~~~~~~~~~ 06-30
29021452;01062030l;30305790;03141700013;10041952;24101746;183;421 ~~~~~~~~~~~~~~~~~~~~~~~~~~~~~~~~~~~~~~ 07-01
01031452;02062030l;01315790;04141700013;11041952;25101746;184;870 ~~~~~~~~~~~~~~~~~~~~~~~~~~~~~~~~~~~~~~ 07-02
02031452;03062030l;02315790;05141700013;12041952;26101746;185;612;617 ~~~~~~~~~~~~~~~~~~~~~~~~~~~~~~~~~~ 07-03
03031452;04062030l;03315790;06141700013;13041952;27101746;186;373 ~~~~~~~~~~~~~~~~~~~~~~~~~~~~~~~~~~~~~~ 07-04
04031452;05062030l;04315790;07141700013;14041952;28101746;187;565;406;612;617 ~~~~~~~~~~~~~~~~~~~~~~~~~~ 07-05
05031452;06062030l;05315790;08141700013;15041952;29101746;188;637;705;840;565 ~~~~~~~~~~~~~~~~~~~~~~~~~~ 07-06
06031452;07062030l;06315790;09141700013;16041952;30101746;189;612 ~~~~~~~~~~~~~~~~~~~~~~~~~~~~~~~~~~~~~~ 07-07
07031452;08062030l;07315790;10141700013;17041952;01111746;190;707;397 ~~~~~~~~~~~~~~~~~~~~~~~~~~~~~~~~~~ 07-08
08031452;09062030l;08315790;11141700013;18041952;02111746;191;836;612;617 ~~~~~~~~~~~~~~~~~~~~~~~~~~~~~~ 07-09
09031452;10062030l;09315790;12141700013;19041952;03111746;192;406 ~~~~~~~~~~~~~~~~~~~~~~~~~~~~~~~~~~~~~~ 07-10
10031452;11062030l;10315790;13141700013;20041952;04111746;193;546;409;617 ~~~~~~~~~~~~~~~~~~~~~~~~~~~~~~ 07-11
11031452;12062030l;11315790;14141700013;21041952;05111746;194 ~~~~~~~~~~~~~~~~~~~~~~~~~~~~~~~~~~~~~~~~~~ 07-12
12031452;13062030l;12315790;15141700013;22041952;06111746;195;706;514;511;612;617 ~~~~~~~~~~~~~~~~~~~~~~ 07-13
13031452;14062030l;13315790;16141700013;23041952;07111746;196;387 ~~~~~~~~~~~~~~~~~~~~~~~~~~~~~~~~~~~~~~ 07-14
14031452;15062030l;14315790;17141700013;24041952;08111746;197;710;410;531;561;406;612;617 ~~~~~~~~~~~~~~ 07-15
15031452;16062030l;15315790;18141700013;25041952;09111746;198;417 ~~~~~~~~~~~~~~~~~~~~~~~~~~~~~~~~~~~~~~ 07-16
16031452;17062030l;16315790;19141700013;26041952;10111746;199;711;612 ~~~~~~~~~~~~~~~~~~~~~~~~~~~~~~~~~~ 07-17
17031452;18062030l;17315790;00151700013;27041952;11111746;200;631;511 ~~~~~~~~~~~~~~~~~~~~~~~~~~~~~~~~~~ 07-18
18031452;19062030l;18315790;01151700013;28041952;12111746;201;612 ~~~~~~~~~~~~~~~~~~~~~~~~~~~~~~~~~~~~~~ 07-19
19031452;20062030l;19315790;02151700013;29041952;13111746;202;708;406 ~~~~~~~~~~~~~~~~~~~~~~~~~~~~~~~~~~ 07-20
20031452;21062030l;20315790;03151700013;30041952;14111746;203;709;421 ~~~~~~~~~~~~~~~~~~~~~~~~~~~~~~~~~~ 07-21
21031452;22062030l;21315790;04151700013;31041952;15111746;204;398;843 ~~~~~~~~~~~~~~~~~~~~~~~~~~~~~~~~~~ 07-22
22031452;23062030l;22315790;05151700013;01051952;16111746;205;612;617 ~~~~~~~~~~~~~~~~~~~~~~~~~~~~~~~~~~ 07-23
23031452;24062030l;23315790;06151700013;02051952;17111746;206;843 ~~~~~~~~~~~~~~~~~~~~~~~~~~~~~~~~~~~~~~ 07-24
24031452;25062030l;24315790;07151700013;03051952;18111746;207;712;715;513;612 ~~~~~~~~~~~~~~~~~~~~~~~~~~ 07-25
25031452;26062030l;25315790;08151700013;04051952;19111746;208;716;878;843 ~~~~~~~~~~~~~~~~~~~~~~~~~~~~~~ 07-26
26031452;27062030l;26315790;09151700013;05051952;20111746;209;713 ~~~~~~~~~~~~~~~~~~~~~~~~~~~~~~~~~~~~~~ 07-27
27031452;28062030l;27315790;10151700013;06051952;21111746;210;714 ~~~~~~~~~~~~~~~~~~~~~~~~~~~~~~~~~~~~~~ 07-28
28031452;29062030l;28315790;11151700013;07051952;22111746;211;612 ~~~~~~~~~~~~~~~~~~~~~~~~~~~~~~~~~~~~~~ 07-29
29031452;01072030l;29315790;12151700013;08051952;23111746;212;380 ~~~~~~~~~~~~~~~~~~~~~~~~~~~~~~~~~~~~~~ 07-30
30031452;02072030l;01325790;13151700013;09051952;24111746;213;612 ~~~~~~~~~~~~~~~~~~~~~~~~~~~~~~~~~~~~~~ 07-31
01041452;03072030l;02325790;14151700013;10051952;25111746;214 ~~~~~~~~~~~~~~~~~~~~~~~~~~~~~~~~~~~~~~~~~~ 08-01
02041452;04072030l;03325790;15151700013;11051952;26111746;215;719;436;579;612 ~~~~~~~~~~~~~~~~~~~~~~~~~~ 08-02
03041452;05072030l;04325790;16151700013;12051952;27111746;216;637;720;467;418 ~~~~~~~~~~~~~~~~~~~~~~~~~~ 08-03
04041452;06072030l;05325790;17151700013;13051952;28111746;217;717;432;891;406 ~~~~~~~~~~~~~~~~~~~~~~~~~~ 08-04
05041452;07072030l;06325790;18151700013;14051952;29111746;218;572;618 ~~~~~~~~~~~~~~~~~~~~~~~~~~~~~~~~~~ 08-05
06041452;08072030l;07325790;19151700013;15051952;30111746;219;718;397;832;612 ~~~~~~~~~~~~~~~~~~~~~~~~~~ 08-06
07041452;09072030l;08325790;00161700013;16051952;01121746;220;618 ~~~~~~~~~~~~~~~~~~~~~~~~~~~~~~~~~~~~~~ 08-07
08041452;10072030l;09325790;01161700013;17051952;02121746;221;612 ~~~~~~~~~~~~~~~~~~~~~~~~~~~~~~~~~~~~~~ 08-08
09041452;11072030l;10325790;02161700013;18051952;03121746;222;514;926;938;406 ~~~~~~~~~~~~~~~~~~~~~~~~~~ 08-09
10041452;12072030l;11325790;03161700013;19051952;04121746;223;723;421;612 ~~~~~~~~~~~~~~~~~~~~~~~~~~~~~~ 08-10
11041452;13072030l;12325790;04161700013;20051952;05121746;224;721 ~~~~~~~~~~~~~~~~~~~~~~~~~~~~~~~~~~~~~~ 08-11
12041452;14072030l;13325790;05161700013;21051952;06121746;225;567;418;612 ~~~~~~~~~~~~~~~~~~~~~~~~~~~~~~ 08-12
13041452;15072030l;14325790;06161700013;22051952;07121746;226;388;556;909;910;925;567 ~~~~~~~~~~~~~~~~~~ 08-13
14041452;16072030l;15325790;07161700013;23051952;08121746;227;722;406;612 ~~~~~~~~~~~~~~~~~~~~~~~~~~~~~~ 08-14
15041452;17072030l;16325790;08161700013;24051952;09121746;228;618 ~~~~~~~~~~~~~~~~~~~~~~~~~~~~~~~~~~~~~~ 08-15
16041452;18072030l;17325790;09161700013;25051952;10121746;229;399;875 ~~~~~~~~~~~~~~~~~~~~~~~~~~~~~~~~~~ 08-16
17041452;19072030l;18325790;10161700013;26051952;11121746;230;724;618 ~~~~~~~~~~~~~~~~~~~~~~~~~~~~~~~~~~ 08-17
18041452;20072030l;19325790;11161700013;27051952;12121746;231 ~~~~~~~~~~~~~~~~~~~~~~~~~~~~~~~~~~~~~~~~~~ 08-18
19041452;21072030l;20325790;12161700013;28051952;13121746;232;400 ~~~~~~~~~~~~~~~~~~~~~~~~~~~~~~~~~~~~~~ 08-19
20041452;22072030l;21325790;13161700013;29051952;14121746;233;793;398;421;612 ~~~~~~~~~~~~~~~~~~~~~~~~~~ 08-20
21041452;23072030l;22325790;14161700013;30051952;15121746;234;374;513;883 ~~~~~~~~~~~~~~~~~~~~~~~~~~~~~~ 08-21
22041452;24072030l;23325790;15161700013;31051952;16121746;235;400;612 ~~~~~~~~~~~~~~~~~~~~~~~~~~~~~~~~~~ 08-22
23041452;25072030l;24325790;16161700013;01061952;17121746;236;427 ~~~~~~~~~~~~~~~~~~~~~~~~~~~~~~~~~~~~~~ 08-23
24041452;26072030l;25325790;17161700013;02061952;18121746;237;725;503;406;612 ~~~~~~~~~~~~~~~~~~~~~~~~~~ 08-24
25041452;27072030l;26325790;18161700013;03061952;19121746;238;428;725;400;618 ~~~~~~~~~~~~~~~~~~~~~~~~~~ 08-25
26041452;28072030l;27325790;19161700013;04061952;20121746;239;796;612 ~~~~~~~~~~~~~~~~~~~~~~~~~~~~~~~~~~ 08-26
27041452;29072030l;28325790;00171700013;05061952;21121746;240;594 ~~~~~~~~~~~~~~~~~~~~~~~~~~~~~~~~~~~~~~ 08-27
28041452;30072030l;29325790;01171700013;06061952;22121746;241;595;380;400 ~~~~~~~~~~~~~~~~~~~~~~~~~~~~~~ 08-28
29041452;01082030l;30325790;02171700013;07061952;23121746;242;406;618 ~~~~~~~~~~~~~~~~~~~~~~~~~~~~~~~~~~ 08-29
01051452;02082030l;01335790;03171700013;08061952;24121746;243;596 ~~~~~~~~~~~~~~~~~~~~~~~~~~~~~~~~~~~~~~ 08-30
02051452;03082030l;02335790;04171700013;09061952;25121746;244;429;597 ~~~~~~~~~~~~~~~~~~~~~~~~~~~~~~~~~~ 08-31
03051452;04082030l;03335790;05171700013;10061952;26121746;245;430;550 ~~~~~~~~~~~~~~~~~~~~~~~~~~~~~~~~~~ 09-01
04051452;05082030l;04335790;06171700013;11061952;27121746;246;434;915 ~~~~~~~~~~~~~~~~~~~~~~~~~~~~~~~~~~ 09-02
05051452;06082030l;05335790;07171700013;12061952;28121746;247;435;406;612 ~~~~~~~~~~~~~~~~~~~~~~~~~~~~~~ 09-03
06051452;07082030l;06335790;08171700013;13061952;29121746;248;397;514;868 ~~~~~~~~~~~~~~~~~~~~~~~~~~~~~~ 09-04
07051452;08082030l;07335790;09171700013;14061952;30121746;249;908 ~~~~~~~~~~~~~~~~~~~~~~~~~~~~~~~~~~~~~~ 09-05
08051452;09082030l;08335790;10171700013;15061952;01131746;250;596;727 ~~~~~~~~~~~~~~~~~~~~~~~~~~~~~~~~~~ 09-06
09051452;10082030l;09335790;11171700013;16061952;02131746;251;637;728 ~~~~~~~~~~~~~~~~~~~~~~~~~~~~~~~~~~ 09-07
10051452;11082030l;10335790;12171700013;17061952;03131746;252;455;845;401;903;406 ~~~~~~~~~~~~~~~~~~~~~~ 09-08
11051452;12082030l;11335790;13171700013;18061952;04131746;253;729;846;897;421;619 ~~~~~~~~~~~~~~~~~~~~~~ 09-09
12051452;13082030l;12335790;14171700013;19061952;05131746;254;520;551 ~~~~~~~~~~~~~~~~~~~~~~~~~~~~~~~~~~ 09-10
13051452;14082030l;13335790;15171700013;20061952;01011747;255;389;390;534;612;619 ~~~~~~~~~~~~~~~~~~~~~~ 09-11
14051452;15082030l;14335790;16171700013;21061952;02011747;256;730;847;907;570;375 ~~~~~~~~~~~~~~~~~~~~~~ 09-12
15051452;16082030l;15335790;17171700013;22061952;03011747;257;726;612 ~~~~~~~~~~~~~~~~~~~~~~~~~~~~~~~~~~ 09-13
16051452;17082030l;16335790;18171700013;23061952;04011747;258 ~~~~~~~~~~~~~~~~~~~~~~~~~~~~~~~~~~~~~~~~~~ 09-14
17051452;18082030l;17335790;19171700013;24061952;05011747;259;731;437;612;619 ~~~~~~~~~~~~~~~~~~~~~~~~~~ 09-15
18051452;19082030l;18335790;00001800013;25061952;06011747;260 ~~~~~~~~~~~~~~~~~~~~~~~~~~~~~~~~~~~~~~~~~~ 09-16
19051452;20082030l;19335790;01001800013;26061952;07011747;261;732;433;612;619 ~~~~~~~~~~~~~~~~~~~~~~~~~~ 09-17
20051452;21082030l;20335790;02001800013;27061952;08011747;262;513 ~~~~~~~~~~~~~~~~~~~~~~~~~~~~~~~~~~~~~~ 09-18
21051452;22082030l;21335790;03001800013;28061952;09011747;263;733;398;421;612;619;848 ~~~~~~~~~~~~~~~~~~ 09-19
22051452;23082030l;22335790;04001800013;29061952;10011747;264;734;411 ~~~~~~~~~~~~~~~~~~~~~~~~~~~~~~~~~~ 09-20
23051452;24082030l;23335790;05001800013;30061952;11011747;265;735;848 ~~~~~~~~~~~~~~~~~~~~~~~~~~~~~~~~~~ 09-21
24051452;25082030l;24335790;06001800013;31061952;12011747;266;740;462 ~~~~~~~~~~~~~~~~~~~~~~~~~~~~~~~~~~ 09-22
25051452;26082030l;25335790;07001800013;01071952;13011747;267;736;869;423;406 ~~~~~~~~~~~~~~~~~~~~~~~~~~ 09-23
26051452;27082030l;26335790;08001800013;02071952;14011747;268;737;463 ~~~~~~~~~~~~~~~~~~~~~~~~~~~~~~~~~~ 09-24
27051452;28082030l;27335790;09001800013;03071952;15011747;269;742;790;612 ~~~~~~~~~~~~~~~~~~~~~~~~~~~~~~ 09-25
28051452;29082030l;28335790;10001800013;04071952;16011747;270;741;790;418;574 ~~~~~~~~~~~~~~~~~~~~~~~~~~ 09-26
29051452;01092030l;29335790;11001800013;05071952;17011747;271;738;790;380;920;521;412;619;848 ~~~~~~~~~~ 09-27
30051452;02092030l;01015791;12001800013;06071952;18011747;272;739;743;790;414;895;521;406 ~~~~~~~~~~~~~~ 09-28
01061452;03092030l;02015791;13001800013;07071952;19011747;273;790;521;612;619 ~~~~~~~~~~~~~~~~~~~~~~~~~~ 09-29
02061452;04092030l;03015791;14001800013;08071952;20011747;274;790;514;853 ~~~~~~~~~~~~~~~~~~~~~~~~~~~~~~ 09-30
03061452;05092030l;04015791;15001800013;09071952;21011747;275;745;790;853;848 ~~~~~~~~~~~~~~~~~~~~~~~~~~ 10-01
04061452;06092030l;05015791;16001800013;10071952;22011747;276;746;853 ~~~~~~~~~~~~~~~~~~~~~~~~~~~~~~~~~~ 10-02
05061452;07092030l;06015791;17001800013;11071952;23011747;277;747;397;918;406;848 ~~~~~~~~~~~~~~~~~~~~~~ 10-03
06061452;08092030l;07015791;18001800013;12071952;24011747;278;748;548;919;412 ~~~~~~~~~~~~~~~~~~~~~~~~~~ 10-04
07061452;09092030l;08015791;19001800013;13071952;25011747;279;637;453;885;563;620 ~~~~~~~~~~~~~~~~~~~~~~ 10-05
08061452;10092030l;09015791;00011800013;14071952;26011747;280;749;549;560;415 ~~~~~~~~~~~~~~~~~~~~~~~~~~ 10-06
09061452;11092030l;10015791;01011800013;15071952;27011747;281;744;899;527;612;848 ~~~~~~~~~~~~~~~~~~~~~~ 10-07
10061452;12092030l;11015791;02011800013;16071952;28011747;282;791;406 ~~~~~~~~~~~~~~~~~~~~~~~~~~~~~~~~~~ 10-08
11061452;13092030l;12015791;03011800013;17071952;29011747;283;752;612;848 ~~~~~~~~~~~~~~~~~~~~~~~~~~~~~~ 10-09
12061452;14092030l;13015791;04011800013;18071952;30011747;284;753;367;882;922 ~~~~~~~~~~~~~~~~~~~~~~~~~~ 10-10
13061452;15092030l;14015791;05011800013;19071952;01021747;285;391;368;532;612;620 ~~~~~~~~~~~~~~~~~~~~~~ 10-11
14061452;16092030l;15015791;06011800013;20071952;02021747;286;754;523 ~~~~~~~~~~~~~~~~~~~~~~~~~~~~~~~~~~ 10-12
15061452;17092030l;16015791;07011800013;21071952;03021747;287;750;523;620 ~~~~~~~~~~~~~~~~~~~~~~~~~~~~~~ 10-13
16061452;18092030l;17015791;08011800013;22071952;04021747;288;751;523;418 ~~~~~~~~~~~~~~~~~~~~~~~~~~~~~~ 10-14
17061452;19092030l;18015791;09011800013;23071952;05021747;289;756;881;523;375;612 ~~~~~~~~~~~~~~~~~~~~~~ 10-15
18061452;20092030l;19015791;10011800013;24071952;06021747;290;757;513;523 ~~~~~~~~~~~~~~~~~~~~~~~~~~~~~~ 10-16
19061452;21092030l;20015791;11011800013;25071952;07021747;291;631;523;620 ~~~~~~~~~~~~~~~~~~~~~~~~~~~~~~ 10-17
20061452;22092030l;21015791;12011800013;26071952;08021747;292;523;406 ~~~~~~~~~~~~~~~~~~~~~~~~~~~~~~~~~~ 10-18
21061452;23092030l;22015791;13011800013;27071952;09021747;293;758;398;499;524;421;612;620 ~~~~~~~~~~~~~~ 10-19
22061452;24092030l;23015791;14011800013;28071952;10021747;294;792;431;525;784 ~~~~~~~~~~~~~~~~~~~~~~~~~~ 10-20
23061452;25092030l;24015791;15011800013;29071952;11021747;295;755;369;785;612 ~~~~~~~~~~~~~~~~~~~~~~~~~~ 10-21
24061452;26092030l;25015791;16011800013;30071952;12021747;296;786;415 ~~~~~~~~~~~~~~~~~~~~~~~~~~~~~~~~~~ 10-22
25061452;27092030l;26015791;17011800013;01081952;13021747;297;422;558;911;787;406;612 ~~~~~~~~~~~~~~~~~~ 10-23
26061452;28092030l;27015791;18011800013;02081952;14021747;298;371;779;784 ~~~~~~~~~~~~~~~~~~~~~~~~~~~~~~ 10-24
27061452;29092030l;28015791;19011800013;03081952;15021747;299;849;780;785;412;612 ~~~~~~~~~~~~~~~~~~~~~~ 10-25
28061452;30092030l;29015791;00021800013;04081952;16021747;300;759;380;781;786;893;375 ~~~~~~~~~~~~~~~~~~ 10-26
29061452;01102030l;30015791;01021800013;05081952;17021747;301;782;787 ~~~~~~~~~~~~~~~~~~~~~~~~~~~~~~~~~~ 10-27
01071452;02102030l;01025791;02021800013;06081952;18021747;302;514;535;783;788 ~~~~~~~~~~~~~~~~~~~~~~~~~~ 10-28
02071452;03102030l;02025791;03021800013;07081952;19021747;303 ~~~~~~~~~~~~~~~~~~~~~~~~~~~~~~~~~~~~~~~~~~ 10-29
03071452;04102030l;03025791;04021800013;08081952;20021747;304 ~~~~~~~~~~~~~~~~~~~~~~~~~~~~~~~~~~~~~~~~~~ 10-30
04071452;05102030l;04025791;05021800013;09081952;21021747;305;432 ~~~~~~~~~~~~~~~~~~~~~~~~~~~~~~~~~~~~~~ 10-31
05071452;06102030l;05025791;06021800013;10081952;22021747;306;596;543;412 ~~~~~~~~~~~~~~~~~~~~~~~~~~~~~~ 11-01
06071452;07102030l;06025791;07021800013;11081952;23021747;307;637;763;397;406;612 ~~~~~~~~~~~~~~~~~~~~~~ 11-02
07071452;08102030l;07025791;08021800013;12081952;24021747;308;621 ~~~~~~~~~~~~~~~~~~~~~~~~~~~~~~~~~~~~~~ 11-03
08071452;09102030l;08025791;09021800013;13081952;25021747;309;760;879 ~~~~~~~~~~~~~~~~~~~~~~~~~~~~~~~~~~ 11-04
09071452;10102030l;09025791;10021800013;14081952;26021747;310;850;547 ~~~~~~~~~~~~~~~~~~~~~~~~~~~~~~~~~~ 11-05
10071452;11102030l;10025791;11021800013;15081952;27021747;311;761;934;375;612 ~~~~~~~~~~~~~~~~~~~~~~~~~~ 11-06
11071452;12102030l;11025791;12021800013;16081952;28021747;312;762 ~~~~~~~~~~~~~~~~~~~~~~~~~~~~~~~~~~~~~~ 11-07
12071452;13102030l;12025791;13021800013;17081952;29021747;313;378;412;612 ~~~~~~~~~~~~~~~~~~~~~~~~~~~~~~ 11-08
13071452;14102030l;13025791;14021800013;18081952;30021747;314;394;621 ~~~~~~~~~~~~~~~~~~~~~~~~~~~~~~~~~~ 11-09
14071452;15102030l;14025791;15021800013;19081952;01031747;315;819;880;612 ~~~~~~~~~~~~~~~~~~~~~~~~~~~~~~ 11-10
15071452;16102030l;15025791;16021800013;20081952;02031747;316;621 ~~~~~~~~~~~~~~~~~~~~~~~~~~~~~~~~~~~~~~ 11-11
16071452;17102030l;16025791;17021800013;21081952;03031747;317;406 ~~~~~~~~~~~~~~~~~~~~~~~~~~~~~~~~~~~~~~ 11-12
17071452;18102030l;17025791;18021800013;22081952;04031747;318;513 ~~~~~~~~~~~~~~~~~~~~~~~~~~~~~~~~~~~~~~ 11-13
18071452;19102030l;18025791;19021800013;23081952;05031747;319;764 ~~~~~~~~~~~~~~~~~~~~~~~~~~~~~~~~~~~~~~ 11-14
19071452;20102030l;19025791;00031800013;24081952;06031747;320;412;415 ~~~~~~~~~~~~~~~~~~~~~~~~~~~~~~~~~~ 11-15
20071452;21102030l;20025791;01031800013;25081952;07031747;321;767 ~~~~~~~~~~~~~~~~~~~~~~~~~~~~~~~~~~~~~~ 11-16
21071452;22102030l;21025791;02031800013;26081952;08031747;322;765;406;621 ~~~~~~~~~~~~~~~~~~~~~~~~~~~~~~ 11-17
22071452;23102030l;22025791;03031800013;27081952;09031747;323;398;876;612 ~~~~~~~~~~~~~~~~~~~~~~~~~~~~~~ 11-18
23071452;24102030l;23025791;04031800013;28081952;10031747;324;621 ~~~~~~~~~~~~~~~~~~~~~~~~~~~~~~~~~~~~~~ 11-19
24071452;25102030l;24025791;05031800013;29081952;11031747;325;612 ~~~~~~~~~~~~~~~~~~~~~~~~~~~~~~~~~~~~~~ 11-20
25071452;26102030l;25025791;06031800013;30081952;12031747;326;766;936 ~~~~~~~~~~~~~~~~~~~~~~~~~~~~~~~~~~ 11-21
26071452;27102030l;26025791;07031800013;01091952;13031747;327;596;788 ~~~~~~~~~~~~~~~~~~~~~~~~~~~~~~~~~~ 11-22
27071452;28102030l;27025791;08031800013;02091952;14031747;328;768;509;621 ~~~~~~~~~~~~~~~~~~~~~~~~~~~~~~ 11-23
28071452;29102030l;28025791;09031800013;03091952;15031747;329;380;612 ~~~~~~~~~~~~~~~~~~~~~~~~~~~~~~~~~~ 11-24
29071452;01112030l;29025791;10031800013;04091952;16031747;330;514;928;930;953 ~~~~~~~~~~~~~~~~~~~~~~~~~~ 11-25
30071452;02112030l;30025791;11031800013;05091952;17031747;331;612 ~~~~~~~~~~~~~~~~~~~~~~~~~~~~~~~~~~~~~~ 11-26
01081452;03112030l;01035791;12031800013;06091952;18031747;332;769;436;861;406;621 ~~~~~~~~~~~~~~~~~~~~~~ 11-27
02081452;04112030l;02035791;13031800013;07091952;19031747;333;440;369;418;612 ~~~~~~~~~~~~~~~~~~~~~~~~~~ 11-28
03081452;05112030l;03035791;14031800013;08091952;20031747;334;441;944 ~~~~~~~~~~~~~~~~~~~~~~~~~~~~~~~~~~ 11-29
04081452;06112030l;04035791;15031800013;09091952;21031747;335;770 ~~~~~~~~~~~~~~~~~~~~~~~~~~~~~~~~~~~~~~ 11-30
05081452;07112030l;05035791;16031800013;10091952;22031747;336;397;589;415 ~~~~~~~~~~~~~~~~~~~~~~~~~~~~~~ 12-01
06081452;08112030l;06035791;17031800013;11091952;23031747;337;442;370;406 ~~~~~~~~~~~~~~~~~~~~~~~~~~~~~~ 12-02
07081452;09112030l;07035791;18031800013;12091952;24031747;338;771;773 ~~~~~~~~~~~~~~~~~~~~~~~~~~~~~~~~~~ 12-03
08081452;10112030l;08035791;19031800013;13091952;25031747;339;772 ~~~~~~~~~~~~~~~~~~~~~~~~~~~~~~~~~~~~~~ 12-04
09081452;11112030l;09035791;00041800013;14091952;26031747;340;557;890 ~~~~~~~~~~~~~~~~~~~~~~~~~~~~~~~~~~ 12-05
10081452;12112030l;10035791;01041800013;15091952;27031747;341;596;774;399 ~~~~~~~~~~~~~~~~~~~~~~~~~~~~~~ 12-06
11081452;13112030l;11035791;02041800013;16091952;28031747;342;637;775;855;406 ~~~~~~~~~~~~~~~~~~~~~~~~~~ 12-07
12081452;14112030l;12035791;03041800013;17091952;29031747;343;777;590;612 ~~~~~~~~~~~~~~~~~~~~~~~~~~~~~~ 12-08
13081452;15112030l;13035791;04041800013;18091952;30031747;344;395;545;887;948;375;400;622 ~~~~~~~~~~~~~~ 12-09
14081452;16112030l;14035791;05041800013;19091952;01041747;345;513;542;825;512;612 ~~~~~~~~~~~~~~~~~~~~~~ 12-10
15081452;17112030l;15035791;06041800013;20091952;02041747;346;622 ~~~~~~~~~~~~~~~~~~~~~~~~~~~~~~~~~~~~~~ 12-11
16081452;18112030l;16035791;07041800013;21091952;03041747;347;838;400;406;612 ~~~~~~~~~~~~~~~~~~~~~~~~~~ 12-12
17081452;19112030l;17035791;08041800013;22091952;04041747;348;412;622 ~~~~~~~~~~~~~~~~~~~~~~~~~~~~~~~~~~ 12-13
18081452;20112030l;18035791;09041800013;23091952;05041747;349;776;433 ~~~~~~~~~~~~~~~~~~~~~~~~~~~~~~~~~~ 12-14
19081452;21112030l;19035791;10041800013;24091952;06041747;350;591;400;622 ~~~~~~~~~~~~~~~~~~~~~~~~~~~~~~ 12-15
20081452;22112030l;20035791;11041800013;25091952;07041747;351 ~~~~~~~~~~~~~~~~~~~~~~~~~~~~~~~~~~~~~~~~~~ 12-16
21081452;23112030l;21035791;12041800013;26091952;08041747;352;398;406 ~~~~~~~~~~~~~~~~~~~~~~~~~~~~~~~~~~ 12-17
22081452;24112030l;22035791;13041800013;27091952;09041747;353;400 ~~~~~~~~~~~~~~~~~~~~~~~~~~~~~~~~~~~~~~ 12-18
23081452;25112030l;23035791;14041800013;28091952;10041747;354 ~~~~~~~~~~~~~~~~~~~~~~~~~~~~~~~~~~~~~~~~~~ 12-19
24081452;26112030l;24035791;15041800013;29091952;11041747;355;778;371;412;612 ~~~~~~~~~~~~~~~~~~~~~~~~~~ 12-20
25081452;27112030l;25035791;16041800013;30091952;12041747;356;419;917;466;516;400;622 ~~~~~~~~~~~~~~~~~~ 12-21
26081452;28112030l;26035791;17041800013;01101952;13041747;357;592;426;516;406;612 ~~~~~~~~~~~~~~~~~~~~~~ 12-22
27081452;29112030l;27035791;18041800013;02101952;14041747;358;465;516 ~~~~~~~~~~~~~~~~~~~~~~~~~~~~~~~~~~ 12-23
28081452;30112030l;28035791;19041800013;03101952;15041747;359;380;514;516 ~~~~~~~~~~~~~~~~~~~~~~~~~~~~~~ 12-24
29081452;01122030l;29035791;00051800013;04101952;16041747;360;401;864;516;622 ~~~~~~~~~~~~~~~~~~~~~~~~~~ 12-25
01091452;02122030l;30035791;01051800013;05101952;17041747;361;504 ~~~~~~~~~~~~~~~~~~~~~~~~~~~~~~~~~~~~~~ 12-26
02091452;03122030l;01045791;02051800013;06101952;18041747;362;516;412 ~~~~~~~~~~~~~~~~~~~~~~~~~~~~~~~~~~ 12-27
03091452;04122030l;02045791;03051800013;07101952;19041747;363;516;505;612 ~~~~~~~~~~~~~~~~~~~~~~~~~~~~~~ 12-28
04091452;05122030l;03045791;04051800013;08101952;20041747;364;516 ~~~~~~~~~~~~~~~~~~~~~~~~~~~~~~~~~~~~~~ 12-29
05091452;06122030l;04045791;05051800013;09101952;21041747;365 ~~~~~~~~~~~~~~~~~~~~~~~~~~~~~~~~~~~~~~~~~~ 12-30
06091452;07122030l;05045791;06051800013;10101952;22041747;366;397 ~~~~~~~~~~~~~~~~~~~~~~~~~~~~~~~~~~~~~~ 12-31
