05051508;06122084f;04045845;09011300313;11102006;23041801;001 ~~~~~~~~~~~~~~~~~~~~~~~~~~~~~~~~~~~~~~~~~~ 01-01
06051508;07122084f;05045845;10011300313;12102006;24041801;002;397 ~~~~~~~~~~~~~~~~~~~~~~~~~~~~~~~~~~~~~~ 01-02
07051508;08122084f;06045845;11011300313;13102006;25041801;003 ~~~~~~~~~~~~~~~~~~~~~~~~~~~~~~~~~~~~~~~~~~ 01-03
08051508;09122084f;07045845;12011300313;14102006;26041801;004 ~~~~~~~~~~~~~~~~~~~~~~~~~~~~~~~~~~~~~~~~~~ 01-04
09051508;10122084f;08045845;13011300313;15102006;27041801;005;372 ~~~~~~~~~~~~~~~~~~~~~~~~~~~~~~~~~~~~~~ 01-05
10051508;11122084f;09045845;14011300313;16102006;28041801;006;637;905;406 ~~~~~~~~~~~~~~~~~~~~~~~~~~~~~~ 01-06
11051508;12122084f;10045845;15011300313;17102006;29041801;007;409 ~~~~~~~~~~~~~~~~~~~~~~~~~~~~~~~~~~~~~~ 01-07
12051508;13122084f;11045845;16011300313;18102006;30041801;008;628;432 ~~~~~~~~~~~~~~~~~~~~~~~~~~~~~~~~~~ 01-08
13051508;14122084f;12045845;17011300313;19102006;01051801;009;629 ~~~~~~~~~~~~~~~~~~~~~~~~~~~~~~~~~~~~~~ 01-09
14051508;15122084f;13045845;18011300313;20102006;02051801;010;381;904;948;418 ~~~~~~~~~~~~~~~~~~~~~~~~~~ 01-10
15051508;16122084f;14045845;19011300313;21102006;03051801;011;542 ~~~~~~~~~~~~~~~~~~~~~~~~~~~~~~~~~~~~~~ 01-11
16051508;17122084f;15045845;00021300313;22102006;04051801;012;513;375 ~~~~~~~~~~~~~~~~~~~~~~~~~~~~~~~~~~ 01-12
17051508;18122084f;16045845;01021300313;23102006;05051801;013;626 ~~~~~~~~~~~~~~~~~~~~~~~~~~~~~~~~~~~~~~ 01-13
18051508;19122084f;17045845;02021300313;24102006;06051801;014;627;916 ~~~~~~~~~~~~~~~~~~~~~~~~~~~~~~~~~~ 01-14
19051508;20122084f;18045845;03021300313;25102006;07051801;015;492 ~~~~~~~~~~~~~~~~~~~~~~~~~~~~~~~~~~~~~~ 01-15
20051508;21122084f;19045845;04021300313;26102006;08051801;016 ~~~~~~~~~~~~~~~~~~~~~~~~~~~~~~~~~~~~~~~~~~ 01-16
21051508;22122084f;20045845;05021300313;27102006;09051801;017 ~~~~~~~~~~~~~~~~~~~~~~~~~~~~~~~~~~~~~~~~~~ 01-17
22051508;23122084f;21045845;06021300313;28102006;10051801;018;631;398;377 ~~~~~~~~~~~~~~~~~~~~~~~~~~~~~~ 01-18
23051508;24122084f;22045845;07021300313;29102006;11051801;019;409;418 ~~~~~~~~~~~~~~~~~~~~~~~~~~~~~~~~~~ 01-19
24051508;25122084f;23045845;08021300313;30102006;12051801;020;630 ~~~~~~~~~~~~~~~~~~~~~~~~~~~~~~~~~~~~~~ 01-20
25051508;26122084f;24045845;09021300313;01112006;13051801;021;625;406 ~~~~~~~~~~~~~~~~~~~~~~~~~~~~~~~~~~ 01-21
26051508;27122084f;25045845;10021300313;02112006;14051801;022;923 ~~~~~~~~~~~~~~~~~~~~~~~~~~~~~~~~~~~~~~ 01-22
27051508;28122084f;26045845;11021300313;03112006;15051801;023 ~~~~~~~~~~~~~~~~~~~~~~~~~~~~~~~~~~~~~~~~~~ 01-23
28051508;29122084f;27045845;12021300313;04112006;16051801;024;632 ~~~~~~~~~~~~~~~~~~~~~~~~~~~~~~~~~~~~~~ 01-24
29051508;30122084f;28045845;13021300313;05112006;17051801;025;380;514;888;409 ~~~~~~~~~~~~~~~~~~~~~~~~~~ 01-25
30051508;01012085g;29045845;14021300313;06112006;18051801;026;633;479;490 ~~~~~~~~~~~~~~~~~~~~~~~~~~~~~~ 01-26
01061508;02012085g;01055845;15021300313;07112006;19051801;027;634;566;479;490 ~~~~~~~~~~~~~~~~~~~~~~~~~~ 01-27
02061508;03012085g;02055845;16021300313;08112006;20051801;028;635;566 ~~~~~~~~~~~~~~~~~~~~~~~~~~~~~~~~~~ 01-28
03061508;04012085g;03055845;17021300313;09112006;21051801;029;636;940;566 ~~~~~~~~~~~~~~~~~~~~~~~~~~~~~~ 01-29
04061508;05012085g;04055845;18021300313;10112006;22051801;030;566;580 ~~~~~~~~~~~~~~~~~~~~~~~~~~~~~~~~~~ 01-30
05061508;06012085g;05055845;19021300313;11112006;23051801;031;406;409 ~~~~~~~~~~~~~~~~~~~~~~~~~~~~~~~~~~ 01-31
06061508;07012085g;06055845;19021300313;12112006;24051801;032;638;397;453;536;914 ~~~~~~~~~~~~~~~~~~~~~~ 02-01
07061508;08012085g;07055845;00031300313;13112006;25051801;033;639 ~~~~~~~~~~~~~~~~~~~~~~~~~~~~~~~~~~~~~~ 02-02
08061508;09012085g;08055845;01031300313;14112006;26051801;034;637;640;375;612 ~~~~~~~~~~~~~~~~~~~~~~~~~~ 02-03
09061508;10012085g;09055845;02031300313;15112006;27051801;035 ~~~~~~~~~~~~~~~~~~~~~~~~~~~~~~~~~~~~~~~~~~ 02-04
10061508;11012085g;10055845;03031300313;16112006;28051801;036;376;873;406 ~~~~~~~~~~~~~~~~~~~~~~~~~~~~~~ 02-05
11061508;12012085g;11055845;04031300313;17112006;29051801;037;409;418 ~~~~~~~~~~~~~~~~~~~~~~~~~~~~~~~~~~ 02-06
12061508;13012085g;12055845;05031300313;18112006;30051801;038 ~~~~~~~~~~~~~~~~~~~~~~~~~~~~~~~~~~~~~~~~~~ 02-07
13061508;14012085g;13055845;06031300313;19112006;01061801;039;642;513 ~~~~~~~~~~~~~~~~~~~~~~~~~~~~~~~~~~ 02-08
14061508;15012085g;14055845;07031300313;20112006;02061801;040;382;884 ~~~~~~~~~~~~~~~~~~~~~~~~~~~~~~~~~~ 02-09
15061508;16012085g;15055845;08031300313;21112006;03061801;041;643;406 ~~~~~~~~~~~~~~~~~~~~~~~~~~~~~~~~~~ 02-10
16061508;17012085g;16055845;09031300313;22112006;04061801;042;612;581 ~~~~~~~~~~~~~~~~~~~~~~~~~~~~~~~~~~ 02-11
17061508;18012085g;17055845;10031300313;23112006;05061801;043;641;864 ~~~~~~~~~~~~~~~~~~~~~~~~~~~~~~~~~~ 02-12
18061508;19012085g;18055845;11031300313;24112006;06061801;044 ~~~~~~~~~~~~~~~~~~~~~~~~~~~~~~~~~~~~~~~~~~ 02-13
19061508;20012085g;19055845;12031300313;25112006;07061801;045;817 ~~~~~~~~~~~~~~~~~~~~~~~~~~~~~~~~~~~~~~ 02-14
20061508;21012085g;20055845;13031300313;26112006;08061801;046;644;418 ~~~~~~~~~~~~~~~~~~~~~~~~~~~~~~~~~~ 02-15
21061508;22012085g;21055845;14031300313;27112006;09061801;047;645 ~~~~~~~~~~~~~~~~~~~~~~~~~~~~~~~~~~~~~~ 02-16
22061508;23012085g;22055845;15031300313;28112006;10061801;048;398;854;612 ~~~~~~~~~~~~~~~~~~~~~~~~~~~~~~ 02-17
23061508;24012085g;23055845;16031300313;29112006;11061801;049;854;409 ~~~~~~~~~~~~~~~~~~~~~~~~~~~~~~~~~~ 02-18
24061508;25012085g;24055845;17031300313;30112006;12061801;050;450;612 ~~~~~~~~~~~~~~~~~~~~~~~~~~~~~~~~~~ 02-19
25061508;26012085g;25055845;18031300313;01122006;13061801;051;943;406 ~~~~~~~~~~~~~~~~~~~~~~~~~~~~~~~~~~ 02-20
26061508;27012085g;26055845;19031300313;02122006;14061801;052;433;612 ~~~~~~~~~~~~~~~~~~~~~~~~~~~~~~~~~~ 02-21
27061508;28012085g;27055845;00041300313;03122006;15061801;053;647;648;436;886 ~~~~~~~~~~~~~~~~~~~~~~~~~~ 02-22
28061508;29012085g;28055845;01041300313;04122006;16061801;054;649;380;514 ~~~~~~~~~~~~~~~~~~~~~~~~~~~~~~ 02-23
29061508;01022085g;29055845;02041300313;05122006;17061801;055;409;418 ~~~~~~~~~~~~~~~~~~~~~~~~~~~~~~~~~~ 02-24
01071508;02022085g;30055845;03041300313;06122006;18061801;056 ~~~~~~~~~~~~~~~~~~~~~~~~~~~~~~~~~~~~~~~~~~ 02-25
02071508;03022085g;01065845;04041300313;07122006;19061801;057 ~~~~~~~~~~~~~~~~~~~~~~~~~~~~~~~~~~~~~~~~~~ 02-26
03071508;04022085g;02065845;05041300313;08122006;20061801;058;443;646;612 ~~~~~~~~~~~~~~~~~~~~~~~~~~~~~~ 02-27
04071508;05022085g;03065845;06041300313;09122006;21061801;059;444;650;410 ~~~~~~~~~~~~~~~~~~~~~~~~~~~~~~ 02-28
05071508;06022085g;04065845;10041300313;10122006;22061801;061;653;399;612 ~~~~~~~~~~~~~~~~~~~~~~~~~~~~~~ 03-01
06071508;07022085g;05065845;11041300313;11122006;23061801;062;654;397 ~~~~~~~~~~~~~~~~~~~~~~~~~~~~~~~~~~ 03-02
07071508;08022085g;06065845;12041300313;12122006;24061801;063;637;613 ~~~~~~~~~~~~~~~~~~~~~~~~~~~~~~~~~~ 03-03
08071508;09022085g;07065845;13041300313;13122006;25061801;064;655;400 ~~~~~~~~~~~~~~~~~~~~~~~~~~~~~~~~~~ 03-04
09071508;10022085g;08065845;14041300313;14122006;26061801;065;612;613 ~~~~~~~~~~~~~~~~~~~~~~~~~~~~~~~~~~ 03-05
10071508;11022085g;09065845;15041300313;15122006;27061801;066 ~~~~~~~~~~~~~~~~~~~~~~~~~~~~~~~~~~~~~~~~~~ 03-06
11071508;12022085g;10065845;16041300313;16122006;28061801;067;513;517;400;613 ~~~~~~~~~~~~~~~~~~~~~~~~~~ 03-07
12071508;13022085g;11065845;17041300313;17122006;29061801;068;656 ~~~~~~~~~~~~~~~~~~~~~~~~~~~~~~~~~~~~~~ 03-08
13071508;14022085g;12065845;18041300313;18122006;30061801;069;613 ~~~~~~~~~~~~~~~~~~~~~~~~~~~~~~~~~~~~~~ 03-09
14071508;15022085g;13065845;19041300313;19122006;01071801;070;400 ~~~~~~~~~~~~~~~~~~~~~~~~~~~~~~~~~~~~~~ 03-10
15071508;16022085g;14065845;00051300313;20122006;02071801;071;383;544;623;906;519;612 ~~~~~~~~~~~~~~~~~~ 03-11
16071508;17022085g;15065845;01051300313;21122006;03071801;072;598;406 ~~~~~~~~~~~~~~~~~~~~~~~~~~~~~~~~~~ 03-12
17071508;18022085g;16065845;02051300313;22122006;04071801;073;562;400 ~~~~~~~~~~~~~~~~~~~~~~~~~~~~~~~~~~ 03-13
18071508;19022085g;17065845;03051300313;23122006;05071801;074;562 ~~~~~~~~~~~~~~~~~~~~~~~~~~~~~~~~~~~~~~ 03-14
19071508;20022085g;18065845;04051300313;24122006;06071801;075;658;562;612 ~~~~~~~~~~~~~~~~~~~~~~~~~~~~~~ 03-15
20071508;21022085g;19065845;05051300313;25122006;07071801;076;400 ~~~~~~~~~~~~~~~~~~~~~~~~~~~~~~~~~~~~~~ 03-16
21071508;22022085g;20065845;06051300313;26122006;08071801;077;612;613 ~~~~~~~~~~~~~~~~~~~~~~~~~~~~~~~~~~ 03-17
22071508;23022085g;21065845;07051300313;27122006;09071801;078;398 ~~~~~~~~~~~~~~~~~~~~~~~~~~~~~~~~~~~~~~ 03-18
23071508;24022085g;22065845;08051300313;28122006;10071801;079;533;924;466;612 ~~~~~~~~~~~~~~~~~~~~~~~~~~ 03-19
24071508;25022085g;23065845;09051300313;29122006;11071801;080;657;424 ~~~~~~~~~~~~~~~~~~~~~~~~~~~~~~~~~~ 03-20
25071508;26022085g;24065845;10051300313;30122006;12071801;081;459 ~~~~~~~~~~~~~~~~~~~~~~~~~~~~~~~~~~~~~~ 03-21
26071508;27022085g;25065845;11051300313;01012007;13071801;082;900;851;406 ~~~~~~~~~~~~~~~~~~~~~~~~~~~~~~ 03-22
27071508;28022085g;26065845;12051300313;02012007;14071801;083;514;509;612 ~~~~~~~~~~~~~~~~~~~~~~~~~~~~~~ 03-23
28071508;29022085g;27065845;13051300313;03012007;15071801;084;401 ~~~~~~~~~~~~~~~~~~~~~~~~~~~~~~~~~~~~~~ 03-24
29071508;30022085g;28065845;14051300313;04012007;16071801;085;380 ~~~~~~~~~~~~~~~~~~~~~~~~~~~~~~~~~~~~~~ 03-25
30071508;01032085g;29065845;15051300313;05012007;17071801;086;538;559;935 ~~~~~~~~~~~~~~~~~~~~~~~~~~~~~~ 03-26
01081508;02032085g;01075845;16051300313;06012007;18071801;087;659;406 ~~~~~~~~~~~~~~~~~~~~~~~~~~~~~~~~~~ 03-27
02081508;03032085g;02075845;17051300313;07012007;19071801;088;660;555;577 ~~~~~~~~~~~~~~~~~~~~~~~~~~~~~~ 03-28
03081508;04032085g;03075845;18051300313;08012007;20071801;089;652;612;613 ~~~~~~~~~~~~~~~~~~~~~~~~~~~~~~ 03-29
04081508;05032085g;04075845;19051300313;09012007;21071801;090;852 ~~~~~~~~~~~~~~~~~~~~~~~~~~~~~~~~~~~~~~ 03-30
05081508;06032085g;05075845;00061300313;10012007;22071801;091;945;612 ~~~~~~~~~~~~~~~~~~~~~~~~~~~~~~~~~~ 03-31
06081508;07032085g;06075845;01061300313;11012007;23071801;092;662;397 ~~~~~~~~~~~~~~~~~~~~~~~~~~~~~~~~~~ 04-01
07081508;08032085g;07075845;02061300313;12012007;24071801;093;651 ~~~~~~~~~~~~~~~~~~~~~~~~~~~~~~~~~~~~~~ 04-02
08081508;09032085g;08075845;03061300313;13012007;25071801;094;576;651;933 ~~~~~~~~~~~~~~~~~~~~~~~~~~~~~~ 04-03
09081508;10032085g;09075845;04061300313;14012007;26071801;095;663;513;651;571;612;614 ~~~~~~~~~~~~~~~~~~ 04-04
10081508;11032085g;10075845;05061300313;15012007;27071801;096;877;651 ~~~~~~~~~~~~~~~~~~~~~~~~~~~~~~~~~~ 04-05
11081508;12032085g;11075845;06061300313;16012007;28071801;097;651;432;406;612 ~~~~~~~~~~~~~~~~~~~~~~~~~~ 04-06
12081508;13032085g;12075845;07061300313;17012007;29071801;098;637;651;661;437 ~~~~~~~~~~~~~~~~~~~~~~~~~~ 04-07
13081508;14032085g;13075845;08061300313;18012007;30071801;099;493;612 ~~~~~~~~~~~~~~~~~~~~~~~~~~~~~~~~~~ 04-08
14081508;15032085g;14075845;09061300313;19012007;01081801;100;384;512 ~~~~~~~~~~~~~~~~~~~~~~~~~~~~~~~~~~ 04-09
15081508;16032085g;15075845;10061300313;20012007;02081801;101;539;575;515;418 ~~~~~~~~~~~~~~~~~~~~~~~~~~ 04-10
16081508;17032085g;16075845;11061300313;21012007;03081801;102;406 ~~~~~~~~~~~~~~~~~~~~~~~~~~~~~~~~~~~~~~ 04-11
17081508;18032085g;17075845;12061300313;22012007;04081801;103;612 ~~~~~~~~~~~~~~~~~~~~~~~~~~~~~~~~~~~~~~ 04-12
18081508;19032085g;18075845;13061300313;23012007;05081801;104;445 ~~~~~~~~~~~~~~~~~~~~~~~~~~~~~~~~~~~~~~ 04-13
19081508;20032085g;19075845;14061300313;24012007;06081801;105;446;614 ~~~~~~~~~~~~~~~~~~~~~~~~~~~~~~~~~~ 04-14
20081508;21032085g;20075845;15061300313;25012007;07081801;106;447 ~~~~~~~~~~~~~~~~~~~~~~~~~~~~~~~~~~~~~~ 04-15
21081508;22032085g;21075845;16061300313;26012007;08081801;107;448;794 ~~~~~~~~~~~~~~~~~~~~~~~~~~~~~~~~~~ 04-16
22081508;23032085g;22075845;17061300313;27012007;09081801;108;398 ~~~~~~~~~~~~~~~~~~~~~~~~~~~~~~~~~~~~~~ 04-17
23081508;24032085g;23075845;18061300313;28012007;10081801;109;614 ~~~~~~~~~~~~~~~~~~~~~~~~~~~~~~~~~~~~~~ 04-18
24081508;25032085g;24075845;19061300313;29012007;11081801;110;631;664;514;817;418 ~~~~~~~~~~~~~~~~~~~~~~ 04-19
25081508;26032085g;25075845;00071300313;30012007;12081801;111;665;939;614 ~~~~~~~~~~~~~~~~~~~~~~~~~~~~~~ 04-20
26081508;27032085g;26075845;01071300313;01022007;13081801;112;666;419 ~~~~~~~~~~~~~~~~~~~~~~~~~~~~~~~~~~ 04-21
27081508;28032085g;27075845;02071300313;02022007;14081801;113;526;823;614 ~~~~~~~~~~~~~~~~~~~~~~~~~~~~~~ 04-22
28081508;29032085g;28075845;03071300313;03022007;15081801;114;380 ~~~~~~~~~~~~~~~~~~~~~~~~~~~~~~~~~~~~~~ 04-23
29081508;01042085g;29075845;04071300313;04022007;16081801;115;612 ~~~~~~~~~~~~~~~~~~~~~~~~~~~~~~~~~~~~~~ 04-24
01091508;02042085g;30075845;05071300313;05022007;17081801;116;670;504 ~~~~~~~~~~~~~~~~~~~~~~~~~~~~~~~~~~ 04-25
02091508;03042085g;01085845;06071300313;06022007;18081801;117;667;510;902;406;612 ~~~~~~~~~~~~~~~~~~~~~~ 04-26
03091508;04042085g;02085845;07071300313;07022007;19081801;118;671;505 ~~~~~~~~~~~~~~~~~~~~~~~~~~~~~~~~~~ 04-27
04091508;05042085g;03085845;08071300313;08022007;20081801;119;668;612;614 ~~~~~~~~~~~~~~~~~~~~~~~~~~~~~~ 04-28
05091508;06042085g;04085845;09071300313;09022007;21081801;120;669;812;528 ~~~~~~~~~~~~~~~~~~~~~~~~~~~~~~ 04-29
06091508;07042085g;05085845;10071300313;10022007;22081801;121;553;529;612 ~~~~~~~~~~~~~~~~~~~~~~~~~~~~~~ 04-30
07091508;08042085g;06085845;11071300313;11022007;23081801;122;675;397 ~~~~~~~~~~~~~~~~~~~~~~~~~~~~~~~~~~ 05-01
08091508;09042085g;07085845;12071300313;12022007;24081801;123;676;513 ~~~~~~~~~~~~~~~~~~~~~~~~~~~~~~~~~~ 05-02
09091508;10042085g;08085845;13071300313;13022007;25081801;124;677;927;615 ~~~~~~~~~~~~~~~~~~~~~~~~~~~~~~ 05-03
10091508;11042085g;09085845;14071300313;14022007;26081801;125;679;612 ~~~~~~~~~~~~~~~~~~~~~~~~~~~~~~~~~~ 05-04
11091508;12042085g;10085845;15071300313;15022007;27081801;126;637;672;804;889 ~~~~~~~~~~~~~~~~~~~~~~~~~~ 05-05
12091508;13042085g;11085845;16071300313;16022007;28081801;127;673;406;612 ~~~~~~~~~~~~~~~~~~~~~~~~~~~~~~ 05-06
13091508;14042085g;12085845;17071300313;17022007;29081801;128;674 ~~~~~~~~~~~~~~~~~~~~~~~~~~~~~~~~~~~~~~ 05-07
14091508;15042085g;13085845;18071300313;18022007;30081801;129;894 ~~~~~~~~~~~~~~~~~~~~~~~~~~~~~~~~~~~~~~ 05-08
15091508;16042085g;14085845;19071300313;19022007;01091801;130;683;385;537;937;505;615 ~~~~~~~~~~~~~~~~~~ 05-09
16091508;17042085g;15085845;00081300313;20022007;02091801;131;892;612 ~~~~~~~~~~~~~~~~~~~~~~~~~~~~~~~~~~ 05-10
17091508;18042085g;16085845;01081300313;21022007;03091801;132;678;615 ~~~~~~~~~~~~~~~~~~~~~~~~~~~~~~~~~~ 05-11
18091508;19042085g;17085845;02081300313;22022007;04091801;133;681;680;568 ~~~~~~~~~~~~~~~~~~~~~~~~~~~~~~ 05-12
19091508;20042085g;18085845;03081300313;23022007;05091801;134;451;518;568 ~~~~~~~~~~~~~~~~~~~~~~~~~~~~~~ 05-13
20091508;21042085g;19085845;04081300313;24022007;06091801;135;682;514 ~~~~~~~~~~~~~~~~~~~~~~~~~~~~~~~~~~ 05-14
21091508;22042085g;20085845;05081300313;25022007;07091801;136 ~~~~~~~~~~~~~~~~~~~~~~~~~~~~~~~~~~~~~~~~~~ 05-15
22091508;23042085g;21085845;06081300313;26022007;08091801;137;685;398;406;612 ~~~~~~~~~~~~~~~~~~~~~~~~~~ 05-16
23091508;24042085g;22085845;07081300313;27022007;09091801;138;797;505;615 ~~~~~~~~~~~~~~~~~~~~~~~~~~~~~~ 05-17
24091508;25042085g;23085845;08081300313;28022007;10091801;139;686;573 ~~~~~~~~~~~~~~~~~~~~~~~~~~~~~~~~~~ 05-18
25091508;26042085g;24085845;09081300313;29022007;11091801;140;687;530;573 ~~~~~~~~~~~~~~~~~~~~~~~~~~~~~~ 05-19
26091508;27042085g;25085845;10081300313;30022007;12091801;141;684;433;573;624;612 ~~~~~~~~~~~~~~~~~~~~~~ 05-20
27091508;28042085g;26085845;11081300313;31022007;13091801;142;789;508;624 ~~~~~~~~~~~~~~~~~~~~~~~~~~~~~~ 05-21
28091508;29042085g;27085845;12081300313;01032007;14091801;143;624;612 ~~~~~~~~~~~~~~~~~~~~~~~~~~~~~~~~~~ 05-22
29091508;01052085g;28085845;13081300313;02032007;15091801;144;798;380;921;942;624;615 ~~~~~~~~~~~~~~~~~~ 05-23
30091508;02052085g;29085845;14081300313;03032007;16091801;145;494;506;624;612 ~~~~~~~~~~~~~~~~~~~~~~~~~~ 05-24
01101508;03052085g;01095845;15081300313;04032007;17091801;146;689;507;502;624 ~~~~~~~~~~~~~~~~~~~~~~~~~~ 05-25
02101508;04052085g;02095845;16081300313;05032007;18091801;147;439;624;406;612 ~~~~~~~~~~~~~~~~~~~~~~~~~~ 05-26
03101508;05052085g;03095845;17081300313;06032007;19091801;148;439;564 ~~~~~~~~~~~~~~~~~~~~~~~~~~~~~~~~~~ 05-27
04101508;06052085g;04095845;18081300313;07032007;20091801;149;438;612 ~~~~~~~~~~~~~~~~~~~~~~~~~~~~~~~~~~ 05-28
05101508;07052085g;05095845;19081300313;08032007;21091801;150;513 ~~~~~~~~~~~~~~~~~~~~~~~~~~~~~~~~~~~~~~ 05-29
06101508;08052085g;06095845;00091300313;09032007;22091801;151;688;414;522 ~~~~~~~~~~~~~~~~~~~~~~~~~~~~~~ 05-30
07101508;09052085g;07095845;01091300313;10032007;23091801;152;397 ~~~~~~~~~~~~~~~~~~~~~~~~~~~~~~~~~~~~~~ 05-31
08101508;10052085g;08095845;02091300313;11032007;24091801;153;692;694;612 ~~~~~~~~~~~~~~~~~~~~~~~~~~~~~~ 06-01
09101508;11052085g;09095845;03091300313;12032007;25091801;154;637;693 ~~~~~~~~~~~~~~~~~~~~~~~~~~~~~~~~~~ 06-02
10101508;12052085g;10095845;04091300313;13032007;26091801;155;449;690;552;612 ~~~~~~~~~~~~~~~~~~~~~~~~~~ 06-03
11101508;13052085g;11095845;05091300313;14032007;27091801;156;896 ~~~~~~~~~~~~~~~~~~~~~~~~~~~~~~~~~~~~~~ 06-04
12101508;14052085g;12095845;06091300313;15032007;28091801;157;868 ~~~~~~~~~~~~~~~~~~~~~~~~~~~~~~~~~~~~~~ 06-05
13101508;15052085g;13095845;07091300313;16032007;29091801;158;691 ~~~~~~~~~~~~~~~~~~~~~~~~~~~~~~~~~~~~~~ 06-06
14101508;16052085g;14095845;08091300313;17032007;30091801;159;386;941;415 ~~~~~~~~~~~~~~~~~~~~~~~~~~~~~~ 06-07
15101508;17052085g;15095845;09091300313;18032007;01101801;160;542;874;948 ~~~~~~~~~~~~~~~~~~~~~~~~~~~~~~ 06-08
16101508;18052085g;16095845;10091300313;19032007;02101801;161;697;799;612 ~~~~~~~~~~~~~~~~~~~~~~~~~~~~~~ 06-09
17101508;19052085g;17095845;11091300313;20032007;03101801;162;695;514 ~~~~~~~~~~~~~~~~~~~~~~~~~~~~~~~~~~ 06-10
18101508;20052085g;18095845;12091300313;21032007;04101801;163;569;612;616 ~~~~~~~~~~~~~~~~~~~~~~~~~~~~~~ 06-11
19101508;21052085g;19095845;13091300313;22032007;05101801;164;696;569 ~~~~~~~~~~~~~~~~~~~~~~~~~~~~~~~~~~ 06-12
20101508;22052085g;20095845;14091300313;23032007;06101801;165;612;616 ~~~~~~~~~~~~~~~~~~~~~~~~~~~~~~~~~~ 06-13
21101508;23052085g;21095845;15091300313;24032007;07101801;166;398;831 ~~~~~~~~~~~~~~~~~~~~~~~~~~~~~~~~~~ 06-14
22101508;24052085g;22095845;16091300313;25032007;08101801;167;596;701;699;819;612;616 ~~~~~~~~~~~~~~~~~~ 06-15
23101508;25052085g;23095845;17091300313;26032007;09101801;168 ~~~~~~~~~~~~~~~~~~~~~~~~~~~~~~~~~~~~~~~~~~ 06-16
24101508;26052085g;24095845;18091300313;27032007;10101801;169;452;452;612;616 ~~~~~~~~~~~~~~~~~~~~~~~~~~ 06-17
25101508;27052085g;25095845;19091300313;28032007;11101801;170;946 ~~~~~~~~~~~~~~~~~~~~~~~~~~~~~~~~~~~~~~ 06-18
26101508;28052085g;26095845;00101300313;29032007;12101801;171;436;460;612;616 ~~~~~~~~~~~~~~~~~~~~~~~~~~ 06-19
27101508;29052085g;27095845;01101300313;30032007;13101801;172;425 ~~~~~~~~~~~~~~~~~~~~~~~~~~~~~~~~~~~~~~ 06-20
28101508;30052085g;28095845;02101300313;31032007;14101801;173;698;380;803;813;461;612 ~~~~~~~~~~~~~~~~~~ 06-21
29101508;01252085g;29095845;03101300313;01042007;15101801;174;932;950;700 ~~~~~~~~~~~~~~~~~~~~~~~~~~~~~~ 06-22
01111508;02252085g;30095845;04101300313;02042007;16101801;175;702;612;616 ~~~~~~~~~~~~~~~~~~~~~~~~~~~~~~ 06-23
02111508;03252085g;01105845;05101300313;03042007;17101801;176;855;870 ~~~~~~~~~~~~~~~~~~~~~~~~~~~~~~~~~~ 06-24
03111508;04252085g;02105845;06101300313;04042007;18101801;177 ~~~~~~~~~~~~~~~~~~~~~~~~~~~~~~~~~~~~~~~~~~ 06-25
04111508;05252085g;03105845;07101300313;05042007;19101801;178;513 ~~~~~~~~~~~~~~~~~~~~~~~~~~~~~~~~~~~~~~ 06-26
05111508;06252085g;04105845;08101300313;06042007;20101801;179;704 ~~~~~~~~~~~~~~~~~~~~~~~~~~~~~~~~~~~~~~ 06-27
06111508;07252085g;05105845;09101300313;07042007;21101801;180 ~~~~~~~~~~~~~~~~~~~~~~~~~~~~~~~~~~~~~~~~~~ 06-28
07111508;08252085g;06105845;10101300313;08042007;22101801;181;703;397;612 ~~~~~~~~~~~~~~~~~~~~~~~~~~~~~~ 06-29
08111508;09252085g;07105845;11101300313;09042007;23101801;182 ~~~~~~~~~~~~~~~~~~~~~~~~~~~~~~~~~~~~~~~~~~ 06-30
09111508;10252085g;08105845;12101300313;10042007;24101801;183;795;612 ~~~~~~~~~~~~~~~~~~~~~~~~~~~~~~~~~~ 07-01
10111508;11252085g;09105845;13101300313;11042007;25101801;184 ~~~~~~~~~~~~~~~~~~~~~~~~~~~~~~~~~~~~~~~~~~ 07-02
11111508;12252085g;10105845;14101300313;12042007;26101801;185;399;432;546;833;612;617 ~~~~~~~~~~~~~~~~~~ 07-03
12111508;13252085g;11105845;15101300313;13042007;27101801;186;373 ~~~~~~~~~~~~~~~~~~~~~~~~~~~~~~~~~~~~~~ 07-04
13111508;14252085g;12105845;16101300313;14042007;28101801;187;406;617 ~~~~~~~~~~~~~~~~~~~~~~~~~~~~~~~~~~ 07-05
14111508;15252085g;13105845;17101300313;15042007;29101801;188;565 ~~~~~~~~~~~~~~~~~~~~~~~~~~~~~~~~~~~~~~ 07-06
15111508;16252085g;14105845;18101300313;16042007;30101801;189;637;705;840;387;531;542;561;948;565 ~~~~~~ 07-07
16111508;17252085g;15105845;19101300313;17042007;01111801;190;514 ~~~~~~~~~~~~~~~~~~~~~~~~~~~~~~~~~~~~~~ 07-08
17111508;18252085g;16105845;00111300313;18042007;02111801;191;707;612;617 ~~~~~~~~~~~~~~~~~~~~~~~~~~~~~~ 07-09
18111508;19252085g;17105845;01111300313;19042007;03111801;192;406 ~~~~~~~~~~~~~~~~~~~~~~~~~~~~~~~~~~~~~~ 07-10
19111508;20252085g;18105845;02111300313;20042007;04111801;193 ~~~~~~~~~~~~~~~~~~~~~~~~~~~~~~~~~~~~~~~~~~ 07-11
20111508;21252085g;19105845;03111300313;21042007;05111801;194;400 ~~~~~~~~~~~~~~~~~~~~~~~~~~~~~~~~~~~~~~ 07-12
21111508;22252085g;20105845;04111300313;22042007;06111801;195;398;617 ~~~~~~~~~~~~~~~~~~~~~~~~~~~~~~~~~~ 07-13
22111508;23252085g;21105845;05111300313;23042007;07111801;196;706 ~~~~~~~~~~~~~~~~~~~~~~~~~~~~~~~~~~~~~~ 07-14
23111508;24252085g;22105845;06111300313;24042007;08111801;197;709;832;400;406 ~~~~~~~~~~~~~~~~~~~~~~~~~~ 07-15
24111508;25252085g;23105845;07111300313;25042007;09111801;198;710 ~~~~~~~~~~~~~~~~~~~~~~~~~~~~~~~~~~~~~~ 07-16
25111508;26252085g;24105845;08111300313;26042007;10111801;199;878;612;617 ~~~~~~~~~~~~~~~~~~~~~~~~~~~~~~ 07-17
26111508;27252085g;25105845;09111300313;27042007;11111801;200;711;400 ~~~~~~~~~~~~~~~~~~~~~~~~~~~~~~~~~~ 07-18
27111508;28252085g;26105845;10111300313;28042007;12111801;201;631;612 ~~~~~~~~~~~~~~~~~~~~~~~~~~~~~~~~~~ 07-19
28111508;29252085g;27105845;11111300313;29042007;13111801;202;420;406 ~~~~~~~~~~~~~~~~~~~~~~~~~~~~~~~~~~ 07-20
29111508;30252085g;28105845;12111300313;30042007;14111801;203;708;380;400;612;617 ~~~~~~~~~~~~~~~~~~~~~~ 07-21
30111508;01062085g;29105845;13111300313;31042007;15111801;204;714 ~~~~~~~~~~~~~~~~~~~~~~~~~~~~~~~~~~~~~~ 07-22
01121508;02062085g;01115845;14111300313;01052007;16111801;205;612 ~~~~~~~~~~~~~~~~~~~~~~~~~~~~~~~~~~~~~~ 07-23
02121508;03062085g;02115845;15111300313;02052007;17111801;206;513;579 ~~~~~~~~~~~~~~~~~~~~~~~~~~~~~~~~~~ 07-24
03121508;04062085g;03115845;16111300313;03052007;18111801;207;406;617 ~~~~~~~~~~~~~~~~~~~~~~~~~~~~~~~~~~ 07-25
04121508;05062085g;04115845;17111300313;04052007;19111801;208;712;715 ~~~~~~~~~~~~~~~~~~~~~~~~~~~~~~~~~~ 07-26
05121508;06062085g;05115845;18111300313;05052007;20111801;209;716;401;891;612;617 ~~~~~~~~~~~~~~~~~~~~~~ 07-27
06121508;07062085g;06115845;19111300313;06052007;21111801;210;713;411 ~~~~~~~~~~~~~~~~~~~~~~~~~~~~~~~~~~ 07-28
07121508;08062085g;07115845;00121300313;07052007;22111801;211;397;617 ~~~~~~~~~~~~~~~~~~~~~~~~~~~~~~~~~~ 07-29
08121508;09062085g;08115845;01121300313;08052007;23111801;212 ~~~~~~~~~~~~~~~~~~~~~~~~~~~~~~~~~~~~~~~~~~ 07-30
09121508;10062085g;09115845;02121300313;09052007;24111801;213;501;612 ~~~~~~~~~~~~~~~~~~~~~~~~~~~~~~~~~~ 07-31
10121508;11062085g;10115845;03121300313;10052007;25111801;214;500 ~~~~~~~~~~~~~~~~~~~~~~~~~~~~~~~~~~~~~~ 08-01
11121508;12062085g;11115845;04121300313;11052007;26111801;215;926;500;415 ~~~~~~~~~~~~~~~~~~~~~~~~~~~~~~ 08-02
12121508;13062085g;12115845;05121300313;12052007;27111801;216;596;719;938 ~~~~~~~~~~~~~~~~~~~~~~~~~~~~~~ 08-03
13121508;14062085g;13115845;06121300313;13052007;28111801;217;637;720;500;406;412;612 ~~~~~~~~~~~~~~~~~~ 08-04
14121508;15062085g;14115845;07121300313;14052007;29111801;218;717;388;437;556;909;910;925;500 ~~~~~~~~~~ 08-05
15121508;16062085g;15115845;08121300313;15052007;30111801;219;514;612 ~~~~~~~~~~~~~~~~~~~~~~~~~~~~~~~~~~ 08-06
16121508;17062085g;16115845;09121300313;16052007;01121801;220;718 ~~~~~~~~~~~~~~~~~~~~~~~~~~~~~~~~~~~~~~ 08-07
17121508;18062085g;17115845;10121300313;17052007;02121801;221;722;875 ~~~~~~~~~~~~~~~~~~~~~~~~~~~~~~~~~~ 08-08
18121508;19062085g;18115845;11121300313;18052007;03121801;222;841;406;618 ~~~~~~~~~~~~~~~~~~~~~~~~~~~~~~ 08-09
19121508;20062085g;19115845;12121300313;19052007;04121801;223 ~~~~~~~~~~~~~~~~~~~~~~~~~~~~~~~~~~~~~~~~~~ 08-10
20121508;21062085g;20115845;13121300313;20052007;05121801;224;723;819 ~~~~~~~~~~~~~~~~~~~~~~~~~~~~~~~~~~ 08-11
21121508;22062085g;21115845;14121300313;21052007;06121801;225;721;398;883 ~~~~~~~~~~~~~~~~~~~~~~~~~~~~~~ 08-12
22121508;23062085g;22115845;15121300313;22052007;07121801;226 ~~~~~~~~~~~~~~~~~~~~~~~~~~~~~~~~~~~~~~~~~~ 08-13
23121508;24062085g;23115845;16121300313;23052007;08121801;227;612 ~~~~~~~~~~~~~~~~~~~~~~~~~~~~~~~~~~~~~~ 08-14
24121508;25062085g;24115845;17121300313;24052007;09121801;228;503;842 ~~~~~~~~~~~~~~~~~~~~~~~~~~~~~~~~~~ 08-15
25121508;26062085g;25115845;18121300313;25052007;10121801;229;433;838;612 ~~~~~~~~~~~~~~~~~~~~~~~~~~~~~~ 08-16
26121508;27062085g;26115845;19121300313;26052007;11121801;230;618 ~~~~~~~~~~~~~~~~~~~~~~~~~~~~~~~~~~~~~~ 08-17
27121508;28062085g;27115845;00131300313;27052007;12121801;231;724;412;415 ~~~~~~~~~~~~~~~~~~~~~~~~~~~~~~ 08-18
28121508;29062085g;28115845;01131300313;28052007;13121801;232;406 ~~~~~~~~~~~~~~~~~~~~~~~~~~~~~~~~~~~~~~ 08-19
29121508;01072085g;29115845;02131300313;29052007;14121801;233;380;513;928 ~~~~~~~~~~~~~~~~~~~~~~~~~~~~~~ 08-20
01011509;02072085g;30115845;03131300313;30052007;15121801;234;495;618 ~~~~~~~~~~~~~~~~~~~~~~~~~~~~~~~~~~ 08-21
02011509;03072085g;01125845;04131300313;31052007;16121801;235 ~~~~~~~~~~~~~~~~~~~~~~~~~~~~~~~~~~~~~~~~~~ 08-22
03011509;04072085g;02125845;05131300313;01062007;17121801;236;597 ~~~~~~~~~~~~~~~~~~~~~~~~~~~~~~~~~~~~~~ 08-23
04011509;05072085g;03125845;06131300313;02062007;18121801;237;427;550;406 ~~~~~~~~~~~~~~~~~~~~~~~~~~~~~~ 08-24
05011509;06072085g;04125845;07131300313;03062007;19121801;238;725;915;412;618 ~~~~~~~~~~~~~~~~~~~~~~~~~~ 08-25
06011509;07072085g;05125845;08131300313;04062007;20121801;239;428;725;572;415 ~~~~~~~~~~~~~~~~~~~~~~~~~~ 08-26
07011509;08072085g;06125845;09131300313;05062007;21121801;240;796;618 ~~~~~~~~~~~~~~~~~~~~~~~~~~~~~~~~~~ 08-27
08011509;09072085g;07125845;10131300313;06062007;22121801;241;594;397;908 ~~~~~~~~~~~~~~~~~~~~~~~~~~~~~~ 08-28
09011509;10072085g;08125845;11131300313;07062007;23121801;242;595 ~~~~~~~~~~~~~~~~~~~~~~~~~~~~~~~~~~~~~~ 08-29
10011509;11072085g;09125845;12131300313;08062007;24121801;243;498 ~~~~~~~~~~~~~~~~~~~~~~~~~~~~~~~~~~~~~~ 08-30
11011509;12072085g;10125845;13131300313;09062007;25121801;244;596;903 ~~~~~~~~~~~~~~~~~~~~~~~~~~~~~~~~~~ 08-31
12011509;13072085g;11125845;14131300313;10062007;26121801;245;429;637;728;612 ~~~~~~~~~~~~~~~~~~~~~~~~~~ 09-01
13011509;14072085g;12125845;15131300313;11062007;27121801;246;430;897;567 ~~~~~~~~~~~~~~~~~~~~~~~~~~~~~~ 09-02
14011509;15072085g;13125845;16131300313;12062007;28121801;247;434;389;514;520;534;551;567;406;415 ~~~~~~ 09-03
15011509;16072085g;14125845;17131300313;13062007;29121801;248;435;907 ~~~~~~~~~~~~~~~~~~~~~~~~~~~~~~~~~~ 09-04
16011509;17072085g;15125845;18131300313;14062007;30121801;249;612 ~~~~~~~~~~~~~~~~~~~~~~~~~~~~~~~~~~~~~~ 09-05
17011509;18072085g;16125845;19131300313;15062007;01131801;250;496 ~~~~~~~~~~~~~~~~~~~~~~~~~~~~~~~~~~~~~~ 09-06
18011509;19072085g;17125845;00141300313;16062007;02131801;251;727 ~~~~~~~~~~~~~~~~~~~~~~~~~~~~~~~~~~~~~~ 09-07
19011509;20072085g;18125845;01141300313;17062007;03131801;252;412;421;496 ~~~~~~~~~~~~~~~~~~~~~~~~~~~~~~ 09-08
20011509;21072085g;19125845;02141300313;18062007;04131801;253;455;845;612 ~~~~~~~~~~~~~~~~~~~~~~~~~~~~~~ 09-09
21011509;22072085g;20125845;03141300313;19062007;05131801;254;729;846;398 ~~~~~~~~~~~~~~~~~~~~~~~~~~~~~~ 09-10
22011509;23072085g;21125845;04141300313;20062007;01011802;255;612 ~~~~~~~~~~~~~~~~~~~~~~~~~~~~~~~~~~~~~~ 09-11
23011509;24072085g;22125845;05141300313;21062007;02011802;256;847 ~~~~~~~~~~~~~~~~~~~~~~~~~~~~~~~~~~~~~~ 09-12
24011509;25072085g;23125845;06141300313;22062007;03011802;257;730;726;406;619 ~~~~~~~~~~~~~~~~~~~~~~~~~~ 09-13
25011509;26072085g;24125845;07141300313;23062007;04011802;258;869 ~~~~~~~~~~~~~~~~~~~~~~~~~~~~~~~~~~~~~~ 09-14
26011509;27072085g;25125845;08141300313;24062007;05011802;259;735;374;820;412;612;619 ~~~~~~~~~~~~~~~~~~ 09-15
27011509;28072085g;26125845;09141300313;25062007;06011802;260;731;513;496 ~~~~~~~~~~~~~~~~~~~~~~~~~~~~~~ 09-16
28011509;29072085g;27125845;10141300313;26062007;07011802;261;612 ~~~~~~~~~~~~~~~~~~~~~~~~~~~~~~~~~~~~~~ 09-17
29011509;30072085g;28125845;11141300313;27062007;08011802;262;732;380;920;406;496 ~~~~~~~~~~~~~~~~~~~~~~ 09-18
30011509;01082085g;29125845;12141300313;28062007;09011802;263;497;521;415;612;619;848 ~~~~~~~~~~~~~~~~~~ 09-19
01021509;02082085g;01015846;13141300313;29062007;10011802;264;733;895;521 ~~~~~~~~~~~~~~~~~~~~~~~~~~~~~~ 09-20
02021509;03082085g;02015846;14141300313;30062007;11011802;265;734;462;521;612;848 ~~~~~~~~~~~~~~~~~~~~~~ 09-21
03021509;04082085g;03015846;15141300313;31062007;12011802;266;739;423;412 ~~~~~~~~~~~~~~~~~~~~~~~~~~~~~~ 09-22
04021509;05082085g;04015846;16141300313;01072007;13011802;267;740;463;848 ~~~~~~~~~~~~~~~~~~~~~~~~~~~~~~ 09-23
05021509;06082085g;05015846;17141300313;02072007;14011802;268;736 ~~~~~~~~~~~~~~~~~~~~~~~~~~~~~~~~~~~~~~ 09-24
06021509;07082085g;06015846;18141300313;03072007;15011802;269;737;612;619;848 ~~~~~~~~~~~~~~~~~~~~~~~~~~ 09-25
07021509;08082085g;07015846;19141300313;04072007;16011802;270;742;790;397;864;918 ~~~~~~~~~~~~~~~~~~~~~~ 09-26
08021509;09082085g;08015846;00151300313;05072007;17011802;271;741;790;548;885;919 ~~~~~~~~~~~~~~~~~~~~~~ 09-27
09021509;10082085g;09015846;01151300313;06072007;18011802;272;596;738;790;549;560;406 ~~~~~~~~~~~~~~~~~~ 09-28
10021509;11082085g;10015846;02151300313;07072007;19011802;273;743;790;432;899;527;412;619;848 ~~~~~~~~~~ 09-29
11021509;12082085g;11015846;03151300313;08072007;20011802;274;790;554;853 ~~~~~~~~~~~~~~~~~~~~~~~~~~~~~~ 09-30
12021509;13082085g;12015846;04151300313;09072007;21011802;275;744;790;514;853;612;848 ~~~~~~~~~~~~~~~~~~ 10-01
13021509;14082085g;13015846;05151300313;10072007;22011802;276;745;790;856;882;922;853 ~~~~~~~~~~~~~~~~~~ 10-02
14021509;15082085g;14015846;06151300313;11072007;23011802;277;746;391;390;532;570;406;620 ~~~~~~~~~~~~~~ 10-03
15021509;16082085g;15015846;07151300313;12072007;24011802;278;747;523 ~~~~~~~~~~~~~~~~~~~~~~~~~~~~~~~~~~ 10-04
16021509;17082085g;16015846;08151300313;13072007;25011802;279;748;523;415;848 ~~~~~~~~~~~~~~~~~~~~~~~~~~ 10-05
17021509;18082085g;17015846;09151300313;14072007;26011802;280;637;861;881;523;412 ~~~~~~~~~~~~~~~~~~~~~~ 10-06
18021509;19082085g;18015846;10151300313;15072007;27011802;281;749;523;612;848 ~~~~~~~~~~~~~~~~~~~~~~~~~~ 10-07
19021509;20082085g;19015846;11151300313;16072007;28011802;282;751;523;406 ~~~~~~~~~~~~~~~~~~~~~~~~~~~~~~ 10-08
20021509;21082085g;20015846;12151300313;17072007;29011802;283;791;866;844;523;848 ~~~~~~~~~~~~~~~~~~~~~~ 10-09
21021509;22082085g;21015846;13151300313;18072007;30011802;284;752;398;367;499;523 ~~~~~~~~~~~~~~~~~~~~~~ 10-10
22021509;23082085g;22015846;14151300313;19072007;01021802;285;753;368;524;620 ~~~~~~~~~~~~~~~~~~~~~~~~~~ 10-11
23021509;24082085g;23015846;15151300313;20072007;02021802;286;525 ~~~~~~~~~~~~~~~~~~~~~~~~~~~~~~~~~~~~~~ 10-12
24021509;25082085g;24015846;16151300313;21072007;03021802;287;754;467;406;412;612;620;848 ~~~~~~~~~~~~~~ 10-13
25021509;26082085g;25015846;17151300313;22072007;04021802;288;750;513;558;911 ~~~~~~~~~~~~~~~~~~~~~~~~~~ 10-14
26021509;27082085g;26015846;18151300313;23072007;05021802;289;755;436;612 ~~~~~~~~~~~~~~~~~~~~~~~~~~~~~~ 10-15
27021509;28082085g;27015846;19151300313;24072007;06021802;290;756;779;784;785 ~~~~~~~~~~~~~~~~~~~~~~~~~~ 10-16
28021509;29082085g;28015846;00161300313;25072007;07021802;291;757;780;893;620;574 ~~~~~~~~~~~~~~~~~~~~~~ 10-17
29021509;30082085g;29015846;01161300313;26072007;08021802;292;631;380;781;786;406 ~~~~~~~~~~~~~~~~~~~~~~ 10-18
01031509;01092085g;30015846;02161300313;27072007;09021802;293;782;787;612 ~~~~~~~~~~~~~~~~~~~~~~~~~~~~~~ 10-19
02031509;02092085g;01025846;03161300313;28072007;10021802;294;758;792;535;783;788;784 ~~~~~~~~~~~~~~~~~~ 10-20
03031509;03092085g;02025846;04161300313;29072007;11021802;295;369;785;415;620 ~~~~~~~~~~~~~~~~~~~~~~~~~~ 10-21
04031509;04092085g;03025846;05161300313;30072007;12021802;296;378;786 ~~~~~~~~~~~~~~~~~~~~~~~~~~~~~~~~~~ 10-22
05031509;05092085g;04025846;06161300313;01082007;13021802;297;787;406;612 ~~~~~~~~~~~~~~~~~~~~~~~~~~~~~~ 10-23
06031509;06092085g;05025846;07161300313;02082007;14021802;298;371;543 ~~~~~~~~~~~~~~~~~~~~~~~~~~~~~~~~~~ 10-24
07031509;07092085g;06025846;08161300313;03082007;15021802;299;397;612 ~~~~~~~~~~~~~~~~~~~~~~~~~~~~~~~~~~ 10-25
08031509;08092085g;07025846;09161300313;04082007;16021802;300;849 ~~~~~~~~~~~~~~~~~~~~~~~~~~~~~~~~~~~~~~ 10-26
09031509;09092085g;08025846;10161300313;05082007;17021802;301;759;399;563;412;612 ~~~~~~~~~~~~~~~~~~~~~~ 10-27
10031509;10092085g;09025846;11161300313;06082007;18021802;302;879 ~~~~~~~~~~~~~~~~~~~~~~~~~~~~~~~~~~~~~~ 10-28
11031509;11092085g;10025846;12161300313;07082007;19021802;303;514;547;415;620 ~~~~~~~~~~~~~~~~~~~~~~~~~~ 10-29
12031509;12092085g;11025846;13161300313;08082007;20021802;304;807;934;511;400 ~~~~~~~~~~~~~~~~~~~~~~~~~~ 10-30
13031509;13092085g;12025846;14161300313;09082007;21021802;305;416 ~~~~~~~~~~~~~~~~~~~~~~~~~~~~~~~~~~~~~~ 10-31
14031509;14092085g;13025846;15161300313;10082007;22021802;306;762;394;880 ~~~~~~~~~~~~~~~~~~~~~~~~~~~~~~ 11-01
15031509;15092085g;14025846;16161300313;11082007;23021802;307;431;400;406 ~~~~~~~~~~~~~~~~~~~~~~~~~~~~~~ 11-02
16031509;16092085g;15025846;17161300313;12082007;24021802;308;637;763;412;621 ~~~~~~~~~~~~~~~~~~~~~~~~~~ 11-03
17031509;17092085g;16025846;18161300313;13082007;25021802;309;511 ~~~~~~~~~~~~~~~~~~~~~~~~~~~~~~~~~~~~~~ 11-04
18031509;18092085g;17025846;19161300313;14082007;26021802;310;760;400 ~~~~~~~~~~~~~~~~~~~~~~~~~~~~~~~~~~ 11-05
19031509;19092085g;18025846;00171300313;15082007;27021802;311 ~~~~~~~~~~~~~~~~~~~~~~~~~~~~~~~~~~~~~~~~~~ 11-06
20031509;20092085g;19025846;01171300313;16082007;28021802;312;761;406;421;621 ~~~~~~~~~~~~~~~~~~~~~~~~~~ 11-07
21031509;21092085g;20025846;02171300313;17082007;29021802;313;764;400;612 ~~~~~~~~~~~~~~~~~~~~~~~~~~~~~~ 11-08
22031509;22092085g;21025846;03171300313;18082007;30021802;314;398;876 ~~~~~~~~~~~~~~~~~~~~~~~~~~~~~~~~~~ 11-09
23031509;23092085g;22025846;04171300313;19082007;01031802;315;513;412;612 ~~~~~~~~~~~~~~~~~~~~~~~~~~~~~~ 11-10
24031509;24092085g;23025846;05171300313;20082007;02031802;316;400 ~~~~~~~~~~~~~~~~~~~~~~~~~~~~~~~~~~~~~~ 11-11
25031509;25092085g;24025846;06171300313;21082007;03031802;317;433 ~~~~~~~~~~~~~~~~~~~~~~~~~~~~~~~~~~~~~~ 11-12
26031509;26092085g;25025846;07171300313;22082007;04031802;318;936;621 ~~~~~~~~~~~~~~~~~~~~~~~~~~~~~~~~~~ 11-13
27031509;27092085g;26025846;08171300313;23082007;05031802;319;400 ~~~~~~~~~~~~~~~~~~~~~~~~~~~~~~~~~~~~~~ 11-14
28031509;28092085g;27025846;09171300313;24082007;06031802;320;766;621 ~~~~~~~~~~~~~~~~~~~~~~~~~~~~~~~~~~ 11-15
29031509;29092085g;28025846;10171300313;25082007;07031802;321;401 ~~~~~~~~~~~~~~~~~~~~~~~~~~~~~~~~~~~~~~ 11-16
30031509;01102085g;29025846;11171300313;26082007;08031802;322;767;380;406;412;421;621 ~~~~~~~~~~~~~~~~~~ 11-17
01041509;02102085g;01035846;12171300313;27082007;09031802;323;765;417;865 ~~~~~~~~~~~~~~~~~~~~~~~~~~~~~~ 11-18
02041509;03102085g;02035846;13171300313;28082007;10031802;324;621 ~~~~~~~~~~~~~~~~~~~~~~~~~~~~~~~~~~~~~~ 11-19
03041509;04102085g;03035846;14171300313;29082007;11031802;325;612 ~~~~~~~~~~~~~~~~~~~~~~~~~~~~~~~~~~~~~~ 11-20
04041509;05102085g;04035846;15171300313;30082007;12031802;326;769 ~~~~~~~~~~~~~~~~~~~~~~~~~~~~~~~~~~~~~~ 11-21
05041509;06102085g;05035846;16171300313;01092007;13031802;327;440;944;788;406;612 ~~~~~~~~~~~~~~~~~~~~~~ 11-22
06041509;07102085g;06035846;17171300313;02092007;14031802;328;441 ~~~~~~~~~~~~~~~~~~~~~~~~~~~~~~~~~~~~~~ 11-23
07041509;08102085g;07035846;18171300313;03092007;15031802;329;770;768;397;437 ~~~~~~~~~~~~~~~~~~~~~~~~~~ 11-24
08041509;09102085g;08035846;19171300313;04092007;16031802;330;514;621 ~~~~~~~~~~~~~~~~~~~~~~~~~~~~~~~~~~ 11-25
09041509;10102085g;09035846;00001400313;05092007;17031802;331;442;612 ~~~~~~~~~~~~~~~~~~~~~~~~~~~~~~~~~~ 11-26
10041509;11102085g;10035846;01001400313;06092007;18031802;332;771;557;890;406;418;421 ~~~~~~~~~~~~~~~~~~ 11-27
11041509;12102085g;11035846;02001400313;07092007;19031802;333;772;369 ~~~~~~~~~~~~~~~~~~~~~~~~~~~~~~~~~~ 11-28
12041509;13102085g;12035846;03001400313;08092007;20031802;334;402;621 ~~~~~~~~~~~~~~~~~~~~~~~~~~~~~~~~~~ 11-29
13041509;14102085g;13035846;04001400313;09092007;21031802;335;596;545;612 ~~~~~~~~~~~~~~~~~~~~~~~~~~~~~~ 11-30
14041509;15102085g;14035846;05001400313;10092007;22031802;336;637;775;395;542;887;948;375 ~~~~~~~~~~~~~~ 12-01
15041509;16102085g;15035846;06001400313;11092007;23031802;337;370;589;612 ~~~~~~~~~~~~~~~~~~~~~~~~~~~~~~ 12-02
16041509;17102085g;16035846;07001400313;12092007;24031802;338;408;403;622 ~~~~~~~~~~~~~~~~~~~~~~~~~~~~~~ 12-03
17041509;18102085g;17035846;08001400313;13092007;25031802;339;773;803;612 ~~~~~~~~~~~~~~~~~~~~~~~~~~~~~~ 12-04
18041509;19102085g;18035846;09001400313;14092007;26031802;340;622 ~~~~~~~~~~~~~~~~~~~~~~~~~~~~~~~~~~~~~~ 12-05
19041509;20102085g;19035846;10001400313;15092007;27031802;341;418;612 ~~~~~~~~~~~~~~~~~~~~~~~~~~~~~~~~~~ 12-06
20041509;21102085g;20035846;11001400313;16092007;28031802;342;774;403;406 ~~~~~~~~~~~~~~~~~~~~~~~~~~~~~~ 12-07
21041509;22102085g;21035846;12001400313;17092007;29031802;343;776;398;513;412;612 ~~~~~~~~~~~~~~~~~~~~~~ 12-08
22041509;23102085g;22035846;13001400313;18092007;30031802;344;777;820;590;409 ~~~~~~~~~~~~~~~~~~~~~~~~~~ 12-09
23041509;24102085g;23035846;14001400313;19092007;01041802;345;612 ~~~~~~~~~~~~~~~~~~~~~~~~~~~~~~~~~~~~~~ 12-10
24041509;25102085g;24035846;15001400313;20092007;02041802;346;403 ~~~~~~~~~~~~~~~~~~~~~~~~~~~~~~~~~~~~~~ 12-11
25041509;26102085g;25035846;16001400313;21092007;03041802;347;413;917;516;406;612 ~~~~~~~~~~~~~~~~~~~~~~ 12-12
26041509;27102085g;26035846;17001400313;22092007;04041802;348;516;622 ~~~~~~~~~~~~~~~~~~~~~~~~~~~~~~~~~~ 12-13
27041509;28102085g;27035846;18001400313;23092007;05041802;349;516;612 ~~~~~~~~~~~~~~~~~~~~~~~~~~~~~~~~~~ 12-14
28041509;29102085g;28035846;19001400313;24092007;06041802;350;516;403;622 ~~~~~~~~~~~~~~~~~~~~~~~~~~~~~~ 12-15
29041509;30102085g;29035846;00011400313;25092007;07041802;351;380;950;591;516;612 ~~~~~~~~~~~~~~~~~~~~~~ 12-16
01051509;01112085g;30035846;01011400313;26092007;08041802;352;932;406;421;622 ~~~~~~~~~~~~~~~~~~~~~~~~~~ 12-17
02051509;02112085g;01045846;02011400313;27092007;09041802;353;516;612 ~~~~~~~~~~~~~~~~~~~~~~~~~~~~~~~~~~ 12-18
03051509;03112085g;02045846;03011400313;28092007;10041802;354;516;403 ~~~~~~~~~~~~~~~~~~~~~~~~~~~~~~~~~~ 12-19
04051509;04112085g;03045846;04011400313;29092007;11041802;355;371;514;466;516;612 ~~~~~~~~~~~~~~~~~~~~~~ 12-20
05051509;05112085g;04045846;05011400313;30092007;12041802;356;778;426;409;622 ~~~~~~~~~~~~~~~~~~~~~~~~~~ 12-21
06051509;06112085g;05045846;06011400313;01102007;13041802;357;465;612 ~~~~~~~~~~~~~~~~~~~~~~~~~~~~~~~~~~ 12-22
07051509;07112085g;06045846;07011400313;02102007;14041802;358;397;592;403;622 ~~~~~~~~~~~~~~~~~~~~~~~~~~ 12-23
08051509;08112085g;07045846;08011400313;03102007;15041802;359;418;612 ~~~~~~~~~~~~~~~~~~~~~~~~~~~~~~~~~~ 12-24
09051509;09112085g;08045846;09011400313;04102007;16041802;360 ~~~~~~~~~~~~~~~~~~~~~~~~~~~~~~~~~~~~~~~~~~ 12-25
10051509;10112085g;09045846;10011400313;05102007;17041802;361;432;803;905;612 ~~~~~~~~~~~~~~~~~~~~~~~~~~ 12-26
11051509;11112085g;10045846;11011400313;06102007;18041802;362 ~~~~~~~~~~~~~~~~~~~~~~~~~~~~~~~~~~~~~~~~~~ 12-27
12051509;12112085g;11045846;12011400313;07102007;19041802;363;612 ~~~~~~~~~~~~~~~~~~~~~~~~~~~~~~~~~~~~~~ 12-28
13051509;13112085g;12045846;13011400313;08102007;20041802;364 ~~~~~~~~~~~~~~~~~~~~~~~~~~~~~~~~~~~~~~~~~~ 12-29
14051509;14112085g;13045846;14011400313;09102007;21041802;365;396;396;904 ~~~~~~~~~~~~~~~~~~~~~~~~~~~~~~ 12-30
15051509;15112085g;14045846;15011400313;10102007;22041802;366 ~~~~~~~~~~~~~~~~~~~~~~~~~~~~~~~~~~~~~~~~~~ 12-31
