29061513;01122089k;29245850;15021800313;11102011;23041806;001;611 ~~~~~~~~~~~~~~~~~~~~~~~~~~~~~~~~~~~~~~ 01-01
01071513;02122089k;01255850;16021800313;12102011;24041806;002 ~~~~~~~~~~~~~~~~~~~~~~~~~~~~~~~~~~~~~~~~~~ 01-02
02071513;03122089k;02255850;17021800313;13102011;25041806;003;611 ~~~~~~~~~~~~~~~~~~~~~~~~~~~~~~~~~~~~~~ 01-03
03071513;04122089k;03255850;18021800313;14102011;26041806;004;513 ~~~~~~~~~~~~~~~~~~~~~~~~~~~~~~~~~~~~~~ 01-04
04071513;05122089k;04255850;19021800313;15102011;27041806;005;372;422;611 ~~~~~~~~~~~~~~~~~~~~~~~~~~~~~~ 01-05
05071513;06122089k;05255850;00031800313;16102011;28041806;006 ~~~~~~~~~~~~~~~~~~~~~~~~~~~~~~~~~~~~~~~~~~ 01-06
06071513;07122089k;06255850;01031800313;17102011;29041806;007;637;611 ~~~~~~~~~~~~~~~~~~~~~~~~~~~~~~~~~~ 01-07
07071513;08122089k;07255850;02031800313;18102011;30041806;008;627;397;437;412 ~~~~~~~~~~~~~~~~~~~~~~~~~~ 01-08
08071513;09122089k;08255850;03031800313;19102011;01051806;009;628;611 ~~~~~~~~~~~~~~~~~~~~~~~~~~~~~~~~~~ 01-09
09071513;10122089k;09255850;04031800313;20102011;02051806;010;629 ~~~~~~~~~~~~~~~~~~~~~~~~~~~~~~~~~~~~~~ 01-10
10071513;11122089k;10255850;05031800313;21102011;03051806;011;406;611 ~~~~~~~~~~~~~~~~~~~~~~~~~~~~~~~~~~ 01-11
11071513;12122089k;11255850;06031800313;22102011;04051806;012;905 ~~~~~~~~~~~~~~~~~~~~~~~~~~~~~~~~~~~~~~ 01-12
12071513;13122089k;12255850;07031800313;23102011;05051806;013;611 ~~~~~~~~~~~~~~~~~~~~~~~~~~~~~~~~~~~~~~ 01-13
13071513;14122089k;13255850;08031800313;24102011;06051806;014;626 ~~~~~~~~~~~~~~~~~~~~~~~~~~~~~~~~~~~~~~ 01-14
14071513;15122089k;14255850;09031800313;25102011;07051806;015;625;381;856;864;412;611 ~~~~~~~~~~~~~~~~~~ 01-15
15071513;16122089k;15255850;10031800313;26102011;08051806;016;492;904;406 ~~~~~~~~~~~~~~~~~~~~~~~~~~~~~~ 01-16
16071513;17122089k;16255850;11031800313;27102011;09051806;017;514;611 ~~~~~~~~~~~~~~~~~~~~~~~~~~~~~~~~~~ 01-17
17071513;18122089k;17255850;12031800313;28102011;10051806;018 ~~~~~~~~~~~~~~~~~~~~~~~~~~~~~~~~~~~~~~~~~~ 01-18
18071513;19122089k;18255850;13031800313;29102011;11051806;019;631;916;418;611 ~~~~~~~~~~~~~~~~~~~~~~~~~~ 01-19
19071513;20122089k;19255850;14031800313;30102011;12051806;020 ~~~~~~~~~~~~~~~~~~~~~~~~~~~~~~~~~~~~~~~~~~ 01-20
20071513;21122089k;20255850;15031800313;01112011;13051806;021;630;611 ~~~~~~~~~~~~~~~~~~~~~~~~~~~~~~~~~~ 01-21
21071513;22122089k;21255850;16031800313;02112011;14051806;022;398 ~~~~~~~~~~~~~~~~~~~~~~~~~~~~~~~~~~~~~~ 01-22
22071513;23122089k;22255850;17031800313;03112011;15051806;023;375;611 ~~~~~~~~~~~~~~~~~~~~~~~~~~~~~~~~~~ 01-23
23071513;24122089k;23255850;18031800313;04112011;16051806;024 ~~~~~~~~~~~~~~~~~~~~~~~~~~~~~~~~~~~~~~~~~~ 01-24
24071513;25122089k;24255850;19031800313;05112011;17051806;025;632;611 ~~~~~~~~~~~~~~~~~~~~~~~~~~~~~~~~~~ 01-25
25071513;26122089k;25255850;00041800313;06112011;18051806;026;923 ~~~~~~~~~~~~~~~~~~~~~~~~~~~~~~~~~~~~~~ 01-26
26071513;27122089k;26255850;01041800313;07112011;19051806;027;596;633;611 ~~~~~~~~~~~~~~~~~~~~~~~~~~~~~~ 01-27
27071513;28122089k;27255850;02041800313;08112011;20051806;028;634;509 ~~~~~~~~~~~~~~~~~~~~~~~~~~~~~~~~~~ 01-28
28071513;29122089k;28255850;03041800313;09112011;21051806;029;635;611 ~~~~~~~~~~~~~~~~~~~~~~~~~~~~~~~~~~ 01-29
29071513;01012090l;29255850;04041800313;10112011;22051806;030;636;380;432;888;479;490 ~~~~~~~~~~~~~~~~~~ 01-30
30071513;02012090l;30255850;05041800313;11112011;23051806;031;566;479;490;406;580;611 ~~~~~~~~~~~~~~~~~~ 01-31
01081513;03012090l;01265850;05041800313;12112011;24051806;032;513;566 ~~~~~~~~~~~~~~~~~~~~~~~~~~~~~~~~~~ 02-01
02081513;04012090l;02265850;06041800313;13112011;25051806;033;638;566;612 ~~~~~~~~~~~~~~~~~~~~~~~~~~~~~~ 02-02
03081513;05012090l;03265850;07041800313;14112011;26051806;034;639;413;566;375 ~~~~~~~~~~~~~~~~~~~~~~~~~~ 02-03
04081513;06012090l;04265850;08041800313;15112011;27051806;035;637;640;940;612 ~~~~~~~~~~~~~~~~~~~~~~~~~~ 02-04
05081513;07012090l;05265850;09041800313;16112011;28051806;036 ~~~~~~~~~~~~~~~~~~~~~~~~~~~~~~~~~~~~~~~~~~ 02-05
06081513;08012090l;06265850;10041800313;17112011;29051806;037;612 ~~~~~~~~~~~~~~~~~~~~~~~~~~~~~~~~~~~~~~ 02-06
07081513;09012090l;07265850;11041800313;18112011;30051806;038;397;536;914 ~~~~~~~~~~~~~~~~~~~~~~~~~~~~~~ 02-07
08081513;10012090l;08265850;12041800313;19112011;01061806;039;612 ~~~~~~~~~~~~~~~~~~~~~~~~~~~~~~~~~~~~~~ 02-08
09081513;11012090l;09265850;13041800313;20112011;02061806;040;642 ~~~~~~~~~~~~~~~~~~~~~~~~~~~~~~~~~~~~~~ 02-09
10081513;12012090l;10265850;14041800313;21112011;03061806;041;873;406;612 ~~~~~~~~~~~~~~~~~~~~~~~~~~~~~~ 02-10
11081513;13012090l;11265850;15041800313;22112011;04061806;042;643;554 ~~~~~~~~~~~~~~~~~~~~~~~~~~~~~~~~~~ 02-11
12081513;14012090l;12265850;16041800313;23112011;05061806;043;453;581;612 ~~~~~~~~~~~~~~~~~~~~~~~~~~~~~~ 02-12
13081513;15012090l;13265850;17041800313;24112011;06061806;044;641 ~~~~~~~~~~~~~~~~~~~~~~~~~~~~~~~~~~~~~~ 02-13
14081513;16012090l;14265850;18041800313;25112011;07061806;045;382;514;836;884;512;612 ~~~~~~~~~~~~~~~~~~ 02-14
15081513;17012090l;15265850;19041800313;26112011;08061806;046;406;418 ~~~~~~~~~~~~~~~~~~~~~~~~~~~~~~~~~~ 02-15
16081513;18012090l;16265850;00051800313;27112011;09061806;047;644;612 ~~~~~~~~~~~~~~~~~~~~~~~~~~~~~~~~~~ 02-16
17081513;19012090l;17265850;01051800313;28112011;10061806;048;645;854 ~~~~~~~~~~~~~~~~~~~~~~~~~~~~~~~~~~ 02-17
18081513;20012090l;18265850;02051800313;29112011;11061806;049;854;612 ~~~~~~~~~~~~~~~~~~~~~~~~~~~~~~~~~~ 02-18
19081513;21012090l;19265850;03051800313;30112011;12061806;050 ~~~~~~~~~~~~~~~~~~~~~~~~~~~~~~~~~~~~~~~~~~ 02-19
20081513;22012090l;20265850;04051800313;01122011;13061806;051;450;398;612 ~~~~~~~~~~~~~~~~~~~~~~~~~~~~~~ 02-20
21081513;23012090l;21265850;05051800313;02122011;14061806;052 ~~~~~~~~~~~~~~~~~~~~~~~~~~~~~~~~~~~~~~~~~~ 02-21
22081513;24012090l;22265850;06051800313;03122011;15061806;053;612 ~~~~~~~~~~~~~~~~~~~~~~~~~~~~~~~~~~~~~~ 02-22
23081513;25012090l;23265850;07051800313;04122011;16061806;054;647;648 ~~~~~~~~~~~~~~~~~~~~~~~~~~~~~~~~~~ 02-23
24081513;26012090l;24265850;08051800313;05122011;17061806;055;649;943;612 ~~~~~~~~~~~~~~~~~~~~~~~~~~~~~~ 02-24
25081513;27012090l;25265850;09051800313;06122011;18061806;056;375 ~~~~~~~~~~~~~~~~~~~~~~~~~~~~~~~~~~~~~~ 02-25
26081513;28012090l;26265850;10051800313;07122011;19061806;057;612 ~~~~~~~~~~~~~~~~~~~~~~~~~~~~~~~~~~~~~~ 02-26
27081513;29012090l;27265850;11051800313;08122011;20061806;058;886 ~~~~~~~~~~~~~~~~~~~~~~~~~~~~~~~~~~~~~~ 02-27
28081513;30012090l;28265850;12051800313;09122011;21061806;059;443;646;650;513;612 ~~~~~~~~~~~~~~~~~~~~~~ 02-28
29081513;01022090l;29265850;16051800313;10122011;22061806;061;444;380 ~~~~~~~~~~~~~~~~~~~~~~~~~~~~~~~~~~ 03-01
01091513;02022090l;30265850;17051800313;11122011;23061806;062;653;504;613 ~~~~~~~~~~~~~~~~~~~~~~~~~~~~~~ 03-02
02091513;03022090l;01275850;18051800313;12122011;24061806;063;654 ~~~~~~~~~~~~~~~~~~~~~~~~~~~~~~~~~~~~~~ 03-03
03091513;04022090l;02275850;19051800313;13122011;25061806;064;637;613 ~~~~~~~~~~~~~~~~~~~~~~~~~~~~~~~~~~ 03-04
04091513;05022090l;03275850;00061800313;14122011;26061806;065;655;418;613 ~~~~~~~~~~~~~~~~~~~~~~~~~~~~~~ 03-05
05091513;06022090l;04275850;01061800313;15122011;27061806;066;613 ~~~~~~~~~~~~~~~~~~~~~~~~~~~~~~~~~~~~~~ 03-06
06091513;07022090l;05275850;02061800313;16122011;28061806;067;406;613 ~~~~~~~~~~~~~~~~~~~~~~~~~~~~~~~~~~ 03-07
07091513;08022090l;06275850;03061800313;17122011;29061806;068;376;859;613 ~~~~~~~~~~~~~~~~~~~~~~~~~~~~~~ 03-08
08091513;09022090l;07275850;04061800313;18122011;30061806;069;656;397;613 ~~~~~~~~~~~~~~~~~~~~~~~~~~~~~~ 03-09
09091513;10022090l;08275850;05061800313;19122011;01071806;070;613 ~~~~~~~~~~~~~~~~~~~~~~~~~~~~~~~~~~~~~~ 03-10
10091513;11022090l;09275850;06061800313;20122011;02071806;071;829;613 ~~~~~~~~~~~~~~~~~~~~~~~~~~~~~~~~~~ 03-11
11091513;12022090l;10275850;07061800313;21122011;03071806;072;517;406;505;613 ~~~~~~~~~~~~~~~~~~~~~~~~~~ 03-12
12091513;13022090l;11275850;08061800313;22122011;04071806;073;613 ~~~~~~~~~~~~~~~~~~~~~~~~~~~~~~~~~~~~~~ 03-13
13091513;14022090l;12275850;09061800313;23122011;05071806;074;418;613 ~~~~~~~~~~~~~~~~~~~~~~~~~~~~~~~~~~ 03-14
14091513;15022090l;13275850;10061800313;24122011;06071806;075;383;433;514;544;623;906;949 ~~~~~~~~~~~~~~ 03-15
15091513;16022090l;14275850;11061800313;25122011;07071806;076;658;541;598;519;505;613 ~~~~~~~~~~~~~~~~~~ 03-16
16091513;17022090l;15275850;12061800313;26122011;08071806;077;562;817;406;613 ~~~~~~~~~~~~~~~~~~~~~~~~~~ 03-17
17091513;18022090l;16275850;13061800313;27122011;09071806;078;562;505;613 ~~~~~~~~~~~~~~~~~~~~~~~~~~~~~~ 03-18
18091513;19022090l;17275850;14061800313;28122011;10071806;079;562;466 ~~~~~~~~~~~~~~~~~~~~~~~~~~~~~~~~~~ 03-19
19091513;20022090l;18275850;15061800313;29122011;11071806;080;424;613 ~~~~~~~~~~~~~~~~~~~~~~~~~~~~~~~~~~ 03-20
20091513;21022090l;19275850;16061800313;30122011;12071806;081;657;436;459 ~~~~~~~~~~~~~~~~~~~~~~~~~~~~~~ 03-21
21091513;22022090l;20275850;17061800313;01012012;13071806;082;398;533;924;851;505;613 ~~~~~~~~~~~~~~~~~~ 03-22
22091513;23022090l;21275850;18061800313;02012012;14071806;083;418 ~~~~~~~~~~~~~~~~~~~~~~~~~~~~~~~~~~~~~~ 03-23
23091513;24022090l;22275850;19061800313;03012012;15071806;084;596;505;613 ~~~~~~~~~~~~~~~~~~~~~~~~~~~~~~ 03-24
24091513;25022090l;23275850;00071800313;04012012;16071806;085;613 ~~~~~~~~~~~~~~~~~~~~~~~~~~~~~~~~~~~~~~ 03-25
25091513;26022090l;24275850;01071800313;05012012;17071806;086;900;505;613 ~~~~~~~~~~~~~~~~~~~~~~~~~~~~~~ 03-26
26091513;27022090l;25275850;02071800313;06012012;18071806;087;513;613 ~~~~~~~~~~~~~~~~~~~~~~~~~~~~~~~~~~ 03-27
27091513;28022090l;26275850;03071800313;07012012;19071806;088;659;508;613 ~~~~~~~~~~~~~~~~~~~~~~~~~~~~~~ 03-28
28091513;29022090l;27275850;04071800313;08012012;20071806;089;660;652;399;613 ~~~~~~~~~~~~~~~~~~~~~~~~~~ 03-29
29091513;30022090l;28275850;05071800313;09012012;21071806;090;380;852;613 ~~~~~~~~~~~~~~~~~~~~~~~~~~~~~~ 03-30
30091513;01032090l;29275850;06071800313;10012012;22071806;091;507;929;952;506 ~~~~~~~~~~~~~~~~~~~~~~~~~~ 03-31
01101513;02032090l;01285850;07071800313;11012012;23071806;092;637;661;538;559;935;502;400;406;614 ~~~~~~ 04-01
02101513;03032090l;02285850;08071800313;12012012;24071806;093;662 ~~~~~~~~~~~~~~~~~~~~~~~~~~~~~~~~~~~~~~ 04-02
03101513;04032090l;03285850;09071800313;13012012;25071806;094;651;555;577;614 ~~~~~~~~~~~~~~~~~~~~~~~~~~ 04-03
04101513;05032090l;04285850;10071800313;14012012;26071806;095;830;651;571;614 ~~~~~~~~~~~~~~~~~~~~~~~~~~ 04-04
05101513;06032090l;05285850;11071800313;15012012;27071806;096;663;408;651;614 ~~~~~~~~~~~~~~~~~~~~~~~~~~ 04-05
06101513;07032090l;06285850;12071800313;16012012;28071806;097;945;406;651;614 ~~~~~~~~~~~~~~~~~~~~~~~~~~ 04-06
07101513;08032090l;07285850;13071800313;17012012;29071806;098;397;400;651;614 ~~~~~~~~~~~~~~~~~~~~~~~~~~ 04-07
08101513;09032090l;08285850;14071800313;18012012;30071806;099;576;651 ~~~~~~~~~~~~~~~~~~~~~~~~~~~~~~~~~~ 04-08
09101513;10032090l;09285850;15071800313;19012012;01081806;100;493;933;614 ~~~~~~~~~~~~~~~~~~~~~~~~~~~~~~ 04-09
10101513;11032090l;10285850;16071800313;20012012;02081806;101;877;400 ~~~~~~~~~~~~~~~~~~~~~~~~~~~~~~~~~~ 04-10
11101513;12032090l;11285850;17071800313;21012012;03081806;102;409;614 ~~~~~~~~~~~~~~~~~~~~~~~~~~~~~~~~~~ 04-11
12101513;13032090l;12285850;18071800313;22012012;04081806;103;514 ~~~~~~~~~~~~~~~~~~~~~~~~~~~~~~~~~~~~~~ 04-12
13101513;14032090l;13285850;19071800313;23012012;05081806;104;614 ~~~~~~~~~~~~~~~~~~~~~~~~~~~~~~~~~~~~~~ 04-13
14101513;15032090l;14285850;00081800313;24012012;06081806;105;445;384;539;575 ~~~~~~~~~~~~~~~~~~~~~~~~~~ 04-14
15101513;16032090l;15285850;01081800313;25012012;07081806;106;446;666;515;614 ~~~~~~~~~~~~~~~~~~~~~~~~~~ 04-15
16101513;17032090l;16285850;02081800313;26012012;08081806;107;447;820 ~~~~~~~~~~~~~~~~~~~~~~~~~~~~~~~~~~ 04-16
17101513;18032090l;17285850;03081800313;27012012;09081806;108;448;794;614 ~~~~~~~~~~~~~~~~~~~~~~~~~~~~~~ 04-17
18101513;19032090l;18285850;04081800313;28012012;10081806;109;614 ~~~~~~~~~~~~~~~~~~~~~~~~~~~~~~~~~~~~~~ 04-18
19101513;20032090l;19285850;05081800313;29012012;11081806;110;614 ~~~~~~~~~~~~~~~~~~~~~~~~~~~~~~~~~~~~~~ 04-19
20101513;21032090l;20285850;06081800313;30012012;12081806;111;631;664 ~~~~~~~~~~~~~~~~~~~~~~~~~~~~~~~~~~ 04-20
21101513;22032090l;21285850;07081800313;01022012;13081806;112;665;398;401;614 ~~~~~~~~~~~~~~~~~~~~~~~~~~ 04-21
22101513;23032090l;22285850;08081800313;02022012;14081806;113 ~~~~~~~~~~~~~~~~~~~~~~~~~~~~~~~~~~~~~~~~~~ 04-22
23101513;24032090l;23285850;09081800313;03022012;15081806;114;409;614 ~~~~~~~~~~~~~~~~~~~~~~~~~~~~~~~~~~ 04-23
24101513;25032090l;24285850;10081800313;04022012;16081806;115;513;614 ~~~~~~~~~~~~~~~~~~~~~~~~~~~~~~~~~~ 04-24
25101513;26032090l;25285850;11081800313;05022012;17081806;116;939;614 ~~~~~~~~~~~~~~~~~~~~~~~~~~~~~~~~~~ 04-25
26101513;27032090l;26285850;12081800313;06022012;18081806;117;670;526;406 ~~~~~~~~~~~~~~~~~~~~~~~~~~~~~~ 04-26
27101513;28032090l;27285850;13081800313;07022012;19081806;118;667;614 ~~~~~~~~~~~~~~~~~~~~~~~~~~~~~~~~~~ 04-27
28101513;29032090l;28285850;14081800313;08022012;20081806;119;671;432;835;418;614 ~~~~~~~~~~~~~~~~~~~~~~ 04-28
29101513;30032090l;29285850;15081800313;09022012;21081806;120;668;380;614 ~~~~~~~~~~~~~~~~~~~~~~~~~~~~~~ 04-29
01111513;01042090l;30285850;16081800313;10022012;22081806;121;669 ~~~~~~~~~~~~~~~~~~~~~~~~~~~~~~~~~~~~~~ 04-30
02111513;02042090l;01295850;17081800313;11022012;23081806;122;674;615 ~~~~~~~~~~~~~~~~~~~~~~~~~~~~~~~~~~ 05-01
03111513;03042090l;02295850;18081800313;12022012;24081806;123;675;419;510;902 ~~~~~~~~~~~~~~~~~~~~~~~~~~ 05-02
04111513;04042090l;03295850;19081800313;13022012;25081806;124;676;615 ~~~~~~~~~~~~~~~~~~~~~~~~~~~~~~~~~~ 05-03
05111513;05042090l;04295850;00091800313;14022012;26081806;125;677;528 ~~~~~~~~~~~~~~~~~~~~~~~~~~~~~~~~~~ 05-04
06111513;06042090l;05295850;01091800313;15022012;27081806;126;679;529;409;615 ~~~~~~~~~~~~~~~~~~~~~~~~~~ 05-05
07111513;07042090l;06295850;02091800313;16022012;28081806;127;637;672;397;437;553;406 ~~~~~~~~~~~~~~~~~~ 05-06
08111513;08042090l;07295850;03091800313;17022012;29081806;128;673;868;615 ~~~~~~~~~~~~~~~~~~~~~~~~~~~~~~ 05-07
09111513;09042090l;08295850;04091800313;18022012;30081806;129;682;927 ~~~~~~~~~~~~~~~~~~~~~~~~~~~~~~~~~~ 05-08
10111513;10042090l;09295850;05091800313;19022012;01091806;130;615 ~~~~~~~~~~~~~~~~~~~~~~~~~~~~~~~~~~~~~~ 05-09
11111513;11042090l;10295850;06091800313;20022012;02091806;131;683;514;889 ~~~~~~~~~~~~~~~~~~~~~~~~~~~~~~ 05-10
12111513;12042090l;11295850;07091800313;21022012;03091806;132;409;615 ~~~~~~~~~~~~~~~~~~~~~~~~~~~~~~~~~~ 05-11
13111513;13042090l;12295850;08091800313;22022012;04091806;133;678;894 ~~~~~~~~~~~~~~~~~~~~~~~~~~~~~~~~~~ 05-12
14111513;14042090l;13295850;09091800313;23022012;05091806;134;681;680;385;537;937;615 ~~~~~~~~~~~~~~~~~~ 05-13
15111513;15042090l;14295850;10091800313;24022012;06091806;135;451;892 ~~~~~~~~~~~~~~~~~~~~~~~~~~~~~~~~~~ 05-14
16111513;16042090l;15295850;11091800313;25022012;07091806;136;615 ~~~~~~~~~~~~~~~~~~~~~~~~~~~~~~~~~~~~~~ 05-15
17111513;17042090l;16295850;12091800313;26022012;08091806;137 ~~~~~~~~~~~~~~~~~~~~~~~~~~~~~~~~~~~~~~~~~~ 05-16
18111513;18042090l;17295850;13091800313;27022012;09091806;138;685;409;615 ~~~~~~~~~~~~~~~~~~~~~~~~~~~~~~ 05-17
19111513;19042090l;18295850;14091800313;28022012;10091806;139;797;518 ~~~~~~~~~~~~~~~~~~~~~~~~~~~~~~~~~~ 05-18
20111513;20042090l;19295850;15091800313;29022012;11091806;140;686;573;615 ~~~~~~~~~~~~~~~~~~~~~~~~~~~~~~ 05-19
21111513;21042090l;20295850;16091800313;30022012;12091806;141;687;810;817;820;573 ~~~~~~~~~~~~~~~~~~~~~~ 05-20
22111513;22042090l;21295850;17091800313;31022012;13091806;142;684;398;573;615 ~~~~~~~~~~~~~~~~~~~~~~~~~~ 05-21
23111513;23042090l;22295850;18091800313;01032012;14091806;143;789;513;818 ~~~~~~~~~~~~~~~~~~~~~~~~~~~~~~ 05-22
24111513;24042090l;23295850;19091800313;02032012;15091806;144;798;615 ~~~~~~~~~~~~~~~~~~~~~~~~~~~~~~~~~~ 05-23
25111513;25042090l;24295850;00101800313;03032012;16091806;145;811 ~~~~~~~~~~~~~~~~~~~~~~~~~~~~~~~~~~~~~~ 05-24
26111513;26042090l;25295850;01101800313;04032012;17091806;146;494;530;615 ~~~~~~~~~~~~~~~~~~~~~~~~~~~~~~ 05-25
27111513;27042090l;26295850;02101800313;05032012;18091806;147;689 ~~~~~~~~~~~~~~~~~~~~~~~~~~~~~~~~~~~~~~ 05-26
28111513;28042090l;27295850;03101800313;06032012;19091806;148;439;615 ~~~~~~~~~~~~~~~~~~~~~~~~~~~~~~~~~~ 05-27
29111513;29042090l;28295850;04101800313;07032012;20091806;149;439;942;624 ~~~~~~~~~~~~~~~~~~~~~~~~~~~~~~ 05-28
30111513;01052090l;29295850;05101800313;08032012;21091806;150;438;380;921;624;409;615 ~~~~~~~~~~~~~~~~~~ 05-29
01121513;02052090l;01305850;06101800313;09032012;22091806;151;624 ~~~~~~~~~~~~~~~~~~~~~~~~~~~~~~~~~~~~~~ 05-30
02121513;03052090l;02305850;07101800313;10032012;23091806;152;688;624;615 ~~~~~~~~~~~~~~~~~~~~~~~~~~~~~~ 05-31
03121513;04052090l;03305850;08101800313;11032012;24091806;153;624 ~~~~~~~~~~~~~~~~~~~~~~~~~~~~~~~~~~~~~~ 06-01
04121513;05052090l;04305850;09101800313;12032012;25091806;154;692;694;564;624;616 ~~~~~~~~~~~~~~~~~~~~~~ 06-02
05121513;06052090l;05305850;10101800313;13032012;26091806;155;637;693;624;616 ~~~~~~~~~~~~~~~~~~~~~~~~~~ 06-03
06121513;07052090l;06305850;11101800313;14032012;27091806;156;449;690;397;514;522;409;616 ~~~~~~~~~~~~~~ 06-04
07121513;08052090l;07305850;12101800313;15032012;28091806;157;457;406;605 ~~~~~~~~~~~~~~~~~~~~~~~~~~~~~~ 06-05
08121513;09052090l;08305850;13101800313;16032012;29091806;158;616 ~~~~~~~~~~~~~~~~~~~~~~~~~~~~~~~~~~~~~~ 06-06
09121513;10052090l;09305850;14101800313;17032012;30091806;159;691;552;501 ~~~~~~~~~~~~~~~~~~~~~~~~~~~~~~ 06-07
10121513;11052090l;10305850;15101800313;18032012;01101806;160;896;500;616 ~~~~~~~~~~~~~~~~~~~~~~~~~~~~~~ 06-08
11121513;12052090l;11305850;16101800313;19032012;02101806;161;500;616 ~~~~~~~~~~~~~~~~~~~~~~~~~~~~~~~~~~ 06-09
12121513;13052090l;12305850;17101800313;20032012;03101806;162;697;799;406;409;616 ~~~~~~~~~~~~~~~~~~~~~~ 06-10
13121513;14052090l;13305850;18101800313;21032012;04101806;163;695;386;433;941;500;569 ~~~~~~~~~~~~~~~~~~ 06-11
14121513;15052090l;14305850;19101800313;22032012;05101806;164;874;500;569;616 ~~~~~~~~~~~~~~~~~~~~~~~~~~ 06-12
15121513;16052090l;15305850;00111800313;23032012;06101806;165;696 ~~~~~~~~~~~~~~~~~~~~~~~~~~~~~~~~~~~~~~ 06-13
16121513;17052090l;16305850;01111800313;24032012;07101806;166;616 ~~~~~~~~~~~~~~~~~~~~~~~~~~~~~~~~~~~~~~ 06-14
17121513;18052090l;17305850;02111800313;25032012;08101806;167;698;406 ~~~~~~~~~~~~~~~~~~~~~~~~~~~~~~~~~~ 06-15
18121513;19052090l;18305850;03111800313;26032012;09101806;168;596;701;699;841;409;616 ~~~~~~~~~~~~~~~~~~ 06-16
19121513;20052090l;19305850;04111800313;27032012;10101806;169 ~~~~~~~~~~~~~~~~~~~~~~~~~~~~~~~~~~~~~~~~~~ 06-17
20121513;21052090l;20305850;05111800313;28032012;11101806;170;452;452;616 ~~~~~~~~~~~~~~~~~~~~~~~~~~~~~~ 06-18
21121513;22052090l;21305850;06111800313;29032012;12101806;171;398;414;513;616 ~~~~~~~~~~~~~~~~~~~~~~~~~~ 06-19
22121513;23052090l;22305850;07111800313;30032012;13101806;172;460;406;616 ~~~~~~~~~~~~~~~~~~~~~~~~~~~~~~ 06-20
23121513;24052090l;23305850;08111800313;31032012;14101806;173;425;616 ~~~~~~~~~~~~~~~~~~~~~~~~~~~~~~~~~~ 06-21
24121513;25052090l;24305850;09111800313;01042012;15101806;174;461;842;409;616 ~~~~~~~~~~~~~~~~~~~~~~~~~~ 06-22
25121513;26052090l;25305850;10111800313;02042012;16101806;175;946;700 ~~~~~~~~~~~~~~~~~~~~~~~~~~~~~~~~~~ 06-23
26121513;27052090l;26305850;11111800313;03042012;17101806;176;702;616 ~~~~~~~~~~~~~~~~~~~~~~~~~~~~~~~~~~ 06-24
27121513;28052090l;27305850;12111800313;04042012;18101806;177;406;616 ~~~~~~~~~~~~~~~~~~~~~~~~~~~~~~~~~~ 06-25
28121513;29052090l;28305850;13111800313;05042012;19101806;178;616 ~~~~~~~~~~~~~~~~~~~~~~~~~~~~~~~~~~~~~~ 06-26
29121513;30052090l;29305850;14111800313;06042012;20101806;179;380 ~~~~~~~~~~~~~~~~~~~~~~~~~~~~~~~~~~~~~~ 06-27
30121513;01062090l;30305850;15111800313;07042012;21101806;180;704;409;616 ~~~~~~~~~~~~~~~~~~~~~~~~~~~~~~ 06-28
01011514;02062090l;01315850;16111800313;08042012;22101806;181;870;495;616 ~~~~~~~~~~~~~~~~~~~~~~~~~~~~~~ 06-29
02011514;03062090l;02315850;17111800313;09042012;23101806;182;703;514;833;616 ~~~~~~~~~~~~~~~~~~~~~~~~~~ 06-30
03011514;04062090l;03315850;18111800313;10042012;24101806;183;637;705;840;496 ~~~~~~~~~~~~~~~~~~~~~~~~~~ 07-01
04011514;05062090l;04315850;19111800313;11042012;25101806;184;795;617 ~~~~~~~~~~~~~~~~~~~~~~~~~~~~~~~~~~ 07-02
05011514;06062090l;05315850;00121800313;12042012;26101806;185;496 ~~~~~~~~~~~~~~~~~~~~~~~~~~~~~~~~~~~~~~ 07-03
06011514;07062090l;06315850;01121800313;13042012;27101806;186;397;373;617 ~~~~~~~~~~~~~~~~~~~~~~~~~~~~~~ 07-04
07011514;08062090l;07315850;02121800313;14042012;28101806;187;406 ~~~~~~~~~~~~~~~~~~~~~~~~~~~~~~~~~~~~~~ 07-05
08011514;09062090l;08315850;03121800313;15042012;29101806;188;617 ~~~~~~~~~~~~~~~~~~~~~~~~~~~~~~~~~~~~~~ 07-06
09011514;10062090l;09315850;04121800313;16042012;30101806;189;546;565;617 ~~~~~~~~~~~~~~~~~~~~~~~~~~~~~~ 07-07
10011514;11062090l;10315850;05121800313;17042012;01111806;190;706;498;565;617 ~~~~~~~~~~~~~~~~~~~~~~~~~~ 07-08
11011514;12062090l;11315850;06121800313;18042012;02111806;191;496;617 ~~~~~~~~~~~~~~~~~~~~~~~~~~~~~~~~~~ 07-09
12011514;13062090l;12315850;07121800313;19042012;03111806;192;707;406;409;617 ~~~~~~~~~~~~~~~~~~~~~~~~~~ 07-10
13011514;14062090l;13315850;08121800313;20042012;04111806;193;387;531;561 ~~~~~~~~~~~~~~~~~~~~~~~~~~~~~~ 07-11
14011514;15062090l;14315850;09121800313;21042012;05111806;194;617 ~~~~~~~~~~~~~~~~~~~~~~~~~~~~~~~~~~~~~~ 07-12
15011514;16062090l;15315850;10121800313;22042012;06111806;195;415;617 ~~~~~~~~~~~~~~~~~~~~~~~~~~~~~~~~~~ 07-13
16011514;17062090l;16315850;11121800313;23042012;07111806;196;617 ~~~~~~~~~~~~~~~~~~~~~~~~~~~~~~~~~~~~~~ 07-14
17011514;18062090l;17315850;12121800313;24042012;08111806;197;708;617 ~~~~~~~~~~~~~~~~~~~~~~~~~~~~~~~~~~ 07-15
18011514;19062090l;18315850;13121800313;25042012;09111806;198;709;513;409;617 ~~~~~~~~~~~~~~~~~~~~~~~~~~ 07-16
19011514;20062090l;19315850;14121800313;26042012;10111806;199;710;815;617 ~~~~~~~~~~~~~~~~~~~~~~~~~~~~~~ 07-17
20011514;21062090l;20315850;15121800313;27042012;11111806;200;436;617 ~~~~~~~~~~~~~~~~~~~~~~~~~~~~~~~~~~ 07-18
21011514;22062090l;21315850;16121800313;28042012;12111806;201;711;398;617 ~~~~~~~~~~~~~~~~~~~~~~~~~~~~~~ 07-19
22011514;23062090l;22315850;17121800313;29042012;13111806;202;631;821;617 ~~~~~~~~~~~~~~~~~~~~~~~~~~~~~~ 07-20
23011514;24062090l;23315850;18121800313;30042012;14111806;203;617 ~~~~~~~~~~~~~~~~~~~~~~~~~~~~~~~~~~~~~~ 07-21
24011514;25062090l;24315850;19121800313;31042012;15111806;204;713;617 ~~~~~~~~~~~~~~~~~~~~~~~~~~~~~~~~~~ 07-22
25011514;26062090l;25315850;00131800313;01052012;16111806;205;714;878;617 ~~~~~~~~~~~~~~~~~~~~~~~~~~~~~~ 07-23
26011514;27062090l;26315850;01131800313;02052012;17111806;206;617 ~~~~~~~~~~~~~~~~~~~~~~~~~~~~~~~~~~~~~~ 07-24
27011514;28062090l;27315850;02131800313;03052012;18111806;207;420;432;406;617 ~~~~~~~~~~~~~~~~~~~~~~~~~~ 07-25
28011514;29062090l;28315850;03131800313;04052012;19111806;208;380;866;617 ~~~~~~~~~~~~~~~~~~~~~~~~~~~~~~ 07-26
29011514;01072090l;29315850;04131800313;05052012;20111806;209;712;715;617 ~~~~~~~~~~~~~~~~~~~~~~~~~~~~~~ 07-27
30011514;02072090l;01325850;05131800313;06052012;21111806;210;716;514;497;617 ~~~~~~~~~~~~~~~~~~~~~~~~~~ 07-28
01021514;03072090l;02325850;06131800313;07052012;22111806;211;579 ~~~~~~~~~~~~~~~~~~~~~~~~~~~~~~~~~~~~~~ 07-29
02021514;04072090l;03325850;07131800313;08052012;23111806;212;406;617 ~~~~~~~~~~~~~~~~~~~~~~~~~~~~~~~~~~ 07-30
03021514;05072090l;04325850;08131800313;09052012;24111806;213;891 ~~~~~~~~~~~~~~~~~~~~~~~~~~~~~~~~~~~~~~ 07-31
04021514;06072090l;05325850;09131800313;10052012;25111806;214;718;399;618 ~~~~~~~~~~~~~~~~~~~~~~~~~~~~~~ 08-01
05021514;07072090l;06325850;10131800313;11052012;26111806;215;397;572 ~~~~~~~~~~~~~~~~~~~~~~~~~~~~~~~~~~ 08-02
06021514;08072090l;07325850;11131800313;12052012;27111806;216;618 ~~~~~~~~~~~~~~~~~~~~~~~~~~~~~~~~~~~~~~ 08-03
07021514;09072090l;08325850;12131800313;13052012;28111806;217;719;938;421 ~~~~~~~~~~~~~~~~~~~~~~~~~~~~~~ 08-04
08021514;10072090l;09325850;13131800313;14052012;29111806;218;637;720;618 ~~~~~~~~~~~~~~~~~~~~~~~~~~~~~~ 08-05
09021514;11072090l;10325850;14131800313;15052012;30111806;219;717;410;926;415 ~~~~~~~~~~~~~~~~~~~~~~~~~~ 08-06
10021514;12072090l;11325850;15131800313;16052012;01121806;220;400;618 ~~~~~~~~~~~~~~~~~~~~~~~~~~~~~~~~~~ 08-07
11021514;13072090l;12325850;16131800313;17052012;02121806;221 ~~~~~~~~~~~~~~~~~~~~~~~~~~~~~~~~~~~~~~~~~~ 08-08
12021514;14072090l;13325850;17131800313;18052012;03121806;222;722;388;567;618 ~~~~~~~~~~~~~~~~~~~~~~~~~~ 08-09
13021514;15072090l;14325850;18131800313;19052012;04121806;223;556;909;910;925;567;400 ~~~~~~~~~~~~~~~~~~ 08-10
14021514;16072090l;15325850;19131800313;20052012;05121806;224;618 ~~~~~~~~~~~~~~~~~~~~~~~~~~~~~~~~~~~~~~ 08-11
15021514;17072090l;16325850;00141800313;21052012;06121806;225;723 ~~~~~~~~~~~~~~~~~~~~~~~~~~~~~~~~~~~~~~ 08-12
16021514;18072090l;17325850;01141800313;22052012;07121806;226;721;513;875;400;618 ~~~~~~~~~~~~~~~~~~~~~~ 08-13
17021514;19072090l;18325850;02141800313;23052012;08121806;227 ~~~~~~~~~~~~~~~~~~~~~~~~~~~~~~~~~~~~~~~~~~ 08-14
18021514;20072090l;19325850;03141800313;24052012;09121806;228;618 ~~~~~~~~~~~~~~~~~~~~~~~~~~~~~~~~~~~~~~ 08-15
19021514;21072090l;20325850;04141800313;25052012;10121806;229;400 ~~~~~~~~~~~~~~~~~~~~~~~~~~~~~~~~~~~~~~ 08-16
20021514;22072090l;21325850;05141800313;26052012;11121806;230;844;618 ~~~~~~~~~~~~~~~~~~~~~~~~~~~~~~~~~~ 08-17
21021514;23072090l;22325850;06141800313;27052012;12121806;231;398;883 ~~~~~~~~~~~~~~~~~~~~~~~~~~~~~~~~~~ 08-18
22021514;24072090l;23325850;07141800313;28052012;13121806;232;724;400;618 ~~~~~~~~~~~~~~~~~~~~~~~~~~~~~~ 08-19
23021514;25072090l;24325850;08141800313;29052012;14121806;233 ~~~~~~~~~~~~~~~~~~~~~~~~~~~~~~~~~~~~~~~~~~ 08-20
24021514;26072090l;25325850;09141800313;30052012;15121806;234;503;618 ~~~~~~~~~~~~~~~~~~~~~~~~~~~~~~~~~~ 08-21
25021514;27072090l;26325850;10141800313;31052012;16121806;235;400 ~~~~~~~~~~~~~~~~~~~~~~~~~~~~~~~~~~~~~~ 08-22
26021514;28072090l;27325850;11141800313;01062012;17121806;236;618 ~~~~~~~~~~~~~~~~~~~~~~~~~~~~~~~~~~~~~~ 08-23
27021514;29072090l;28325850;12141800313;02062012;18121806;237;421 ~~~~~~~~~~~~~~~~~~~~~~~~~~~~~~~~~~~~~~ 08-24
28021514;01082090l;29325850;13141800313;03062012;19121806;238;427;380;401;618 ~~~~~~~~~~~~~~~~~~~~~~~~~~ 08-25
29021514;02082090l;30325850;14141800313;04062012;20121806;239;725;514 ~~~~~~~~~~~~~~~~~~~~~~~~~~~~~~~~~~ 08-26
01031514;03082090l;01335850;15141800313;05062012;21121806;240;428;725;597;618 ~~~~~~~~~~~~~~~~~~~~~~~~~~ 08-27
02031514;04082090l;02335850;16141800313;06062012;22121806;241;796;550;864 ~~~~~~~~~~~~~~~~~~~~~~~~~~~~~~ 08-28
03031514;05082090l;03335850;17141800313;07062012;23121806;242;594;915;406;618 ~~~~~~~~~~~~~~~~~~~~~~~~~~ 08-29
04031514;06082090l;04335850;18141800313;08062012;24121806;243;595;415 ~~~~~~~~~~~~~~~~~~~~~~~~~~~~~~~~~~ 08-30
05031514;07082090l;05335850;19141800313;09062012;25121806;244;397;618 ~~~~~~~~~~~~~~~~~~~~~~~~~~~~~~~~~~ 08-31
06031514;08082090l;06335850;00151800313;10062012;26121806;245;596;727;437;908 ~~~~~~~~~~~~~~~~~~~~~~~~~~ 09-01
07031514;09082090l;07335850;01151800313;11062012;27121806;246;429;637;728;865;619 ~~~~~~~~~~~~~~~~~~~~~~ 09-02
08031514;10082090l;08335850;02151800313;12062012;28121806;247;430;406 ~~~~~~~~~~~~~~~~~~~~~~~~~~~~~~~~~~ 09-03
09031514;11082090l;09335850;03151800313;13062012;29121806;248;434;903;619 ~~~~~~~~~~~~~~~~~~~~~~~~~~~~~~ 09-04
10031514;12082090l;10335850;04151800313;14062012;30121806;249;435;821;838;619 ~~~~~~~~~~~~~~~~~~~~~~~~~~ 09-05
11031514;13082090l;11335850;05151800313;15062012;01131806;250;897;619 ~~~~~~~~~~~~~~~~~~~~~~~~~~~~~~~~~~ 09-06
12031514;14082090l;12335850;06151800313;16062012;02131806;251;433;520;551;511;415 ~~~~~~~~~~~~~~~~~~~~~~ 09-07
13031514;15082090l;13335850;07151800313;17062012;03131806;252;389;534;949;570;843;619 ~~~~~~~~~~~~~~~~~~ 09-08
14031514;16082090l;14335850;08151800313;18062012;04131806;253;513;541;907 ~~~~~~~~~~~~~~~~~~~~~~~~~~~~~~ 09-09
15031514;17082090l;15335850;09151800313;19062012;05131806;254;455;845;619 ~~~~~~~~~~~~~~~~~~~~~~~~~~~~~~ 09-10
16031514;18082090l;16335850;10151800313;20062012;01011807;255;729;846 ~~~~~~~~~~~~~~~~~~~~~~~~~~~~~~~~~~ 09-11
17031514;19082090l;17335850;11151800313;21062012;02011807;256;847;511;619 ~~~~~~~~~~~~~~~~~~~~~~~~~~~~~~ 09-12
18031514;20082090l;18335850;12151800313;22062012;03011807;257;726;402;406;421;619 ~~~~~~~~~~~~~~~~~~~~~~ 09-13
19031514;21082090l;19335850;13151800313;23062012;04011807;258;730;619 ~~~~~~~~~~~~~~~~~~~~~~~~~~~~~~~~~~ 09-14
20031514;22082090l;20335850;14151800313;24062012;05011807;259;734;619 ~~~~~~~~~~~~~~~~~~~~~~~~~~~~~~~~~~ 09-15
21031514;23082090l;21335850;15151800313;25062012;06011807;260;735;398;619 ~~~~~~~~~~~~~~~~~~~~~~~~~~~~~~ 09-16
22031514;24082090l;22335850;16151800313;26062012;07011807;261;731;403 ~~~~~~~~~~~~~~~~~~~~~~~~~~~~~~~~~~ 09-17
23031514;25082090l;23335850;17151800313;27062012;08011807;262;406;619 ~~~~~~~~~~~~~~~~~~~~~~~~~~~~~~~~~~ 09-18
24031514;26082090l;24335850;18151800313;28062012;09011807;263;732 ~~~~~~~~~~~~~~~~~~~~~~~~~~~~~~~~~~~~~~ 09-19
25031514;27082090l;25335850;19151800313;29062012;10011807;264;869;619 ~~~~~~~~~~~~~~~~~~~~~~~~~~~~~~~~~~ 09-20
26031514;28082090l;26335850;00161800313;30062012;11011807;265;733;462;403 ~~~~~~~~~~~~~~~~~~~~~~~~~~~~~~ 09-21
27031514;29082090l;27335850;01161800313;31062012;12011807;266;738;423;619 ~~~~~~~~~~~~~~~~~~~~~~~~~~~~~~ 09-22
28031514;30082090l;28335850;02161800313;01072012;13011807;267;739;380;514;920;930;953;463;406;619 ~~~~~~ 09-23
29031514;01282090l;29335850;03161800313;02072012;14011807;268;740;895;521;619 ~~~~~~~~~~~~~~~~~~~~~~~~~~ 09-24
30031514;02282090l;01015851;04161800313;03072012;15011807;269;736;521;403;619 ~~~~~~~~~~~~~~~~~~~~~~~~~~ 09-25
01041514;03282090l;02015851;05161800313;04072012;16011807;270;737;521;619 ~~~~~~~~~~~~~~~~~~~~~~~~~~~~~~ 09-26
02041514;04282090l;03015851;06161800313;05072012;17011807;271;742;790;848 ~~~~~~~~~~~~~~~~~~~~~~~~~~~~~~ 09-27
03041514;05282090l;04015851;07161800313;06072012;18011807;272;741;790;406;619 ~~~~~~~~~~~~~~~~~~~~~~~~~~ 09-28
04041514;06282090l;05015851;08161800313;07072012;19011807;273;596;790;403;619;848 ~~~~~~~~~~~~~~~~~~~~~~ 09-29
05041514;07282090l;06015851;09161800313;08072012;20011807;274;743;790;397;548;918;853;619 ~~~~~~~~~~~~~~ 09-30
06041514;08282090l;07015851;10161800313;09072012;21011807;275;790;885;919;853;415;848 ~~~~~~~~~~~~~~~~~~ 10-01
07041514;09282090l;08015851;11161800313;10072012;22011807;276;744;790;853;620 ~~~~~~~~~~~~~~~~~~~~~~~~~~ 10-02
08041514;10282090l;09015851;12161800313;11072012;23011807;277;745;790;549;560;403;406;421 ~~~~~~~~~~~~~~ 10-03
09041514;11282090l;10015851;13161800313;12072012;24011807;278;746;899;527;620 ~~~~~~~~~~~~~~~~~~~~~~~~~~ 10-04
10041514;12282090l;11015851;14161800313;13072012;25011807;279;747;620;848 ~~~~~~~~~~~~~~~~~~~~~~~~~~~~~~ 10-05
11041514;13282090l;12015851;15161800313;14072012;26011807;280;748;513;620 ~~~~~~~~~~~~~~~~~~~~~~~~~~~~~~ 10-06
12041514;14282090l;13015851;16161800313;15072012;27011807;281;637;411;882;922;403;848 ~~~~~~~~~~~~~~~~~~ 10-07
13041514;15282090l;14015851;17161800313;16072012;28011807;282;750;749;393;390;532;406;620 ~~~~~~~~~~~~~~ 10-08
14041514;16282090l;15015851;18161800313;17072012;29011807;283;751;523;620 ~~~~~~~~~~~~~~~~~~~~~~~~~~~~~~ 10-09
15041514;17282090l;16015851;19161800313;18072012;30011807;284;791;523;620 ~~~~~~~~~~~~~~~~~~~~~~~~~~~~~~ 10-10
16041514;18282090l;17015851;00171800313;19072012;01021807;285;752;367;523;403;848 ~~~~~~~~~~~~~~~~~~~~~~ 10-11
17041514;19282090l;18015851;01171800313;20072012;02021807;286;753;368;881;523;620 ~~~~~~~~~~~~~~~~~~~~~~ 10-12
18041514;20282090l;19015851;02171800313;21072012;03021807;287;523;406;421;620 ~~~~~~~~~~~~~~~~~~~~~~~~~~ 10-13
19041514;21282090l;20015851;03171800313;22072012;04021807;288;754;523;412;620 ~~~~~~~~~~~~~~~~~~~~~~~~~~ 10-14
20041514;22282090l;21015851;04171800313;23072012;05021807;289;523;403;620 ~~~~~~~~~~~~~~~~~~~~~~~~~~~~~~ 10-15
21041514;23282090l;22015851;05171800313;24072012;06021807;290;755;398;499;524;620 ~~~~~~~~~~~~~~~~~~~~~~ 10-16
22041514;24282090l;23015851;06171800313;25072012;07021807;291;756;525;620 ~~~~~~~~~~~~~~~~~~~~~~~~~~~~~~ 10-17
23041514;25282090l;24015851;07171800313;26072012;08021807;292;757;467;620 ~~~~~~~~~~~~~~~~~~~~~~~~~~~~~~ 10-18
24041514;26282090l;25015851;08171800313;27072012;09021807;293;631;911 ~~~~~~~~~~~~~~~~~~~~~~~~~~~~~~~~~~ 10-19
25041514;27282090l;26015851;09171800313;28072012;10021807;294;792;558;779;784;784;620 ~~~~~~~~~~~~~~~~~~ 10-20
26041514;28282090l;27015851;10171800313;29072012;11021807;295;758;432;514;780;785;785;620 ~~~~~~~~~~~~~~ 10-21
27041514;29282090l;28015851;11171800313;30072012;12021807;296;380;369;781;786;893;786;620 ~~~~~~~~~~~~~~ 10-22
28041514;01092090l;29015851;12171800313;01082012;13021807;297;782;787;787;403;406 ~~~~~~~~~~~~~~~~~~~~~~ 10-23
29041514;02092090l;30015851;13171800313;02082012;14021807;298;535;783;788;620 ~~~~~~~~~~~~~~~~~~~~~~~~~~ 10-24
01051514;03092090l;01025851;14171800313;03082012;15021807;299;371;404;415 ~~~~~~~~~~~~~~~~~~~~~~~~~~~~~~ 10-25
02051514;04092090l;02025851;15171800313;04082012;16021807;300;620 ~~~~~~~~~~~~~~~~~~~~~~~~~~~~~~~~~~~~~~ 10-26
03051514;05092090l;03025851;16171800313;05082012;17021807;301;849;620 ~~~~~~~~~~~~~~~~~~~~~~~~~~~~~~~~~~ 10-27
04051514;06092090l;04025851;17171800313;06082012;18021807;302;759;543;406;620 ~~~~~~~~~~~~~~~~~~~~~~~~~~ 10-28
05051514;07092090l;05025851;18171800313;07082012;19021807;303;397;374;620 ~~~~~~~~~~~~~~~~~~~~~~~~~~~~~~ 10-29
06051514;08092090l;06025851;19171800313;08082012;20021807;304;620 ~~~~~~~~~~~~~~~~~~~~~~~~~~~~~~~~~~~~~~ 10-30
07051514;09092090l;07025851;00001900313;09082012;21021807;305;563 ~~~~~~~~~~~~~~~~~~~~~~~~~~~~~~~~~~~~~~ 10-31
08051514;10092090l;08025851;01001900313;10082012;22021807;306;761;813;879;621 ~~~~~~~~~~~~~~~~~~~~~~~~~~ 11-01
09051514;11092090l;09025851;02001900313;11082012;23021807;307;762;547;406 ~~~~~~~~~~~~~~~~~~~~~~~~~~~~~~ 11-02
10051514;12092090l;10025851;03001900313;12082012;24021807;308;513;934;621 ~~~~~~~~~~~~~~~~~~~~~~~~~~~~~~ 11-03
11051514;13092090l;11025851;04001900313;13082012;25021807;309;637;763;431 ~~~~~~~~~~~~~~~~~~~~~~~~~~~~~~ 11-04
12051514;14092090l;12025851;05001900313;14082012;26021807;310;621 ~~~~~~~~~~~~~~~~~~~~~~~~~~~~~~~~~~~~~~ 11-05
13051514;15092090l;13025851;06001900313;15082012;27021807;311;760 ~~~~~~~~~~~~~~~~~~~~~~~~~~~~~~~~~~~~~~ 11-06
14051514;16092090l;14025851;07001900313;16082012;28021807;312;850;394;880;406;621 ~~~~~~~~~~~~~~~~~~~~~~ 11-07
15051514;17092090l;15025851;08001900313;17082012;29021807;313 ~~~~~~~~~~~~~~~~~~~~~~~~~~~~~~~~~~~~~~~~~~ 11-08
16051514;18092090l;16025851;09001900313;18082012;30021807;314;764;865;621 ~~~~~~~~~~~~~~~~~~~~~~~~~~~~~~ 11-09
17051514;19092090l;17025851;10001900313;19082012;01031807;315 ~~~~~~~~~~~~~~~~~~~~~~~~~~~~~~~~~~~~~~~~~~ 11-10
18051514;20092090l;18025851;11001900313;20082012;02031807;316;621 ~~~~~~~~~~~~~~~~~~~~~~~~~~~~~~~~~~~~~~ 11-11
19051514;21092090l;19025851;12001900313;21082012;03031807;317;436;406;421 ~~~~~~~~~~~~~~~~~~~~~~~~~~~~~~ 11-12
20051514;22092090l;20025851;13001900313;22082012;04031807;318;621 ~~~~~~~~~~~~~~~~~~~~~~~~~~~~~~~~~~~~~~ 11-13
21051514;23092090l;21025851;14001900313;23082012;05031807;319;398;876 ~~~~~~~~~~~~~~~~~~~~~~~~~~~~~~~~~~ 11-14
22051514;24092090l;22025851;15001900313;24082012;06031807;320;621 ~~~~~~~~~~~~~~~~~~~~~~~~~~~~~~~~~~~~~~ 11-15
23051514;25092090l;23025851;16001900313;25082012;07031807;321;766 ~~~~~~~~~~~~~~~~~~~~~~~~~~~~~~~~~~~~~~ 11-16
24051514;26092090l;24025851;17001900313;26082012;08031807;322;936;406;621 ~~~~~~~~~~~~~~~~~~~~~~~~~~~~~~ 11-17
25051514;27092090l;25025851;18001900313;27082012;09031807;323;767;554;412;415 ~~~~~~~~~~~~~~~~~~~~~~~~~~ 11-18
26051514;28092090l;26025851;19001900313;28082012;10031807;324;765;514;621 ~~~~~~~~~~~~~~~~~~~~~~~~~~~~~~ 11-19
27051514;29092090l;27025851;00011900313;29082012;11031807;325;416;375 ~~~~~~~~~~~~~~~~~~~~~~~~~~~~~~~~~~ 11-20
28051514;01102090l;28025851;01011900313;30082012;12031807;326;380;621 ~~~~~~~~~~~~~~~~~~~~~~~~~~~~~~~~~~ 11-21
29051514;02102090l;29025851;02011900313;01092012;13031807;327;769;399;788;421 ~~~~~~~~~~~~~~~~~~~~~~~~~~ 11-22
30051514;03102090l;01035851;03011900313;02092012;14031807;328;440;621 ~~~~~~~~~~~~~~~~~~~~~~~~~~~~~~~~~~ 11-23
01061514;04102090l;02035851;04011900313;03092012;15031807;329;441 ~~~~~~~~~~~~~~~~~~~~~~~~~~~~~~~~~~~~~~ 11-24
02061514;05102090l;03035851;05011900313;04092012;16031807;330;770;768;400;621 ~~~~~~~~~~~~~~~~~~~~~~~~~~ 11-25
03061514;06102090l;04035851;06011900313;05092012;17031807;331;944 ~~~~~~~~~~~~~~~~~~~~~~~~~~~~~~~~~~~~~~ 11-26
04061514;07102090l;05035851;07011900313;06092012;18031807;332;442;406;621 ~~~~~~~~~~~~~~~~~~~~~~~~~~~~~~ 11-27
05061514;08102090l;06035851;08011900313;07092012;19031807;333;771;397;400 ~~~~~~~~~~~~~~~~~~~~~~~~~~~~~~ 11-28
06061514;09102090l;07035851;09011900313;08092012;20031807;334;772;369;378;417;621 ~~~~~~~~~~~~~~~~~~~~~~ 11-29
07061514;10102090l;08035851;10011900313;09092012;21031807;335;513 ~~~~~~~~~~~~~~~~~~~~~~~~~~~~~~~~~~~~~~ 11-30
08061514;11102090l;09035851;11011900313;10092012;22031807;336;774;622 ~~~~~~~~~~~~~~~~~~~~~~~~~~~~~~~~~~ 12-01
09061514;12102090l;10035851;12011900313;11092012;23031807;337;637;775;370;557;890;406 ~~~~~~~~~~~~~~~~~~ 12-02
10061514;13102090l;11035851;13011900313;12092012;24031807;338;589;622 ~~~~~~~~~~~~~~~~~~~~~~~~~~~~~~~~~~ 12-03
11061514;14102090l;12035851;14011900313;13092012;25031807;339;433;400 ~~~~~~~~~~~~~~~~~~~~~~~~~~~~~~~~~~ 12-04
12061514;15102090l;13035851;15011900313;14092012;26031807;340;773;622 ~~~~~~~~~~~~~~~~~~~~~~~~~~~~~~~~~~ 12-05
13061514;16102090l;14035851;16011900313;15092012;27031807;341;395;545;887 ~~~~~~~~~~~~~~~~~~~~~~~~~~~~~~ 12-06
14061514;17102090l;15035851;17011900313;16092012;28031807;342;406;622 ~~~~~~~~~~~~~~~~~~~~~~~~~~~~~~~~~~ 12-07
15061514;18102090l;16035851;18011900313;17092012;29031807;343 ~~~~~~~~~~~~~~~~~~~~~~~~~~~~~~~~~~~~~~~~~~ 12-08
16061514;19102090l;17035851;19011900313;18092012;30031807;344;776;412;622 ~~~~~~~~~~~~~~~~~~~~~~~~~~~~~~ 12-09
17061514;20102090l;18035851;00021900313;19092012;01041807;345;777;590;400 ~~~~~~~~~~~~~~~~~~~~~~~~~~~~~~ 12-10
18061514;21102090l;19035851;01021900313;20092012;02041807;346;622 ~~~~~~~~~~~~~~~~~~~~~~~~~~~~~~~~~~~~~~ 12-11
19061514;22102090l;20035851;02021900313;21092012;03041807;347;401;375;421 ~~~~~~~~~~~~~~~~~~~~~~~~~~~~~~ 12-12
20061514;23102090l;21035851;03021900313;22092012;04041807;348;398;861;622 ~~~~~~~~~~~~~~~~~~~~~~~~~~~~~~ 12-13
21061514;24102090l;22035851;04021900313;23092012;05041807;349 ~~~~~~~~~~~~~~~~~~~~~~~~~~~~~~~~~~~~~~~~~~ 12-14
22061514;25102090l;23035851;05021900313;24092012;06041807;350;778;867;622 ~~~~~~~~~~~~~~~~~~~~~~~~~~~~~~ 12-15
23061514;26102090l;24035851;06021900313;25092012;07041807;351;514;412 ~~~~~~~~~~~~~~~~~~~~~~~~~~~~~~~~~~ 12-16
24061514;27102090l;25035851;07021900313;26092012;08041807;352;917;591;516;406;622 ~~~~~~~~~~~~~~~~~~~~~~ 12-17
25061514;28102090l;26035851;08021900313;27092012;09041807;353;868;516 ~~~~~~~~~~~~~~~~~~~~~~~~~~~~~~~~~~ 12-18
26061514;29102090l;27035851;09021900313;28092012;10041807;354;516;622 ~~~~~~~~~~~~~~~~~~~~~~~~~~~~~~~~~~ 12-19
27061514;30102090l;28035851;10021900313;29092012;11041807;355;380;371;466;516 ~~~~~~~~~~~~~~~~~~~~~~~~~~ 12-20
28061514;01112090l;29035851;11021900313;30092012;12041807;356;437;426;516;622 ~~~~~~~~~~~~~~~~~~~~~~~~~~ 12-21
29061514;02112090l;01045851;12021900313;01102012;13041807;357;465;516;406 ~~~~~~~~~~~~~~~~~~~~~~~~~~~~~~ 12-22
01071514;03112090l;02045851;13021900313;02102012;14041807;358;516;412;622 ~~~~~~~~~~~~~~~~~~~~~~~~~~~~~~ 12-23
02071514;04112090l;03045851;14021900313;03102012;15041807;359;592;516 ~~~~~~~~~~~~~~~~~~~~~~~~~~~~~~~~~~ 12-24
03071514;05112090l;04045851;15021900313;04102012;16041807;360;622 ~~~~~~~~~~~~~~~~~~~~~~~~~~~~~~~~~~~~~~ 12-25
04071514;06112090l;05045851;16021900313;05102012;17041807;361 ~~~~~~~~~~~~~~~~~~~~~~~~~~~~~~~~~~~~~~~~~~ 12-26
05071514;07112090l;06045851;17021900313;06102012;18041807;362;406;622 ~~~~~~~~~~~~~~~~~~~~~~~~~~~~~~~~~~ 12-27
06071514;08112090l;07045851;18021900313;07102012;19041807;363;397;513 ~~~~~~~~~~~~~~~~~~~~~~~~~~~~~~~~~~ 12-28
07071514;09112090l;08045851;19021900313;08102012;20041807;364;622 ~~~~~~~~~~~~~~~~~~~~~~~~~~~~~~~~~~~~~~ 12-29
08071514;10112090l;09045851;00031900313;09102012;21041807;365 ~~~~~~~~~~~~~~~~~~~~~~~~~~~~~~~~~~~~~~~~~~ 12-30
09071514;11112090l;10045851;01031900313;10102012;22041807;366;622 ~~~~~~~~~~~~~~~~~~~~~~~~~~~~~~~~~~~~~~ 12-31
