24011499;25112075W;25245836;02170300313;11101997;22041792;001;376;611 ~~~~~~~~~~~~~~~~~~~~~~~~~~~~~~~~~~ 01-01
25011499;26112075W;26245836;03170300313;12101997;23041792;002;917 ~~~~~~~~~~~~~~~~~~~~~~~~~~~~~~~~~~~~~~ 01-02
26011499;27112075W;27245836;04170300313;13101997;24041792;003;372;611 ~~~~~~~~~~~~~~~~~~~~~~~~~~~~~~~~~~ 01-03
27011499;28112075W;28245836;05170300313;14101997;25041792;004;637 ~~~~~~~~~~~~~~~~~~~~~~~~~~~~~~~~~~~~~~ 01-04
28011499;29112075W;29245836;06170300313;15101997;26041792;005;611 ~~~~~~~~~~~~~~~~~~~~~~~~~~~~~~~~~~~~~~ 01-05
29011499;01122075W;01255836;07170300313;16101997;27041792;006;380;514;928;930;953 ~~~~~~~~~~~~~~~~~~~~~~ 01-06
30011499;02122075W;02255836;08170300313;17101997;28041792;007;497;400;611 ~~~~~~~~~~~~~~~~~~~~~~~~~~~~~~ 01-07
01021499;03122075W;03255836;09170300313;18101997;29041792;008 ~~~~~~~~~~~~~~~~~~~~~~~~~~~~~~~~~~~~~~~~~~ 01-08
02021499;04122075W;04255836;10170300313;19101997;30041792;009;611 ~~~~~~~~~~~~~~~~~~~~~~~~~~~~~~~~~~~~~~ 01-09
03021499;05122075W;05255836;11170300313;20101997;01051792;010;400 ~~~~~~~~~~~~~~~~~~~~~~~~~~~~~~~~~~~~~~ 01-10
04021499;06122075W;06255836;12170300313;21101997;02051792;011;626;611 ~~~~~~~~~~~~~~~~~~~~~~~~~~~~~~~~~~ 01-11
05021499;07122075W;07255836;13170300313;22101997;03051792;012;627;397;401 ~~~~~~~~~~~~~~~~~~~~~~~~~~~~~~ 01-12
06021499;08122075W;08255836;14170300313;23101997;04051792;013;628;453;611 ~~~~~~~~~~~~~~~~~~~~~~~~~~~~~~ 01-13
07021499;09122075W;09255836;15170300313;24101997;05051792;014;629 ~~~~~~~~~~~~~~~~~~~~~~~~~~~~~~~~~~~~~~ 01-14
08021499;10122075W;10255836;16170300313;25101997;06051792;015;611 ~~~~~~~~~~~~~~~~~~~~~~~~~~~~~~~~~~~~~~ 01-15
09021499;11122075W;11255836;17170300313;26101997;07051792;016;631;905 ~~~~~~~~~~~~~~~~~~~~~~~~~~~~~~~~~~ 01-16
10021499;12122075W;12255836;18170300313;27101997;08051792;017;611 ~~~~~~~~~~~~~~~~~~~~~~~~~~~~~~~~~~~~~~ 01-17
11021499;13122075W;13255836;19170300313;28101997;09051792;018;630 ~~~~~~~~~~~~~~~~~~~~~~~~~~~~~~~~~~~~~~ 01-18
12021499;14122075W;14255836;00000400313;29101997;10051792;019;625;418;611 ~~~~~~~~~~~~~~~~~~~~~~~~~~~~~~ 01-19
13021499;15122075W;15255836;01000400313;30101997;11051792;020;492;381;513;829 ~~~~~~~~~~~~~~~~~~~~~~~~~~ 01-20
14021499;16122075W;16255836;02000400313;01111997;12051792;021;904;611 ~~~~~~~~~~~~~~~~~~~~~~~~~~~~~~~~~~ 01-21
15021499;17122075W;17255836;03000400313;02111997;13051792;022;632 ~~~~~~~~~~~~~~~~~~~~~~~~~~~~~~~~~~~~~~ 01-22
16021499;18122075W;18255836;04000400313;03111997;14051792;023;437;611 ~~~~~~~~~~~~~~~~~~~~~~~~~~~~~~~~~~ 01-23
17021499;19122075W;19255836;05000400313;04111997;15051792;024;916 ~~~~~~~~~~~~~~~~~~~~~~~~~~~~~~~~~~~~~~ 01-24
18021499;20122075W;20255836;06000400313;05111997;16051792;025;634;611 ~~~~~~~~~~~~~~~~~~~~~~~~~~~~~~~~~~ 01-25
19021499;21122075W;21255836;07000400313;06111997;17051792;026;635 ~~~~~~~~~~~~~~~~~~~~~~~~~~~~~~~~~~~~~~ 01-26
20021499;22122075W;22255836;08000400313;07111997;18051792;027;636;844;611 ~~~~~~~~~~~~~~~~~~~~~~~~~~~~~~ 01-27
21021499;23122075W;23255836;09000400313;08111997;19051792;028;398;855;580 ~~~~~~~~~~~~~~~~~~~~~~~~~~~~~~ 01-28
22021499;24122075W;24255836;10000400313;09111997;20051792;029;408;611 ~~~~~~~~~~~~~~~~~~~~~~~~~~~~~~~~~~ 01-29
23021499;25122075W;25255836;11000400313;10111997;21051792;030;824 ~~~~~~~~~~~~~~~~~~~~~~~~~~~~~~~~~~~~~~ 01-30
24021499;26122075W;26255836;12000400313;11111997;22051792;031;633;611 ~~~~~~~~~~~~~~~~~~~~~~~~~~~~~~~~~~ 01-31
25021499;27122075W;27255836;12000400313;12111997;23051792;032;637;640;923 ~~~~~~~~~~~~~~~~~~~~~~~~~~~~~~ 02-01
26021499;28122075W;28255836;13000400313;13111997;24051792;033;612 ~~~~~~~~~~~~~~~~~~~~~~~~~~~~~~~~~~~~~~ 02-02
27021499;29122075W;29255836;14000400313;14111997;25051792;034 ~~~~~~~~~~~~~~~~~~~~~~~~~~~~~~~~~~~~~~~~~~ 02-03
28021499;30122075W;30255836;15000400313;15111997;26051792;035;380;514;888;612 ~~~~~~~~~~~~~~~~~~~~~~~~~~ 02-04
29021499;01012076X;01265836;16000400313;16111997;27051792;036;479;490 ~~~~~~~~~~~~~~~~~~~~~~~~~~~~~~~~~~ 02-05
01031499;02012076X;02265836;17000400313;17111997;28051792;037;638;566;479;490;612 ~~~~~~~~~~~~~~~~~~~~~~ 02-06
02031499;03012076X;03265836;18000400313;18111997;29051792;038;639;566 ~~~~~~~~~~~~~~~~~~~~~~~~~~~~~~~~~~ 02-07
03031499;04012076X;04265836;19000400313;19111997;30051792;039;643;566;612 ~~~~~~~~~~~~~~~~~~~~~~~~~~~~~~ 02-08
04031499;05012076X;05265836;00010400313;20111997;01061792;040;405;940;566;581 ~~~~~~~~~~~~~~~~~~~~~~~~~~ 02-09
05031499;06012076X;06265836;01010400313;21111997;02061792;041;641;612 ~~~~~~~~~~~~~~~~~~~~~~~~~~~~~~~~~~ 02-10
06031499;07012076X;07265836;02010400313;22111997;03061792;042;397;432;536;914 ~~~~~~~~~~~~~~~~~~~~~~~~~~ 02-11
07031499;08012076X;08265836;03010400313;23111997;04061792;043;612 ~~~~~~~~~~~~~~~~~~~~~~~~~~~~~~~~~~~~~~ 02-12
08031499;09012076X;09265836;04010400313;24111997;05061792;044;642 ~~~~~~~~~~~~~~~~~~~~~~~~~~~~~~~~~~~~~~ 02-13
09031499;10012076X;10265836;05010400313;25111997;06061792;045;406;612 ~~~~~~~~~~~~~~~~~~~~~~~~~~~~~~~~~~ 02-14
10031499;11012076X;11265836;06010400313;26111997;07061792;046;873 ~~~~~~~~~~~~~~~~~~~~~~~~~~~~~~~~~~~~~~ 02-15
11031499;12012076X;12265836;07010400313;27111997;08061792;047;409;843;612 ~~~~~~~~~~~~~~~~~~~~~~~~~~~~~~ 02-16
12031499;13012076X;13265836;08010400313;28111997;09061792;048;450;513;511;854 ~~~~~~~~~~~~~~~~~~~~~~~~~~ 02-17
13031499;14012076X;14265836;09010400313;29111997;10061792;049;854;843;612 ~~~~~~~~~~~~~~~~~~~~~~~~~~~~~~ 02-18
14031499;15012076X;15265836;10010400313;30111997;11061792;050;382;884;406 ~~~~~~~~~~~~~~~~~~~~~~~~~~~~~~ 02-19
15031499;16012076X;16265836;11010400313;01121997;12061792;051;644;612 ~~~~~~~~~~~~~~~~~~~~~~~~~~~~~~~~~~ 02-20
16031499;17012076X;17265836;12010400313;02121997;13061792;052;645 ~~~~~~~~~~~~~~~~~~~~~~~~~~~~~~~~~~~~~~ 02-21
17031499;18012076X;18265836;13010400313;03121997;14061792;053;511;409;612 ~~~~~~~~~~~~~~~~~~~~~~~~~~~~~~ 02-22
18031499;19012076X;19265836;14010400313;04121997;15061792;054 ~~~~~~~~~~~~~~~~~~~~~~~~~~~~~~~~~~~~~~~~~~ 02-23
19031499;20012076X;20265836;15010400313;05121997;16061792;055;406;612 ~~~~~~~~~~~~~~~~~~~~~~~~~~~~~~~~~~ 02-24
20031499;21012076X;21265836;16010400313;06121997;17061792;056;646 ~~~~~~~~~~~~~~~~~~~~~~~~~~~~~~~~~~~~~~ 02-25
21031499;22012076X;22265836;17010400313;07121997;18061792;057;612 ~~~~~~~~~~~~~~~~~~~~~~~~~~~~~~~~~~~~~~ 02-26
22031499;23012076X;23265836;18010400313;08121997;19061792;058;647;648;398 ~~~~~~~~~~~~~~~~~~~~~~~~~~~~~~ 02-27
23031499;24012076X;24265836;19010400313;09121997;20061792;059;649;409;612 ~~~~~~~~~~~~~~~~~~~~~~~~~~~~~~ 02-28
24031499;25012076X;25265836;00020400313;10121997;21061792;060;650;406 ~~~~~~~~~~~~~~~~~~~~~~~~~~~~~~~~~~ 02-29
25031499;26012076X;26265836;03020400313;11121997;22061792;061;655;943;613 ~~~~~~~~~~~~~~~~~~~~~~~~~~~~~~ 03-01
26031499;27012076X;27265836;04020400313;12121997;23061792;062 ~~~~~~~~~~~~~~~~~~~~~~~~~~~~~~~~~~~~~~~~~~ 03-02
27031499;28012076X;28265836;05020400313;13121997;24061792;063;443;514;886;613 ~~~~~~~~~~~~~~~~~~~~~~~~~~ 03-03
28031499;29012076X;29265836;06020400313;14121997;25061792;064;444;380 ~~~~~~~~~~~~~~~~~~~~~~~~~~~~~~~~~~ 03-04
29031499;01022076X;30265836;07020400313;15121997;26061792;065;653;406;613 ~~~~~~~~~~~~~~~~~~~~~~~~~~~~~~ 03-05
30031499;02022076X;01275836;08020400313;16121997;27061792;066;654 ~~~~~~~~~~~~~~~~~~~~~~~~~~~~~~~~~~~~~~ 03-06
01041499;03022076X;02275836;09020400313;17121997;28061792;067;637;866;613 ~~~~~~~~~~~~~~~~~~~~~~~~~~~~~~ 03-07
02041499;04022076X;03275836;10020400313;18121997;29061792;068 ~~~~~~~~~~~~~~~~~~~~~~~~~~~~~~~~~~~~~~~~~~ 03-08
03041499;05022076X;04275836;11020400313;19121997;30061792;069;613 ~~~~~~~~~~~~~~~~~~~~~~~~~~~~~~~~~~~~~~ 03-09
04041499;06022076X;05275836;12020400313;20121997;01071792;070 ~~~~~~~~~~~~~~~~~~~~~~~~~~~~~~~~~~~~~~~~~~ 03-10
05041499;07022076X;06275836;13020400313;21121997;02071792;071;409;613 ~~~~~~~~~~~~~~~~~~~~~~~~~~~~~~~~~~ 03-11
06041499;08022076X;07275836;14020400313;22121997;03071792;072;656;397;830 ~~~~~~~~~~~~~~~~~~~~~~~~~~~~~~ 03-12
07041499;09022076X;08275836;15020400313;23121997;04071792;073;868;418;613 ~~~~~~~~~~~~~~~~~~~~~~~~~~~~~~ 03-13
08041499;10022076X;09275836;16020400313;24121997;05071792;074 ~~~~~~~~~~~~~~~~~~~~~~~~~~~~~~~~~~~~~~~~~~ 03-14
09041499;11022076X;10275836;17020400313;25121997;06071792;075;513;406;613 ~~~~~~~~~~~~~~~~~~~~~~~~~~~~~~ 03-15
10041499;12022076X;11275836;18020400313;26121997;07071792;076;517 ~~~~~~~~~~~~~~~~~~~~~~~~~~~~~~~~~~~~~~ 03-16
11041499;13022076X;12275836;19020400313;27121997;08071792;077;657;409;613 ~~~~~~~~~~~~~~~~~~~~~~~~~~~~~~ 03-17
12041499;14022076X;13275836;00030400313;28121997;09071792;078 ~~~~~~~~~~~~~~~~~~~~~~~~~~~~~~~~~~~~~~~~~~ 03-18
13041499;15022076X;14275836;01030400313;29121997;10071792;079;658;857;466;519;613 ~~~~~~~~~~~~~~~~~~~~~~ 03-19
14041499;16022076X;15275836;02030400313;30121997;11071792;080;383;544;623;906;424 ~~~~~~~~~~~~~~~~~~~~~~ 03-20
15041499;17022076X;16275836;03030400313;01011998;12071792;081;598;459;851;613 ~~~~~~~~~~~~~~~~~~~~~~~~~~ 03-21
16041499;18022076X;17275836;04030400313;02011998;13071792;082;562;858;418 ~~~~~~~~~~~~~~~~~~~~~~~~~~~~~~ 03-22
17041499;19022076X;18275836;05030400313;03011998;14071792;083;562;613 ~~~~~~~~~~~~~~~~~~~~~~~~~~~~~~~~~~ 03-23
18041499;20022076X;19275836;06030400313;04011998;15071792;084;659;562 ~~~~~~~~~~~~~~~~~~~~~~~~~~~~~~~~~~ 03-24
19041499;21022076X;20275836;07030400313;05011998;16071792;085;660;406;613 ~~~~~~~~~~~~~~~~~~~~~~~~~~~~~~ 03-25
20041499;22022076X;21275836;08030400313;06011998;17071792;086;433 ~~~~~~~~~~~~~~~~~~~~~~~~~~~~~~~~~~~~~~ 03-26
21041499;23022076X;22275836;09030400313;07011998;18071792;087;398;613 ~~~~~~~~~~~~~~~~~~~~~~~~~~~~~~~~~~ 03-27
22041499;24022076X;23275836;10030400313;08011998;19071792;088;652;533;924 ~~~~~~~~~~~~~~~~~~~~~~~~~~~~~~ 03-28
23041499;25022076X;24275836;11030400313;09011998;20071792;089;457;852;613 ~~~~~~~~~~~~~~~~~~~~~~~~~~~~~~ 03-29
24041499;26022076X;25275836;12030400313;10011998;21071792;090;406 ~~~~~~~~~~~~~~~~~~~~~~~~~~~~~~~~~~~~~~ 03-30
25041499;27022076X;26275836;13030400313;11011998;22071792;091;419;514;900;613 ~~~~~~~~~~~~~~~~~~~~~~~~~~ 03-31
26041499;28022076X;27275836;14030400313;12011998;23071792;092;663 ~~~~~~~~~~~~~~~~~~~~~~~~~~~~~~~~~~~~~~ 04-01
27041499;29022076X;28275836;15030400313;13011998;24071792;093;614 ~~~~~~~~~~~~~~~~~~~~~~~~~~~~~~~~~~~~~~ 04-02
28041499;30022076X;29275836;16030400313;14011998;25071792;094;380 ~~~~~~~~~~~~~~~~~~~~~~~~~~~~~~~~~~~~~~ 04-03
29041499;01032076X;01285836;17030400313;15011998;26071792;095;637;661;436;538;559;935;571;614 ~~~~~~~~~~ 04-04
01051499;02032076X;02285836;18030400313;16011998;27071792;096;662 ~~~~~~~~~~~~~~~~~~~~~~~~~~~~~~~~~~~~~~ 04-05
02051499;03032076X;03285836;19030400313;17011998;28071792;097;651;555;577;614 ~~~~~~~~~~~~~~~~~~~~~~~~~~ 04-06
03051499;04032076X;04285836;00040400313;18011998;29071792;098;411;651 ~~~~~~~~~~~~~~~~~~~~~~~~~~~~~~~~~~ 04-07
04051499;05032076X;05285836;01040400313;19011998;30071792;099;651;614 ~~~~~~~~~~~~~~~~~~~~~~~~~~~~~~~~~~ 04-08
05051499;06032076X;06285836;02040400313;20011998;01081792;100;945;651;406 ~~~~~~~~~~~~~~~~~~~~~~~~~~~~~~ 04-09
06051499;07032076X;07285836;03040400313;21011998;02081792;101;651;614 ~~~~~~~~~~~~~~~~~~~~~~~~~~~~~~~~~~ 04-10
07051499;08032076X;08285836;04040400313;22011998;03081792;102;397;651 ~~~~~~~~~~~~~~~~~~~~~~~~~~~~~~~~~~ 04-11
08051499;09032076X;09285836;05040400313;23011998;04081792;103;493;513;576;865;933;614 ~~~~~~~~~~~~~~~~~~ 04-12
09051499;10032076X;10285836;06040400313;24011998;05081792;104;399 ~~~~~~~~~~~~~~~~~~~~~~~~~~~~~~~~~~~~~~ 04-13
10051499;11032076X;11285836;07040400313;25011998;06081792;105;406;412;614 ~~~~~~~~~~~~~~~~~~~~~~~~~~~~~~ 04-14
11051499;12032076X;12285836;08040400313;26011998;07081792;106;877 ~~~~~~~~~~~~~~~~~~~~~~~~~~~~~~~~~~~~~~ 04-15
12051499;13032076X;13285836;09040400313;27011998;08081792;107;631;664;614 ~~~~~~~~~~~~~~~~~~~~~~~~~~~~~~ 04-16
13051499;14032076X;14285836;10040400313;28011998;09081792;108;445;665 ~~~~~~~~~~~~~~~~~~~~~~~~~~~~~~~~~~ 04-17
14051499;15032076X;15285836;11040400313;29011998;10081792;109;446;666;384;515;614 ~~~~~~~~~~~~~~~~~~~~~~ 04-18
15051499;16032076X;16285836;12040400313;30011998;11081792;110;447;539;575 ~~~~~~~~~~~~~~~~~~~~~~~~~~~~~~ 04-19
16051499;17032076X;17285836;13040400313;31011998;12081792;111;448;794;614 ~~~~~~~~~~~~~~~~~~~~~~~~~~~~~~ 04-20
17051499;18032076X;18285836;14040400313;01021998;13081792;112 ~~~~~~~~~~~~~~~~~~~~~~~~~~~~~~~~~~~~~~~~~~ 04-21
18051499;19032076X;19285836;15040400313;02021998;14081792;113;414;400;409;614 ~~~~~~~~~~~~~~~~~~~~~~~~~~ 04-22
19051499;20032076X;20285836;16040400313;03021998;15081792;114;667;803 ~~~~~~~~~~~~~~~~~~~~~~~~~~~~~~~~~~ 04-23
20051499;21032076X;21285836;17040400313;04021998;16081792;115;671;614 ~~~~~~~~~~~~~~~~~~~~~~~~~~~~~~~~~~ 04-24
21051499;22032076X;22285836;18040400313;05021998;17081792;116;668;398;400 ~~~~~~~~~~~~~~~~~~~~~~~~~~~~~~ 04-25
22051499;23032076X;23285836;19040400313;06021998;18081792;117;669;514;624;614 ~~~~~~~~~~~~~~~~~~~~~~~~~~ 04-26
23051499;24032076X;24285836;00050400313;07021998;19081792;118;402;624 ~~~~~~~~~~~~~~~~~~~~~~~~~~~~~~~~~~ 04-27
24051499;25032076X;25285836;01050400313;08021998;20081792;119;624;400;409;412;614 ~~~~~~~~~~~~~~~~~~~~~~ 04-28
25051499;26032076X;26285836;02050400313;09021998;21081792;120;670;407;526;939;624 ~~~~~~~~~~~~~~~~~~~~~~ 04-29
26051499;27032076X;27285836;03050400313;10021998;22081792;121;624;614 ~~~~~~~~~~~~~~~~~~~~~~~~~~~~~~~~~~ 04-30
27051499;28032076X;28285836;04050400313;11021998;23081792;122;679;624;403 ~~~~~~~~~~~~~~~~~~~~~~~~~~~~~~ 05-01
28051499;29032076X;29285836;05050400313;12021998;24081792;123;637;672;380;624;615 ~~~~~~~~~~~~~~~~~~~~~~ 05-02
29051499;01042076X;30285836;06050400313;13021998;25081792;124;673;615 ~~~~~~~~~~~~~~~~~~~~~~~~~~~~~~~~~~ 05-03
30051499;02042076X;01295836;07050400313;14021998;26081792;125;674;400;615 ~~~~~~~~~~~~~~~~~~~~~~~~~~~~~~ 05-04
01061499;03042076X;02295836;08050400313;15021998;27081792;126;675;902;403;615 ~~~~~~~~~~~~~~~~~~~~~~~~~~ 05-05
02061499;04042076X;03295836;09050400313;16021998;28081792;127;676;510;615 ~~~~~~~~~~~~~~~~~~~~~~~~~~~~~~ 05-06
03061499;05042076X;04295836;10050400313;17021998;29081792;128;677;401;528 ~~~~~~~~~~~~~~~~~~~~~~~~~~~~~~ 05-07
04061499;06042076X;05295836;11050400313;18021998;30081792;129;678;529;415;615 ~~~~~~~~~~~~~~~~~~~~~~~~~~ 05-08
05061499;07042076X;06295836;12050400313;19021998;01091792;130;681;680;432;403 ~~~~~~~~~~~~~~~~~~~~~~~~~~ 05-09
06061499;08042076X;07295836;13050400313;20021998;02091792;131;451;397;513;553;615 ~~~~~~~~~~~~~~~~~~~~~~ 05-10
07061499;09042076X;08295836;14050400313;21021998;03091792;132;682 ~~~~~~~~~~~~~~~~~~~~~~~~~~~~~~~~~~~~~~ 05-11
08061499;10042076X;09295836;15050400313;22021998;04091792;133;927;412;615 ~~~~~~~~~~~~~~~~~~~~~~~~~~~~~~ 05-12
09061499;11042076X;10295836;16050400313;23021998;05091792;134;683;615 ~~~~~~~~~~~~~~~~~~~~~~~~~~~~~~~~~~ 05-13
10061499;12042076X;11295836;17050400313;24021998;06091792;135;889;615 ~~~~~~~~~~~~~~~~~~~~~~~~~~~~~~~~~~ 05-14
11061499;13042076X;12295836;18050400313;25021998;07091792;136;686;573 ~~~~~~~~~~~~~~~~~~~~~~~~~~~~~~~~~~ 05-15
12061499;14042076X;13295836;19050400313;26021998;08091792;137;687;573;409;415;615 ~~~~~~~~~~~~~~~~~~~~~~ 05-16
13061499;15042076X;14295836;00060400313;27021998;09091792;138;684;894;573;403;615 ~~~~~~~~~~~~~~~~~~~~~~ 05-17
14061499;16042076X;15295836;01060400313;28021998;10091792;139;789;385;537;937;615 ~~~~~~~~~~~~~~~~~~~~~~ 05-18
15061499;17042076X;16295836;02060400313;29021998;11091792;140;892;412;615 ~~~~~~~~~~~~~~~~~~~~~~~~~~~~~~ 05-19
16061499;18042076X;17295836;03060400313;30021998;12091792;141;685;615 ~~~~~~~~~~~~~~~~~~~~~~~~~~~~~~~~~~ 05-20
17061499;19042076X;18295836;04060400313;31021998;13091792;142;797;437;518;403;615 ~~~~~~~~~~~~~~~~~~~~~~ 05-21
18061499;20042076X;19295836;05060400313;01031998;14091792;143;689;798;514;818;409;615 ~~~~~~~~~~~~~~~~~~ 05-22
19061499;21042076X;20295836;06060400313;02031998;15091792;144;439;615 ~~~~~~~~~~~~~~~~~~~~~~~~~~~~~~~~~~ 05-23
20061499;22042076X;21295836;07060400313;03031998;16091792;145;439;615 ~~~~~~~~~~~~~~~~~~~~~~~~~~~~~~~~~~ 05-24
21061499;23042076X;22295836;08060400313;04031998;17091792;146;438;398;403;615 ~~~~~~~~~~~~~~~~~~~~~~~~~~ 05-25
22061499;24042076X;23295836;09060400313;05031998;18091792;147;412;615 ~~~~~~~~~~~~~~~~~~~~~~~~~~~~~~~~~~ 05-26
23061499;25042076X;24295836;10060400313;06031998;19091792;148;688 ~~~~~~~~~~~~~~~~~~~~~~~~~~~~~~~~~~~~~~ 05-27
24061499;26042076X;25295836;11060400313;07031998;20091792;149;494;530;615 ~~~~~~~~~~~~~~~~~~~~~~~~~~~~~~ 05-28
25061499;27042076X;26295836;12060400313;08031998;21091792;150;403;615 ~~~~~~~~~~~~~~~~~~~~~~~~~~~~~~~~~~ 05-29
26061499;28042076X;27295836;13060400313;09031998;22091792;151;615 ~~~~~~~~~~~~~~~~~~~~~~~~~~~~~~~~~~~~~~ 05-30
27061499;29042076X;28295836;14060400313;10031998;23091792;152;410 ~~~~~~~~~~~~~~~~~~~~~~~~~~~~~~~~~~~~~~ 05-31
28061499;30042076X;29295836;15060400313;11031998;24091792;153;380;921;929;942;952;415;616;605 ~~~~~~~~~~ 06-01
29061499;01052076X;01305836;16060400313;12031998;25091792;154;694;825;403;412 ~~~~~~~~~~~~~~~~~~~~~~~~~~ 06-02
01071499;02052076X;02305836;17060400313;13031998;26091792;155;691;616 ~~~~~~~~~~~~~~~~~~~~~~~~~~~~~~~~~~ 06-03
02071499;03052076X;03305836;18060400313;14031998;27091792;156 ~~~~~~~~~~~~~~~~~~~~~~~~~~~~~~~~~~~~~~~~~~ 06-04
03071499;04052076X;04305836;19060400313;15031998;28091792;157;692;616 ~~~~~~~~~~~~~~~~~~~~~~~~~~~~~~~~~~ 06-05
04071499;05052076X;05305836;00070400313;16031998;29091792;158;637;693;564 ~~~~~~~~~~~~~~~~~~~~~~~~~~~~~~ 06-06
05071499;06052076X;06305836;01070400313;17031998;30091792;159;449;690;513;522;616 ~~~~~~~~~~~~~~~~~~~~~~ 06-07
06071499;07052076X;07305836;02070400313;18031998;01101792;160;404 ~~~~~~~~~~~~~~~~~~~~~~~~~~~~~~~~~~~~~~ 06-08
07071499;08052076X;08305836;03070400313;19031998;02101792;161;696;397;415;616 ~~~~~~~~~~~~~~~~~~~~~~~~~~ 06-09
08071499;09052076X;09305836;04070400313;20031998;03101792;162;456;569 ~~~~~~~~~~~~~~~~~~~~~~~~~~~~~~~~~~ 06-10
09071499;10052076X;10305836;05070400313;21031998;04101792;163;569;616 ~~~~~~~~~~~~~~~~~~~~~~~~~~~~~~~~~~ 06-11
10071499;11052076X;11305836;06070400313;22031998;05101792;164;596;552 ~~~~~~~~~~~~~~~~~~~~~~~~~~~~~~~~~~ 06-12
11071499;12052076X;12305836;07070400313;23031998;06101792;165;697;799;896;616 ~~~~~~~~~~~~~~~~~~~~~~~~~~ 06-13
12071499;13052076X;13305836;08070400313;24031998;07101792;166;695 ~~~~~~~~~~~~~~~~~~~~~~~~~~~~~~~~~~~~~~ 06-14
13071499;14052076X;14305836;09070400313;25031998;08101792;167;616 ~~~~~~~~~~~~~~~~~~~~~~~~~~~~~~~~~~~~~~ 06-15
14071499;15052076X;15305836;10070400313;26031998;09101792;168;386;861;941 ~~~~~~~~~~~~~~~~~~~~~~~~~~~~~~ 06-16
15071499;16052076X;16305836;11070400313;27031998;10101792;169;541;874;949;616 ~~~~~~~~~~~~~~~~~~~~~~~~~~ 06-17
16071499;17052076X;17305836;12070400313;28031998;11101792;170;698 ~~~~~~~~~~~~~~~~~~~~~~~~~~~~~~~~~~~~~~ 06-18
17071499;18052076X;18305836;13070400313;29031998;12101792;171;701;699;514;460;700;616 ~~~~~~~~~~~~~~~~~~ 06-19
18071499;19052076X;19305836;14070400313;30031998;13101792;172;800;425 ~~~~~~~~~~~~~~~~~~~~~~~~~~~~~~~~~~ 06-20
19071499;20052076X;20305836;15070400313;31031998;14101792;173;452;452;865;461;616 ~~~~~~~~~~~~~~~~~~~~~~ 06-21
20071499;21052076X;21305836;16070400313;01041998;15101792;174;433 ~~~~~~~~~~~~~~~~~~~~~~~~~~~~~~~~~~~~~~ 06-22
21071499;22052076X;22305836;17070400313;02041998;16101792;175;398;412;616 ~~~~~~~~~~~~~~~~~~~~~~~~~~~~~~ 06-23
22071499;23052076X;23305836;18070400313;03041998;17101792;176;704 ~~~~~~~~~~~~~~~~~~~~~~~~~~~~~~~~~~~~~~ 06-24
23071499;24052076X;24305836;19070400313;04041998;18101792;177;415;616 ~~~~~~~~~~~~~~~~~~~~~~~~~~~~~~~~~~ 06-25
24071499;25052076X;25305836;00080400313;05041998;19101792;178;703 ~~~~~~~~~~~~~~~~~~~~~~~~~~~~~~~~~~~~~~ 06-26
25071499;26052076X;26305836;01080400313;06041998;20101792;179;702;946;616 ~~~~~~~~~~~~~~~~~~~~~~~~~~~~~~ 06-27
26071499;27052076X;27305836;02080400313;07041998;21101792;180 ~~~~~~~~~~~~~~~~~~~~~~~~~~~~~~~~~~~~~~~~~~ 06-28
27071499;28052076X;28305836;03080400313;08041998;22101792;181;812;509;616 ~~~~~~~~~~~~~~~~~~~~~~~~~~~~~~ 06-29
28071499;29052076X;29305836;04080400313;09041998;23101792;182 ~~~~~~~~~~~~~~~~~~~~~~~~~~~~~~~~~~~~~~~~~~ 06-30
29071499;01062076X;30305836;05080400313;10041998;24101792;183;380;929;952;617 ~~~~~~~~~~~~~~~~~~~~~~~~~~ 07-01
30071499;02062076X;01315836;06080400313;11041998;25101792;184 ~~~~~~~~~~~~~~~~~~~~~~~~~~~~~~~~~~~~~~~~~~ 07-02
01081499;03062076X;02315836;07080400313;12041998;26101792;185;870;565;617 ~~~~~~~~~~~~~~~~~~~~~~~~~~~~~~ 07-03
02081499;04062076X;03315836;08080400313;13041998;27101792;186;637;705;840;373;513;864;565 ~~~~~~~~~~~~~~ 07-04
03081499;05062076X;04315836;09080400313;14041998;28101792;187;795;617 ~~~~~~~~~~~~~~~~~~~~~~~~~~~~~~~~~~ 07-05
04081499;06062076X;05315836;10080400313;15041998;29101792;188 ~~~~~~~~~~~~~~~~~~~~~~~~~~~~~~~~~~~~~~~~~~ 07-06
05081499;07062076X;06315836;11080400313;16041998;30101792;189;412;617 ~~~~~~~~~~~~~~~~~~~~~~~~~~~~~~~~~~ 07-07
06081499;08062076X;07315836;12080400313;17041998;01111792;190;838 ~~~~~~~~~~~~~~~~~~~~~~~~~~~~~~~~~~~~~~ 07-08
07081499;09062076X;08315836;13080400313;18041998;02111792;191;397;617 ~~~~~~~~~~~~~~~~~~~~~~~~~~~~~~~~~~ 07-09
08081499;10062076X;09315836;14080400313;19041998;03111792;192;420 ~~~~~~~~~~~~~~~~~~~~~~~~~~~~~~~~~~~~~~ 07-10
09081499;11062076X;10315836;15080400313;20041998;04111792;193;706;415;617 ~~~~~~~~~~~~~~~~~~~~~~~~~~~~~~ 07-11
10081499;12062076X;11315836;16080400313;21041998;05111792;194;546 ~~~~~~~~~~~~~~~~~~~~~~~~~~~~~~~~~~~~~~ 07-12
11081499;13062076X;12315836;17080400313;22041998;06111792;195;707;617 ~~~~~~~~~~~~~~~~~~~~~~~~~~~~~~~~~~ 07-13
12081499;14062076X;13315836;18080400313;23041998;07111792;196 ~~~~~~~~~~~~~~~~~~~~~~~~~~~~~~~~~~~~~~~~~~ 07-14
13081499;15062076X;14315836;19080400313;24041998;08111792;197;711;617 ~~~~~~~~~~~~~~~~~~~~~~~~~~~~~~~~~~ 07-15
14081499;16062076X;15315836;00090400313;25041998;09111792;198;631;387;531;561;512 ~~~~~~~~~~~~~~~~~~~~~~ 07-16
15081499;17062076X;16315836;01090400313;26041998;10111792;199;596;514;617 ~~~~~~~~~~~~~~~~~~~~~~~~~~~~~~ 07-17
16081499;18062076X;17315836;02090400313;27041998;11111792;200;708 ~~~~~~~~~~~~~~~~~~~~~~~~~~~~~~~~~~~~~~ 07-18
17081499;19062076X;18315836;03090400313;28041998;12111792;201;709;415;617 ~~~~~~~~~~~~~~~~~~~~~~~~~~~~~~ 07-19
18081499;20062076X;19315836;04090400313;29041998;13111792;202;710 ~~~~~~~~~~~~~~~~~~~~~~~~~~~~~~~~~~~~~~ 07-20
19081499;21062076X;20315836;05090400313;30041998;14111792;203;617 ~~~~~~~~~~~~~~~~~~~~~~~~~~~~~~~~~~~~~~ 07-21
20081499;22062076X;21315836;06090400313;31041998;15111792;204;398 ~~~~~~~~~~~~~~~~~~~~~~~~~~~~~~~~~~~~~~ 07-22
21081499;23062076X;22315836;07090400313;01051998;16111792;205;712;617 ~~~~~~~~~~~~~~~~~~~~~~~~~~~~~~~~~~ 07-23
22081499;24062076X;23315836;08090400313;02051998;17111792;206 ~~~~~~~~~~~~~~~~~~~~~~~~~~~~~~~~~~~~~~~~~~ 07-24
23081499;25062076X;24315836;09090400313;03051998;18111792;207;713;617 ~~~~~~~~~~~~~~~~~~~~~~~~~~~~~~~~~~ 07-25
24081499;26062076X;25315836;10090400313;04051998;19111792;208;714;878 ~~~~~~~~~~~~~~~~~~~~~~~~~~~~~~~~~~ 07-26
25081499;27062076X;26315836;11090400313;05051998;20111792;209;617 ~~~~~~~~~~~~~~~~~~~~~~~~~~~~~~~~~~~~~~ 07-27
26081499;28062076X;27315836;12090400313;06051998;21111792;210;867;412 ~~~~~~~~~~~~~~~~~~~~~~~~~~~~~~~~~~ 07-28
27081499;29062076X;28315836;13090400313;07051998;22111792;211;617 ~~~~~~~~~~~~~~~~~~~~~~~~~~~~~~~~~~~~~~ 07-29
28081499;30062076X;29315836;14090400313;08051998;23111792;212;715;380;421 ~~~~~~~~~~~~~~~~~~~~~~~~~~~~~~ 07-30
29081499;01072076X;01325836;15090400313;09051998;24111792;213;716;617 ~~~~~~~~~~~~~~~~~~~~~~~~~~~~~~~~~~ 07-31
01091499;02072076X;02325836;16090400313;10051998;25111792;214;637;720;374;513;504 ~~~~~~~~~~~~~~~~~~~~~~ 08-01
02091499;03072076X;03325836;17090400313;11051998;26111792;215;717;436;618 ~~~~~~~~~~~~~~~~~~~~~~~~~~~~~~ 08-02
03091499;04072076X;04325836;18090400313;12051998;27111792;216;579;505;618 ~~~~~~~~~~~~~~~~~~~~~~~~~~~~~~ 08-03
04091499;05072076X;05325836;19090400313;13051998;28111792;217;718;412;415;618 ~~~~~~~~~~~~~~~~~~~~~~~~~~ 08-04
05091499;06072076X;06325836;00100400313;14051998;29111792;218;432;891;505 ~~~~~~~~~~~~~~~~~~~~~~~~~~~~~~ 08-05
06091499;07072076X;07325836;01100400313;15051998;30111792;219;572;618 ~~~~~~~~~~~~~~~~~~~~~~~~~~~~~~~~~~ 08-06
07091499;08072076X;08325836;02100400313;16051998;01121792;220;719;397 ~~~~~~~~~~~~~~~~~~~~~~~~~~~~~~~~~~ 08-07
08091499;09072076X;09325836;03100400313;17051998;02121792;221;723;618 ~~~~~~~~~~~~~~~~~~~~~~~~~~~~~~~~~~ 08-08
09091499;10072076X;10325836;04100400313;18051998;03121792;222;721;421;505 ~~~~~~~~~~~~~~~~~~~~~~~~~~~~~~ 08-09
10091499;11072076X;11325836;05100400313;19051998;04121792;223;618 ~~~~~~~~~~~~~~~~~~~~~~~~~~~~~~~~~~~~~~ 08-10
11091499;12072076X;12325836;06100400313;20051998;05121792;224;926;618 ~~~~~~~~~~~~~~~~~~~~~~~~~~~~~~~~~~ 08-11
12091499;13072076X;13325836;07100400313;21051998;06121792;225;722;375;415;618 ~~~~~~~~~~~~~~~~~~~~~~~~~~ 08-12
13091499;14072076X;14325836;08100400313;22051998;07121792;226;567;505 ~~~~~~~~~~~~~~~~~~~~~~~~~~~~~~~~~~ 08-13
14091499;15072076X;15325836;09100400313;23051998;08121792;227;388;514;556;909;910;925;938;567;618 ~~~~~~ 08-14
15091499;16072076X;16325836;10100400313;24051998;09121792;228;724;618 ~~~~~~~~~~~~~~~~~~~~~~~~~~~~~~~~~~ 08-15
16091499;17072076X;17325836;11100400313;25051998;10121792;229;399;618 ~~~~~~~~~~~~~~~~~~~~~~~~~~~~~~~~~~ 08-16
17091499;18072076X;18325836;12100400313;26051998;11121792;230;875;618 ~~~~~~~~~~~~~~~~~~~~~~~~~~~~~~~~~~ 08-17
18091499;19072076X;19325836;13100400313;27051998;12121792;231;412;618 ~~~~~~~~~~~~~~~~~~~~~~~~~~~~~~~~~~ 08-18
19091499;20072076X;20325836;14100400313;28051998;13121792;232;400;421;618 ~~~~~~~~~~~~~~~~~~~~~~~~~~~~~~ 08-19
20091499;21072076X;21325836;15100400313;29051998;14121792;233;618 ~~~~~~~~~~~~~~~~~~~~~~~~~~~~~~~~~~~~~~ 08-20
21091499;22072076X;22325836;16100400313;30051998;15121792;234;398;883 ~~~~~~~~~~~~~~~~~~~~~~~~~~~~~~~~~~ 08-21
22091499;23072076X;23325836;17100400313;31051998;16121792;235;400;618 ~~~~~~~~~~~~~~~~~~~~~~~~~~~~~~~~~~ 08-22
23091499;24072076X;24325836;18100400313;01061998;17121792;236;618 ~~~~~~~~~~~~~~~~~~~~~~~~~~~~~~~~~~~~~~ 08-23
24091499;25072076X;25325836;19100400313;02061998;18121792;237;618 ~~~~~~~~~~~~~~~~~~~~~~~~~~~~~~~~~~~~~~ 08-24
25091499;26072076X;26325836;00110400313;03061998;19121792;238;503;400;412;505;618 ~~~~~~~~~~~~~~~~~~~~~~ 08-25
26091499;27072076X;27325836;01110400313;04061998;20121792;239;413;618 ~~~~~~~~~~~~~~~~~~~~~~~~~~~~~~~~~~ 08-26
27091499;28072076X;28325836;02110400313;05061998;21121792;240;508;618 ~~~~~~~~~~~~~~~~~~~~~~~~~~~~~~~~~~ 08-27
28091499;29072076X;29325836;03110400313;06061998;22121792;241;427;507;513;400;415;618 ~~~~~~~~~~~~~~~~~~ 08-28
29091499;01082076X;30325836;04110400313;07061998;23121792;242;725;380;421;505;618 ~~~~~~~~~~~~~~~~~~~~~~ 08-29
30091499;02082076X;01335836;05110400313;08061998;24121792;243;428;725;506;618 ~~~~~~~~~~~~~~~~~~~~~~~~~~ 08-30
01101499;03082076X;02335836;06110400313;09061998;25121792;244;796;833;502;400 ~~~~~~~~~~~~~~~~~~~~~~~~~~ 08-31
02101499;04082076X;03335836;07110400313;10061998;26121792;245;594;597;619 ~~~~~~~~~~~~~~~~~~~~~~~~~~~~~~ 09-01
03101499;05082076X;04335836;08110400313;11061998;27121792;246;595;550 ~~~~~~~~~~~~~~~~~~~~~~~~~~~~~~~~~~ 09-02
04101499;06082076X;05335836;09110400313;12061998;28121792;247;915;400;619 ~~~~~~~~~~~~~~~~~~~~~~~~~~~~~~ 09-03
05101499;07082076X;06335836;10110400313;13061998;29121792;248;596;727 ~~~~~~~~~~~~~~~~~~~~~~~~~~~~~~~~~~ 09-04
06101499;08082076X;07335836;11110400313;14061998;30121792;249;429;637;728;619 ~~~~~~~~~~~~~~~~~~~~~~~~~~ 09-05
07101499;09082076X;08335836;12110400313;15061998;01131792;250;430;845;397;908;400 ~~~~~~~~~~~~~~~~~~~~~~ 09-06
08101499;10082076X;09335836;13110400313;16061998;02131792;251;434;846;619 ~~~~~~~~~~~~~~~~~~~~~~~~~~~~~~ 09-07
09101499;11082076X;10335836;14110400313;17061998;03131792;252;435;401 ~~~~~~~~~~~~~~~~~~~~~~~~~~~~~~~~~~ 09-08
10101499;12082076X;11335836;15110400313;18061998;04131792;253;903;619 ~~~~~~~~~~~~~~~~~~~~~~~~~~~~~~~~~~ 09-09
11101499;13082076X;12335836;16110400313;19061998;05131792;254;730;897 ~~~~~~~~~~~~~~~~~~~~~~~~~~~~~~~~~~ 09-10
12101499;14082076X;13335836;17110400313;20061998;01011793;255;619 ~~~~~~~~~~~~~~~~~~~~~~~~~~~~~~~~~~~~~~ 09-11
13101499;15082076X;14335836;18110400313;21061998;02011793;256;726;847;389;390;514;520;534;551;570 ~~~~~~ 09-12
14101499;16082076X;15335836;19110400313;22061998;03011793;257;455;907;415;619 ~~~~~~~~~~~~~~~~~~~~~~~~~~ 09-13
15101499;17082076X;16335836;00120400313;23061998;04011793;258;729 ~~~~~~~~~~~~~~~~~~~~~~~~~~~~~~~~~~~~~~ 09-14
16101499;18082076X;17335836;01120400313;24061998;05011793;259;732;437;619 ~~~~~~~~~~~~~~~~~~~~~~~~~~~~~~ 09-15
17101499;19082076X;18335836;02120400313;25061998;06011793;260 ~~~~~~~~~~~~~~~~~~~~~~~~~~~~~~~~~~~~~~~~~~ 09-16
18101499;20082076X;19335836;03120400313;26061998;07011793;261;733;848;619 ~~~~~~~~~~~~~~~~~~~~~~~~~~~~~~ 09-17
19101499;21082076X;20335836;04120400313;27061998;08011793;262;596;734;433;421 ~~~~~~~~~~~~~~~~~~~~~~~~~~ 09-18
20101499;22082076X;21335836;05120400313;28061998;09011793;263;735;398;619 ~~~~~~~~~~~~~~~~~~~~~~~~~~~~~~ 09-19
21101499;23082076X;22335836;06120400313;29061998;10011793;264;731 ~~~~~~~~~~~~~~~~~~~~~~~~~~~~~~~~~~~~~~ 09-20
22101499;24082076X;23335836;07120400313;30061998;11011793;265;462;619;848 ~~~~~~~~~~~~~~~~~~~~~~~~~~~~~~ 09-21
23101499;25082076X;24335836;08120400313;31061998;12011793;266;737;423 ~~~~~~~~~~~~~~~~~~~~~~~~~~~~~~~~~~ 09-22
24101499;26082076X;25335836;09120400313;01071998;13011793;267;416;869;463;619 ~~~~~~~~~~~~~~~~~~~~~~~~~~ 09-23
25101499;27082076X;26335836;10120400313;02071998;14011793;268;741;513 ~~~~~~~~~~~~~~~~~~~~~~~~~~~~~~~~~~ 09-24
26101499;28082076X;27335836;11120400313;03071998;15011793;269;596;738;375;619 ~~~~~~~~~~~~~~~~~~~~~~~~~~ 09-25
27101499;29082076X;28335836;12120400313;04071998;16011793;270;739;743 ~~~~~~~~~~~~~~~~~~~~~~~~~~~~~~~~~~ 09-26
28101499;30082076X;29335836;13120400313;05071998;17011793;271;740;380;920;521;619 ~~~~~~~~~~~~~~~~~~~~~~ 09-27
29101499;01092076X;01015837;14120400313;06071998;18011793;272;736;521;421 ~~~~~~~~~~~~~~~~~~~~~~~~~~~~~~ 09-28
01111499;02092076X;02015837;15120400313;07071998;19011793;273;895;521;619;848 ~~~~~~~~~~~~~~~~~~~~~~~~~~ 09-29
02111499;03092076X;03015837;16120400313;08071998;20011793;274;742;790;853 ~~~~~~~~~~~~~~~~~~~~~~~~~~~~~~ 09-30
03111499;04092076X;04015837;17120400313;09071998;21011793;275;747;790;853;848;620 ~~~~~~~~~~~~~~~~~~~~~~ 10-01
04111499;05092076X;05015837;18120400313;10071998;22011793;276;748;790;853 ~~~~~~~~~~~~~~~~~~~~~~~~~~~~~~ 10-02
05111499;06092076X;06015837;19120400313;11071998;23011793;277;637;790;467;620;848 ~~~~~~~~~~~~~~~~~~~~~~ 10-03
06111499;07092076X;07015837;00130400313;12071998;24011793;278;749;790;918 ~~~~~~~~~~~~~~~~~~~~~~~~~~~~~~ 10-04
07111499;08092076X;08015837;01130400313;13071998;25011793;279;744;790;397;919;620 ~~~~~~~~~~~~~~~~~~~~~~ 10-05
08111499;09092076X;09015837;02130400313;14071998;26011793;280;745;790;548;885;563 ~~~~~~~~~~~~~~~~~~~~~~ 10-06
09111499;10092076X;10015837;03130400313;15071998;27011793;281;746;549;560;527;620 ~~~~~~~~~~~~~~~~~~~~~~ 10-07
10111499;11092076X;11015837;04130400313;16071998;28011793;282;753;899;421 ~~~~~~~~~~~~~~~~~~~~~~~~~~~~~~ 10-08
11111499;12092076X;12015837;05130400313;17071998;29011793;283;620 ~~~~~~~~~~~~~~~~~~~~~~~~~~~~~~~~~~~~~~ 10-09
12111499;13092076X;13015837;06130400313;18071998;30011793;284;754;367;514 ~~~~~~~~~~~~~~~~~~~~~~~~~~~~~~ 10-10
13111499;14092076X;14015837;07130400313;19071998;01021793;285;750;368;882;922;620;848 ~~~~~~~~~~~~~~~~~~ 10-11
14111499;15092076X;15015837;08130400313;20071998;02021793;286;751;393;532;523 ~~~~~~~~~~~~~~~~~~~~~~~~~~ 10-12
15111499;16092076X;16015837;09130400313;21071998;03021793;287;791;523;620 ~~~~~~~~~~~~~~~~~~~~~~~~~~~~~~ 10-13
16111499;17092076X;17015837;10130400313;22071998;04021793;288;752;523 ~~~~~~~~~~~~~~~~~~~~~~~~~~~~~~~~~~ 10-14
17111499;18092076X;18015837;11130400313;23071998;05021793;289;631;881;523;620 ~~~~~~~~~~~~~~~~~~~~~~~~~~ 10-15
18111499;19092076X;19015837;12130400313;24071998;06021793;290;523 ~~~~~~~~~~~~~~~~~~~~~~~~~~~~~~~~~~~~~~ 10-16
19111499;20092076X;20015837;13130400313;25071998;07021793;291;758;523;375;620 ~~~~~~~~~~~~~~~~~~~~~~~~~~ 10-17
20111499;21092076X;21015837;14130400313;26071998;08021793;292;523;421 ~~~~~~~~~~~~~~~~~~~~~~~~~~~~~~~~~~ 10-18
21111499;22092076X;22015837;15130400313;27071998;09021793;293;755;398;499;524;620 ~~~~~~~~~~~~~~~~~~~~~~ 10-19
22111499;23092076X;23015837;16130400313;28071998;10021793;294;756;525;784 ~~~~~~~~~~~~~~~~~~~~~~~~~~~~~~ 10-20
23111499;24092076X;24015837;17130400313;29071998;11021793;295;757;369;785;620 ~~~~~~~~~~~~~~~~~~~~~~~~~~ 10-21
24111499;25092076X;25015837;18130400313;30071998;12021793;296;513;786 ~~~~~~~~~~~~~~~~~~~~~~~~~~~~~~~~~~ 10-22
25111499;26092076X;26015837;19130400313;01081998;13021793;297;911;787;620 ~~~~~~~~~~~~~~~~~~~~~~~~~~~~~~ 10-23
26111499;27092076X;27015837;00140400313;02081998;14021793;298;759;371;558;868 ~~~~~~~~~~~~~~~~~~~~~~~~~~ 10-24
27111499;28092076X;28015837;01140400313;03081998;15021793;299;779;784;620 ~~~~~~~~~~~~~~~~~~~~~~~~~~~~~~ 10-25
28111499;29092076X;29015837;02140400313;04081998;16021793;300;780;785;893 ~~~~~~~~~~~~~~~~~~~~~~~~~~~~~~ 10-26
29111499;30092076X;30015837;03140400313;05081998;17021793;301;380;781;786;620 ~~~~~~~~~~~~~~~~~~~~~~~~~~ 10-27
30111499;01102076X;01025837;04140400313;06081998;18021793;302;417;782;787;375 ~~~~~~~~~~~~~~~~~~~~~~~~~~ 10-28
01121499;02102076X;02025837;05140400313;07081998;19021793;303;535;783;788;620 ~~~~~~~~~~~~~~~~~~~~~~~~~~ 10-29
02121499;03102076X;03025837;06140400313;08081998;20021793;304;849 ~~~~~~~~~~~~~~~~~~~~~~~~~~~~~~~~~~~~~~ 10-30
03121499;04102076X;04025837;07140400313;09081998;21021793;305;431;432;620 ~~~~~~~~~~~~~~~~~~~~~~~~~~~~~~ 10-31
04121499;05102076X;05025837;08140400313;10081998;22021793;306 ~~~~~~~~~~~~~~~~~~~~~~~~~~~~~~~~~~~~~~~~~~ 11-01
05121499;06102076X;06025837;09140400313;11081998;23021793;307;760;543;815;621 ~~~~~~~~~~~~~~~~~~~~~~~~~~ 11-02
06121499;07102076X;07025837;10140400313;12081998;24021793;308;850;397 ~~~~~~~~~~~~~~~~~~~~~~~~~~~~~~~~~~ 11-03
07121499;08102076X;08025837;11140400313;13081998;25021793;309;761;621 ~~~~~~~~~~~~~~~~~~~~~~~~~~~~~~~~~~ 11-04
08121499;09102076X;09025837;12140400313;14081998;26021793;310;762 ~~~~~~~~~~~~~~~~~~~~~~~~~~~~~~~~~~~~~~ 11-05
09121499;10102076X;10025837;13140400313;15081998;27021793;311;514;879;501;418;621 ~~~~~~~~~~~~~~~~~~~~~~ 11-06
10121499;11102076X;11025837;14140400313;16081998;28021793;312;637;763;547;500;421;621 ~~~~~~~~~~~~~~~~~~ 11-07
11121499;12102076X;12025837;15140400313;17081998;29021793;313;934;500;621 ~~~~~~~~~~~~~~~~~~~~~~~~~~~~~~ 11-08
12121499;13102076X;13025837;16140400313;18081998;30021793;314;378 ~~~~~~~~~~~~~~~~~~~~~~~~~~~~~~~~~~~~~~ 11-09
13121499;14102076X;14025837;17140400313;19081998;01031793;315;392;880;500;621 ~~~~~~~~~~~~~~~~~~~~~~~~~~ 11-10
14121499;15102076X;15025837;18140400313;20081998;02031793;316;500 ~~~~~~~~~~~~~~~~~~~~~~~~~~~~~~~~~~~~~~ 11-11
15121499;16102076X;16025837;19140400313;21081998;03031793;317;764;621 ~~~~~~~~~~~~~~~~~~~~~~~~~~~~~~~~~~ 11-12
16121499;17102076X;17025837;00150400313;22081998;04031793;318 ~~~~~~~~~~~~~~~~~~~~~~~~~~~~~~~~~~~~~~~~~~ 11-13
17121499;18102076X;18025837;01150400313;23081998;05031793;319;621 ~~~~~~~~~~~~~~~~~~~~~~~~~~~~~~~~~~~~~~ 11-14
18121499;19102076X;19025837;02150400313;24081998;06031793;320;765;841;418;621 ~~~~~~~~~~~~~~~~~~~~~~~~~~ 11-15
19121499;20102076X;20025837;03150400313;25081998;07031793;321;621 ~~~~~~~~~~~~~~~~~~~~~~~~~~~~~~~~~~~~~~ 11-16
20121499;21102076X;21025837;04150400313;26081998;08031793;322;621 ~~~~~~~~~~~~~~~~~~~~~~~~~~~~~~~~~~~~~~ 11-17
21121499;22102076X;22025837;05150400313;27081998;09031793;323;398;513;876;621 ~~~~~~~~~~~~~~~~~~~~~~~~~~ 11-18
22121499;23102076X;23025837;06150400313;28081998;10031793;324;766;831;621 ~~~~~~~~~~~~~~~~~~~~~~~~~~~~~~ 11-19
23121499;24102076X;24025837;07150400313;29081998;11031793;325;621 ~~~~~~~~~~~~~~~~~~~~~~~~~~~~~~~~~~~~~~ 11-20
24121499;25102076X;25025837;08150400313;30081998;12031793;326;767;842;621 ~~~~~~~~~~~~~~~~~~~~~~~~~~~~~~ 11-21
25121499;26102076X;26025837;09150400313;01091998;13031793;327;936;788;621 ~~~~~~~~~~~~~~~~~~~~~~~~~~~~~~ 11-22
26121499;27102076X;27025837;10150400313;02091998;14031793;328 ~~~~~~~~~~~~~~~~~~~~~~~~~~~~~~~~~~~~~~~~~~ 11-23
27121499;28102076X;28025837;11150400313;03091998;15031793;329;418;621 ~~~~~~~~~~~~~~~~~~~~~~~~~~~~~~~~~~ 11-24
28121499;29102076X;29025837;12150400313;04091998;16031793;330;769;621 ~~~~~~~~~~~~~~~~~~~~~~~~~~~~~~~~~~ 11-25
29121499;01112076X;30025837;13150400313;05091998;17031793;331;440;380;929;952;621 ~~~~~~~~~~~~~~~~~~~~~~ 11-26
30121499;02112076X;01035837;14150400313;06091998;18031793;332;441;436;621 ~~~~~~~~~~~~~~~~~~~~~~~~~~~~~~ 11-27
01011500;03112076X;02035837;15150400313;07091998;19031793;333;770;768;369;495;621 ~~~~~~~~~~~~~~~~~~~~~~ 11-28
02011500;04112076X;03035837;16150400313;08091998;20031793;334;816;823;589;621 ~~~~~~~~~~~~~~~~~~~~~~~~~~ 11-29
03011500;05112076X;04035837;17150400313;09091998;21031793;335;442;375;496;621 ~~~~~~~~~~~~~~~~~~~~~~~~~~ 11-30
04011500;06112076X;05035837;18150400313;10091998;22031793;336;771;773;514;944 ~~~~~~~~~~~~~~~~~~~~~~~~~~ 12-01
05011500;07112076X;06035837;19150400313;11091998;23031793;337;772;370;622 ~~~~~~~~~~~~~~~~~~~~~~~~~~~~~~ 12-02
06011500;08112076X;07035837;00160400313;12091998;24031793;338;397;622 ~~~~~~~~~~~~~~~~~~~~~~~~~~~~~~~~~~ 12-03
07011500;09112076X;08035837;01160400313;13091998;25031793;339;774;622 ~~~~~~~~~~~~~~~~~~~~~~~~~~~~~~~~~~ 12-04
08011500;10112076X;09035837;02160400313;14091998;26031793;340;637;775;622 ~~~~~~~~~~~~~~~~~~~~~~~~~~~~~~ 12-05
09011500;11112076X;10035837;03160400313;15091998;27031793;341;399;557;890;590;622 ~~~~~~~~~~~~~~~~~~~~~~ 12-06
10011500;12112076X;11035837;04160400313;16091998;28031793;342;498;622 ~~~~~~~~~~~~~~~~~~~~~~~~~~~~~~~~~~ 12-07
11011500;13112076X;12035837;05160400313;17091998;29031793;343;622 ~~~~~~~~~~~~~~~~~~~~~~~~~~~~~~~~~~~~~~ 12-08
12011500;14112076X;13035837;06160400313;18091998;30031793;344;545;400 ~~~~~~~~~~~~~~~~~~~~~~~~~~~~~~~~~~ 12-09
13011500;15112076X;14035837;07160400313;19091998;01041793;345;395;541;887;949;622 ~~~~~~~~~~~~~~~~~~~~~~ 12-10
14011500;16112076X;15035837;08160400313;20091998;02041793;346;375;622 ~~~~~~~~~~~~~~~~~~~~~~~~~~~~~~~~~~ 12-11
15011500;17112076X;16035837;09160400313;21091998;03041793;347;776;400;622 ~~~~~~~~~~~~~~~~~~~~~~~~~~~~~~ 12-12
16011500;18112076X;17035837;10160400313;22091998;04041793;348;777;591 ~~~~~~~~~~~~~~~~~~~~~~~~~~~~~~~~~~ 12-13
17011500;19112076X;18035837;11160400313;23091998;05041793;349;433;622 ~~~~~~~~~~~~~~~~~~~~~~~~~~~~~~~~~~ 12-14
18011500;20112076X;19035837;12160400313;24091998;06041793;350;400 ~~~~~~~~~~~~~~~~~~~~~~~~~~~~~~~~~~~~~~ 12-15
19011500;21112076X;20035837;13160400313;25091998;07041793;351;513;622 ~~~~~~~~~~~~~~~~~~~~~~~~~~~~~~~~~~ 12-16
20011500;22112076X;21035837;14160400313;26091998;08041793;352 ~~~~~~~~~~~~~~~~~~~~~~~~~~~~~~~~~~~~~~~~~~ 12-17
21011500;23112076X;22035837;15160400313;27091998;09041793;353;778;398;400;622 ~~~~~~~~~~~~~~~~~~~~~~~~~~ 12-18
22011500;24112076X;23035837;16160400313;28091998;10041793;354 ~~~~~~~~~~~~~~~~~~~~~~~~~~~~~~~~~~~~~~~~~~ 12-19
23011500;25112076X;24035837;17160400313;29091998;11041793;355;371;592;622 ~~~~~~~~~~~~~~~~~~~~~~~~~~~~~~ 12-20
24011500;26112076X;25035837;18160400313;30091998;12041793;356;466;516;400 ~~~~~~~~~~~~~~~~~~~~~~~~~~~~~~ 12-21
25011500;27112076X;26035837;19160400313;01101998;13041793;357;422;917;426;516;496;622 ~~~~~~~~~~~~~~~~~~ 12-22
26011500;28112076X;27035837;00170400313;02101998;14041793;358;465;516 ~~~~~~~~~~~~~~~~~~~~~~~~~~~~~~~~~~ 12-23
27011500;29112076X;28035837;01170400313;03101998;15041793;359;516;400;496;622 ~~~~~~~~~~~~~~~~~~~~~~~~~~ 12-24
28011500;30112076X;29035837;02170400313;04101998;16041793;360;380;825;401;516;622 ~~~~~~~~~~~~~~~~~~~~~~ 12-25
29011500;01122076X;30035837;03170400313;05101998;17041793;361;622 ~~~~~~~~~~~~~~~~~~~~~~~~~~~~~~~~~~~~~~ 12-31
30011500;02122076X;01045837;04170400313;06101998;18041793;362;497;516 ~~~~~~~~~~~~~~~~~~~~~~~~~~~~~~~~~~ 12-27
01021500;03122076X;02045837;05170400313;07101998;19041793;363;514;516;622 ~~~~~~~~~~~~~~~~~~~~~~~~~~~~~~ 12-28
02021500;04122076X;03045837;06170400313;08101998;20041793;364;516 ~~~~~~~~~~~~~~~~~~~~~~~~~~~~~~~~~~~~~~ 12-29
03021500;05122076X;04045837;07170400313;09101998;21041793;365;622 ~~~~~~~~~~~~~~~~~~~~~~~~~~~~~~~~~~~~~~ 12-30
04021500;06122076X;05045837;08170400313;10101998;22041793;366 ~~~~~~~~~~~~~~~~~~~~~~~~~~~~~~~~~~~~~~~~~~ 12-31
