19081484;21112061I;19245822;08130900213;11101983;23041778;001;611 ~~~~~~~~~~~~~~~~~~~~~~~~~~~~~~~~~~~~~~ 01-01
20081484;22112061I;20245822;09130900213;12101983;24041778;002;398;372 ~~~~~~~~~~~~~~~~~~~~~~~~~~~~~~~~~~ 01-02
21081484;23112061I;21245822;10130900213;13101983;25041778;003;611 ~~~~~~~~~~~~~~~~~~~~~~~~~~~~~~~~~~~~~~ 01-03
22081484;24112061I;22245822;11130900213;14101983;26041778;004 ~~~~~~~~~~~~~~~~~~~~~~~~~~~~~~~~~~~~~~~~~~ 01-04
23081484;25112061I;23245822;12130900213;15101983;27041778;005;399;611 ~~~~~~~~~~~~~~~~~~~~~~~~~~~~~~~~~~ 01-05
24081484;26112061I;24245822;13130900213;16101983;28041778;006;917;406 ~~~~~~~~~~~~~~~~~~~~~~~~~~~~~~~~~~ 01-06
25081484;27112061I;25245822;14130900213;17101983;29041778;007;637;611 ~~~~~~~~~~~~~~~~~~~~~~~~~~~~~~~~~~ 01-07
26081484;28112061I;26245822;15130900213;18101983;30041778;008;627;433;513;412 ~~~~~~~~~~~~~~~~~~~~~~~~~~ 01-08
27081484;29112061I;27245822;16130900213;19101983;01051778;009;628;403;611 ~~~~~~~~~~~~~~~~~~~~~~~~~~~~~~ 01-09
28081484;30112061I;28245822;17130900213;20101983;02051778;010;629;380 ~~~~~~~~~~~~~~~~~~~~~~~~~~~~~~~~~~ 01-10
29081484;01122061I;29245822;18130900213;21101983;03051778;011;810;400;406;611 ~~~~~~~~~~~~~~~~~~~~~~~~~~ 01-11
01091484;02122061I;01255822;19130900213;22101983;04051778;012;504 ~~~~~~~~~~~~~~~~~~~~~~~~~~~~~~~~~~~~~~ 01-12
02091484;03122061I;02255822;00140900213;23101983;05051778;013;409;611 ~~~~~~~~~~~~~~~~~~~~~~~~~~~~~~~~~~ 01-13
03091484;04122061I;03255822;01140900213;24101983;06051778;014;626;400;505 ~~~~~~~~~~~~~~~~~~~~~~~~~~~~~~ 01-14
04091484;05122061I;04255822;02140900213;25101983;07051778;015;625;412;611 ~~~~~~~~~~~~~~~~~~~~~~~~~~~~~~ 01-15
05091484;06122061I;05255822;03140900213;26101983;08051778;016;492;404;406;505 ~~~~~~~~~~~~~~~~~~~~~~~~~~ 01-16
06091484;07122061I;06255822;04140900213;27101983;09051778;017;611 ~~~~~~~~~~~~~~~~~~~~~~~~~~~~~~~~~~~~~~ 01-17
07091484;08122061I;07255822;05140900213;28101983;10051778;018;397;377;868 ~~~~~~~~~~~~~~~~~~~~~~~~~~~~~~ 01-18
08091484;09122061I;08255822;06140900213;29101983;11051778;019;631;409;418;611 ~~~~~~~~~~~~~~~~~~~~~~~~~~ 01-19
09091484;10122061I;09255822;07140900213;30101983;12051778;020;596;400;505 ~~~~~~~~~~~~~~~~~~~~~~~~~~~~~~ 01-20
10091484;11122061I;10255822;08140900213;01111983;13051778;021;630;905;406;611 ~~~~~~~~~~~~~~~~~~~~~~~~~~ 01-21
11091484;12122061I;11255822;09140900213;02111983;14051778;022;412 ~~~~~~~~~~~~~~~~~~~~~~~~~~~~~~~~~~~~~~ 01-22
12091484;13122061I;12255822;10140900213;03111983;15051778;023;457;514;400;611 ~~~~~~~~~~~~~~~~~~~~~~~~~~ 01-23
13091484;14122061I;13255822;11140900213;04111983;16051778;024;381;505 ~~~~~~~~~~~~~~~~~~~~~~~~~~~~~~~~~~ 01-24
14091484;15122061I;14255822;12140900213;05111983;17051778;025;632;904;409;611 ~~~~~~~~~~~~~~~~~~~~~~~~~~ 01-25
15091484;16122061I;15255822;13140900213;06111983;18051778;026;401;406;505 ~~~~~~~~~~~~~~~~~~~~~~~~~~~~~~ 01-26
16091484;17122061I;16255822;14140900213;07111983;19051778;027;596;633;611 ~~~~~~~~~~~~~~~~~~~~~~~~~~~~~~ 01-27
17091484;18122061I;17255822;15140900213;08111983;20051778;028;634;865;916;418;505 ~~~~~~~~~~~~~~~~~~~~~~ 01-28
18091484;19122061I;18255822;16140900213;09111983;21051778;029;635;412;611 ~~~~~~~~~~~~~~~~~~~~~~~~~~~~~~ 01-29
19091484;20122061I;19255822;17140900213;10111983;22051778;030;636 ~~~~~~~~~~~~~~~~~~~~~~~~~~~~~~~~~~~~~~ 01-30
20091484;21122061I;20255822;18140900213;11111983;23051778;031;398;580;611 ~~~~~~~~~~~~~~~~~~~~~~~~~~~~~~ 01-31
21091484;22122061I;21255822;18140900213;12111983;24051778;032 ~~~~~~~~~~~~~~~~~~~~~~~~~~~~~~~~~~~~~~~~~~ 02-01
22091484;23122061I;22255822;19140900213;13111983;25051778;033;638;612 ~~~~~~~~~~~~~~~~~~~~~~~~~~~~~~~~~~ 02-02
23091484;24122061I;23255822;00150900213;14111983;26051778;034;639;505 ~~~~~~~~~~~~~~~~~~~~~~~~~~~~~~~~~~ 02-03
24091484;25122061I;24255822;01150900213;15111983;27051778;035;637;640;513;612 ~~~~~~~~~~~~~~~~~~~~~~~~~~ 02-04
25091484;26122061I;25255822;02150900213;16111983;28051778;036;923;406;412 ~~~~~~~~~~~~~~~~~~~~~~~~~~~~~~ 02-05
26091484;27122061I;26255822;03150900213;17111983;29051778;037;409;612 ~~~~~~~~~~~~~~~~~~~~~~~~~~~~~~~~~~ 02-06
27091484;28122061I;27255822;04150900213;18111983;30051778;038;443;437;508;505 ~~~~~~~~~~~~~~~~~~~~~~~~~~ 02-07
28091484;29122061I;28255822;05150900213;19111983;01061778;039;444;612 ~~~~~~~~~~~~~~~~~~~~~~~~~~~~~~~~~~ 02-08
29091484;01012062J;29255822;06150900213;20111983;02061778;040;642;380;888;479;490;505 ~~~~~~~~~~~~~~~~~~ 02-09
30091484;02012062J;30255822;07150900213;21111983;03061778;041;507;506;566;479;490;406;612 ~~~~~~~~~~~~~~ 02-10
01101484;03012062J;01265822;08150900213;22111983;04061778;042;643;502;566 ~~~~~~~~~~~~~~~~~~~~~~~~~~~~~~ 02-11
02101484;04012062J;02265822;09150900213;23111983;05061778;043;566;409;581;612 ~~~~~~~~~~~~~~~~~~~~~~~~~~ 02-12
03101484;05012062J;03265822;10150900213;24111983;06061778;044;641;566 ~~~~~~~~~~~~~~~~~~~~~~~~~~~~~~~~~~ 02-13
04101484;06012062J;04265822;11150900213;25111983;07061778;045;940;612 ~~~~~~~~~~~~~~~~~~~~~~~~~~~~~~~~~~ 02-14
05101484;07012062J;05265822;12150900213;26111983;08061778;046;406;418 ~~~~~~~~~~~~~~~~~~~~~~~~~~~~~~~~~~ 02-15
06101484;08012062J;06265822;13150900213;27111983;09061778;047;644;397;914;612 ~~~~~~~~~~~~~~~~~~~~~~~~~~ 02-16
07101484;09012062J;07265822;14150900213;28111983;10061778;048;596;645;536;854 ~~~~~~~~~~~~~~~~~~~~~~~~~~ 02-17
08101484;10012062J;08265822;15150900213;29111983;11061778;049;854;612 ~~~~~~~~~~~~~~~~~~~~~~~~~~~~~~~~~~ 02-18
09101484;11012062J;09265822;16150900213;30111983;12061778;050;873;412 ~~~~~~~~~~~~~~~~~~~~~~~~~~~~~~~~~~ 02-19
10101484;12012062J;10265822;17150900213;01121983;13061778;051;450;414;514;554;406;612 ~~~~~~~~~~~~~~~~~~ 02-20
11101484;13012062J;11265822;18150900213;02121983;14061778;052;432 ~~~~~~~~~~~~~~~~~~~~~~~~~~~~~~~~~~~~~~ 02-21
12101484;14012062J;12265822;19150900213;03121983;15061778;053;612 ~~~~~~~~~~~~~~~~~~~~~~~~~~~~~~~~~~~~~~ 02-22
13101484;15012062J;13265822;00160900213;04121983;16061778;054;647;648;382;884 ~~~~~~~~~~~~~~~~~~~~~~~~~~ 02-23
14101484;16012062J;14265822;01160900213;05121983;17061778;055;649;413;409;612 ~~~~~~~~~~~~~~~~~~~~~~~~~~ 02-24
15101484;17012062J;15265822;02160900213;06121983;18061778;056 ~~~~~~~~~~~~~~~~~~~~~~~~~~~~~~~~~~~~~~~~~~ 02-25
16101484;18012062J;16265822;03160900213;07121983;19061778;057;612 ~~~~~~~~~~~~~~~~~~~~~~~~~~~~~~~~~~~~~~ 02-26
17101484;19012062J;17265822;04160900213;08121983;20061778;058 ~~~~~~~~~~~~~~~~~~~~~~~~~~~~~~~~~~~~~~~~~~ 02-27
18101484;20012062J;18265822;05160900213;09121983;21061778;059;646;650;612 ~~~~~~~~~~~~~~~~~~~~~~~~~~~~~~ 02-28
19101484;21012062J;19265822;09160900213;10121983;22061778;061;419 ~~~~~~~~~~~~~~~~~~~~~~~~~~~~~~~~~~~~~~ 03-01
20101484;22012062J;20265822;10160900213;11121983;23061778;062;653;398;613 ~~~~~~~~~~~~~~~~~~~~~~~~~~~~~~ 03-02
21101484;23012062J;21265822;11160900213;12121983;24061778;063;654;613 ~~~~~~~~~~~~~~~~~~~~~~~~~~~~~~~~~~ 03-03
22101484;24012062J;22265822;12160900213;13121983;25061778;064;637;513;613 ~~~~~~~~~~~~~~~~~~~~~~~~~~~~~~ 03-04
23101484;25012062J;23265822;13160900213;14121983;26061778;065;655;613 ~~~~~~~~~~~~~~~~~~~~~~~~~~~~~~~~~~ 03-05
24101484;26012062J;24265822;14160900213;15121983;27061778;066;943;613 ~~~~~~~~~~~~~~~~~~~~~~~~~~~~~~~~~~ 03-06
25101484;27012062J;25265822;15160900213;16121983;28061778;067 ~~~~~~~~~~~~~~~~~~~~~~~~~~~~~~~~~~~~~~~~~~ 03-07
26101484;28012062J;26265822;16160900213;17121983;29061778;068;867;613 ~~~~~~~~~~~~~~~~~~~~~~~~~~~~~~~~~~ 03-08
27101484;29012062J;27265822;17160900213;18121983;30061778;069;656;886 ~~~~~~~~~~~~~~~~~~~~~~~~~~~~~~~~~~ 03-09
28101484;30012062J;28265822;18160900213;19121983;01071778;070;380;613 ~~~~~~~~~~~~~~~~~~~~~~~~~~~~~~~~~~ 03-10
29101484;01022062J;29265822;19160900213;20121983;02071778;071;929;952 ~~~~~~~~~~~~~~~~~~~~~~~~~~~~~~~~~~ 03-11
01111484;02022062J;30265822;00170900213;21121983;03071778;072;406;613 ~~~~~~~~~~~~~~~~~~~~~~~~~~~~~~~~~~ 03-12
02111484;03022062J;01275822;01170900213;22121983;04071778;073 ~~~~~~~~~~~~~~~~~~~~~~~~~~~~~~~~~~~~~~~~~~ 03-13
03111484;04022062J;02275822;02170900213;23121983;05071778;074;409;613 ~~~~~~~~~~~~~~~~~~~~~~~~~~~~~~~~~~ 03-14
04111484;05022062J;03275822;03170900213;24121983;06071778;075 ~~~~~~~~~~~~~~~~~~~~~~~~~~~~~~~~~~~~~~~~~~ 03-15
05111484;06022062J;04275822;04170900213;25121983;07071778;076;658;613 ~~~~~~~~~~~~~~~~~~~~~~~~~~~~~~~~~~ 03-16
06111484;07022062J;05275822;05170900213;26121983;08071778;077;397;406;613 ~~~~~~~~~~~~~~~~~~~~~~~~~~~~~~ 03-17
07111484;08022062J;06275822;06170900213;27121983;09071778;078;613 ~~~~~~~~~~~~~~~~~~~~~~~~~~~~~~~~~~~~~~ 03-18
08111484;09022062J;07275822;07170900213;28121983;10071778;079;493;514;466;613 ~~~~~~~~~~~~~~~~~~~~~~~~~~ 03-19
09111484;10022062J;08275822;08170900213;29121983;11071778;080;424;409;613 ~~~~~~~~~~~~~~~~~~~~~~~~~~~~~~ 03-20
10111484;11022062J;09275822;09170900213;30121983;12071778;081;657;517;459;613 ~~~~~~~~~~~~~~~~~~~~~~~~~~ 03-21
11111484;12022062J;10275822;10170900213;01011984;13071778;082;851;406;613 ~~~~~~~~~~~~~~~~~~~~~~~~~~~~~~ 03-22
12111484;13022062J;11275822;11170900213;02011984;14071778;083 ~~~~~~~~~~~~~~~~~~~~~~~~~~~~~~~~~~~~~~~~~~ 03-23
13111484;14022062J;12275822;12170900213;03011984;15071778;084;445;383;410;544;623;415;613 ~~~~~~~~~~~~~~ 03-24
14111484;15022062J;13275822;13170900213;04011984;16071778;085;446;541;598;906;949 ~~~~~~~~~~~~~~~~~~~~~~ 03-25
15111484;16022062J;14275822;14170900213;05011984;17071778;086;447;562;519;613 ~~~~~~~~~~~~~~~~~~~~~~~~~~ 03-26
16111484;17022062J;15275822;15170900213;06011984;18071778;087;448;562;406 ~~~~~~~~~~~~~~~~~~~~~~~~~~~~~~ 03-27
17111484;18022062J;16275822;16170900213;07011984;19071778;088;659;562;613 ~~~~~~~~~~~~~~~~~~~~~~~~~~~~~~ 03-28
18111484;19022062J;17275822;17170900213;08011984;20071778;089;660;652;613 ~~~~~~~~~~~~~~~~~~~~~~~~~~~~~~ 03-29
19111484;20022062J;18275822;18170900213;09011984;21071778;090;852;613 ~~~~~~~~~~~~~~~~~~~~~~~~~~~~~~~~~~ 03-30
20111484;21022062J;19275822;19170900213;10011984;22071778;091 ~~~~~~~~~~~~~~~~~~~~~~~~~~~~~~~~~~~~~~~~~~ 03-31
21111484;22022062J;20275822;00001000213;11011984;23071778;092;637;661;398;513;533;924;406;415;614 ~~~~~~ 04-01
22111484;23022062J;21275822;01001000213;12011984;24071778;093;662 ~~~~~~~~~~~~~~~~~~~~~~~~~~~~~~~~~~~~~~ 04-02
23111484;24022062J;22275822;02001000213;13011984;25071778;094;651;614 ~~~~~~~~~~~~~~~~~~~~~~~~~~~~~~~~~~ 04-03
24111484;25022062J;23275822;03001000213;14011984;26071778;095;571;651 ~~~~~~~~~~~~~~~~~~~~~~~~~~~~~~~~~~ 04-04
25111484;26022062J;24275822;04001000213;15011984;27071778;096;663;900;651;614 ~~~~~~~~~~~~~~~~~~~~~~~~~~ 04-05
26111484;27022062J;25275822;05001000213;16011984;28071778;097;433;406;651 ~~~~~~~~~~~~~~~~~~~~~~~~~~~~~~ 04-06
27111484;28022062J;26275822;06001000213;17011984;29071778;098;651;614 ~~~~~~~~~~~~~~~~~~~~~~~~~~~~~~~~~~ 04-07
28111484;29022062J;27275822;07001000213;18011984;30071778;099;803;651 ~~~~~~~~~~~~~~~~~~~~~~~~~~~~~~~~~~ 04-08
29111484;30022062J;28275822;08001000213;19011984;01081778;100;380;818;820;415;614 ~~~~~~~~~~~~~~~~~~~~~~ 04-09
30111484;01032062J;29275822;09001000213;20011984;02081778;101;538;559;811;935 ~~~~~~~~~~~~~~~~~~~~~~~~~~ 04-10
01121484;02032062J;01285822;10001000213;21011984;03081778;102;406;614 ~~~~~~~~~~~~~~~~~~~~~~~~~~~~~~~~~~ 04-11
02121484;03032062J;02285822;11001000213;22011984;04081778;103;555;577;614 ~~~~~~~~~~~~~~~~~~~~~~~~~~~~~~ 04-12
03121484;04032062J;03285822;12001000213;23011984;05081778;104;514;614 ~~~~~~~~~~~~~~~~~~~~~~~~~~~~~~~~~~ 04-13
04121484;05032062J;04285822;13001000213;24011984;06081778;105;614 ~~~~~~~~~~~~~~~~~~~~~~~~~~~~~~~~~~~~~~ 04-14
05121484;06032062J;05285822;14001000213;25011984;07081778;106;666;945;614 ~~~~~~~~~~~~~~~~~~~~~~~~~~~~~~ 04-15
06121484;07032062J;06285822;15001000213;26011984;08081778;107;397;406 ~~~~~~~~~~~~~~~~~~~~~~~~~~~~~~~~~~ 04-16
07121484;08032062J;07285822;16001000213;27011984;09081778;108;794;576;933;415;614 ~~~~~~~~~~~~~~~~~~~~~~ 04-17
08121484;09032062J;08285822;17001000213;28011984;10081778;109;614 ~~~~~~~~~~~~~~~~~~~~~~~~~~~~~~~~~~~~~~ 04-18
09121484;10032062J;09285822;18001000213;29011984;11081778;110;436;877;501;614 ~~~~~~~~~~~~~~~~~~~~~~~~~~ 04-19
10121484;11032062J;10285822;19001000213;30011984;12081778;111;631;664;500;614 ~~~~~~~~~~~~~~~~~~~~~~~~~~ 04-20
11121484;12032062J;11285822;00011000213;01021984;13081778;112;665;500;614 ~~~~~~~~~~~~~~~~~~~~~~~~~~~~~~ 04-21
12121484;13032062J;12285822;01011000213;02021984;14081778;113 ~~~~~~~~~~~~~~~~~~~~~~~~~~~~~~~~~~~~~~~~~~ 04-22
13121484;14032062J;13285822;02011000213;03021984;15081778;114;384;539;575;500;614 ~~~~~~~~~~~~~~~~~~~~~~ 04-23
14121484;15032062J;14285822;03011000213;04021984;16081778;115;500 ~~~~~~~~~~~~~~~~~~~~~~~~~~~~~~~~~~~~~~ 04-24
15121484;16032062J;15285822;04011000213;05021984;17081778;116;515;614 ~~~~~~~~~~~~~~~~~~~~~~~~~~~~~~~~~~ 04-25
16121484;17032062J;16285822;05011000213;06021984;18081778;117;670;406;614 ~~~~~~~~~~~~~~~~~~~~~~~~~~~~~~ 04-26
17121484;18032062J;17285822;06011000213;07021984;19081778;118;667;614 ~~~~~~~~~~~~~~~~~~~~~~~~~~~~~~~~~~ 04-27
18121484;19032062J;18285822;07011000213;08021984;20081778;119;671;841;614 ~~~~~~~~~~~~~~~~~~~~~~~~~~~~~~ 04-28
19121484;20032062J;19285822;08011000213;09021984;21081778;120;668;399;513;614 ~~~~~~~~~~~~~~~~~~~~~~~~~~ 04-29
20121484;21032062J;20285822;09011000213;10021984;22081778;121;669 ~~~~~~~~~~~~~~~~~~~~~~~~~~~~~~~~~~~~~~ 04-30
21121484;22032062J;21285822;10011000213;11021984;23081778;122;674;398;406;615 ~~~~~~~~~~~~~~~~~~~~~~~~~~ 05-01
22121484;23032062J;22285822;11011000213;12021984;24081778;123;675;400 ~~~~~~~~~~~~~~~~~~~~~~~~~~~~~~~~~~ 05-02
23121484;24032062J;23285822;12011000213;13021984;25081778;124;676;615 ~~~~~~~~~~~~~~~~~~~~~~~~~~~~~~~~~~ 05-03
24121484;25032062J;24285822;13011000213;14021984;26081778;125;494;677;842 ~~~~~~~~~~~~~~~~~~~~~~~~~~~~~~ 05-04
25121484;26032062J;25285822;14011000213;15021984;27081778;126;679;838;939;615 ~~~~~~~~~~~~~~~~~~~~~~~~~~ 05-05
26121484;27032062J;26285822;15011000213;16021984;28081778;127;637;672;406 ~~~~~~~~~~~~~~~~~~~~~~~~~~~~~~ 05-06
27121484;28032062J;27285822;16011000213;17021984;29081778;128;673;526;624;615 ~~~~~~~~~~~~~~~~~~~~~~~~~~ 05-07
28121484;29032062J;28285822;17011000213;18021984;30081778;129;682;380;624;400 ~~~~~~~~~~~~~~~~~~~~~~~~~~ 05-08
29121484;01042062J;29285822;18011000213;19021984;01091778;130;624;615 ~~~~~~~~~~~~~~~~~~~~~~~~~~~~~~~~~~ 05-09
01011485;02042062J;30285822;19011000213;20021984;02091778;131;683;495;624 ~~~~~~~~~~~~~~~~~~~~~~~~~~~~~~ 05-10
02011485;03042062J;01295822;00021000213;21021984;03091778;132;510;514;864;902;624;400;406;615 ~~~~~~~~~~ 05-11
03011485;04042062J;02295822;01021000213;22021984;04091778;133;678;829;624 ~~~~~~~~~~~~~~~~~~~~~~~~~~~~~~ 05-12
04011485;05042062J;03295822;02021000213;23021984;05091778;134;681;680;624;615 ~~~~~~~~~~~~~~~~~~~~~~~~~~ 05-13
05011485;06042062J;04295822;03021000213;24021984;06091778;135;449;451;528;400 ~~~~~~~~~~~~~~~~~~~~~~~~~~ 05-14
06011485;07042062J;05295822;04021000213;25021984;07091778;136;397;553;529;615 ~~~~~~~~~~~~~~~~~~~~~~~~~~ 05-15
07011485;08042062J;06295822;05021000213;26021984;08091778;137;927;406 ~~~~~~~~~~~~~~~~~~~~~~~~~~~~~~~~~~ 05-16
08011485;09042062J;07295822;06021000213;27021984;09091778;138;685;615 ~~~~~~~~~~~~~~~~~~~~~~~~~~~~~~~~~~ 05-17
09011485;10042062J;08295822;07021000213;28021984;10091778;139;797 ~~~~~~~~~~~~~~~~~~~~~~~~~~~~~~~~~~~~~~ 05-18
10011485;11042062J;09295822;08021000213;29021984;11091778;140;686;889;498;573;615 ~~~~~~~~~~~~~~~~~~~~~~ 05-19
11011485;12042062J;10295822;09021000213;30021984;12091778;141;687;432;573;496 ~~~~~~~~~~~~~~~~~~~~~~~~~~ 05-20
12011485;13042062J;11295822;10021000213;31021984;13091778;142;684;894;573;406;615 ~~~~~~~~~~~~~~~~~~~~~~ 05-21
13011485;14042062J;12295822;11021000213;01031984;14091778;143;789 ~~~~~~~~~~~~~~~~~~~~~~~~~~~~~~~~~~~~~~ 05-22
14011485;15042062J;13295822;12021000213;02031984;15091778;144;798;385;401;537;937;615 ~~~~~~~~~~~~~~~~~~ 05-23
15011485;16042062J;14295822;13021000213;03031984;16091778;145;892;496 ~~~~~~~~~~~~~~~~~~~~~~~~~~~~~~~~~~ 05-24
16011485;17042062J;15295822;14021000213;04031984;17091778;146;615 ~~~~~~~~~~~~~~~~~~~~~~~~~~~~~~~~~~~~~~ 05-25
17011485;18042062J;16295822;15021000213;05031984;18091778;147;689;406;496 ~~~~~~~~~~~~~~~~~~~~~~~~~~~~~~ 05-26
18011485;19042062J;17295822;16021000213;06031984;19091778;148;439;513;615 ~~~~~~~~~~~~~~~~~~~~~~~~~~~~~~ 05-27
19011485;20042062J;18295822;17021000213;07031984;20091778;149;439;518 ~~~~~~~~~~~~~~~~~~~~~~~~~~~~~~~~~~ 05-28
20011485;21042062J;19295822;18021000213;08031984;21091778;150;438;615 ~~~~~~~~~~~~~~~~~~~~~~~~~~~~~~~~~~ 05-29
21011485;22042062J;20295822;19021000213;09031984;22091778;151;830 ~~~~~~~~~~~~~~~~~~~~~~~~~~~~~~~~~~~~~~ 05-30
22011485;23042062J;21295822;00031000213;10031984;23091778;152;688;398;862;615 ~~~~~~~~~~~~~~~~~~~~~~~~~~ 05-31
23011485;24042062J;22295822;01031000213;11031984;24091778;153 ~~~~~~~~~~~~~~~~~~~~~~~~~~~~~~~~~~~~~~~~~~ 06-01
24011485;25042062J;23295822;02031000213;12031984;25091778;154;692;694;616 ~~~~~~~~~~~~~~~~~~~~~~~~~~~~~~ 06-02
25011485;26042062J;24295822;03031000213;13031984;26091778;155;637;693;530;496 ~~~~~~~~~~~~~~~~~~~~~~~~~~ 06-03
26011485;27042062J;25295822;04031000213;14031984;27091778;156;690;616 ~~~~~~~~~~~~~~~~~~~~~~~~~~~~~~~~~~ 06-04
27011485;28042062J;26295822;05031000213;15031984;28091778;157 ~~~~~~~~~~~~~~~~~~~~~~~~~~~~~~~~~~~~~~~~~~ 06-05
28011485;29042062J;27295822;06031000213;16031984;29091778;158;437;616 ~~~~~~~~~~~~~~~~~~~~~~~~~~~~~~~~~~ 06-06
29011485;01052062J;28295822;07031000213;17031984;30091778;159;691;380;921;942 ~~~~~~~~~~~~~~~~~~~~~~~~~~ 06-07
30011485;02052062J;29295822;08031000213;18031984;01101778;160;514;497;616 ~~~~~~~~~~~~~~~~~~~~~~~~~~~~~~ 06-08
01021485;03052062J;01305822;09031000213;19031984;02101778;161;616 ~~~~~~~~~~~~~~~~~~~~~~~~~~~~~~~~~~~~~~ 06-09
02021485;04052062J;02305822;10031000213;20031984;03101778;162;697;799;616 ~~~~~~~~~~~~~~~~~~~~~~~~~~~~~~ 06-10
03021485;05052062J;03305822;11031000213;21031984;04101778;163;695;374;564;569 ~~~~~~~~~~~~~~~~~~~~~~~~~~ 06-11
04021485;06052062J;04305822;12031000213;22031984;05101778;164;569;616 ~~~~~~~~~~~~~~~~~~~~~~~~~~~~~~~~~~ 06-12
05021485;07052062J;05305822;13031000213;23031984;06101778;165;696;397;616 ~~~~~~~~~~~~~~~~~~~~~~~~~~~~~~ 06-13
06021485;08052062J;06305822;14031000213;24031984;07101778;166;522;616 ~~~~~~~~~~~~~~~~~~~~~~~~~~~~~~~~~~ 06-14
07021485;09052062J;07305822;15031000213;25031984;08101778;167;698;616 ~~~~~~~~~~~~~~~~~~~~~~~~~~~~~~~~~~ 06-15
08021485;10052062J;08305822;16031000213;26031984;09101778;168;701;699;552;616 ~~~~~~~~~~~~~~~~~~~~~~~~~~ 06-16
09021485;11052062J;09305822;17031000213;27031984;10101778;169;896;616 ~~~~~~~~~~~~~~~~~~~~~~~~~~~~~~~~~~ 06-17
10021485;12052062J;10305822;18031000213;28031984;11101778;170;452;452;616 ~~~~~~~~~~~~~~~~~~~~~~~~~~~~~~ 06-18
11021485;13052062J;11305822;19031000213;29031984;12101778;171;616 ~~~~~~~~~~~~~~~~~~~~~~~~~~~~~~~~~~~~~~ 06-19
12021485;14052062J;12305822;00041000213;30031984;13101778;172;460;406;616 ~~~~~~~~~~~~~~~~~~~~~~~~~~~~~~ 06-20
13021485;15052062J;13305822;01041000213;31031984;14101778;173;386;874;941;425;616 ~~~~~~~~~~~~~~~~~~~~~~ 06-21
14021485;16052062J;14305822;02041000213;01041984;15101778;174;461;375;616 ~~~~~~~~~~~~~~~~~~~~~~~~~~~~~~ 06-22
15021485;17052062J;15305822;03041000213;02041984;16101778;175;513;700;616 ~~~~~~~~~~~~~~~~~~~~~~~~~~~~~~ 06-23
16021485;18052062J;16305822;04041000213;03041984;17101778;176;702;616 ~~~~~~~~~~~~~~~~~~~~~~~~~~~~~~~~~~ 06-24
17021485;19052062J;17305822;05041000213;04041984;18101778;177;420;406;616 ~~~~~~~~~~~~~~~~~~~~~~~~~~~~~~ 06-25
18021485;20052062J;18305822;06041000213;05041984;19101778;178;616 ~~~~~~~~~~~~~~~~~~~~~~~~~~~~~~~~~~~~~~ 06-26
19021485;21052062J;19305822;07041000213;06041984;20101778;179;821 ~~~~~~~~~~~~~~~~~~~~~~~~~~~~~~~~~~~~~~ 06-27
20021485;22052062J;20305822;08041000213;07041984;21101778;180;704;844;415;616 ~~~~~~~~~~~~~~~~~~~~~~~~~~ 06-28
21021485;23052062J;21305822;09041000213;08041984;22101778;181;398 ~~~~~~~~~~~~~~~~~~~~~~~~~~~~~~~~~~~~~~ 06-29
22021485;24052062J;22305822;10041000213;09041984;23101778;182;703;406;616 ~~~~~~~~~~~~~~~~~~~~~~~~~~~~~~ 06-30
23021485;25052062J;23305822;11041000213;10041984;24101778;183;637;705;840 ~~~~~~~~~~~~~~~~~~~~~~~~~~~~~~ 07-01
24021485;26052062J;24305822;12041000213;11041984;25101778;184;795;617 ~~~~~~~~~~~~~~~~~~~~~~~~~~~~~~~~~~ 07-02
25021485;27052062J;25305822;13041000213;12041984;26101778;185;433;946;375;617 ~~~~~~~~~~~~~~~~~~~~~~~~~~ 07-03
26021485;28052062J;26305822;14041000213;13041984;27101778;186;617 ~~~~~~~~~~~~~~~~~~~~~~~~~~~~~~~~~~~~~~ 07-04
27021485;29052062J;27305822;15041000213;14041984;28101778;187;373;421;617 ~~~~~~~~~~~~~~~~~~~~~~~~~~~~~~ 07-05
28021485;30052062J;28305822;16041000213;15041984;29101778;188;380;514;856;617 ~~~~~~~~~~~~~~~~~~~~~~~~~~ 07-06
29021485;01062062J;29305822;17041000213;16041984;30101778;189;565;617 ~~~~~~~~~~~~~~~~~~~~~~~~~~~~~~~~~~ 07-07
01031485;02062062J;30305822;18041000213;17041984;01111778;190;706;870;565;617 ~~~~~~~~~~~~~~~~~~~~~~~~~~ 07-08
02031485;03062062J;01315822;19041000213;18041984;02111778;191 ~~~~~~~~~~~~~~~~~~~~~~~~~~~~~~~~~~~~~~~~~~ 07-09
03031485;04062062J;02315822;00051000213;19041984;03111778;192;707;833;406;617 ~~~~~~~~~~~~~~~~~~~~~~~~~~ 07-10
04031485;05062062J;03315822;01051000213;20041984;04111778;193;617 ~~~~~~~~~~~~~~~~~~~~~~~~~~~~~~~~~~~~~~ 07-11
05031485;06062062J;04315822;02051000213;21041984;05111778;194;617 ~~~~~~~~~~~~~~~~~~~~~~~~~~~~~~~~~~~~~~ 07-12
06031485;07062062J;05315822;03051000213;22041984;06111778;195;397;617 ~~~~~~~~~~~~~~~~~~~~~~~~~~~~~~~~~~ 07-13
07031485;08062062J;06315822;04051000213;23041984;07111778;196;375;617 ~~~~~~~~~~~~~~~~~~~~~~~~~~~~~~~~~~ 07-14
08031485;09062062J;07315822;05051000213;24041984;08111778;197;708;406 ~~~~~~~~~~~~~~~~~~~~~~~~~~~~~~~~~~ 07-15
09031485;10062062J;08315822;06051000213;25041984;09111778;198;709;617 ~~~~~~~~~~~~~~~~~~~~~~~~~~~~~~~~~~ 07-16
10031485;11062062J;09315822;07051000213;26041984;10111778;199;710;546 ~~~~~~~~~~~~~~~~~~~~~~~~~~~~~~~~~~ 07-17
11031485;12062062J;10315822;08051000213;27041984;11111778;200;617 ~~~~~~~~~~~~~~~~~~~~~~~~~~~~~~~~~~~~~~ 07-18
12031485;13062062J;11315822;09051000213;28041984;12111778;201;711;511;617 ~~~~~~~~~~~~~~~~~~~~~~~~~~~~~~ 07-19
13031485;14062062J;12315822;10051000213;29041984;13111778;202;631;513;617 ~~~~~~~~~~~~~~~~~~~~~~~~~~~~~~ 07-20
14031485;15062062J;13315822;11051000213;30041984;14111778;203;387;416;531;561;617 ~~~~~~~~~~~~~~~~~~~~~~ 07-21
15031485;16062062J;14315822;12051000213;31041984;15111778;204;713;819;835;617 ~~~~~~~~~~~~~~~~~~~~~~~~~~ 07-22
16031485;17062062J;15315822;13051000213;01051984;16111778;205;714 ~~~~~~~~~~~~~~~~~~~~~~~~~~~~~~~~~~~~~~ 07-23
17031485;18062062J;16315822;14051000213;02051984;17111778;206;511;617 ~~~~~~~~~~~~~~~~~~~~~~~~~~~~~~~~~~ 07-24
18031485;19062062J;17315822;15051000213;03051984;18111778;207;800;406;421 ~~~~~~~~~~~~~~~~~~~~~~~~~~~~~~ 07-25
19031485;20062062J;18315822;16051000213;04051984;19111778;208;843;617 ~~~~~~~~~~~~~~~~~~~~~~~~~~~~~~~~~~ 07-26
20031485;21062062J;19315822;17051000213;05051984;20111778;209;712;715 ~~~~~~~~~~~~~~~~~~~~~~~~~~~~~~~~~~ 07-27
21031485;22062062J;20315822;18051000213;06051984;21111778;210;716;617 ~~~~~~~~~~~~~~~~~~~~~~~~~~~~~~~~~~ 07-28
22031485;23062062J;21315822;19051000213;07051984;22111778;211;398;617 ~~~~~~~~~~~~~~~~~~~~~~~~~~~~~~~~~~ 07-29
23031485;24062062J;22315822;00061000213;08051984;23111778;212;617 ~~~~~~~~~~~~~~~~~~~~~~~~~~~~~~~~~~~~~~ 07-30
24031485;25062062J;23315822;01061000213;09051984;24111778;213 ~~~~~~~~~~~~~~~~~~~~~~~~~~~~~~~~~~~~~~~~~~ 07-31
25031485;26062062J;24315822;02061000213;10051984;25111778;214;718;878;618 ~~~~~~~~~~~~~~~~~~~~~~~~~~~~~~ 08-01
26031485;27062062J;25315822;03061000213;11051984;26111778;215 ~~~~~~~~~~~~~~~~~~~~~~~~~~~~~~~~~~~~~~~~~~ 08-02
27031485;28062062J;26315822;04061000213;12051984;27111778;216;618 ~~~~~~~~~~~~~~~~~~~~~~~~~~~~~~~~~~~~~~ 08-03
28031485;29062062J;27315822;05061000213;13051984;28111778;217;719;380;514;406;421 ~~~~~~~~~~~~~~~~~~~~~~ 08-04
29031485;01072062J;28315822;06061000213;14051984;29111778;218;637;720;618 ~~~~~~~~~~~~~~~~~~~~~~~~~~~~~~ 08-05
30031485;02072062J;29315822;07061000213;15051984;30111778;219;717;832 ~~~~~~~~~~~~~~~~~~~~~~~~~~~~~~~~~~ 08-06
01041485;03072062J;01325822;08061000213;16051984;01121778;220;579;618 ~~~~~~~~~~~~~~~~~~~~~~~~~~~~~~~~~~ 08-07
02041485;04072062J;02325822;09061000213;17051984;02121778;221 ~~~~~~~~~~~~~~~~~~~~~~~~~~~~~~~~~~~~~~~~~~ 08-08
03041485;05072062J;03325822;10061000213;18051984;03121778;222;722;891;618 ~~~~~~~~~~~~~~~~~~~~~~~~~~~~~~ 08-09
04041485;06072062J;04325822;11061000213;19051984;04121778;223 ~~~~~~~~~~~~~~~~~~~~~~~~~~~~~~~~~~~~~~~~~~ 08-10
05041485;07072062J;05325822;12061000213;20051984;05121778;224;397;572;618 ~~~~~~~~~~~~~~~~~~~~~~~~~~~~~~ 08-11
06041485;08072062J;06325822;13061000213;21051984;06121778;225;723 ~~~~~~~~~~~~~~~~~~~~~~~~~~~~~~~~~~~~~~ 08-12
07041485;09072062J;07325822;14061000213;22051984;07121778;226;721;618 ~~~~~~~~~~~~~~~~~~~~~~~~~~~~~~~~~~ 08-13
08041485;10072062J;08325822;15061000213;23051984;08121778;227;421 ~~~~~~~~~~~~~~~~~~~~~~~~~~~~~~~~~~~~~~ 08-14
09041485;11072062J;09325822;16061000213;24051984;09121778;228;926;618 ~~~~~~~~~~~~~~~~~~~~~~~~~~~~~~~~~~ 08-15
10041485;12072062J;10325822;17061000213;25051984;10121778;229;432;513 ~~~~~~~~~~~~~~~~~~~~~~~~~~~~~~~~~~ 08-16
11041485;13072062J;11325822;18061000213;26051984;11121778;230;436;618 ~~~~~~~~~~~~~~~~~~~~~~~~~~~~~~~~~~ 08-17
12041485;14072062J;12325822;19061000213;27051984;12121778;231;938;567 ~~~~~~~~~~~~~~~~~~~~~~~~~~~~~~~~~~ 08-18
13041485;15072062J;13325822;00071000213;28051984;13121778;232;724;388;567;406;618 ~~~~~~~~~~~~~~~~~~~~~~ 08-19
14041485;16072062J;14325822;01071000213;29051984;14121778;233;556;909;910;925 ~~~~~~~~~~~~~~~~~~~~~~~~~~ 08-20
15041485;17072062J;15325822;02071000213;30051984;15121778;234;618 ~~~~~~~~~~~~~~~~~~~~~~~~~~~~~~~~~~~~~~ 08-21
16041485;18072062J;16325822;03071000213;31051984;16121778;235 ~~~~~~~~~~~~~~~~~~~~~~~~~~~~~~~~~~~~~~~~~~ 08-22
17041485;19072062J;17325822;04071000213;01061984;17121778;236;875;618 ~~~~~~~~~~~~~~~~~~~~~~~~~~~~~~~~~~ 08-23
18041485;20072062J;18325822;05071000213;02061984;18121778;237 ~~~~~~~~~~~~~~~~~~~~~~~~~~~~~~~~~~~~~~~~~~ 08-24
19041485;21072062J;19325822;06071000213;03061984;19121778;238;427;618 ~~~~~~~~~~~~~~~~~~~~~~~~~~~~~~~~~~ 08-25
20041485;22072062J;20325822;07071000213;04061984;20121778;239;725 ~~~~~~~~~~~~~~~~~~~~~~~~~~~~~~~~~~~~~~ 08-26
21041485;23072062J;21325822;08071000213;05061984;21121778;240;428;725;398;872;375;618 ~~~~~~~~~~~~~~~~~~ 08-27
22041485;24072062J;22325822;09071000213;06061984;22121778;241;796;871 ~~~~~~~~~~~~~~~~~~~~~~~~~~~~~~~~~~ 08-28
23041485;25072062J;23325822;10071000213;07061984;23121778;242;594;618 ~~~~~~~~~~~~~~~~~~~~~~~~~~~~~~~~~~ 08-29
24041485;26072062J;24325822;11071000213;08061984;24121778;243;595;503 ~~~~~~~~~~~~~~~~~~~~~~~~~~~~~~~~~~ 08-30
25041485;27072062J;25325822;12071000213;09061984;25121778;244;399;868;618 ~~~~~~~~~~~~~~~~~~~~~~~~~~~~~~ 08-31
26041485;28072062J;26325822;13071000213;10061984;26121778;245;596;727;514 ~~~~~~~~~~~~~~~~~~~~~~~~~~~~~~ 09-01
27041485;29072062J;27325822;14071000213;11061984;27121778;246;429;637;728;619 ~~~~~~~~~~~~~~~~~~~~~~~~~~ 09-02
28041485;01082062J;28325822;15071000213;12061984;28121778;247;430;380;929;952;406;619 ~~~~~~~~~~~~~~~~~~ 09-03
29041485;02082062J;29325822;16071000213;13061984;29121778;248;434;619 ~~~~~~~~~~~~~~~~~~~~~~~~~~~~~~~~~~ 09-04
01051485;03082062J;30325822;17071000213;14061984;30121778;249;435;619 ~~~~~~~~~~~~~~~~~~~~~~~~~~~~~~~~~~ 09-05
02051485;04082062J;01335822;18071000213;15061984;01131778;250;550;597;400;619 ~~~~~~~~~~~~~~~~~~~~~~~~~~ 09-06
03051485;05082062J;02335822;19071000213;16061984;02131778;251;915;619 ~~~~~~~~~~~~~~~~~~~~~~~~~~~~~~~~~~ 09-07
04051485;06082062J;03335822;00081000213;17061984;03131778;252;406;619 ~~~~~~~~~~~~~~~~~~~~~~~~~~~~~~~~~~ 09-08
05051485;07082062J;04335822;01081000213;18061984;04131778;253 ~~~~~~~~~~~~~~~~~~~~~~~~~~~~~~~~~~~~~~~~~~ 09-09
06051485;08082062J;05335822;02081000213;19061984;05131778;254;455;845;397;908;619 ~~~~~~~~~~~~~~~~~~~~~~ 09-10
07051485;09082062J;06335822;03081000213;20061984;01011779;255;729;846;619 ~~~~~~~~~~~~~~~~~~~~~~~~~~~~~~ 09-11
08051485;10082062J;07335822;04081000213;21061984;02011779;256;847;619 ~~~~~~~~~~~~~~~~~~~~~~~~~~~~~~~~~~ 09-12
09051485;11082062J;08335822;05081000213;22061984;03011779;257;726;513 ~~~~~~~~~~~~~~~~~~~~~~~~~~~~~~~~~~ 09-13
10051485;12082062J;09335822;06081000213;23061984;04011779;258;730;903;619 ~~~~~~~~~~~~~~~~~~~~~~~~~~~~~~ 09-14
11051485;13082062J;10335822;07081000213;24061984;05011779;259;734;897;400 ~~~~~~~~~~~~~~~~~~~~~~~~~~~~~~ 09-15
12051485;14082062J;11335822;08081000213;25061984;06011779;260;735;619 ~~~~~~~~~~~~~~~~~~~~~~~~~~~~~~~~~~ 09-16
13051485;15082062J;12335822;09081000213;26061984;07011779;261;731;467;520;551;570;619;848 ~~~~~~~~~~~~~~ 09-17
14051485;16082062J;13335822;10081000213;27061984;08011779;262;389;390;534;541;949;400;406;619 ~~~~~~~~~~ 09-18
15051485;17082062J;14335822;11081000213;28061984;09011779;263;732;907;848 ~~~~~~~~~~~~~~~~~~~~~~~~~~~~~~ 09-19
16051485;18082062J;15335822;12081000213;29061984;10011779;264;619 ~~~~~~~~~~~~~~~~~~~~~~~~~~~~~~~~~~~~~~ 09-20
17051485;19082062J;16335822;13081000213;30061984;11011779;265;733 ~~~~~~~~~~~~~~~~~~~~~~~~~~~~~~~~~~~~~~ 09-21
18051485;20082062J;17335822;14081000213;31061984;12011779;266;738;462;619 ~~~~~~~~~~~~~~~~~~~~~~~~~~~~~~ 09-22
19051485;21082062J;18335822;15081000213;01071984;13011779;267;739;401;423;406;848 ~~~~~~~~~~~~~~~~~~~~~~ 09-23
20051485;22082062J;19335822;16081000213;02071984;14011779;268;740;463;619 ~~~~~~~~~~~~~~~~~~~~~~~~~~~~~~ 09-24
21051485;23082062J;20335822;17081000213;03071984;15011779;269;736;398;619;848 ~~~~~~~~~~~~~~~~~~~~~~~~~~ 09-25
22051485;24082062J;21335822;18081000213;04071984;16011779;270;737;812;619 ~~~~~~~~~~~~~~~~~~~~~~~~~~~~~~ 09-26
23051485;25082062J;22335822;19081000213;05071984;17011779;271;742;790;848 ~~~~~~~~~~~~~~~~~~~~~~~~~~~~~~ 09-27
24051485;26082062J;23335822;00091000213;06071984;18011779;272;741;790;417;406;619 ~~~~~~~~~~~~~~~~~~~~~~ 09-28
25051485;27082062J;24335822;01091000213;07071984;19011779;273;790;433;437;514;869;619;848 ~~~~~~~~~~~~~~ 09-29
26051485;28082062J;25335822;02091000213;08071984;20011779;274;743;790;853;619 ~~~~~~~~~~~~~~~~~~~~~~~~~~ 09-30
27051485;29082062J;26335822;03091000213;09071984;21011779;275;790;853 ~~~~~~~~~~~~~~~~~~~~~~~~~~~~~~~~~~ 10-01
28051485;30082062J;27335822;04091000213;10071984;22011779;276;744;790;380;920;853;620 ~~~~~~~~~~~~~~~~~~ 10-02
29051485;01092062J;28335822;05091000213;11071984;23011779;277;745;790;895;421;620;848;574 ~~~~~~~~~~~~~~ 10-03
30051485;02092062J;29335822;06091000213;12071984;24011779;278;746;521;620 ~~~~~~~~~~~~~~~~~~~~~~~~~~~~~~ 10-04
01061485;03092062J;01015823;07091000213;13071984;25011779;279;747;521;848 ~~~~~~~~~~~~~~~~~~~~~~~~~~~~~~ 10-05
02061485;04092062J;02015823;08091000213;14071984;26011779;280;748;521;620 ~~~~~~~~~~~~~~~~~~~~~~~~~~~~~~ 10-06
03061485;05092062J;03015823;09091000213;15071984;27011779;281;637;418 ~~~~~~~~~~~~~~~~~~~~~~~~~~~~~~~~~~ 10-07
04061485;06092062J;04015823;10091000213;16071984;28011779;282;750;749;620 ~~~~~~~~~~~~~~~~~~~~~~~~~~~~~~ 10-08
05061485;07092062J;05015823;11091000213;17071984;29011779;283;751;918 ~~~~~~~~~~~~~~~~~~~~~~~~~~~~~~~~~~ 10-09
06061485;08092062J;06015823;12091000213;18071984;30011779;284;791;397;367;548;919;375;620 ~~~~~~~~~~~~~~ 10-10
07061485;09092062J;07015823;13091000213;19071984;01021779;285;752;368;513;885;563;620;848 ~~~~~~~~~~~~~~ 10-11
08061485;10092062J;08015823;14091000213;20071984;02021779;286;753;549;560;620 ~~~~~~~~~~~~~~~~~~~~~~~~~~ 10-12
09061485;11092062J;09015823;15091000213;21071984;03021779;287;421;848 ~~~~~~~~~~~~~~~~~~~~~~~~~~~~~~~~~~ 10-13
10061485;12092062J;10015823;16091000213;22071984;04021779;288;754;899;527;620 ~~~~~~~~~~~~~~~~~~~~~~~~~~ 10-14
11061485;13092062J;11015823;17091000213;23071984;05021779;289 ~~~~~~~~~~~~~~~~~~~~~~~~~~~~~~~~~~~~~~~~~~ 10-15
12061485;14092062J;12015823;18091000213;24071984;06021779;290;755;620 ~~~~~~~~~~~~~~~~~~~~~~~~~~~~~~~~~~ 10-16
13061485;15092062J;13015823;19091000213;25071984;07021779;291;756;882;922 ~~~~~~~~~~~~~~~~~~~~~~~~~~~~~~ 10-17
14061485;16092062J;14015823;00101000213;26071984;08021779;292;757;391;532;406;620 ~~~~~~~~~~~~~~~~~~~~~~ 10-18
15061485;17092062J;15015823;01101000213;27071984;09021779;293;631;523 ~~~~~~~~~~~~~~~~~~~~~~~~~~~~~~~~~~ 10-19
16061485;18092062J;16015823;02101000213;28071984;10021779;294;523;784;620 ~~~~~~~~~~~~~~~~~~~~~~~~~~~~~~ 10-20
17061485;19092062J;17015823;03101000213;29071984;11021779;295;758;881;523;785;375;620 ~~~~~~~~~~~~~~~~~~ 10-21
18061485;20092062J;18015823;04101000213;30071984;12021779;296;369;378;523;786;620 ~~~~~~~~~~~~~~~~~~~~~~ 10-22
19061485;21092062J;19015823;05101000213;01081984;13021779;297;523;787;421;620 ~~~~~~~~~~~~~~~~~~~~~~~~~~ 10-23
20061485;22092062J;20015823;06101000213;02081984;14021779;298;398;499;514;523;620 ~~~~~~~~~~~~~~~~~~~~~~ 10-24
21061485;23092062J;21015823;07101000213;03081984;15021779;299;371;523;418 ~~~~~~~~~~~~~~~~~~~~~~~~~~~~~~ 10-25
22061485;24092062J;22015823;08101000213;04081984;16021779;300;524;620 ~~~~~~~~~~~~~~~~~~~~~~~~~~~~~~~~~~ 10-26
23061485;25092062J;23015823;09101000213;05081984;17021779;301;849;411;525;620 ~~~~~~~~~~~~~~~~~~~~~~~~~~ 10-27
24061485;26092062J;24015823;10101000213;06081984;18021779;302;759;431;558;911;620 ~~~~~~~~~~~~~~~~~~~~~~ 10-28
25061485;27092062J;25015823;11101000213;07081984;19021779;303;779;784;620 ~~~~~~~~~~~~~~~~~~~~~~~~~~~~~~ 10-29
26061485;28092062J;26015823;12101000213;08081984;20021779;304;780;785;620 ~~~~~~~~~~~~~~~~~~~~~~~~~~~~~~ 10-30
27061485;29092062J;27015823;13101000213;09081984;21021779;305;781;786;893 ~~~~~~~~~~~~~~~~~~~~~~~~~~~~~~ 10-31
28061485;01102062J;28015823;14101000213;10081984;22021779;306;761;380;782;787;375;621 ~~~~~~~~~~~~~~~~~~ 11-01
29061485;02102062J;29015823;15101000213;11081984;23021779;307;762;535;783;788 ~~~~~~~~~~~~~~~~~~~~~~~~~~ 11-02
01071485;03102062J;30015823;16101000213;12081984;24021779;308;596;412;621 ~~~~~~~~~~~~~~~~~~~~~~~~~~~~~~ 11-03
02071485;04102062J;01025823;17101000213;13081984;25021779;309;637;763 ~~~~~~~~~~~~~~~~~~~~~~~~~~~~~~~~~~ 11-04
03071485;05102062J;02025823;18101000213;14081984;26021779;310;621 ~~~~~~~~~~~~~~~~~~~~~~~~~~~~~~~~~~~~~~ 11-05
04071485;06102062J;03025823;19101000213;15081984;27021779;311;760 ~~~~~~~~~~~~~~~~~~~~~~~~~~~~~~~~~~~~~~ 11-06
05071485;07102062J;04025823;00111000213;16081984;28021779;312;850;513;543;621 ~~~~~~~~~~~~~~~~~~~~~~~~~~ 11-07
06071485;08102062J;05025823;01111000213;17081984;29021779;313;397 ~~~~~~~~~~~~~~~~~~~~~~~~~~~~~~~~~~~~~~ 11-08
07071485;09102062J;06025823;02111000213;18081984;30021779;314;764;621 ~~~~~~~~~~~~~~~~~~~~~~~~~~~~~~~~~~ 11-09
08071485;10102062J;07025823;03111000213;19081984;01031779;315;412 ~~~~~~~~~~~~~~~~~~~~~~~~~~~~~~~~~~~~~~ 11-10
09071485;11102062J;08025823;04111000213;20081984;02031779;316;879;621 ~~~~~~~~~~~~~~~~~~~~~~~~~~~~~~~~~~ 11-11
10071485;12102062J;09025823;05111000213;21081984;03031779;317;432;547;375;406;418;421 ~~~~~~~~~~~~~~~~~~ 11-12
11071485;13102062J;10025823;06111000213;22081984;04031779;318;376;934;621 ~~~~~~~~~~~~~~~~~~~~~~~~~~~~~~ 11-13
12071485;14102062J;11025823;07111000213;23081984;05031779;319 ~~~~~~~~~~~~~~~~~~~~~~~~~~~~~~~~~~~~~~~~~~ 11-14
13071485;15102062J;12025823;08111000213;24081984;06031779;320;621 ~~~~~~~~~~~~~~~~~~~~~~~~~~~~~~~~~~~~~~ 11-15
14071485;16102062J;13025823;09111000213;25081984;07031779;321;766;394;880 ~~~~~~~~~~~~~~~~~~~~~~~~~~~~~~ 11-16
15071485;17102062J;14025823;10111000213;26081984;08031779;322;621 ~~~~~~~~~~~~~~~~~~~~~~~~~~~~~~~~~~~~~~ 11-17
16071485;18102062J;15025823;11111000213;27081984;09031779;323;767 ~~~~~~~~~~~~~~~~~~~~~~~~~~~~~~~~~~~~~~ 11-18
17071485;19102062J;16025823;12111000213;28081984;10031779;324;765;514;621 ~~~~~~~~~~~~~~~~~~~~~~~~~~~~~~ 11-19
18071485;20102062J;17025823;13111000213;29081984;11031779;325 ~~~~~~~~~~~~~~~~~~~~~~~~~~~~~~~~~~~~~~~~~~ 11-20
19071485;21102062J;18025823;14111000213;30081984;12031779;326;621 ~~~~~~~~~~~~~~~~~~~~~~~~~~~~~~~~~~~~~~ 11-21
20071485;22102062J;19025823;15111000213;01091984;13031779;327;769;788;406;421 ~~~~~~~~~~~~~~~~~~~~~~~~~~ 11-22
21071485;23102062J;20025823;16111000213;02091984;14031779;328;440;398;876;621 ~~~~~~~~~~~~~~~~~~~~~~~~~~ 11-23
22071485;24102062J;21025823;17111000213;03091984;15031779;329;441;412 ~~~~~~~~~~~~~~~~~~~~~~~~~~~~~~~~~~ 11-24
23071485;25102062J;22025823;18111000213;04091984;16031779;330;770;768;621 ~~~~~~~~~~~~~~~~~~~~~~~~~~~~~~ 11-25
24071485;26102062J;23025823;19111000213;05091984;17031779;331;936 ~~~~~~~~~~~~~~~~~~~~~~~~~~~~~~~~~~~~~~ 11-26
25071485;27102062J;24025823;00121000213;06091984;18031779;332;442;406;621 ~~~~~~~~~~~~~~~~~~~~~~~~~~~~~~ 11-27
26071485;28102062J;25025823;01121000213;07091984;19031779;333;771;369;855 ~~~~~~~~~~~~~~~~~~~~~~~~~~~~~~ 11-28
27071485;29102062J;26025823;02121000213;08091984;20031779;334;772;509;621 ~~~~~~~~~~~~~~~~~~~~~~~~~~~~~~ 11-29
28071485;30102062J;27025823;03121000213;09091984;21031779;335;380;418 ~~~~~~~~~~~~~~~~~~~~~~~~~~~~~~~~~~ 11-30
29071485;01112062J;28025823;04121000213;10091984;22031779;336;774;622 ~~~~~~~~~~~~~~~~~~~~~~~~~~~~~~~~~~ 12-01
30071485;02112062J;29025823;05121000213;11091984;23031779;337;637;775;370 ~~~~~~~~~~~~~~~~~~~~~~~~~~~~~~ 12-02
01081485;03112062J;01035823;06121000213;12091984;24031779;338;589;622 ~~~~~~~~~~~~~~~~~~~~~~~~~~~~~~~~~~ 12-03
02081485;04112062J;02035823;07121000213;13091984;25031779;339 ~~~~~~~~~~~~~~~~~~~~~~~~~~~~~~~~~~~~~~~~~~ 12-04
03081485;05112062J;03035823;08121000213;14091984;26031779;340;773;513;622 ~~~~~~~~~~~~~~~~~~~~~~~~~~~~~~ 12-05
04081485;06112062J;04035823;09121000213;15091984;27031779;341;944 ~~~~~~~~~~~~~~~~~~~~~~~~~~~~~~~~~~~~~~ 12-06
05081485;07112062J;05035823;10121000213;16091984;28031779;342;422;406;622 ~~~~~~~~~~~~~~~~~~~~~~~~~~~~~~ 12-07
06081485;08112062J;06035823;11121000213;17091984;29031779;343;397;412 ~~~~~~~~~~~~~~~~~~~~~~~~~~~~~~~~~~ 12-08
07081485;09112062J;07035823;12121000213;18091984;30031779;344;776;418;622 ~~~~~~~~~~~~~~~~~~~~~~~~~~~~~~ 12-09
08081485;10112062J;08035823;13121000213;19091984;01041779;345;777;590 ~~~~~~~~~~~~~~~~~~~~~~~~~~~~~~~~~~ 12-10
09081485;11112062J;09035823;14121000213;20091984;02041779;346;622 ~~~~~~~~~~~~~~~~~~~~~~~~~~~~~~~~~~~~~~ 12-11
10081485;12112062J;10035823;15121000213;21091984;03041779;347;436;557;890 ~~~~~~~~~~~~~~~~~~~~~~~~~~~~~~ 12-12
11081485;13112062J;11035823;16121000213;22091984;04041779;348;622 ~~~~~~~~~~~~~~~~~~~~~~~~~~~~~~~~~~~~~~ 12-13
12081485;14112062J;12035823;17121000213;23091984;05041779;349 ~~~~~~~~~~~~~~~~~~~~~~~~~~~~~~~~~~~~~~~~~~ 12-14
13081485;15112062J;13035823;18121000213;24091984;06041779;350;778;453;545;412;622 ~~~~~~~~~~~~~~~~~~~~~~ 12-15
14081485;16112062J;14035823;19121000213;25091984;07041779;351;395;887;512 ~~~~~~~~~~~~~~~~~~~~~~~~~~~~~~ 12-16
15081485;17112062J;15035823;00131000213;26091984;08041779;352;514;591;406;622 ~~~~~~~~~~~~~~~~~~~~~~~~~~ 12-17
16081485;18112062J;16035823;01131000213;27091984;09041779;353;418 ~~~~~~~~~~~~~~~~~~~~~~~~~~~~~~~~~~~~~~ 12-18
17081485;19112062J;17035823;02131000213;28091984;10041779;354;622 ~~~~~~~~~~~~~~~~~~~~~~~~~~~~~~~~~~~~~~ 12-19
18081485;20112062J;18035823;03131000213;29091984;11041779;355;371;399;825;466 ~~~~~~~~~~~~~~~~~~~~~~~~~~ 12-20
19081485;21112062J;19035823;04131000213;30091984;12041779;356;864;426;622 ~~~~~~~~~~~~~~~~~~~~~~~~~~~~~~ 12-21
20081485;22112062J;20035823;05131000213;01101984;13041779;357;398;465;406;412 ~~~~~~~~~~~~~~~~~~~~~~~~~~ 12-22
21081485;23112062J;21035823;06131000213;02101984;14041779;358;400;622 ~~~~~~~~~~~~~~~~~~~~~~~~~~~~~~~~~~ 12-23
22081485;24112062J;22035823;07131000213;03101984;15041779;359;592 ~~~~~~~~~~~~~~~~~~~~~~~~~~~~~~~~~~~~~~ 12-24
23081485;25112062J;23035823;08131000213;04101984;16041779;360;408;622 ~~~~~~~~~~~~~~~~~~~~~~~~~~~~~~~~~~ 12-25
24081485;26112062J;24035823;09131000213;05101984;17041779;361;433;917;400 ~~~~~~~~~~~~~~~~~~~~~~~~~~~~~~ 12-26
25081485;27112062J;25035823;10131000213;06101984;18041779;362;516;406;622 ~~~~~~~~~~~~~~~~~~~~~~~~~~~~~~ 12-27
26081485;28112062J;26035823;11131000213;07101984;19041779;363;516 ~~~~~~~~~~~~~~~~~~~~~~~~~~~~~~~~~~~~~~ 12-28
27081485;29112062J;27035823;12131000213;08101984;20041779;364;516;400;622 ~~~~~~~~~~~~~~~~~~~~~~~~~~~~~~ 12-29
28081485;30112062J;28035823;13131000213;09101984;21041779;365;380;516 ~~~~~~~~~~~~~~~~~~~~~~~~~~~~~~~~~~ 12-30
29081485;01122062J;29035823;14131000213;10101984;22041779;366;516;622 ~~~~~~~~~~~~~~~~~~~~~~~~~~~~~~~~~~ 12-31
