20031504;22112080b;20245841;08000900313;11102002;23041797;001;611 ~~~~~~~~~~~~~~~~~~~~~~~~~~~~~~~~~~~~~~ 01-01
21031504;23112080b;21245841;09000900313;12102002;24041797;002;398;372 ~~~~~~~~~~~~~~~~~~~~~~~~~~~~~~~~~~ 01-02
22031504;24112080b;22245841;10000900313;13102002;25041797;003;611 ~~~~~~~~~~~~~~~~~~~~~~~~~~~~~~~~~~~~~~ 01-03
23031504;25112080b;23245841;11000900313;14102002;26041797;004;637 ~~~~~~~~~~~~~~~~~~~~~~~~~~~~~~~~~~~~~~ 01-04
24031504;26112080b;24245841;12000900313;15102002;27041797;005;824;917;611 ~~~~~~~~~~~~~~~~~~~~~~~~~~~~~~ 01-05
25031504;27112080b;25245841;13000900313;16102002;28041797;006 ~~~~~~~~~~~~~~~~~~~~~~~~~~~~~~~~~~~~~~~~~~ 01-06
26031504;28112080b;26245841;14000900313;17102002;29041797;007;843;611 ~~~~~~~~~~~~~~~~~~~~~~~~~~~~~~~~~~ 01-07
27031504;29112080b;27245841;15000900313;18102002;30041797;008 ~~~~~~~~~~~~~~~~~~~~~~~~~~~~~~~~~~~~~~~~~~ 01-08
28031504;30112080b;28245841;16000900313;19102002;01051797;009;380;611 ~~~~~~~~~~~~~~~~~~~~~~~~~~~~~~~~~~ 01-09
29031504;01122080b;29245841;17000900313;20102002;02051797;010;436;418 ~~~~~~~~~~~~~~~~~~~~~~~~~~~~~~~~~~ 01-10
30031504;02122080b;01255841;18000900313;21102002;03051797;011;626;611 ~~~~~~~~~~~~~~~~~~~~~~~~~~~~~~~~~~ 01-11
01041504;03122080b;02255841;19000900313;22102002;04051797;012;627;513 ~~~~~~~~~~~~~~~~~~~~~~~~~~~~~~~~~~ 01-12
02041504;04122080b;03255841;00010900313;23102002;05051797;013;628;611 ~~~~~~~~~~~~~~~~~~~~~~~~~~~~~~~~~~ 01-13
03041504;05122080b;04255841;01010900313;24102002;06051797;014;629 ~~~~~~~~~~~~~~~~~~~~~~~~~~~~~~~~~~~~~~ 01-14
04041504;06122080b;05255841;02010900313;25102002;07051797;015;611 ~~~~~~~~~~~~~~~~~~~~~~~~~~~~~~~~~~~~~~ 01-15
05041504;07122080b;06255841;03010900313;26102002;08051797;016;631;406 ~~~~~~~~~~~~~~~~~~~~~~~~~~~~~~~~~~ 01-16
06041504;08122080b;07255841;04010900313;27102002;09051797;017;397;399;611 ~~~~~~~~~~~~~~~~~~~~~~~~~~~~~~ 01-17
07041504;09122080b;08255841;05010900313;28102002;10051797;018;630;433 ~~~~~~~~~~~~~~~~~~~~~~~~~~~~~~~~~~ 01-18
08041504;10122080b;09255841;06010900313;29102002;11051797;019;625;376;418;611 ~~~~~~~~~~~~~~~~~~~~~~~~~~ 01-19
09041504;11122080b;10255841;07010900313;30102002;12051797;020;492;400 ~~~~~~~~~~~~~~~~~~~~~~~~~~~~~~~~~~ 01-20
10041504;12122080b;11255841;08010900313;01112002;13051797;021;905;611 ~~~~~~~~~~~~~~~~~~~~~~~~~~~~~~~~~~ 01-21
11041504;13122080b;12255841;09010900313;02112002;14051797;022;632 ~~~~~~~~~~~~~~~~~~~~~~~~~~~~~~~~~~~~~~ 01-22
12041504;14122080b;13255841;10010900313;03112002;15051797;023;453;611 ~~~~~~~~~~~~~~~~~~~~~~~~~~~~~~~~~~ 01-23
13041504;15122080b;14255841;11010900313;04112002;16051797;024;596;381 ~~~~~~~~~~~~~~~~~~~~~~~~~~~~~~~~~~ 01-24
14041504;16122080b;15255841;12010900313;05112002;17051797;025;634;514;810;904;611 ~~~~~~~~~~~~~~~~~~~~~~ 01-25
15041504;17122080b;16255841;13010900313;06112002;18051797;026;635;400;406 ~~~~~~~~~~~~~~~~~~~~~~~~~~~~~~ 01-26
16041504;18122080b;17255841;14010900313;07112002;19051797;027;636;611 ~~~~~~~~~~~~~~~~~~~~~~~~~~~~~~~~~~ 01-27
17041504;19122080b;18255841;15010900313;08112002;20051797;028;916;580 ~~~~~~~~~~~~~~~~~~~~~~~~~~~~~~~~~~ 01-28
18041504;20122080b;19255841;16010900313;09112002;21051797;029;611 ~~~~~~~~~~~~~~~~~~~~~~~~~~~~~~~~~~~~~~ 01-29
19041504;21122080b;20255841;17010900313;10112002;22051797;030 ~~~~~~~~~~~~~~~~~~~~~~~~~~~~~~~~~~~~~~~~~~ 01-30
20041504;22122080b;21255841;18010900313;11112002;23051797;031;633;398;865;406;611 ~~~~~~~~~~~~~~~~~~~~~~ 01-31
21041504;23122080b;22255841;18010900313;12112002;24051797;032;637;640 ~~~~~~~~~~~~~~~~~~~~~~~~~~~~~~~~~~ 02-01
22041504;24122080b;23255841;19010900313;13112002;25051797;033;612 ~~~~~~~~~~~~~~~~~~~~~~~~~~~~~~~~~~~~~~ 02-02
23041504;25122080b;24255841;00020900313;14112002;26051797;034 ~~~~~~~~~~~~~~~~~~~~~~~~~~~~~~~~~~~~~~~~~~ 02-03
24041504;26122080b;25255841;01020900313;15112002;27051797;035;923;400;612 ~~~~~~~~~~~~~~~~~~~~~~~~~~~~~~ 02-04
25041504;27122080b;26255841;02020900313;16112002;28051797;036;406 ~~~~~~~~~~~~~~~~~~~~~~~~~~~~~~~~~~~~~~ 02-05
26041504;28122080b;27255841;03020900313;17112002;29051797;037;638;418;612 ~~~~~~~~~~~~~~~~~~~~~~~~~~~~~~ 02-06
27041504;29122080b;28255841;04020900313;18112002;30051797;038;639;401 ~~~~~~~~~~~~~~~~~~~~~~~~~~~~~~~~~~ 02-07
28041504;30122080b;29255841;05020900313;19112002;01061797;039;643;380;888;612 ~~~~~~~~~~~~~~~~~~~~~~~~~~ 02-08
29041504;01012081c;30255841;06020900313;20112002;02061797;040;513;479;490;581 ~~~~~~~~~~~~~~~~~~~~~~~~~~ 02-09
01051504;02012081c;01265841;07020900313;21112002;03061797;041;641;566;479;490;406;612 ~~~~~~~~~~~~~~~~~~ 02-10
02051504;03012081c;02265841;08020900313;22112002;04061797;042;443;566 ~~~~~~~~~~~~~~~~~~~~~~~~~~~~~~~~~~ 02-11
03051504;04012081c;03265841;09020900313;23112002;05061797;043;444;566;612 ~~~~~~~~~~~~~~~~~~~~~~~~~~~~~~ 02-12
04051504;05012081c;04265841;10020900313;24112002;06061797;044;642;402;868;940;566 ~~~~~~~~~~~~~~~~~~~~~~ 02-13
05051504;06012081c;05265841;11020900313;25112002;07061797;045;612 ~~~~~~~~~~~~~~~~~~~~~~~~~~~~~~~~~~~~~~ 02-14
06051504;07012081c;06265841;12020900313;26112002;08061797;046;406;418 ~~~~~~~~~~~~~~~~~~~~~~~~~~~~~~~~~~ 02-15
07051504;08012081c;07265841;13020900313;27112002;09061797;047;397;914;612 ~~~~~~~~~~~~~~~~~~~~~~~~~~~~~~ 02-16
08051504;09012081c;08265841;14020900313;28112002;10061797;048;450;536;854;403 ~~~~~~~~~~~~~~~~~~~~~~~~~~ 02-17
09051504;10012081c;09265841;15020900313;29112002;11061797;049;854;612 ~~~~~~~~~~~~~~~~~~~~~~~~~~~~~~~~~~ 02-18
10051504;11012081c;10265841;16020900313;30112002;12061797;050;873 ~~~~~~~~~~~~~~~~~~~~~~~~~~~~~~~~~~~~~~ 02-19
11051504;12012081c;11265841;17020900313;01122002;13061797;051;644;437;554;406;612 ~~~~~~~~~~~~~~~~~~~~~~ 02-20
12051504;13012081c;12265841;18020900313;02122002;14061797;052;645;824 ~~~~~~~~~~~~~~~~~~~~~~~~~~~~~~~~~~ 02-21
13051504;14012081c;13265841;19020900313;03122002;15061797;053;612 ~~~~~~~~~~~~~~~~~~~~~~~~~~~~~~~~~~~~~~ 02-22
14051504;15012081c;14265841;00030900313;04122002;16061797;054;382;514;884 ~~~~~~~~~~~~~~~~~~~~~~~~~~~~~~ 02-23
15051504;16012081c;15265841;01030900313;05122002;17061797;055;612 ~~~~~~~~~~~~~~~~~~~~~~~~~~~~~~~~~~~~~~ 02-24
16051504;17012081c;16265841;02030900313;06122002;18061797;056;646;403;406 ~~~~~~~~~~~~~~~~~~~~~~~~~~~~~~ 02-25
17051504;18012081c;17265841;03030900313;07122002;19061797;057;612 ~~~~~~~~~~~~~~~~~~~~~~~~~~~~~~~~~~~~~~ 02-26
18051504;19012081c;18265841;04030900313;08122002;20061797;058;647;648 ~~~~~~~~~~~~~~~~~~~~~~~~~~~~~~~~~~ 02-27
19051504;20012081c;19265841;05030900313;09122002;21061797;059;649;650;612 ~~~~~~~~~~~~~~~~~~~~~~~~~~~~~~ 02-28
20051504;21012081c;20265841;09030900313;10122002;22061797;061;637 ~~~~~~~~~~~~~~~~~~~~~~~~~~~~~~~~~~~~~~ 03-01
21051504;22012081c;21265841;10030900313;11122002;23061797;062;655;398;406;613 ~~~~~~~~~~~~~~~~~~~~~~~~~~ 03-02
22051504;23012081c;22265841;11030900313;12122002;24061797;063;432;613 ~~~~~~~~~~~~~~~~~~~~~~~~~~~~~~~~~~ 03-03
23051504;24012081c;23265841;12030900313;13122002;25061797;064;823;613 ~~~~~~~~~~~~~~~~~~~~~~~~~~~~~~~~~~ 03-04
24051504;25012081c;24265841;13030900313;14122002;26061797;065 ~~~~~~~~~~~~~~~~~~~~~~~~~~~~~~~~~~~~~~~~~~ 03-05
25051504;26012081c;25265841;14030900313;15122002;27061797;066;653;943;613 ~~~~~~~~~~~~~~~~~~~~~~~~~~~~~~ 03-06
26051504;27012081c;26265841;15030900313;16122002;28061797;067;654;406 ~~~~~~~~~~~~~~~~~~~~~~~~~~~~~~~~~~ 03-07
27051504;28012081c;27265841;16030900313;17122002;29061797;068;513;886;613 ~~~~~~~~~~~~~~~~~~~~~~~~~~~~~~ 03-08
28051504;29012081c;28265841;17030900313;18122002;30061797;069;403;613 ~~~~~~~~~~~~~~~~~~~~~~~~~~~~~~~~~~ 03-09
29051504;01022081c;29265841;18030900313;19122002;01071797;070;380;928;932;950;613 ~~~~~~~~~~~~~~~~~~~~~~ 03-10
30051504;02022081c;30265841;19030900313;20122002;02071797;071;811;613 ~~~~~~~~~~~~~~~~~~~~~~~~~~~~~~~~~~ 03-11
01061504;03022081c;01275841;00040900313;21122002;03071797;072;406;613 ~~~~~~~~~~~~~~~~~~~~~~~~~~~~~~~~~~ 03-12
02061504;04022081c;02275841;01040900313;22122002;04071797;073;656;403 ~~~~~~~~~~~~~~~~~~~~~~~~~~~~~~~~~~ 03-13
03061504;05022081c;03275841;02040900313;23122002;05071797;074;613 ~~~~~~~~~~~~~~~~~~~~~~~~~~~~~~~~~~~~~~ 03-14
04061504;06022081c;04275841;03040900313;24122002;06071797;075;613 ~~~~~~~~~~~~~~~~~~~~~~~~~~~~~~~~~~~~~~ 03-15
05061504;07022081c;05275841;04040900313;25122002;07071797;076;819;613 ~~~~~~~~~~~~~~~~~~~~~~~~~~~~~~~~~~ 03-16
06061504;08022081c;06275841;05040900313;26122002;08071797;077;406 ~~~~~~~~~~~~~~~~~~~~~~~~~~~~~~~~~~~~~~ 03-17
07061504;09022081c;07275841;06040900313;27122002;09071797;078;657;397;613 ~~~~~~~~~~~~~~~~~~~~~~~~~~~~~~ 03-18
08061504;10022081c;08275841;07040900313;28122002;10071797;079;466;613 ~~~~~~~~~~~~~~~~~~~~~~~~~~~~~~~~~~ 03-19
09061504;11022081c;09275841;08040900313;29122002;11071797;080;658;424;613 ~~~~~~~~~~~~~~~~~~~~~~~~~~~~~~ 03-20
10061504;12022081c;10275841;09040900313;30122002;12071797;081;517;459;403 ~~~~~~~~~~~~~~~~~~~~~~~~~~~~~~ 03-21
11061504;13022081c;11275841;10040900313;01012003;13071797;082;851;406;613 ~~~~~~~~~~~~~~~~~~~~~~~~~~~~~~ 03-22
12061504;14022081c;12275841;11040900313;02012003;14071797;083;493;514;613 ~~~~~~~~~~~~~~~~~~~~~~~~~~~~~~ 03-23
13061504;15022081c;13275841;12040900313;03012003;15071797;084;383;544;623;906;613 ~~~~~~~~~~~~~~~~~~~~~~ 03-24
14061504;16022081c;14275841;13040900313;04012003;16071797;085;659;540;598;947;519;403 ~~~~~~~~~~~~~~~~~~ 03-25
15061504;17022081c;15275841;14040900313;05012003;17071797;086;660;562;613 ~~~~~~~~~~~~~~~~~~~~~~~~~~~~~~ 03-26
16061504;18022081c;16275841;15040900313;06012003;18071797;087;404;562 ~~~~~~~~~~~~~~~~~~~~~~~~~~~~~~~~~~ 03-27
17061504;19022081c;17275841;16040900313;07012003;19071797;088;445;562;613 ~~~~~~~~~~~~~~~~~~~~~~~~~~~~~~ 03-28
18061504;20022081c;18275841;17040900313;08012003;20071797;089;446;652 ~~~~~~~~~~~~~~~~~~~~~~~~~~~~~~~~~~ 03-29
19061504;21022081c;19275841;18040900313;09012003;21071797;090;447;852;613 ~~~~~~~~~~~~~~~~~~~~~~~~~~~~~~ 03-30
20061504;22022081c;20275841;19040900313;10012003;22071797;091;448;398 ~~~~~~~~~~~~~~~~~~~~~~~~~~~~~~~~~~ 03-31
21061504;23022081c;21275841;00050900313;11012003;23071797;092;533;924;406;418;614 ~~~~~~~~~~~~~~~~~~~~~~ 04-01
22061504;24022081c;22275841;01050900313;12012003;24071797;093;663 ~~~~~~~~~~~~~~~~~~~~~~~~~~~~~~~~~~~~~~ 04-02
23061504;25022081c;23275841;02050900313;13012003;25071797;094;614 ~~~~~~~~~~~~~~~~~~~~~~~~~~~~~~~~~~~~~~ 04-03
24061504;26022081c;24275841;03050900313;14012003;26071797;095;513;900;571;614 ~~~~~~~~~~~~~~~~~~~~~~~~~~ 04-04
25061504;27022081c;25275841;04050900313;15012003;27071797;096;637;661;614 ~~~~~~~~~~~~~~~~~~~~~~~~~~~~~~ 04-05
26061504;28022081c;26275841;05050900313;16012003;28071797;097;662;865;406;614 ~~~~~~~~~~~~~~~~~~~~~~~~~~ 04-06
27061504;29022081c;27275841;06050900313;17012003;29071797;098;651;614 ~~~~~~~~~~~~~~~~~~~~~~~~~~~~~~~~~~ 04-07
28061504;30022081c;28275841;07050900313;18012003;30071797;099;614;651 ~~~~~~~~~~~~~~~~~~~~~~~~~~~~~~~~~~ 04-08
29061504;01032081c;29275841;08050900313;19012003;01081797;100;380;651;614 ~~~~~~~~~~~~~~~~~~~~~~~~~~~~~~ 04-09
01071504;02032081c;01285841;09050900313;20012003;02081797;101;538;559;651;935;418 ~~~~~~~~~~~~~~~~~~~~~~ 04-10
02071504;03032081c;02285841;10050900313;21012003;03081797;102;406;651;614 ~~~~~~~~~~~~~~~~~~~~~~~~~~~~~~ 04-11
03071504;04032081c;03285841;11050900313;22012003;04081797;103;419;555;651;577;614 ~~~~~~~~~~~~~~~~~~~~~~ 04-12
04071504;05032081c;04285841;12050900313;23012003;05081797;104;614 ~~~~~~~~~~~~~~~~~~~~~~~~~~~~~~~~~~~~~~ 04-13
05071504;06032081c;05285841;13050900313;24012003;06081797;105 ~~~~~~~~~~~~~~~~~~~~~~~~~~~~~~~~~~~~~~~~~~ 04-14
06071504;07032081c;06285841;14050900313;25012003;07081797;106;945;614 ~~~~~~~~~~~~~~~~~~~~~~~~~~~~~~~~~~ 04-15
07071504;08032081c;07285841;15050900313;26012003;08081797;107;397;433;406;614 ~~~~~~~~~~~~~~~~~~~~~~~~~~ 04-16
08071504;09032081c;08285841;16050900313;27012003;09081797;108;631;664;576;614 ~~~~~~~~~~~~~~~~~~~~~~~~~~ 04-17
09071504;10032081c;09285841;17050900313;28012003;10081797;109;665;933;614 ~~~~~~~~~~~~~~~~~~~~~~~~~~~~~~ 04-18
10071504;11032081c;10285841;18050900313;29012003;11081797;110;666;877;614 ~~~~~~~~~~~~~~~~~~~~~~~~~~~~~~ 04-19
11071504;12032081c;11285841;19050900313;30012003;12081797;111;514 ~~~~~~~~~~~~~~~~~~~~~~~~~~~~~~~~~~~~~~ 04-20
12071504;13032081c;12285841;00060900313;01022003;13081797;112;794;831;614 ~~~~~~~~~~~~~~~~~~~~~~~~~~~~~~ 04-21
13071504;14032081c;13285841;01060900313;02022003;14081797;113 ~~~~~~~~~~~~~~~~~~~~~~~~~~~~~~~~~~~~~~~~~~ 04-22
14071504;15032081c;14285841;02060900313;03022003;15081797;114;384;539;575;614 ~~~~~~~~~~~~~~~~~~~~~~~~~~ 04-23
15071504;16032081c;15285841;03060900313;04022003;16081797;115;667;515;614 ~~~~~~~~~~~~~~~~~~~~~~~~~~~~~~ 04-24
16071504;17032081c;16285841;04060900313;05022003;17081797;116;671;614 ~~~~~~~~~~~~~~~~~~~~~~~~~~~~~~~~~~ 04-25
17071504;18032081c;17285841;05060900313;06022003;18081797;117;668;614 ~~~~~~~~~~~~~~~~~~~~~~~~~~~~~~~~~~ 04-26
18071504;19032081c;18285841;06060900313;07022003;19081797;118;669;614 ~~~~~~~~~~~~~~~~~~~~~~~~~~~~~~~~~~ 04-27
19071504;20032081c;19285841;07060900313;08022003;20081797;119;614 ~~~~~~~~~~~~~~~~~~~~~~~~~~~~~~~~~~~~~~ 04-28
20071504;21032081c;20285841;08060900313;09022003;21081797;120;614 ~~~~~~~~~~~~~~~~~~~~~~~~~~~~~~~~~~~~~~ 04-29
21071504;22032081c;21285841;09060900313;10022003;22081797;121;670;398 ~~~~~~~~~~~~~~~~~~~~~~~~~~~~~~~~~~ 04-30
22071504;23032081c;22285841;10060900313;11022003;23081797;122;677;615 ~~~~~~~~~~~~~~~~~~~~~~~~~~~~~~~~~~ 05-01
23071504;24032081c;23285841;11060900313;12022003;24081797;123;679;436;513 ~~~~~~~~~~~~~~~~~~~~~~~~~~~~~~ 05-02
24071504;25032081c;24285841;12060900313;13022003;25081797;124;637;672;615 ~~~~~~~~~~~~~~~~~~~~~~~~~~~~~~ 05-03
25071504;26032081c;25285841;13060900313;14022003;26081797;125;673;939;624 ~~~~~~~~~~~~~~~~~~~~~~~~~~~~~~ 05-04
26071504;27032081c;26285841;14060900313;15022003;27081797;126;674;526;624;615 ~~~~~~~~~~~~~~~~~~~~~~~~~~ 05-05
27071504;28032081c;27285841;15060900313;16022003;28081797;127;675;509;624 ~~~~~~~~~~~~~~~~~~~~~~~~~~~~~~ 05-06
28071504;29032081c;28285841;16060900313;17022003;29081797;128;676;624;615 ~~~~~~~~~~~~~~~~~~~~~~~~~~~~~~ 05-07
29071504;30032081c;29285841;17060900313;18022003;30081797;129;494;380;624 ~~~~~~~~~~~~~~~~~~~~~~~~~~~~~~ 05-08
30071504;01042081c;30285841;18060900313;19022003;01091797;130;678;624;615 ~~~~~~~~~~~~~~~~~~~~~~~~~~~~~~ 05-09
01081504;02042081c;01295841;19060900313;20022003;02091797;131;681;680;624 ~~~~~~~~~~~~~~~~~~~~~~~~~~~~~~ 05-10
02081504;03042081c;02295841;00070900313;21022003;03091797;132;451;510;902;615 ~~~~~~~~~~~~~~~~~~~~~~~~~~ 05-11
03081504;04042081c;03295841;01070900313;22022003;04091797;133;682 ~~~~~~~~~~~~~~~~~~~~~~~~~~~~~~~~~~~~~~ 05-12
04081504;05042081c;04295841;02070900313;23022003;05091797;134;414;528;615 ~~~~~~~~~~~~~~~~~~~~~~~~~~~~~~ 05-13
05081504;06042081c;05295841;03070900313;24022003;06091797;135;683;399;529 ~~~~~~~~~~~~~~~~~~~~~~~~~~~~~~ 05-14
06081504;07042081c;06295841;04070900313;25022003;07091797;136;797;397;553;867;615 ~~~~~~~~~~~~~~~~~~~~~~ 05-15
07081504;08042081c;07295841;05070900313;26022003;08091797;137;686;573 ~~~~~~~~~~~~~~~~~~~~~~~~~~~~~~~~~~ 05-16
08081504;09042081c;08295841;06070900313;27022003;09091797;138;687;514;927;568;573;400;615 ~~~~~~~~~~~~~~ 05-17
09081504;10042081c;09295841;07070900313;28022003;10091797;139;449;684;568;573 ~~~~~~~~~~~~~~~~~~~~~~~~~~ 05-18
10081504;11042081c;10295841;08070900313;29022003;11091797;140;789;889;615 ~~~~~~~~~~~~~~~~~~~~~~~~~~~~~~ 05-19
11081504;12042081c;11295841;09070900313;30022003;12091797;141 ~~~~~~~~~~~~~~~~~~~~~~~~~~~~~~~~~~~~~~~~~~ 05-20
12081504;13042081c;12295841;10070900313;31022003;13091797;142;685;894;406;415;615 ~~~~~~~~~~~~~~~~~~~~~~ 05-21
13081504;14042081c;13295841;11070900313;01032003;14091797;143;385;537;937 ~~~~~~~~~~~~~~~~~~~~~~~~~~~~~~ 05-22
14081504;15042081c;14295841;12070900313;02032003;15091797;144;689;798;892;512;615 ~~~~~~~~~~~~~~~~~~~~~~ 05-23
15081504;16042081c;15295841;13070900313;03032003;16091797;145;439 ~~~~~~~~~~~~~~~~~~~~~~~~~~~~~~~~~~~~~~ 05-24
16081504;17042081c;16295841;14070900313;04032003;17091797;146;439;615 ~~~~~~~~~~~~~~~~~~~~~~~~~~~~~~~~~~ 05-25
17081504;18042081c;17295841;15070900313;05032003;18091797;147;438;406 ~~~~~~~~~~~~~~~~~~~~~~~~~~~~~~~~~~ 05-26
18081504;19042081c;18295841;16070900313;06032003;19091797;148;518;615 ~~~~~~~~~~~~~~~~~~~~~~~~~~~~~~~~~~ 05-27
19081504;20042081c;19295841;17070900313;07032003;20091797;149;688 ~~~~~~~~~~~~~~~~~~~~~~~~~~~~~~~~~~~~~~ 05-28
20081504;21042081c;20295841;18070900313;08032003;21091797;150;415;615 ~~~~~~~~~~~~~~~~~~~~~~~~~~~~~~~~~~ 05-29
21081504;22042081c;21295841;19070900313;09032003;22091797;151;596;398;432;513 ~~~~~~~~~~~~~~~~~~~~~~~~~~ 05-30
22081504;23042081c;22295841;00080900313;10032003;23091797;152;615 ~~~~~~~~~~~~~~~~~~~~~~~~~~~~~~~~~~~~~~ 05-31
23081504;24042081c;23295841;01080900313;11032003;24091797;153;690;400 ~~~~~~~~~~~~~~~~~~~~~~~~~~~~~~~~~~ 06-01
24081504;25042081c;24295841;02080900313;12032003;25091797;154;694;616 ~~~~~~~~~~~~~~~~~~~~~~~~~~~~~~~~~~ 06-02
25081504;26042081c;25295841;03080900313;13032003;26091797;155;530;616 ~~~~~~~~~~~~~~~~~~~~~~~~~~~~~~~~~~ 06-03
26081504;27042081c;26295841;04080900313;14032003;27091797;156;691;400;616 ~~~~~~~~~~~~~~~~~~~~~~~~~~~~~~ 06-04
27081504;28042081c;27295841;05080900313;15032003;28091797;157;864 ~~~~~~~~~~~~~~~~~~~~~~~~~~~~~~~~~~~~~~ 06-05
28081504;29042081c;28295841;06080900313;16032003;29091797;158;692;401;411;415;616 ~~~~~~~~~~~~~~~~~~~~~~ 06-06
29081504;01052081c;29295841;07080900313;17032003;30091797;159;637;693;380;921;942 ~~~~~~~~~~~~~~~~~~~~~~ 06-07
01091504;02052081c;01305841;08080900313;18032003;01101797;160;695;504;616 ~~~~~~~~~~~~~~~~~~~~~~~~~~~~~~ 06-08
02091504;03052081c;02305841;09080900313;19032003;02101797;161 ~~~~~~~~~~~~~~~~~~~~~~~~~~~~~~~~~~~~~~~~~~ 06-09
03091504;04052081c;03305841;10080900313;20032003;03101797;162;696;406;616 ~~~~~~~~~~~~~~~~~~~~~~~~~~~~~~ 06-10
04091504;05052081c;04305841;11080900313;21032003;04101797;163;514;564;569;616 ~~~~~~~~~~~~~~~~~~~~~~~~~~ 06-11
05091504;06052081c;05305841;12080900313;22032003;05101797;164;569;616 ~~~~~~~~~~~~~~~~~~~~~~~~~~~~~~~~~~ 06-12
06091504;07052081c;06305841;13080900313;23032003;06101797;165;699;397;830;522 ~~~~~~~~~~~~~~~~~~~~~~~~~~ 06-13
07091504;08052081c;07305841;14080900313;24032003;07101797;166;697;799;415;616 ~~~~~~~~~~~~~~~~~~~~~~~~~~ 06-14
08091504;09052081c;08305841;15080900313;25032003;08101797;167;452;452;616 ~~~~~~~~~~~~~~~~~~~~~~~~~~~~~~ 06-15
09091504;10052081c;09305841;16080900313;26032003;09101797;168;552;505;616 ~~~~~~~~~~~~~~~~~~~~~~~~~~~~~~ 06-16
10091504;11052081c;10305841;17080900313;27032003;10101797;169;896;616 ~~~~~~~~~~~~~~~~~~~~~~~~~~~~~~~~~~ 06-17
11091504;12052081c;11305841;18080900313;28032003;11101797;170;616 ~~~~~~~~~~~~~~~~~~~~~~~~~~~~~~~~~~~~~~ 06-18
12091504;13052081c;12305841;19080900313;29032003;12101797;171;698;460;616 ~~~~~~~~~~~~~~~~~~~~~~~~~~~~~~ 06-19
13091504;14052081c;13305841;00090900313;30032003;13101797;172;701;437;941;425;700;412;505;616 ~~~~~~~~~~ 06-20
14091504;15052081c;14305841;01090900313;31032003;14101797;173;386;874;461;616 ~~~~~~~~~~~~~~~~~~~~~~~~~~ 06-21
15091504;16052081c;15305841;02090900313;01042003;15101797;174;415;505;616 ~~~~~~~~~~~~~~~~~~~~~~~~~~~~~~ 06-22
16091504;17052081c;16305841;03090900313;02042003;16101797;175;616 ~~~~~~~~~~~~~~~~~~~~~~~~~~~~~~~~~~~~~~ 06-23
17091504;18052081c;17305841;04090900313;03042003;17101797;176;616 ~~~~~~~~~~~~~~~~~~~~~~~~~~~~~~~~~~~~~~ 06-24
18091504;19052081c;18305841;05090900313;04042003;18101797;177;704;406 ~~~~~~~~~~~~~~~~~~~~~~~~~~~~~~~~~~ 06-25
19091504;20052081c;19305841;06090900313;05042003;19101797;178;505;616 ~~~~~~~~~~~~~~~~~~~~~~~~~~~~~~~~~~ 06-26
20091504;21052081c;20305841;07090900313;06042003;20101797;179;703;513;412 ~~~~~~~~~~~~~~~~~~~~~~~~~~~~~~ 06-27
21091504;22052081c;21305841;08090900313;07042003;21101797;180;702;616 ~~~~~~~~~~~~~~~~~~~~~~~~~~~~~~~~~~ 06-28
22091504;23052081c;22305841;09090900313;08042003;22101797;181;795;398 ~~~~~~~~~~~~~~~~~~~~~~~~~~~~~~~~~~ 06-29
23091504;24052081c;23305841;10090900313;09042003;23101797;182;406;415;616 ~~~~~~~~~~~~~~~~~~~~~~~~~~~~~~ 06-30
24091504;25052081c;24305841;11090900313;10042003;24101797;183 ~~~~~~~~~~~~~~~~~~~~~~~~~~~~~~~~~~~~~~~~~~ 07-01
25091504;26052081c;25305841;12090900313;11042003;25101797;184;946;505;617 ~~~~~~~~~~~~~~~~~~~~~~~~~~~~~~ 07-02
26091504;27052081c;26305841;13090900313;12042003;26101797;185 ~~~~~~~~~~~~~~~~~~~~~~~~~~~~~~~~~~~~~~~~~~ 07-03
27091504;28052081c;27305841;14090900313;13042003;27101797;186;507;508;565;412;505;617 ~~~~~~~~~~~~~~~~~~ 07-04
28091504;29052081c;28305841;15090900313;14042003;28101797;187;637;705;840;373;565;406 ~~~~~~~~~~~~~~~~~~ 07-05
29091504;30052081c;29305841;16090900313;15042003;29101797;188;380;617 ~~~~~~~~~~~~~~~~~~~~~~~~~~~~~~~~~~ 07-06
30091504;01062081c;30305841;17090900313;16042003;30101797;189;829;506;617 ~~~~~~~~~~~~~~~~~~~~~~~~~~~~~~ 07-07
01101504;02062081c;01315841;18090900313;17042003;01111797;190;870;502;415;617 ~~~~~~~~~~~~~~~~~~~~~~~~~~ 07-08
02101504;03062081c;02315841;19090900313;18042003;02111797;191;514;617 ~~~~~~~~~~~~~~~~~~~~~~~~~~~~~~~~~~ 07-09
03101504;04062081c;03315841;00100900313;19042003;03111797;192;617 ~~~~~~~~~~~~~~~~~~~~~~~~~~~~~~~~~~~~~~ 07-10
04101504;05062081c;04315841;01100900313;20042003;04111797;193;412;617 ~~~~~~~~~~~~~~~~~~~~~~~~~~~~~~~~~~ 07-11
05101504;06062081c;05315841;02100900313;21042003;05111797;194;706;617 ~~~~~~~~~~~~~~~~~~~~~~~~~~~~~~~~~~ 07-12
06101504;07062081c;06315841;03100900313;22042003;06111797;195;397;433 ~~~~~~~~~~~~~~~~~~~~~~~~~~~~~~~~~~ 07-13
07101504;08062081c;07315841;04100900313;23042003;07111797;196;707;617 ~~~~~~~~~~~~~~~~~~~~~~~~~~~~~~~~~~ 07-14
08101504;09062081c;08315841;05100900313;24042003;08111797;197;420;617 ~~~~~~~~~~~~~~~~~~~~~~~~~~~~~~~~~~ 07-15
09101504;10062081c;09315841;06100900313;25042003;09111797;198;711;546;617 ~~~~~~~~~~~~~~~~~~~~~~~~~~~~~~ 07-16
10101504;11062081c;10315841;07100900313;26042003;10111797;199;631;408;617 ~~~~~~~~~~~~~~~~~~~~~~~~~~~~~~ 07-17
11101504;12062081c;11315841;08100900313;27042003;11111797;200;617 ~~~~~~~~~~~~~~~~~~~~~~~~~~~~~~~~~~~~~~ 07-18
12101504;13062081c;12315841;09100900313;28042003;12111797;201;708 ~~~~~~~~~~~~~~~~~~~~~~~~~~~~~~~~~~~~~~ 07-19
13101504;14062081c;13315841;10100900313;29042003;13111797;202;709;387;531;561;406;617 ~~~~~~~~~~~~~~~~~~ 07-20
14101504;15062081c;14315841;11100900313;30042003;14111797;203;710;617 ~~~~~~~~~~~~~~~~~~~~~~~~~~~~~~~~~~ 07-21
15101504;16062081c;15315841;12100900313;31042003;15111797;204;617 ~~~~~~~~~~~~~~~~~~~~~~~~~~~~~~~~~~~~~~ 07-22
16101504;17062081c;16315841;13100900313;01052003;16111797;205;617 ~~~~~~~~~~~~~~~~~~~~~~~~~~~~~~~~~~~~~~ 07-23
17101504;18062081c;17315841;14100900313;02052003;17111797;206;712;513;415;617 ~~~~~~~~~~~~~~~~~~~~~~~~~~ 07-24
18101504;19062081c;18315841;15100900313;03052003;18111797;207;716;406;412 ~~~~~~~~~~~~~~~~~~~~~~~~~~~~~~ 07-25
19101504;20062081c;19315841;16100900313;04052003;19111797;208;713;617 ~~~~~~~~~~~~~~~~~~~~~~~~~~~~~~~~~~ 07-26
20101504;21062081c;20315841;17100900313;05052003;20111797;209;714;617 ~~~~~~~~~~~~~~~~~~~~~~~~~~~~~~~~~~ 07-27
21101504;22062081c;21315841;18100900313;06052003;21111797;210;398;617 ~~~~~~~~~~~~~~~~~~~~~~~~~~~~~~~~~~ 07-28
22101504;23062081c;22315841;19100900313;07052003;22111797;211;409;617 ~~~~~~~~~~~~~~~~~~~~~~~~~~~~~~~~~~ 07-29
23101504;24062081c;23315841;00110900313;08052003;23111797;212;838;406;617 ~~~~~~~~~~~~~~~~~~~~~~~~~~~~~~ 07-30
24101504;25062081c;24315841;01110900313;09052003;24111797;213;715 ~~~~~~~~~~~~~~~~~~~~~~~~~~~~~~~~~~~~~~ 07-31
25101504;26062081c;25315841;02110900313;10052003;25111797;214;719;878;412;415;618 ~~~~~~~~~~~~~~~~~~~~~~ 08-01
26101504;27062081c;26315841;03110900313;11052003;26111797;215;637;720 ~~~~~~~~~~~~~~~~~~~~~~~~~~~~~~~~~~ 08-02
27101504;28062081c;27315841;04110900313;12052003;27111797;216;717;618 ~~~~~~~~~~~~~~~~~~~~~~~~~~~~~~~~~~ 08-03
28101504;29062081c;28315841;05110900313;13052003;28111797;217;380;421 ~~~~~~~~~~~~~~~~~~~~~~~~~~~~~~~~~~ 08-04
29101504;01072081c;29315841;06110900313;14052003;29111797;218;718;618 ~~~~~~~~~~~~~~~~~~~~~~~~~~~~~~~~~~ 08-05
01111504;02072081c;01325841;07110900313;15052003;30111797;219;514 ~~~~~~~~~~~~~~~~~~~~~~~~~~~~~~~~~~~~~~ 08-06
02111504;03072081c;02325841;08110900313;16052003;01121797;220;579;618 ~~~~~~~~~~~~~~~~~~~~~~~~~~~~~~~~~~ 08-07
03111504;04072081c;03325841;09110900313;17052003;02121797;221;412 ~~~~~~~~~~~~~~~~~~~~~~~~~~~~~~~~~~~~~~ 08-08
04111504;05072081c;04325841;10110900313;18052003;03121797;222;723;891;406;618 ~~~~~~~~~~~~~~~~~~~~~~~~~~ 08-09
05111504;06072081c;05325841;11110900313;19052003;04121797;223;721;409 ~~~~~~~~~~~~~~~~~~~~~~~~~~~~~~~~~~ 08-10
06111504;07072081c;06325841;12110900313;20052003;05121797;224;397;572;618 ~~~~~~~~~~~~~~~~~~~~~~~~~~~~~~ 08-11
07111504;08072081c;07325841;13110900313;21052003;06121797;225 ~~~~~~~~~~~~~~~~~~~~~~~~~~~~~~~~~~~~~~~~~~ 08-12
08111504;09072081c;08325841;14110900313;22052003;07121797;226;722;618 ~~~~~~~~~~~~~~~~~~~~~~~~~~~~~~~~~~ 08-13
09111504;10072081c;09325841;15110900313;23052003;08121797;227;421 ~~~~~~~~~~~~~~~~~~~~~~~~~~~~~~~~~~~~~~ 08-14
10111504;11072081c;10325841;16110900313;24052003;09121797;228;926;938;412;618 ~~~~~~~~~~~~~~~~~~~~~~~~~~ 08-15
11111504;12072081c;11325841;17110900313;25052003;10121797;229;724;856;861 ~~~~~~~~~~~~~~~~~~~~~~~~~~~~~~ 08-16
12111504;13072081c;12325841;18110900313;26052003;11121797;230;415;618 ~~~~~~~~~~~~~~~~~~~~~~~~~~~~~~~~~~ 08-17
13111504;14072081c;13325841;19110900313;27052003;12121797;231;567 ~~~~~~~~~~~~~~~~~~~~~~~~~~~~~~~~~~~~~~ 08-18
14111504;15072081c;14325841;00120900313;28052003;13121797;232;388;556;909;910;925;567;406;618 ~~~~~~~~~~ 08-19
15111504;16072081c;15325841;01120900313;29052003;14121797;233 ~~~~~~~~~~~~~~~~~~~~~~~~~~~~~~~~~~~~~~~~~~ 08-20
16111504;17072081c;16325841;02120900313;30052003;15121797;234;513;618 ~~~~~~~~~~~~~~~~~~~~~~~~~~~~~~~~~~ 08-21
17111504;18072081c;17325841;03120900313;31052003;16121797;235;427;875;409 ~~~~~~~~~~~~~~~~~~~~~~~~~~~~~~ 08-22
18111504;19072081c;18325841;04120900313;01062003;17121797;236;374;618 ~~~~~~~~~~~~~~~~~~~~~~~~~~~~~~~~~~ 08-23
19111504;20072081c;19325841;05120900313;02062003;18121797;237;428 ~~~~~~~~~~~~~~~~~~~~~~~~~~~~~~~~~~~~~~ 08-24
20111504;21072081c;20325841;06120900313;03062003;19121797;238;796;415;618 ~~~~~~~~~~~~~~~~~~~~~~~~~~~~~~ 08-25
21111504;22072081c;21325841;07120900313;04062003;20121797;239;594;432 ~~~~~~~~~~~~~~~~~~~~~~~~~~~~~~~~~~ 08-26
22111504;23072081c;22325841;08120900313;05062003;21121797;240;595;398;833;872;618 ~~~~~~~~~~~~~~~~~~~~~~ 08-27
23111504;24072081c;23325841;09120900313;06062003;22121797;241;871;409 ~~~~~~~~~~~~~~~~~~~~~~~~~~~~~~~~~~ 08-28
24111504;25072081c;24325841;10120900313;07062003;23121797;242;596;406;412;618 ~~~~~~~~~~~~~~~~~~~~~~~~~~ 08-29
25111504;26072081c;25325841;11120900313;08062003;24121797;243;429;725;436;503 ~~~~~~~~~~~~~~~~~~~~~~~~~~ 08-30
26111504;27072081c;26325841;12120900313;09062003;25121797;244;430;725;618 ~~~~~~~~~~~~~~~~~~~~~~~~~~~~~~ 08-31
27111504;28072081c;27325841;13120900313;10062003;26121797;245;434 ~~~~~~~~~~~~~~~~~~~~~~~~~~~~~~~~~~~~~~ 09-01
28111504;29072081c;28325841;14120900313;11062003;27121797;246;435;619 ~~~~~~~~~~~~~~~~~~~~~~~~~~~~~~~~~~ 09-02
29111504;01082081c;29325841;15120900313;12062003;28121797;247;380;514;930;953;406;409;619 ~~~~~~~~~~~~~~ 09-03
30111504;02082081c;30325841;16120900313;13062003;29121797;248;619 ~~~~~~~~~~~~~~~~~~~~~~~~~~~~~~~~~~~~~~ 09-04
01121504;03082081c;01335841;17120900313;14062003;30121797;249;727;597;412;619 ~~~~~~~~~~~~~~~~~~~~~~~~~~ 09-05
02121504;04082081c;02335841;18120900313;15062003;01131797;250;637;728;550;619 ~~~~~~~~~~~~~~~~~~~~~~~~~~ 09-06
03121504;05082081c;03335841;19120900313;16062003;02131797;251;455;845;915;619 ~~~~~~~~~~~~~~~~~~~~~~~~~~ 09-07
04121504;06082081c;04335841;00130900313;17062003;03131797;252;729;846;406;619 ~~~~~~~~~~~~~~~~~~~~~~~~~~ 09-08
05121504;07082081c;05335841;01130900313;18062003;04131797;253;397 ~~~~~~~~~~~~~~~~~~~~~~~~~~~~~~~~~~~~~~ 09-09
06121504;08082081c;06335841;02130900313;19062003;05131797;254;908;415;619 ~~~~~~~~~~~~~~~~~~~~~~~~~~~~~~ 09-10
07121504;09082081c;07335841;03130900313;20062003;01011798;255;730;619 ~~~~~~~~~~~~~~~~~~~~~~~~~~~~~~~~~~ 09-11
08121504;10082081c;08335841;04130900313;21062003;02011798;256;847;619 ~~~~~~~~~~~~~~~~~~~~~~~~~~~~~~~~~~ 09-12
09121504;11082081c;09335841;05130900313;22062003;03011798;257;726;399;903;501;406;619 ~~~~~~~~~~~~~~~~~~ 09-13
10121504;12082081c;10335841;06130900313;23062003;04011798;258;897;500;619 ~~~~~~~~~~~~~~~~~~~~~~~~~~~~~~ 09-14
11121504;13082081c;11335841;07130900313;24062003;05011798;259;457;500;409 ~~~~~~~~~~~~~~~~~~~~~~~~~~~~~~ 09-15
12121504;14082081c;12335841;08130900313;25062003;06011798;260;732;520;551;400;619 ~~~~~~~~~~~~~~~~~~~~~~ 09-16
13121504;15082081c;13335841;09130900313;26062003;07011798;261;389;390;513;500;570 ~~~~~~~~~~~~~~~~~~~~~~ 09-17
14121504;16082081c;14335841;10130900313;27062003;08011798;262;733;534;542;907;948;500;406;415;619 ~~~~~~ 09-18
15121504;17082081c;15335841;11130900313;28062003;09011798;263;734;855;400;412;619 ~~~~~~~~~~~~~~~~~~~~~~ 09-19
16121504;18082081c;16335841;12130900313;29062003;10011798;264;735;619 ~~~~~~~~~~~~~~~~~~~~~~~~~~~~~~~~~~ 09-20
17121504;19082081c;17335841;13130900313;30062003;11011798;265;731;462;848 ~~~~~~~~~~~~~~~~~~~~~~~~~~~~~~ 09-21
18121504;20082081c;18335841;14130900313;31062003;12011798;266;736;423;841;400;619 ~~~~~~~~~~~~~~~~~~~~~~ 09-22
19121504;21082081c;19335841;15130900313;01072003;13011798;267;737;463;619 ~~~~~~~~~~~~~~~~~~~~~~~~~~~~~~ 09-23
20121504;22082081c;20335841;16130900313;02072003;14011798;268;742;619 ~~~~~~~~~~~~~~~~~~~~~~~~~~~~~~~~~~ 09-24
21121504;23082081c;21335841;17130900313;03072003;15011798;269;741;398;400;848 ~~~~~~~~~~~~~~~~~~~~~~~~~~ 09-25
22121504;24082081c;22335841;18130900313;04072003;16011798;270;596;738;868;412;619 ~~~~~~~~~~~~~~~~~~~~~~ 09-26
23121504;25082081c;23335841;19130900313;05072003;17011798;271;739;743;848 ~~~~~~~~~~~~~~~~~~~~~~~~~~~~~~ 09-27
24121504;26082081c;24335841;00140900313;06072003;18011798;272;740;842;400;406;619 ~~~~~~~~~~~~~~~~~~~~~~ 09-28
25121504;27082081c;25335841;01140900313;07072003;19011798;273;869;848 ~~~~~~~~~~~~~~~~~~~~~~~~~~~~~~~~~~ 09-29
26121504;28082081c;26335841;02140900313;08072003;20011798;274;853;619 ~~~~~~~~~~~~~~~~~~~~~~~~~~~~~~~~~~ 09-30
27121504;29082081c;27335841;03140900313;09072003;21011798;275;746;790;514;853;400;848 ~~~~~~~~~~~~~~~~~~ 10-01
28121504;30082081c;28335841;04140900313;10072003;22011798;276;747;790;380;920;853;574;620 ~~~~~~~~~~~~~~ 10-02
29121504;01092081c;29335841;05140900313;11072003;23011798;277;748;790;895;521;412;421;620 ~~~~~~~~~~~~~~ 10-03
01011505;02092081c;01015842;06140900313;12072003;24011798;278;637;790;495;521;400;620 ~~~~~~~~~~~~~~~~~~ 10-04
02011505;03092081c;02015842;07140900313;13072003;25011798;279;749;790;401;521;620;848 ~~~~~~~~~~~~~~~~~~ 10-05
03011505;04092081c;03015842;08140900313;14072003;26011798;280;744;790;832;375;620 ~~~~~~~~~~~~~~~~~~~~~~ 10-06
04011505;05092081c;04015842;09140900313;15072003;27011798;281;745;790;620;848 ~~~~~~~~~~~~~~~~~~~~~~~~~~ 10-07
05011505;06092081c;05015842;10140900313;16072003;28011798;282;752;918;406;620 ~~~~~~~~~~~~~~~~~~~~~~~~~~ 10-08
06011505;07092081c;06015842;11140900313;17072003;29011798;283;753;397;433;467;825;919;620;848 ~~~~~~~~~~ 10-09
07011505;08092081c;07015842;12140900313;18072003;30011798;284;596;367;548;885;412;620 ~~~~~~~~~~~~~~~~~~ 10-10
08011505;09092081c;08015842;13140900313;19072003;01021798;285;754;368;437;549;560;563;848 ~~~~~~~~~~~~~~ 10-11
09011505;10092081c;09015842;14140900313;20072003;02021798;286;750;415;620 ~~~~~~~~~~~~~~~~~~~~~~~~~~~~~~ 10-12
10011505;11092081c;10015842;15140900313;21072003;03021798;287;751;899;498;527;406;421;620 ~~~~~~~~~~~~~~ 10-13
11011505;12092081c;11015842;16140900313;22072003;04021798;288;791;416;513;620 ~~~~~~~~~~~~~~~~~~~~~~~~~~ 10-14
12011505;13092081c;12015842;17140900313;23072003;05021798;289;757;409;620 ~~~~~~~~~~~~~~~~~~~~~~~~~~~~~~ 10-15
13011505;14092081c;13015842;18140900313;24072003;06021798;290;631;496;620 ~~~~~~~~~~~~~~~~~~~~~~~~~~~~~~ 10-16
14011505;15092081c;14015842;19140900313;25072003;07021798;291;391;532;882;922;412 ~~~~~~~~~~~~~~~~~~~~~~ 10-17
15011505;16092081c;15015842;00150900313;26072003;08021798;292;758;523;406;496;620 ~~~~~~~~~~~~~~~~~~~~~~ 10-18
16011505;17092081c;16015842;01150900313;27072003;09021798;293;825;523;620 ~~~~~~~~~~~~~~~~~~~~~~~~~~~~~~ 10-19
17011505;18092081c;17015842;02150900313;28072003;10021798;294;755;523;784;620 ~~~~~~~~~~~~~~~~~~~~~~~~~~ 10-20
18011505;19092081c;18015842;03150900313;29072003;11021798;295;756;369;881;523;785 ~~~~~~~~~~~~~~~~~~~~~~ 10-21
19011505;20092081c;19015842;04150900313;30072003;12021798;296;523;786;620 ~~~~~~~~~~~~~~~~~~~~~~~~~~~~~~ 10-22
20011505;21092081c;20015842;05150900313;01082003;13021798;297;523;787;406;620 ~~~~~~~~~~~~~~~~~~~~~~~~~~ 10-23
21011505;22092081c;21015842;06150900313;02082003;14021798;298;371;413;523;496;620 ~~~~~~~~~~~~~~~~~~~~~~ 10-24
22011505;23092081c;22015842;07150900313;03082003;15021798;299;759;398;499;524;620 ~~~~~~~~~~~~~~~~~~~~~~ 10-25
23011505;24092081c;23015842;08150900313;04082003;16021798;300;525;496;620 ~~~~~~~~~~~~~~~~~~~~~~~~~~~~~~ 10-26
24011505;25092081c;24015842;09150900313;05082003;17021798;301;409 ~~~~~~~~~~~~~~~~~~~~~~~~~~~~~~~~~~~~~~ 10-27
25011505;26092081c;25015842;10150900313;06082003;18021798;302;911;620 ~~~~~~~~~~~~~~~~~~~~~~~~~~~~~~~~~~ 10-28
26011505;27092081c;26015842;11150900313;07082003;19021798;303;558;779;784;620 ~~~~~~~~~~~~~~~~~~~~~~~~~~ 10-29
27011505;28092081c;27015842;12150900313;08082003;20021798;304;514;780;785;620 ~~~~~~~~~~~~~~~~~~~~~~~~~~ 10-30
28011505;29092081c;28015842;13150900313;09082003;21021798;305;849;380;781;786;893 ~~~~~~~~~~~~~~~~~~~~~~ 10-31
29011505;01102081c;29015842;14150900313;10082003;22021798;306;637;763;431;782;787;621 ~~~~~~~~~~~~~~~~~~ 11-01
30011505;02102081c;30015842;15150900313;11082003;23021798;307;535;783;788;497;409 ~~~~~~~~~~~~~~~~~~~~~~ 11-02
01021505;03102081c;01025842;16150900313;12082003;24021798;308;760;621 ~~~~~~~~~~~~~~~~~~~~~~~~~~~~~~~~~~ 11-03
02021505;04102081c;02025842;17150900313;13082003;25021798;309 ~~~~~~~~~~~~~~~~~~~~~~~~~~~~~~~~~~~~~~~~~~ 11-04
03021505;05102081c;03025842;18150900313;14082003;26021798;310;761;621 ~~~~~~~~~~~~~~~~~~~~~~~~~~~~~~~~~~ 11-05
04021505;06102081c;04025842;19150900313;15082003;27021798;311;762;543 ~~~~~~~~~~~~~~~~~~~~~~~~~~~~~~~~~~ 11-06
05021505;07102081c;05025842;00160900313;16082003;28021798;312;621 ~~~~~~~~~~~~~~~~~~~~~~~~~~~~~~~~~~~~~~ 11-07
06021505;08102081c;06025842;01160900313;17082003;29021798;313;397;375 ~~~~~~~~~~~~~~~~~~~~~~~~~~~~~~~~~~ 11-08
07021505;09102081c;07025842;02160900313;18082003;30021798;314;417;621 ~~~~~~~~~~~~~~~~~~~~~~~~~~~~~~~~~~ 11-09
08021505;10102081c;08025842;03160900313;19082003;01031798;315 ~~~~~~~~~~~~~~~~~~~~~~~~~~~~~~~~~~~~~~~~~~ 11-10
09021505;11102081c;09025842;04160900313;20082003;02031798;316;513;879;621 ~~~~~~~~~~~~~~~~~~~~~~~~~~~~~~ 11-11
10021505;12102081c;10025842;05160900313;21082003;03031798;317;410;547;406;421 ~~~~~~~~~~~~~~~~~~~~~~~~~~ 11-12
11021505;13102081c;11025842;06160900313;22082003;04031798;318;764;934;621 ~~~~~~~~~~~~~~~~~~~~~~~~~~~~~~ 11-13
12021505;14102081c;12025842;07160900313;23082003;05031798;319 ~~~~~~~~~~~~~~~~~~~~~~~~~~~~~~~~~~~~~~~~~~ 11-14
13021505;15102081c;13025842;08160900313;24082003;06031798;320;767;621 ~~~~~~~~~~~~~~~~~~~~~~~~~~~~~~~~~~ 11-15
14021505;16102081c;14025842;09160900313;25082003;07031798;321;765;392;880 ~~~~~~~~~~~~~~~~~~~~~~~~~~~~~~ 11-16
15021505;17102081c;15025842;10160900313;26082003;08031798;322;406;621 ~~~~~~~~~~~~~~~~~~~~~~~~~~~~~~~~~~ 11-17
16021505;18102081c;16025842;11160900313;27082003;09031798;323 ~~~~~~~~~~~~~~~~~~~~~~~~~~~~~~~~~~~~~~~~~~ 11-18
17021505;19102081c;17025842;12160900313;28082003;10031798;324;621 ~~~~~~~~~~~~~~~~~~~~~~~~~~~~~~~~~~~~~~ 11-19
18021505;20102081c;18025842;13160900313;29082003;11031798;325;766 ~~~~~~~~~~~~~~~~~~~~~~~~~~~~~~~~~~~~~~ 11-20
19021505;21102081c;19025842;14160900313;30082003;12031798;326;621 ~~~~~~~~~~~~~~~~~~~~~~~~~~~~~~~~~~~~~~ 11-21
20021505;22102081c;20025842;15160900313;01092003;13031798;327;768;432;844;788 ~~~~~~~~~~~~~~~~~~~~~~~~~~ 11-22
21021505;23102081c;21025842;16160900313;02092003;14031798;328;398;876;621 ~~~~~~~~~~~~~~~~~~~~~~~~~~~~~~ 11-23
22021505;24102081c;22025842;17160900313;03092003;15031798;329 ~~~~~~~~~~~~~~~~~~~~~~~~~~~~~~~~~~~~~~~~~~ 11-24
23021505;25102081c;23025842;18160900313;04092003;16031798;330;621 ~~~~~~~~~~~~~~~~~~~~~~~~~~~~~~~~~~~~~~ 11-25
24021505;26102081c;24025842;19160900313;05092003;17031798;331;769;936 ~~~~~~~~~~~~~~~~~~~~~~~~~~~~~~~~~~ 11-26
25021505;27102081c;25025842;00170900313;06092003;18031798;332;440;514;554;406;621 ~~~~~~~~~~~~~~~~~~~~~~ 11-27
26021505;28102081c;26025842;01170900313;07092003;19031798;333;441;369 ~~~~~~~~~~~~~~~~~~~~~~~~~~~~~~~~~~ 11-28
27021505;29102081c;27025842;02170900313;08092003;20031798;334;770;621 ~~~~~~~~~~~~~~~~~~~~~~~~~~~~~~~~~~ 11-29
28021505;01112081c;28025842;03170900313;09092003;21031798;335;380;589 ~~~~~~~~~~~~~~~~~~~~~~~~~~~~~~~~~~ 11-30
29021505;02112081c;29025842;04170900313;10092003;22031798;336;442;622 ~~~~~~~~~~~~~~~~~~~~~~~~~~~~~~~~~~ 12-01
01031505;03112081c;30025842;05170900313;11092003;23031798;337;771;773;370;406;421 ~~~~~~~~~~~~~~~~~~~~~~ 12-02
02031505;04112081c;01035842;06170900313;12092003;24031798;338;772;622 ~~~~~~~~~~~~~~~~~~~~~~~~~~~~~~~~~~ 12-03
03031505;05112081c;02035842;07170900313;13092003;25031798;339 ~~~~~~~~~~~~~~~~~~~~~~~~~~~~~~~~~~~~~~~~~~ 12-04
04031505;06112081c;03035842;08170900313;14092003;26031798;340;774;944;622 ~~~~~~~~~~~~~~~~~~~~~~~~~~~~~~ 12-05
05031505;07112081c;04035842;09170900313;15092003;27031798;341;637;775 ~~~~~~~~~~~~~~~~~~~~~~~~~~~~~~~~~~ 12-06
06031505;08112081c;05035842;10170900313;16092003;28031798;342;397;590;622 ~~~~~~~~~~~~~~~~~~~~~~~~~~~~~~ 12-07
07031505;09112081c;06035842;11170900313;17092003;29031798;343 ~~~~~~~~~~~~~~~~~~~~~~~~~~~~~~~~~~~~~~~~~~ 12-08
08031505;10112081c;07035842;12170900313;18092003;30031798;344;513;622 ~~~~~~~~~~~~~~~~~~~~~~~~~~~~~~~~~~ 12-09
09031505;11112081c;08035842;13170900313;19092003;01041798;345 ~~~~~~~~~~~~~~~~~~~~~~~~~~~~~~~~~~~~~~~~~~ 12-10
10031505;12112081c;09035842;14170900313;20092003;02041798;346;622 ~~~~~~~~~~~~~~~~~~~~~~~~~~~~~~~~~~~~~~ 12-11
11031505;13112081c;10035842;15170900313;21092003;03041798;347;557;890 ~~~~~~~~~~~~~~~~~~~~~~~~~~~~~~~~~~ 12-12
12031505;14112081c;11035842;16170900313;22092003;04041798;348;776;511;622 ~~~~~~~~~~~~~~~~~~~~~~~~~~~~~~ 12-13
13031505;15112081c;12035842;17170900313;23092003;05041798;349;777;591 ~~~~~~~~~~~~~~~~~~~~~~~~~~~~~~~~~~ 12-14
14031505;16112081c;13035842;18170900313;24092003;06041798;350;395;545;622 ~~~~~~~~~~~~~~~~~~~~~~~~~~~~~~ 12-15
15031505;17112081c;14035842;19170900313;25092003;07041798;351;887 ~~~~~~~~~~~~~~~~~~~~~~~~~~~~~~~~~~~~~~ 12-16
16031505;18112081c;15035842;00001000313;26092003;08041798;352;622 ~~~~~~~~~~~~~~~~~~~~~~~~~~~~~~~~~~~~~~ 12-17
17031505;19112081c;16035842;01001000313;27092003;09041798;353;378;511 ~~~~~~~~~~~~~~~~~~~~~~~~~~~~~~~~~~ 12-18
18031505;20112081c;17035842;02001000313;28092003;10041798;354;778;622 ~~~~~~~~~~~~~~~~~~~~~~~~~~~~~~~~~~ 12-19
19031505;21112081c;18035842;03001000313;29092003;11041798;355;371;466 ~~~~~~~~~~~~~~~~~~~~~~~~~~~~~~~~~~ 12-20
20031505;22112081c;19035842;04001000313;30092003;12041798;356;592;426;622 ~~~~~~~~~~~~~~~~~~~~~~~~~~~~~~ 12-21
21031505;23112081c;20035842;05001000313;01102003;13041798;357;398;514;465;421 ~~~~~~~~~~~~~~~~~~~~~~~~~~ 12-22
22031505;24112081c;21035842;06001000313;02102003;14041798;358;622 ~~~~~~~~~~~~~~~~~~~~~~~~~~~~~~~~~~~~~~ 12-23
23031505;25112081c;22035842;07001000313;03102003;15041798;359;436;843 ~~~~~~~~~~~~~~~~~~~~~~~~~~~~~~~~~~ 12-24
24031505;26112081c;23035842;08001000313;04102003;16041798;360;622 ~~~~~~~~~~~~~~~~~~~~~~~~~~~~~~~~~~~~~~ 12-25
25031505;27112081c;24035842;09001000313;05102003;17041798;361;917;843 ~~~~~~~~~~~~~~~~~~~~~~~~~~~~~~~~~~ 12-26
26031505;28112081c;25035842;10001000313;06102003;18041798;362;422;516;622 ~~~~~~~~~~~~~~~~~~~~~~~~~~~~~~ 12-27
27031505;29112081c;26035842;11001000313;07102003;19041798;363;516 ~~~~~~~~~~~~~~~~~~~~~~~~~~~~~~~~~~~~~~ 12-28
28031505;30112081c;27035842;12001000313;08102003;20041798;364;380;516;622 ~~~~~~~~~~~~~~~~~~~~~~~~~~~~~~ 12-29
29031505;01122081c;28035842;13001000313;09102003;21041798;365;516 ~~~~~~~~~~~~~~~~~~~~~~~~~~~~~~~~~~~~~~ 12-30
30031505;02122081c;29035842;14001000313;10102003;22041798;366;516;622 ~~~~~~~~~~~~~~~~~~~~~~~~~~~~~~~~~~ 12-31
