13011498;15112074V;14045835;16160200313;11101996;23041791;001;436;611 ~~~~~~~~~~~~~~~~~~~~~~~~~~~~~~~~~~ 01-01
14011498;16112074V;15045835;17160200313;12101996;24041791;002;381;542;904;948 ~~~~~~~~~~~~~~~~~~~~~~~~~~ 01-02
15011498;17112074V;16045835;18160200313;13101996;25041791;003;611 ~~~~~~~~~~~~~~~~~~~~~~~~~~~~~~~~~~~~~~ 01-03
16011498;18112074V;17045835;19160200313;14101996;26041791;004;372 ~~~~~~~~~~~~~~~~~~~~~~~~~~~~~~~~~~~~~~ 01-04
17011498;19112074V;18045835;00170200313;15101996;27041791;005;637;916;403;496;611 ~~~~~~~~~~~~~~~~~~~~~~ 01-05
18011498;20112074V;19045835;01170200313;16101996;28041791;006;406 ~~~~~~~~~~~~~~~~~~~~~~~~~~~~~~~~~~~~~~ 01-06
19011498;21112074V;20045835;02170200313;17101996;29041791;007;409;496;611 ~~~~~~~~~~~~~~~~~~~~~~~~~~~~~~ 01-07
20011498;22112074V;21045835;03170200313;18101996;30041791;008;629;399 ~~~~~~~~~~~~~~~~~~~~~~~~~~~~~~~~~~ 01-08
21011498;23112074V;22045835;04170200313;19101996;01051791;009;398;403;611 ~~~~~~~~~~~~~~~~~~~~~~~~~~~~~~ 01-09
22011498;24112074V;23045835;05170200313;20101996;02051791;010;453;820 ~~~~~~~~~~~~~~~~~~~~~~~~~~~~~~~~~~ 01-10
23011498;25112074V;24045835;06170200313;21101996;03051791;011;433;400;611 ~~~~~~~~~~~~~~~~~~~~~~~~~~~~~~ 01-11
24011498;26112074V;25045835;07170200313;22101996;04051791;012;626 ~~~~~~~~~~~~~~~~~~~~~~~~~~~~~~~~~~~~~~ 01-12
25011498;27112074V;26045835;08170200313;23101996;05051791;013;627;923;409;611 ~~~~~~~~~~~~~~~~~~~~~~~~~~ 01-13
26011498;28112074V;27045835;09170200313;24101996;06051791;014;628;400 ~~~~~~~~~~~~~~~~~~~~~~~~~~~~~~~~~~ 01-14
27011498;29112074V;28045835;10170200313;25101996;07051791;015;514;611 ~~~~~~~~~~~~~~~~~~~~~~~~~~~~~~~~~~ 01-15
28011498;30112074V;29045835;11170200313;26101996;08051791;016;380;888;930;953 ~~~~~~~~~~~~~~~~~~~~~~~~~~ 01-16
29011498;01122074V;01055835;12170200313;27101996;09051791;017;631;403;611 ~~~~~~~~~~~~~~~~~~~~~~~~~~~~~~ 01-17
30011498;02122074V;02055835;13170200313;28101996;10051791;018;497 ~~~~~~~~~~~~~~~~~~~~~~~~~~~~~~~~~~~~~~ 01-18
01021498;03122074V;03055835;14170200313;29101996;11051791;019;630;835;409;611 ~~~~~~~~~~~~~~~~~~~~~~~~~~ 01-19
02021498;04122074V;04055835;15170200313;30101996;12051791;020;625;400 ~~~~~~~~~~~~~~~~~~~~~~~~~~~~~~~~~~ 01-20
03021498;05122074V;05055835;16170200313;01111996;13051791;021;492;940;403;406;611 ~~~~~~~~~~~~~~~~~~~~~~ 01-21
04021498;06122074V;06055835;17170200313;02111996;14051791;022 ~~~~~~~~~~~~~~~~~~~~~~~~~~~~~~~~~~~~~~~~~~ 01-22
05021498;07122074V;07055835;18170200313;03111996;15051791;023;632;397;914;611 ~~~~~~~~~~~~~~~~~~~~~~~~~~ 01-23
06021498;08122074V;08055835;19170200313;04111996;16051791;024;536 ~~~~~~~~~~~~~~~~~~~~~~~~~~~~~~~~~~~~~~ 01-24
07021498;09122074V;09055835;00000300313;05111996;17051791;025;633;817;409;611 ~~~~~~~~~~~~~~~~~~~~~~~~~~ 01-25
08021498;10122074V;10055835;01000300313;06111996;18051791;026;634;400;406 ~~~~~~~~~~~~~~~~~~~~~~~~~~~~~~ 01-26
09021498;11122074V;11055835;02000300313;07111996;19051791;027;635;513;873;611 ~~~~~~~~~~~~~~~~~~~~~~~~~~ 01-27
10021498;12122074V;12055835;03000300313;08111996;20051791;028;636;401;418 ~~~~~~~~~~~~~~~~~~~~~~~~~~~~~~ 01-28
11021498;13122074V;13055835;04000300313;09111996;21051791;029;403;580;611 ~~~~~~~~~~~~~~~~~~~~~~~~~~~~~~ 01-29
12021498;14122074V;14055835;05000300313;10111996;22051791;030 ~~~~~~~~~~~~~~~~~~~~~~~~~~~~~~~~~~~~~~~~~~ 01-30
13021498;15122074V;15055835;06000300313;11111996;23051791;031;382;611 ~~~~~~~~~~~~~~~~~~~~~~~~~~~~~~~~~~ 01-31
14021498;16122074V;16055835;06000300313;12111996;24051791;032;639;884 ~~~~~~~~~~~~~~~~~~~~~~~~~~~~~~~~~~ 02-01
15021498;17122074V;17055835;07000300313;13111996;25051791;033;637;640;403;612 ~~~~~~~~~~~~~~~~~~~~~~~~~~ 02-02
16021498;18122074V;18055835;08000300313;14111996;26051791;034 ~~~~~~~~~~~~~~~~~~~~~~~~~~~~~~~~~~~~~~~~~~ 02-03
17021498;19122074V;19055835;09000300313;15111996;27051791;035;612 ~~~~~~~~~~~~~~~~~~~~~~~~~~~~~~~~~~~~~~ 02-04
18021498;20122074V;20055835;10000300313;16111996;28051791;036 ~~~~~~~~~~~~~~~~~~~~~~~~~~~~~~~~~~~~~~~~~~ 02-05
19021498;21122074V;21055835;11000300313;17111996;29051791;037;418;612 ~~~~~~~~~~~~~~~~~~~~~~~~~~~~~~~~~~ 02-06
20021498;22122074V;22055835;12000300313;18111996;30051791;038;638;844 ~~~~~~~~~~~~~~~~~~~~~~~~~~~~~~~~~~ 02-07
21021498;23122074V;23055835;13000300313;19111996;01061791;039;398;612 ~~~~~~~~~~~~~~~~~~~~~~~~~~~~~~~~~~ 02-08
22021498;24122074V;24055835;14000300313;20111996;02061791;040;643;817 ~~~~~~~~~~~~~~~~~~~~~~~~~~~~~~~~~~ 02-09
23021498;25122074V;25055835;15000300313;21111996;03061791;041;437;403;406;581;612 ~~~~~~~~~~~~~~~~~~~~~~ 02-10
24021498;26122074V;26055835;16000300313;22111996;04061791;042;641;943 ~~~~~~~~~~~~~~~~~~~~~~~~~~~~~~~~~~ 02-11
25021498;27122074V;27055835;17000300313;23111996;05061791;043;514;836;612 ~~~~~~~~~~~~~~~~~~~~~~~~~~~~~~ 02-12
26021498;28122074V;28055835;18000300313;24111996;06061791;044;886 ~~~~~~~~~~~~~~~~~~~~~~~~~~~~~~~~~~~~~~ 02-13
27021498;29122074V;29055835;19000300313;25111996;07061791;045;642;380;403;612 ~~~~~~~~~~~~~~~~~~~~~~~~~~ 02-14
28021498;01012075W;30055835;00010300313;26111996;08061791;046;645;479;490 ~~~~~~~~~~~~~~~~~~~~~~~~~~~~~~ 02-15
29021498;02012075W;01065835;01010300313;27111996;09061791;047;566;479;490;612 ~~~~~~~~~~~~~~~~~~~~~~~~~~ 02-16
01031498;03012075W;02065835;02010300313;28111996;10061791;048;566;854 ~~~~~~~~~~~~~~~~~~~~~~~~~~~~~~~~~~ 02-17
02031498;04012075W;03065835;03010300313;29111996;11061791;049;450;566;854;409;612 ~~~~~~~~~~~~~~~~~~~~~~ 02-18
03031498;05012075W;04065835;04010300313;30111996;12061791;050;443;859;566 ~~~~~~~~~~~~~~~~~~~~~~~~~~~~~~ 02-19
04031498;06012075W;05065835;05010300313;01121996;13061791;051;444;612 ~~~~~~~~~~~~~~~~~~~~~~~~~~~~~~~~~~ 02-20
05031498;07012075W;06065835;06010300313;02121996;14061791;052;644 ~~~~~~~~~~~~~~~~~~~~~~~~~~~~~~~~~~~~~~ 02-21
06031498;08012075W;07065835;07010300313;03121996;15061791;053;649;397;403;612 ~~~~~~~~~~~~~~~~~~~~~~~~~~ 02-22
07031498;09012075W;08065835;08010300313;04121996;16061791;054 ~~~~~~~~~~~~~~~~~~~~~~~~~~~~~~~~~~~~~~~~~~ 02-23
08031498;10012075W;09065835;09010300313;05121996;17061791;055;432;513;418;612 ~~~~~~~~~~~~~~~~~~~~~~~~~~ 02-24
09031498;11012075W;10065835;10010300313;06121996;18061791;056 ~~~~~~~~~~~~~~~~~~~~~~~~~~~~~~~~~~~~~~~~~~ 02-25
10031498;12012075W;11065835;11010300313;07121996;19061791;057;646;517;612 ~~~~~~~~~~~~~~~~~~~~~~~~~~~~~~ 02-26
11031498;13012075W;12065835;12010300313;08121996;20061791;058 ~~~~~~~~~~~~~~~~~~~~~~~~~~~~~~~~~~~~~~~~~~ 02-27
12031498;14012075W;13065835;13010300313;09121996;21061791;059;647;648;650;457;829;511;612 ~~~~~~~~~~~~~~ 02-28
13031498;15012075W;14065835;17010300313;10121996;22061791;061;654;519;843 ~~~~~~~~~~~~~~~~~~~~~~~~~~~~~~ 03-01
14031498;16012075W;15065835;18010300313;11121996;23061791;062;637;383;544;623;906;403;406;409;613 ~~~~~~ 03-02
15031498;17012075W;16065835;19010300313;12121996;24061791;063;655;598 ~~~~~~~~~~~~~~~~~~~~~~~~~~~~~~~~~~ 03-03
16031498;18012075W;17065835;00020300313;13121996;25061791;064;562;613 ~~~~~~~~~~~~~~~~~~~~~~~~~~~~~~~~~~ 03-04
17031498;19012075W;18065835;01020300313;14121996;26061791;065;562;511;418;843 ~~~~~~~~~~~~~~~~~~~~~~~~~~ 03-05
18031498;20012075W;19065835;02020300313;15121996;27061791;066;562;403;613 ~~~~~~~~~~~~~~~~~~~~~~~~~~~~~~ 03-06
19031498;21012075W;20065835;03020300313;16121996;28061791;067;653;406;843 ~~~~~~~~~~~~~~~~~~~~~~~~~~~~~~ 03-07
20031498;22012075W;21065835;04020300313;17121996;29061791;068;409;613 ~~~~~~~~~~~~~~~~~~~~~~~~~~~~~~~~~~ 03-08
21031498;23012075W;22065835;05020300313;18121996;30061791;069;398;533;924 ~~~~~~~~~~~~~~~~~~~~~~~~~~~~~~ 03-09
22031498;24012075W;23065835;06020300313;19121996;01071791;070;514;613 ~~~~~~~~~~~~~~~~~~~~~~~~~~~~~~~~~~ 03-10
23031498;25012075W;24065835;07020300313;20121996;02071791;071;613 ~~~~~~~~~~~~~~~~~~~~~~~~~~~~~~~~~~~~~~ 03-11
24031498;26012075W;25065835;08020300313;21121996;03071791;072;900;406;613 ~~~~~~~~~~~~~~~~~~~~~~~~~~~~~~ 03-12
25031498;27012075W;26065835;09020300313;22121996;04071791;073;554;613 ~~~~~~~~~~~~~~~~~~~~~~~~~~~~~~~~~~ 03-13
26031498;28012075W;27065835;10020300313;23121996;05071791;074;656;409;418;613 ~~~~~~~~~~~~~~~~~~~~~~~~~~ 03-14
27031498;29012075W;28065835;11020300313;24121996;06071791;075 ~~~~~~~~~~~~~~~~~~~~~~~~~~~~~~~~~~~~~~~~~~ 03-15
28031498;30012075W;29065835;12020300313;25121996;07071791;076;380;613 ~~~~~~~~~~~~~~~~~~~~~~~~~~~~~~~~~~ 03-16
29031498;01022075W;01075835;13020300313;26121996;08071791;077;538;559;935;406;613 ~~~~~~~~~~~~~~~~~~~~~~ 03-17
30031498;02022075W;02075835;14020300313;27121996;09071791;078;613 ~~~~~~~~~~~~~~~~~~~~~~~~~~~~~~~~~~~~~~ 03-18
01041498;03022075W;03075835;15020300313;28121996;10071791;079;657;555;577;466;613 ~~~~~~~~~~~~~~~~~~~~~~ 03-19
02041498;04022075W;04075835;16020300313;29121996;11071791;080;424;613 ~~~~~~~~~~~~~~~~~~~~~~~~~~~~~~~~~~ 03-20
03041498;05022075W;05075835;17020300313;30121996;12071791;081;658;459 ~~~~~~~~~~~~~~~~~~~~~~~~~~~~~~~~~~ 03-21
04041498;06022075W;06075835;18020300313;01011997;13071791;082;945;851;403;613 ~~~~~~~~~~~~~~~~~~~~~~~~~~ 03-22
05041498;07022075W;07075835;19020300313;02011997;14071791;083;513;613 ~~~~~~~~~~~~~~~~~~~~~~~~~~~~~~~~~~ 03-23
06041498;08022075W;08075835;00030300313;03011997;15071791;084;397;613 ~~~~~~~~~~~~~~~~~~~~~~~~~~~~~~~~~~ 03-24
07041498;09022075W;09075835;01030300313;04011997;16071791;085 ~~~~~~~~~~~~~~~~~~~~~~~~~~~~~~~~~~~~~~~~~~ 03-25
08041498;10022075W;10075835;02030300313;05011997;17071791;086;659;576;933;403;409;613 ~~~~~~~~~~~~~~~~~~ 03-26
09041498;11022075W;11075835;03030300313;06011997;18071791;087;660;411 ~~~~~~~~~~~~~~~~~~~~~~~~~~~~~~~~~~ 03-27
10041498;12022075W;12075835;04030300313;07011997;19071791;088;877;613 ~~~~~~~~~~~~~~~~~~~~~~~~~~~~~~~~~~ 03-28
11041498;13022075W;13075835;05030300313;08011997;20071791;089;652;613 ~~~~~~~~~~~~~~~~~~~~~~~~~~~~~~~~~~ 03-29
12041498;14022075W;14075835;06030300313;09011997;21071791;090;419;852;613 ~~~~~~~~~~~~~~~~~~~~~~~~~~~~~~ 03-30
13041498;15022075W;15075835;07030300313;10011997;22071791;091;493;515 ~~~~~~~~~~~~~~~~~~~~~~~~~~~~~~~~~~ 03-31
14041498;16022075W;16075835;08030300313;11011997;23071791;092;384;539;575;614 ~~~~~~~~~~~~~~~~~~~~~~~~~~ 04-01
15041498;17022075W;17075835;09030300313;12011997;24071791;093 ~~~~~~~~~~~~~~~~~~~~~~~~~~~~~~~~~~~~~~~~~~ 04-02
16041498;18022075W;18075835;10030300313;13011997;25071791;094;663;403;412;614 ~~~~~~~~~~~~~~~~~~~~~~~~~~ 04-03
17041498;19022075W;19075835;11030300313;14011997;26071791;095;514;571;614 ~~~~~~~~~~~~~~~~~~~~~~~~~~~~~~ 04-04
18041498;20022075W;20075835;12030300313;15011997;27071791;096;445;614 ~~~~~~~~~~~~~~~~~~~~~~~~~~~~~~~~~~ 04-05
19041498;21022075W;21075835;13030300313;16011997;28071791;097;446;637;661;406 ~~~~~~~~~~~~~~~~~~~~~~~~~~ 04-06
20041498;22022075W;22075835;14030300313;17011997;29071791;098;447;662;398;409;614 ~~~~~~~~~~~~~~~~~~~~~~ 04-07
21041498;23022075W;23075835;15030300313;18011997;30071791;099;448;651;614 ~~~~~~~~~~~~~~~~~~~~~~~~~~~~~~ 04-08
22041498;24022075W;24075835;16030300313;19011997;01081791;100;433;651;614 ~~~~~~~~~~~~~~~~~~~~~~~~~~~~~~ 04-09
23041498;25022075W;25075835;17030300313;20011997;02081791;101;526;651 ~~~~~~~~~~~~~~~~~~~~~~~~~~~~~~~~~~ 04-10
24041498;26022075W;26075835;18030300313;21011997;03081791;102;864;939;403;651;406;614 ~~~~~~~~~~~~~~~~~~ 04-11
25041498;27022075W;27075835;19030300313;22011997;04081791;103;818;614;651 ~~~~~~~~~~~~~~~~~~~~~~~~~~~~~~ 04-12
26041498;28022075W;28075835;00040300313;23011997;05081791;104;409;651;614 ~~~~~~~~~~~~~~~~~~~~~~~~~~~~~~ 04-13
27041498;29022075W;29075835;01040300313;24011997;06081791;105;614 ~~~~~~~~~~~~~~~~~~~~~~~~~~~~~~~~~~~~~~ 04-14
28041498;01032075W;30075835;02040300313;25011997;07081791;106;794;380;928;614 ~~~~~~~~~~~~~~~~~~~~~~~~~~ 04-15
29041498;02032075W;01085835;03040300313;26011997;08081791;107;406 ~~~~~~~~~~~~~~~~~~~~~~~~~~~~~~~~~~~~~~ 04-16
01051498;03032075W;02085835;04040300313;27011997;09081791;108;614 ~~~~~~~~~~~~~~~~~~~~~~~~~~~~~~~~~~~~~~ 04-17
02051498;04032075W;03085835;05040300313;28011997;10081791;109;631;664;414 ~~~~~~~~~~~~~~~~~~~~~~~~~~~~~~ 04-18
03051498;05032075W;04085835;06040300313;29011997;11081791;110;665;528;403;614 ~~~~~~~~~~~~~~~~~~~~~~~~~~ 04-19
04051498;06032075W;05085835;07040300313;30011997;12081791;111;666;513;529;614 ~~~~~~~~~~~~~~~~~~~~~~~~~~ 04-20
05051498;07032075W;06085835;08040300313;01021997;13081791;112;406;614 ~~~~~~~~~~~~~~~~~~~~~~~~~~~~~~~~~~ 04-21
06051498;08032075W;07085835;09040300313;02021997;14081791;113;436;614 ~~~~~~~~~~~~~~~~~~~~~~~~~~~~~~~~~~ 04-22
07051498;09032075W;08085835;10040300313;03021997;15081791;114;397;403;614 ~~~~~~~~~~~~~~~~~~~~~~~~~~~~~~ 04-23
08051498;10032075W;09085835;11040300313;04021997;16081791;115;670;856;614 ~~~~~~~~~~~~~~~~~~~~~~~~~~~~~~ 04-24
09051498;11032075W;10085835;12040300313;05021997;17081791;116;667;614 ~~~~~~~~~~~~~~~~~~~~~~~~~~~~~~~~~~ 04-25
10051498;12032075W;11085835;13040300313;06021997;18081791;117;671;406;415 ~~~~~~~~~~~~~~~~~~~~~~~~~~~~~~ 04-26
11051498;13032075W;12085835;14040300313;07021997;19081791;118;668;898;403;614 ~~~~~~~~~~~~~~~~~~~~~~~~~~ 04-27
12051498;14032075W;13085835;15040300313;08021997;20081791;119;669 ~~~~~~~~~~~~~~~~~~~~~~~~~~~~~~~~~~~~~~ 04-28
13051498;15032075W;14085835;16040300313;09021997;21081791;120;614 ~~~~~~~~~~~~~~~~~~~~~~~~~~~~~~~~~~~~~~ 04-29
14051498;16032075W;15085835;17040300313;10021997;22081791;121;396;396;410;937 ~~~~~~~~~~~~~~~~~~~~~~~~~~ 04-30
15051498;17032075W;16085835;18040300313;11021997;23081791;122;676;406;412;615 ~~~~~~~~~~~~~~~~~~~~~~~~~~ 05-01
16051498;18032075W;17085835;19040300313;12021997;24081791;123;677;514 ~~~~~~~~~~~~~~~~~~~~~~~~~~~~~~~~~~ 05-02
17051498;19032075W;18085835;00050300313;13021997;25081791;124;679;399;518;615 ~~~~~~~~~~~~~~~~~~~~~~~~~~ 05-03
18051498;20032075W;19085835;01050300313;14021997;26081791;125;637;672 ~~~~~~~~~~~~~~~~~~~~~~~~~~~~~~~~~~ 05-04
19051498;21032075W;20085835;02050300313;15021997;27081791;126;673;403;615 ~~~~~~~~~~~~~~~~~~~~~~~~~~~~~~ 05-05
20051498;22032075W;21085835;03050300313;16021997;28081791;127;674;406 ~~~~~~~~~~~~~~~~~~~~~~~~~~~~~~~~~~ 05-06
21051498;23032075W;22085835;04050300313;17021997;29081791;128;675;398;615 ~~~~~~~~~~~~~~~~~~~~~~~~~~~~~~ 05-07
22051498;24032075W;23085835;05050300313;18021997;30081791;129;683 ~~~~~~~~~~~~~~~~~~~~~~~~~~~~~~~~~~~~~~ 05-08
23051498;25032075W;24085835;06050300313;19021997;01091791;130;400;403;615 ~~~~~~~~~~~~~~~~~~~~~~~~~~~~~~ 05-09
24051498;26032075W;25085835;07050300313;20021997;02091791;131;596;678;901 ~~~~~~~~~~~~~~~~~~~~~~~~~~~~~~ 05-10
25051498;27032075W;26085835;08050300313;21021997;03091791;132;681;680;615 ~~~~~~~~~~~~~~~~~~~~~~~~~~~~~~ 05-11
26051498;28032075W;27085835;09050300313;22021997;04091791;133;451;811;624 ~~~~~~~~~~~~~~~~~~~~~~~~~~~~~~ 05-12
27051498;29032075W;28085835;10050300313;23021997;05091791;134;682;624;403;615 ~~~~~~~~~~~~~~~~~~~~~~~~~~ 05-13
28051498;30032075W;29085835;11050300313;24021997;06091791;135;380;624 ~~~~~~~~~~~~~~~~~~~~~~~~~~~~~~~~~~ 05-14
29051498;01042075W;01095835;12050300313;25021997;07091791;136;685;624;400;412;615 ~~~~~~~~~~~~~~~~~~~~~~ 05-15
30051498;02042075W;02095835;13050300313;26021997;08091791;137;494;797;624;406 ~~~~~~~~~~~~~~~~~~~~~~~~~~ 05-16
01061498;03042075W;03095835;14050300313;27021997;09091791;138;596;686;902;573;624;403;615 ~~~~~~~~~~~~~~ 05-17
02061498;04042075W;04095835;15050300313;28021997;10091791;139;687;510;513;830;568;573;624;400 ~~~~~~~~~~ 05-18
03061498;05042075W;05095835;16050300313;29021997;11091791;140;684;568;573;615 ~~~~~~~~~~~~~~~~~~~~~~~~~~ 05-19
04061498;06042075W;06095835;17050300313;30021997;12091791;141;789;522;415 ~~~~~~~~~~~~~~~~~~~~~~~~~~~~~~ 05-20
05061498;07042075W;07095835;18050300313;31021997;13091791;142;400;615 ~~~~~~~~~~~~~~~~~~~~~~~~~~~~~~~~~~ 05-21
06061498;08042075W;08095835;19050300313;01031997;14091791;143;397;553 ~~~~~~~~~~~~~~~~~~~~~~~~~~~~~~~~~~ 05-22
07061498;09042075W;09095835;00060300313;02031997;15091791;144;798;432;615 ~~~~~~~~~~~~~~~~~~~~~~~~~~~~~~ 05-23
08061498;10042075W;10095835;01060300313;03031997;16091791;145;689;927;400 ~~~~~~~~~~~~~~~~~~~~~~~~~~~~~~ 05-24
09061498;11042075W;11095835;02060300313;04031997;17091791;146;439;615 ~~~~~~~~~~~~~~~~~~~~~~~~~~~~~~~~~~ 05-25
10061498;12042075W;12095835;03060300313;05031997;18091791;147;449;439;832;889;406 ~~~~~~~~~~~~~~~~~~~~~~ 05-26
11061498;13042075W;13095835;04060300313;06031997;19091791;148;438;401;825;615 ~~~~~~~~~~~~~~~~~~~~~~~~~~ 05-27
12061498;14042075W;14095835;05060300313;07031997;20091791;149;820;894 ~~~~~~~~~~~~~~~~~~~~~~~~~~~~~~~~~~ 05-28
13061498;15042075W;15095835;06060300313;08031997;21091791;150;688;385;615 ~~~~~~~~~~~~~~~~~~~~~~~~~~~~~~ 05-29
14061498;16042075W;16095835;07060300313;09031997;22091791;151;514;537;892;937 ~~~~~~~~~~~~~~~~~~~~~~~~~~ 05-30
15061498;17042075W;17095835;08060300313;10031997;23091791;152;615 ~~~~~~~~~~~~~~~~~~~~~~~~~~~~~~~~~~~~~~ 05-31
16061498;18042075W;18095835;09060300313;11031997;24091791;153;637;693 ~~~~~~~~~~~~~~~~~~~~~~~~~~~~~~~~~~ 06-01
17061498;19042075W;19095835;10060300313;12031997;25091791;154;690;616 ~~~~~~~~~~~~~~~~~~~~~~~~~~~~~~~~~~ 06-02
18061498;20042075W;20095835;11060300313;13031997;26091791;155;694;605 ~~~~~~~~~~~~~~~~~~~~~~~~~~~~~~~~~~ 06-03
19061498;21042075W;21095835;12060300313;14031997;27091791;156;616 ~~~~~~~~~~~~~~~~~~~~~~~~~~~~~~~~~~~~~~ 06-04
20061498;22042075W;22095835;13060300313;15031997;28091791;157;691;398;861;406 ~~~~~~~~~~~~~~~~~~~~~~~~~~ 06-05
21061498;23042075W;23095835;14060300313;16031997;29091791;158;616 ~~~~~~~~~~~~~~~~~~~~~~~~~~~~~~~~~~~~~~ 06-06
22061498;24042075W;24095835;15060300313;17031997;30091791;159;692 ~~~~~~~~~~~~~~~~~~~~~~~~~~~~~~~~~~~~~~ 06-07
23061498;25042075W;25095835;16060300313;18031997;01101791;160;697;799;616 ~~~~~~~~~~~~~~~~~~~~~~~~~~~~~~ 06-08
24061498;26042075W;26095835;17060300313;19031997;02101791;161;695;437;530;616 ~~~~~~~~~~~~~~~~~~~~~~~~~~ 06-09
25061498;27042075W;27095835;18060300313;20031997;03101791;162;403;616 ~~~~~~~~~~~~~~~~~~~~~~~~~~~~~~~~~~ 06-10
26061498;28042075W;28095835;19060300313;21031997;04101791;163;696;569 ~~~~~~~~~~~~~~~~~~~~~~~~~~~~~~~~~~ 06-11
27061498;29042075W;29095835;00070300313;22031997;05101791;164;569;412;616 ~~~~~~~~~~~~~~~~~~~~~~~~~~~~~~ 06-12
28061498;01052075W;30095835;01070300313;23031997;06101791;165;380;921;942 ~~~~~~~~~~~~~~~~~~~~~~~~~~~~~~ 06-13
29061498;02052075W;01105835;02070300313;24031997;07101791;166;699;513;403;616 ~~~~~~~~~~~~~~~~~~~~~~~~~~ 06-14
01071498;03052075W;02105835;03070300313;25031997;08101791;167;406;616 ~~~~~~~~~~~~~~~~~~~~~~~~~~~~~~~~~~ 06-15
02071498;04052075W;03105835;04070300313;26031997;09101791;168;452;452;820;616 ~~~~~~~~~~~~~~~~~~~~~~~~~~ 06-16
03071498;05052075W;04105835;05070300313;27031997;10101791;169;564 ~~~~~~~~~~~~~~~~~~~~~~~~~~~~~~~~~~~~~~ 06-17
04071498;06052075W;05105835;06070300313;28031997;11101791;170;403;616 ~~~~~~~~~~~~~~~~~~~~~~~~~~~~~~~~~~ 06-18
05071498;07052075W;06105835;07070300313;29031997;12101791;171 ~~~~~~~~~~~~~~~~~~~~~~~~~~~~~~~~~~~~~~~~~~ 06-19
06071498;08052075W;07105835;08070300313;30031997;13101791;172;698;460;406;616 ~~~~~~~~~~~~~~~~~~~~~~~~~~ 06-20
07071498;09052075W;08105835;09070300313;31031997;14101791;173;701;397;425;700;415 ~~~~~~~~~~~~~~~~~~~~~~ 06-21
08071498;10052075W;09105835;10070300313;01041997;15101791;174;702;461;616 ~~~~~~~~~~~~~~~~~~~~~~~~~~~~~~ 06-22
09071498;11052075W;10105835;11070300313;02041997;16101791;175;552;616 ~~~~~~~~~~~~~~~~~~~~~~~~~~~~~~~~~~ 06-23
10071498;12052075W;11105835;12070300313;03041997;17101791;176;896;616 ~~~~~~~~~~~~~~~~~~~~~~~~~~~~~~~~~~ 06-24
11071498;13052075W;12105835;13070300313;04041997;18101791;177;554;406 ~~~~~~~~~~~~~~~~~~~~~~~~~~~~~~~~~~ 06-25
12071498;14052075W;13105835;14070300313;05041997;19101791;178;704;403;616 ~~~~~~~~~~~~~~~~~~~~~~~~~~~~~~ 06-26
13071498;15052075W;14105835;15070300313;06041997;20101791;179 ~~~~~~~~~~~~~~~~~~~~~~~~~~~~~~~~~~~~~~~~~~ 06-27
14071498;16052075W;15105835;16070300313;07041997;21101791;180;703;386;514;540;874;941;947;616 ~~~~~~~~~~ 06-28
15071498;17052075W;16105835;17070300313;08041997;22101791;181 ~~~~~~~~~~~~~~~~~~~~~~~~~~~~~~~~~~~~~~~~~~ 06-29
16071498;18052075W;17105835;18070300313;09041997;23101791;182;795;403;406;616 ~~~~~~~~~~~~~~~~~~~~~~~~~~ 06-30
17071498;19052075W;18105835;19070300313;10041997;24101791;183 ~~~~~~~~~~~~~~~~~~~~~~~~~~~~~~~~~~~~~~~~~~ 07-01
18071498;20052075W;19105835;00080300313;11041997;25101791;184;617 ~~~~~~~~~~~~~~~~~~~~~~~~~~~~~~~~~~~~~~ 07-02
19071498;21052075W;20105835;01080300313;12041997;26101791;185;412 ~~~~~~~~~~~~~~~~~~~~~~~~~~~~~~~~~~~~~~ 07-03
20071498;22052075W;21105835;02080300313;13041997;27101791;186;398;838;403;617 ~~~~~~~~~~~~~~~~~~~~~~~~~~ 07-04
21071498;23052075W;22105835;03080300313;14041997;28101791;187;565;406 ~~~~~~~~~~~~~~~~~~~~~~~~~~~~~~~~~~ 07-05
22071498;24052075W;23105835;04080300313;15041997;29101791;188;637;705;840;433;565;617 ~~~~~~~~~~~~~~~~~~ 07-06
23071498;25052075W;24105835;05080300313;16041997;30101791;189;373;617 ~~~~~~~~~~~~~~~~~~~~~~~~~~~~~~~~~~ 07-07
24071498;26052075W;25105835;06080300313;17041997;01111791;190;707;946;403;617 ~~~~~~~~~~~~~~~~~~~~~~~~~~ 07-08
25071498;27052075W;26105835;07080300313;18041997;02111791;191;420 ~~~~~~~~~~~~~~~~~~~~~~~~~~~~~~~~~~~~~~ 07-09
26071498;28052075W;27105835;08080300313;19041997;03111791;192;617 ~~~~~~~~~~~~~~~~~~~~~~~~~~~~~~~~~~~~~~ 07-10
27071498;29052075W;28105835;09080300313;20041997;04111791;193;513;509 ~~~~~~~~~~~~~~~~~~~~~~~~~~~~~~~~~~ 07-11
28071498;30052075W;29105835;10080300313;21041997;05111791;194;380;403;617 ~~~~~~~~~~~~~~~~~~~~~~~~~~~~~~ 07-12
29071498;01062075W;01115835;11080300313;22041997;06111791;195;706;932;950 ~~~~~~~~~~~~~~~~~~~~~~~~~~~~~~ 07-13
30071498;02062075W;02115835;12080300313;23041997;07111791;196;617 ~~~~~~~~~~~~~~~~~~~~~~~~~~~~~~~~~~~~~~ 07-14
01081498;03062075W;03115835;13080300313;24041997;08111791;197;710;870;406;617 ~~~~~~~~~~~~~~~~~~~~~~~~~~ 07-15
02081498;04062075W;04115835;14080300313;25041997;09111791;198;403;617 ~~~~~~~~~~~~~~~~~~~~~~~~~~~~~~~~~~ 07-16
03081498;05062075W;05115835;15080300313;26041997;10111791;199;711;412;617 ~~~~~~~~~~~~~~~~~~~~~~~~~~~~~~ 07-17
04081498;06062075W;06115835;16080300313;27041997;11111791;200;631;617 ~~~~~~~~~~~~~~~~~~~~~~~~~~~~~~~~~~ 07-18
05081498;07062075W;07115835;17080300313;28041997;12111791;201;617 ~~~~~~~~~~~~~~~~~~~~~~~~~~~~~~~~~~~~~~ 07-19
06081498;08062075W;08115835;18080300313;29041997;13111791;202;708;397;403;617 ~~~~~~~~~~~~~~~~~~~~~~~~~~ 07-20
07081498;09062075W;09115835;19080300313;30041997;14111791;203;709 ~~~~~~~~~~~~~~~~~~~~~~~~~~~~~~~~~~~~~~ 07-21
08081498;10062075W;10115835;00090300313;31041997;15111791;204;617 ~~~~~~~~~~~~~~~~~~~~~~~~~~~~~~~~~~~~~~ 07-22
09081498;11062075W;11115835;01090300313;01051997;16111791;205;617 ~~~~~~~~~~~~~~~~~~~~~~~~~~~~~~~~~~~~~~ 07-23
10081498;12062075W;12115835;02090300313;02051997;17111791;206;546;617 ~~~~~~~~~~~~~~~~~~~~~~~~~~~~~~~~~~ 07-24
11081498;13062075W;13115835;03090300313;03051997;18111791;207;712;715;406;617 ~~~~~~~~~~~~~~~~~~~~~~~~~~ 07-25
12081498;14062075W;14115835;04090300313;04051997;19111791;208;716;514;617 ~~~~~~~~~~~~~~~~~~~~~~~~~~~~~~ 07-26
13081498;15062075W;15115835;05090300313;05051997;20111791;209;713;387;531;561;617 ~~~~~~~~~~~~~~~~~~~~~~ 07-27
14081498;16062075W;16115835;06090300313;06051997;21111791;210;714;512;403;617 ~~~~~~~~~~~~~~~~~~~~~~~~~~ 07-28
15081498;17062075W;17115835;07090300313;07051997;22111791;211;374;421 ~~~~~~~~~~~~~~~~~~~~~~~~~~~~~~~~~~ 07-29
16081498;18062075W;18115835;08090300313;08051997;23111791;212;406;617 ~~~~~~~~~~~~~~~~~~~~~~~~~~~~~~~~~~ 07-30
17081498;19062075W;19115835;09090300313;09051997;24111791;213 ~~~~~~~~~~~~~~~~~~~~~~~~~~~~~~~~~~~~~~~~~~ 07-31
18081498;20062075W;20115835;10090300313;10051997;25111791;214;618 ~~~~~~~~~~~~~~~~~~~~~~~~~~~~~~~~~~~~~~ 08-01
19081498;21062075W;21115835;11090300313;11051997;26111791;215;719;868 ~~~~~~~~~~~~~~~~~~~~~~~~~~~~~~~~~~ 08-02
20081498;22062075W;22115835;12090300313;12051997;27111791;216;637;720;398;618 ~~~~~~~~~~~~~~~~~~~~~~~~~~ 08-03
21081498;23062075W;23115835;13090300313;13051997;28111791;217;717;406 ~~~~~~~~~~~~~~~~~~~~~~~~~~~~~~~~~~ 08-04
22081498;24062075W;24115835;14090300313;14051997;29111791;218;618 ~~~~~~~~~~~~~~~~~~~~~~~~~~~~~~~~~~~~~~ 08-05
23081498;25062075W;25115835;15090300313;15051997;30111791;219;718 ~~~~~~~~~~~~~~~~~~~~~~~~~~~~~~~~~~~~~~ 08-06
24081498;26062075W;26115835;16090300313;16051997;01121791;220;878;412;618 ~~~~~~~~~~~~~~~~~~~~~~~~~~~~~~ 08-07
25081498;27062075W;27115835;17090300313;17051997;02121791;221;513;421 ~~~~~~~~~~~~~~~~~~~~~~~~~~~~~~~~~~ 08-08
26081498;28062075W;28115835;18090300313;18051997;03121791;222;403;406;618 ~~~~~~~~~~~~~~~~~~~~~~~~~~~~~~ 08-09
27081498;29062075W;29115835;19090300313;19051997;04121791;223;723 ~~~~~~~~~~~~~~~~~~~~~~~~~~~~~~~~~~~~~~ 08-10
28081498;30062075W;30115835;00100300313;20051997;05121791;224;721;380;618 ~~~~~~~~~~~~~~~~~~~~~~~~~~~~~~ 08-11
29081498;01072075W;01125835;01100300313;21051997;06121791;225 ~~~~~~~~~~~~~~~~~~~~~~~~~~~~~~~~~~~~~~~~~~ 08-12
01091498;02072075W;02125835;02100300313;22051997;07121791;226;378;504;403;618 ~~~~~~~~~~~~~~~~~~~~~~~~~~ 08-13
02091498;03072075W;03125835;03100300313;23051997;08121791;227;722;579;819;412 ~~~~~~~~~~~~~~~~~~~~~~~~~~ 08-14
03091498;04072075W;04125835;04100300313;24051997;09121791;228;413;505;618 ~~~~~~~~~~~~~~~~~~~~~~~~~~~~~~ 08-15
04091498;05072075W;05125835;05100300313;25051997;10121791;229;891 ~~~~~~~~~~~~~~~~~~~~~~~~~~~~~~~~~~~~~~ 08-16
05091498;06072075W;06125835;06100300313;26051997;11121791;230;724;505;618 ~~~~~~~~~~~~~~~~~~~~~~~~~~~~~~ 08-17
06091498;07072075W;07125835;07100300313;27051997;12121791;231;572 ~~~~~~~~~~~~~~~~~~~~~~~~~~~~~~~~~~~~~~ 08-18
07091498;08072075W;08125835;08100300313;28051997;13121791;232;397;432;406;618 ~~~~~~~~~~~~~~~~~~~~~~~~~~ 08-19
08091498;09072075W;09125835;09100300313;29051997;14121791;233;436 ~~~~~~~~~~~~~~~~~~~~~~~~~~~~~~~~~~~~~~ 08-20
09091498;10072075W;10125835;10100300313;30051997;15121791;234;403;505;618 ~~~~~~~~~~~~~~~~~~~~~~~~~~~~~~ 08-21
10091498;11072075W;11125835;11100300313;31051997;16121791;235;926 ~~~~~~~~~~~~~~~~~~~~~~~~~~~~~~~~~~~~~~ 08-22
11091498;12072075W;12125835;12100300313;01061997;17121791;236;427;596;596;514;938;618 ~~~~~~~~~~~~~~~~~~ 08-23
12091498;13072075W;13125835;13100300313;02061997;18121791;237;725;897;406 ~~~~~~~~~~~~~~~~~~~~~~~~~~~~~~ 08-24
13091498;14072075W;14125835;14100300313;03061997;19121791;238;428;725;388;556;909;910;925;567;403;505 ~~ 08-25
14091498;15072075W;15125835;15100300313;04061997;20121791;239;796;567 ~~~~~~~~~~~~~~~~~~~~~~~~~~~~~~~~~~ 08-26
15091498;16072075W;16125835;16100300313;05061997;21121791;240;594;505;618 ~~~~~~~~~~~~~~~~~~~~~~~~~~~~~~ 08-27
16091498;17072075W;17125835;17100300313;06061997;22121791;241;595;813;875 ~~~~~~~~~~~~~~~~~~~~~~~~~~~~~~ 08-28
17091498;18072075W;18125835;18100300313;07061997;23121791;242;618 ~~~~~~~~~~~~~~~~~~~~~~~~~~~~~~~~~~~~~~ 08-29
18091498;19072075W;19125835;19100300313;08061997;24121791;243;596 ~~~~~~~~~~~~~~~~~~~~~~~~~~~~~~~~~~~~~~ 08-30
19091498;20072075W;20125835;00110300313;09061997;25121791;244;429;375;505;618 ~~~~~~~~~~~~~~~~~~~~~~~~~~ 08-31
20091498;21072075W;21125835;01110300313;10061997;26121791;245;430 ~~~~~~~~~~~~~~~~~~~~~~~~~~~~~~~~~~~~~~ 09-01
21091498;22072075W;22125835;02110300313;11061997;27121791;246;434;398;883;403;505;619 ~~~~~~~~~~~~~~~~~~ 09-02
22091498;23072075W;23125835;03110300313;12061997;28121791;247;435;399;406 ~~~~~~~~~~~~~~~~~~~~~~~~~~~~~~ 09-03
23091498;24072075W;24125835;04110300313;13061997;29121791;248;513;505;619 ~~~~~~~~~~~~~~~~~~~~~~~~~~~~~~ 09-04
24091498;25072075W;25125835;05110300313;14061997;30121791;249;619 ~~~~~~~~~~~~~~~~~~~~~~~~~~~~~~~~~~~~~~ 09-05
25091498;26072075W;26125835;06110300313;15061997;01131791;250;727;503;507;400;505;619 ~~~~~~~~~~~~~~~~~~ 09-06
26091498;27072075W;27125835;07110300313;16061997;02131791;251;637;728;619 ~~~~~~~~~~~~~~~~~~~~~~~~~~~~~~ 09-07
27091498;28072075W;28125835;08110300313;17061997;03131791;252;455;845;508;406;619 ~~~~~~~~~~~~~~~~~~~~~~ 09-08
28091498;29072075W;29125835;09110300313;18061997;04131791;253;729;846;521;400;619 ~~~~~~~~~~~~~~~~~~~~~~ 09-09
29091498;01082075W;01215836;10110300313;19061997;05131791;254;380;521;619 ~~~~~~~~~~~~~~~~~~~~~~~~~~~~~~ 09-10
30091498;02082075W;02215836;11110300313;20061997;06131791;255;506;521 ~~~~~~~~~~~~~~~~~~~~~~~~~~~~~~~~~~ 09-11
01101498;03082075W;03215836;12110300313;21061997;01011792;256;730;847;502;400;619 ~~~~~~~~~~~~~~~~~~~~~~ 09-12
02101498;04082075W;04215836;13110300313;22061997;02011792;257;726;597;406 ~~~~~~~~~~~~~~~~~~~~~~~~~~~~~~ 09-13
03101498;05082075W;05215836;14110300313;23061997;03011792;258;550;619 ~~~~~~~~~~~~~~~~~~~~~~~~~~~~~~~~~~ 09-14
04101498;06082075W;06215836;15110300313;24061997;04011792;259;731;915;400 ~~~~~~~~~~~~~~~~~~~~~~~~~~~~~~ 09-15
05101498;07082075W;07215836;16110300313;25061997;05011792;260;619 ~~~~~~~~~~~~~~~~~~~~~~~~~~~~~~~~~~~~~~ 09-16
06101498;08082075W;08215836;17110300313;26061997;06011792;261;732;397;908;415;421 ~~~~~~~~~~~~~~~~~~~~~~ 09-17
07101498;09082075W;09215836;18110300313;27061997;07011792;262;403;619 ~~~~~~~~~~~~~~~~~~~~~~~~~~~~~~~~~~ 09-18
08101498;10082075W;10215836;19110300313;28061997;08011792;263;733;416;527;619;848 ~~~~~~~~~~~~~~~~~~~~~~ 09-19
09101498;11082075W;11215836;00120300313;29061997;09011792;264;734;514;903;619 ~~~~~~~~~~~~~~~~~~~~~~~~~~ 09-20
10101498;12082075W;12215836;01120300313;30061997;10011792;265;735;400;848 ~~~~~~~~~~~~~~~~~~~~~~~~~~~~~~ 09-21
11101498;13082075W;13215836;02120300313;31061997;11011792;266;740;462;403;619 ~~~~~~~~~~~~~~~~~~~~~~~~~~ 09-22
12101498;14082075W;14215836;03120300313;01071997;12011792;267;736;520;551;423 ~~~~~~~~~~~~~~~~~~~~~~~~~~ 09-23
13101498;15082075W;15215836;04120300313;02071997;13011792;268;737;389;390;534;463;570;523;400;619 ~~~~~~ 09-24
14101498;16082075W;16215836;05120300313;03071997;14011792;269;742;790;907;523 ~~~~~~~~~~~~~~~~~~~~~~~~~~ 09-25
15101498;17082075W;17215836;06120300313;04071997;15011792;270;741;790;401;523;403;619 ~~~~~~~~~~~~~~~~~~ 09-26
16101498;18082075W;18215836;07120300313;05071997;16011792;271;738;790;523;619 ~~~~~~~~~~~~~~~~~~~~~~~~~~ 09-27
17101498;19082075W;19215836;08120300313;06071997;17011792;272;739;743;790;523;406;619 ~~~~~~~~~~~~~~~~~~ 09-28
18101498;20082075W;20215836;09120300313;07071997;18011792;273;790;523;619;848 ~~~~~~~~~~~~~~~~~~~~~~~~~~ 09-29
19101498;21082075W;21215836;10120300313;08071997;19011792;274;790;523;853;403;619 ~~~~~~~~~~~~~~~~~~~~~~ 09-30
20101498;22082075W;22215836;11120300313;09071997;20011792;275;745;790;398;524;853;848 ~~~~~~~~~~~~~~~~~~ 10-01
21101498;23082075W;23215836;12120300313;10071997;21011792;276;746;433;437;513;525;853;620 ~~~~~~~~~~~~~~ 10-02
22101498;24082075W;24215836;13120300313;11071997;22011792;277;747;467;406 ~~~~~~~~~~~~~~~~~~~~~~~~~~~~~~ 10-03
23101498;25082075W;25215836;14120300313;12071997;23011792;278;748;403;620 ~~~~~~~~~~~~~~~~~~~~~~~~~~~~~~ 10-04
24101498;26082075W;26215836;15120300313;13071997;24011792;279;637;869;620 ~~~~~~~~~~~~~~~~~~~~~~~~~~~~~~ 10-05
25101498;27082075W;27215836;16120300313;14071997;25011792;280;749;620 ~~~~~~~~~~~~~~~~~~~~~~~~~~~~~~~~~~ 10-06
26101498;28082075W;28215836;17120300313;15071997;26011792;281;744;421 ~~~~~~~~~~~~~~~~~~~~~~~~~~~~~~~~~~ 10-07
27101498;29082075W;29215836;18120300313;16071997;27011792;282;791;819;403;406;574;620 ~~~~~~~~~~~~~~~~~~ 10-08
28101498;30082075W;30215836;19120300313;17071997;28011792;283;752;380;920;848 ~~~~~~~~~~~~~~~~~~~~~~~~~~ 10-09
29101498;01092075W;01225836;00130300313;18071997;29011792;284;753;793;895;620 ~~~~~~~~~~~~~~~~~~~~~~~~~~ 10-10
01111498;02092075W;02225836;01130300313;19071997;30011792;285;367 ~~~~~~~~~~~~~~~~~~~~~~~~~~~~~~~~~~~~~~ 10-11
02111498;03092075W;03225836;02130300313;20071997;01021792;286;754;368;403;620 ~~~~~~~~~~~~~~~~~~~~~~~~~~ 10-12
03111498;04092075W;04225836;03130300313;21071997;02021792;287;750;620;848 ~~~~~~~~~~~~~~~~~~~~~~~~~~~~~~ 10-13
04111498;05092075W;05225836;04130300313;22071997;03021792;288;751;620 ~~~~~~~~~~~~~~~~~~~~~~~~~~~~~~~~~~ 10-14
05111498;06092075W;06225836;05130300313;23071997;04021792;289;756;514;918 ~~~~~~~~~~~~~~~~~~~~~~~~~~~~~~ 10-15
06111498;07092075W;07225836;06130300313;24071997;05021792;290;757;397;919;403;620 ~~~~~~~~~~~~~~~~~~~~~~ 10-16
07111498;08092075W;08225836;07130300313;25071997;06021792;291;631;548;885 ~~~~~~~~~~~~~~~~~~~~~~~~~~~~~~ 10-17
08111498;09092075W;09225836;08130300313;26071997;07021792;292;549;560;563;406;620 ~~~~~~~~~~~~~~~~~~~~~~ 10-18
09111498;10092075W;10225836;09130300313;27071997;08021792;293;758 ~~~~~~~~~~~~~~~~~~~~~~~~~~~~~~~~~~~~~~ 10-19
10111498;11092075W;11225836;10130300313;28071997;09021792;294;792;899;784;403;620 ~~~~~~~~~~~~~~~~~~~~~~ 10-20
11111498;12092075W;12225836;11130300313;29071997;10021792;295;755;785;620 ~~~~~~~~~~~~~~~~~~~~~~~~~~~~~~ 10-21
12111498;13092075W;13225836;12130300313;30071997;11021792;296;369;786;620 ~~~~~~~~~~~~~~~~~~~~~~~~~~~~~~ 10-22
13111498;14092075W;14225836;13130300313;01081997;12021792;297;391;532;882;922;787;620 ~~~~~~~~~~~~~~~~~~ 10-23
14111498;15092075W;15225836;14130300313;02081997;13021792;298;620 ~~~~~~~~~~~~~~~~~~~~~~~~~~~~~~~~~~~~~~ 10-24
15111498;16092075W;16225836;15130300313;03081997;14021792;299;849;371;375 ~~~~~~~~~~~~~~~~~~~~~~~~~~~~~~ 10-25
16111498;17092075W;17225836;16130300313;04081997;15021792;300;759;620 ~~~~~~~~~~~~~~~~~~~~~~~~~~~~~~~~~~ 10-26
17111498;18092075W;18225836;17130300313;05081997;16021792;301;417;881 ~~~~~~~~~~~~~~~~~~~~~~~~~~~~~~~~~~ 10-27
18111498;19092075W;19225836;18130300313;06081997;17021792;302;377;403;620 ~~~~~~~~~~~~~~~~~~~~~~~~~~~~~~ 10-28
19111498;20092075W;20225836;19130300313;07081997;18021792;303;620 ~~~~~~~~~~~~~~~~~~~~~~~~~~~~~~~~~~~~~~ 10-29
20111498;21092075W;21225836;00140300313;08081997;19021792;304;513;620 ~~~~~~~~~~~~~~~~~~~~~~~~~~~~~~~~~~ 10-30
21111498;22092075W;22225836;01140300313;09081997;20021792;305;398;431;499 ~~~~~~~~~~~~~~~~~~~~~~~~~~~~~~ 10-31
22111498;23092075W;23225836;02140300313;10081997;21021792;306;403;621 ~~~~~~~~~~~~~~~~~~~~~~~~~~~~~~~~~~ 11-01
23111498;24092075W;24225836;03140300313;11081997;22021792;307;637;763;406 ~~~~~~~~~~~~~~~~~~~~~~~~~~~~~~ 11-02
24111498;25092075W;25225836;04140300313;12081997;23021792;308;621 ~~~~~~~~~~~~~~~~~~~~~~~~~~~~~~~~~~~~~~ 11-03
25111498;26092075W;26225836;05140300313;13081997;24021792;309;760;911 ~~~~~~~~~~~~~~~~~~~~~~~~~~~~~~~~~~ 11-04
26111498;27092075W;27225836;06140300313;14081997;25021792;310;558;779;375;403;621 ~~~~~~~~~~~~~~~~~~~~~~ 11-05
27111498;28092075W;28225836;07140300313;15081997;26021792;311;761;780;784;785;421 ~~~~~~~~~~~~~~~~~~~~~~ 11-06
28111498;29092075W;29225836;08140300313;16081997;27021792;312;762;781;786;893;406;621 ~~~~~~~~~~~~~~~~~~ 11-07
29111498;01102075W;01235836;09140300313;17081997;28021792;313;380;782 ~~~~~~~~~~~~~~~~~~~~~~~~~~~~~~~~~~ 11-08
30111498;02102075W;02235836;10140300313;18081997;29021792;314;535;783;787;621 ~~~~~~~~~~~~~~~~~~~~~~~~~~ 11-09
01121498;03102075W;03235836;11140300313;19081997;30021792;315;788 ~~~~~~~~~~~~~~~~~~~~~~~~~~~~~~~~~~~~~~ 11-10
02121498;04102075W;04235836;12140300313;20081997;01031792;316;514;621 ~~~~~~~~~~~~~~~~~~~~~~~~~~~~~~~~~~ 11-11
03121498;05102075W;05235836;13140300313;21081997;02031792;317;835;406 ~~~~~~~~~~~~~~~~~~~~~~~~~~~~~~~~~~ 11-12
04121498;06102075W;06235836;14140300313;22081997;03031792;318;543;621 ~~~~~~~~~~~~~~~~~~~~~~~~~~~~~~~~~~ 11-13
05121498;07102075W;07235836;15140300313;23081997;04031792;319;764;397;418 ~~~~~~~~~~~~~~~~~~~~~~~~~~~~~~ 11-14
06121498;08102075W;08235836;16140300313;24081997;05031792;320;432;621 ~~~~~~~~~~~~~~~~~~~~~~~~~~~~~~~~~~ 11-15
07121498;09102075W;09235836;17140300313;25081997;06031792;321;767 ~~~~~~~~~~~~~~~~~~~~~~~~~~~~~~~~~~~~~~ 11-16
08121498;10102075W;10235836;18140300313;26081997;07031792;322;765;879;403;406;621 ~~~~~~~~~~~~~~~~~~~~~~ 11-17
09121498;11102075W;11235836;19140300313;27081997;08031792;323;547;501 ~~~~~~~~~~~~~~~~~~~~~~~~~~~~~~~~~~ 11-18
10121498;12102075W;12235836;00150300313;28081997;09031792;324;934;500;621 ~~~~~~~~~~~~~~~~~~~~~~~~~~~~~~ 11-19
11121498;13102075W;13235836;01150300313;29081997;10031792;325;500 ~~~~~~~~~~~~~~~~~~~~~~~~~~~~~~~~~~~~~~ 11-20
12121498;14102075W;14235836;02150300313;30081997;11031792;326;766;403;621 ~~~~~~~~~~~~~~~~~~~~~~~~~~~~~~ 11-21
13121498;15102075W;15235836;03150300313;01091997;12031792;327;394;864;880;500;788 ~~~~~~~~~~~~~~~~~~~~~~ 11-22
14121498;16102075W;16235836;04150300313;02091997;13031792;328;768;500;621 ~~~~~~~~~~~~~~~~~~~~~~~~~~~~~~ 11-23
15121498;17102075W;17235836;05150300313;03091997;14031792;329 ~~~~~~~~~~~~~~~~~~~~~~~~~~~~~~~~~~~~~~~~~~ 11-24
16121498;18102075W;18235836;06150300313;04091997;15031792;330;621 ~~~~~~~~~~~~~~~~~~~~~~~~~~~~~~~~~~~~~~ 11-25
17121498;19102075W;19235836;07150300313;05091997;16031792;331 ~~~~~~~~~~~~~~~~~~~~~~~~~~~~~~~~~~~~~~~~~~ 11-26
18121498;20102075W;20235836;08150300313;06091997;17031792;332;769;513;823;841;375;621 ~~~~~~~~~~~~~~~~~~ 11-27
19121498;21102075W;21235836;09150300313;07091997;18031792;333;440 ~~~~~~~~~~~~~~~~~~~~~~~~~~~~~~~~~~~~~~ 11-28
20121498;22102075W;22235836;10150300313;08091997;19031792;334;441;369;621 ~~~~~~~~~~~~~~~~~~~~~~~~~~~~~~ 11-29
21121498;23102075W;23235836;11150300313;09091997;20031792;335;770;398;876 ~~~~~~~~~~~~~~~~~~~~~~~~~~~~~~ 11-30
22121498;24102075W;24235836;12150300313;10091997;21031792;336;589;622 ~~~~~~~~~~~~~~~~~~~~~~~~~~~~~~~~~~ 12-01
23121498;25102075W;25235836;13150300313;11091997;22031792;337;442;516;406 ~~~~~~~~~~~~~~~~~~~~~~~~~~~~~~ 12-02
24121498;26102075W;26235836;14150300313;12091997;23031792;338;771;773;370;836;842;516;403;622 ~~~~~~~~~~ 12-03
25121498;27102075W;27235836;15150300313;13091997;24031792;339;772;936;516 ~~~~~~~~~~~~~~~~~~~~~~~~~~~~~~ 12-04
26121498;28102075W;28235836;16150300313;14091997;25031792;340;516;622 ~~~~~~~~~~~~~~~~~~~~~~~~~~~~~~~~~~ 12-05
27121498;29102075W;29235836;17150300313;15091997;26031792;341;774;516 ~~~~~~~~~~~~~~~~~~~~~~~~~~~~~~~~~~ 12-06
28121498;30102075W;30235836;18150300313;16091997;27031792;342;637;775;380;622 ~~~~~~~~~~~~~~~~~~~~~~~~~~ 12-07
29121498;01112075W;01245836;19150300313;17091997;28031792;343;777;590;516 ~~~~~~~~~~~~~~~~~~~~~~~~~~~~~~ 12-08
01011499;02112075W;02245836;00160300313;18091997;29031792;344;514;495;516;622 ~~~~~~~~~~~~~~~~~~~~~~~~~~ 12-09
02011499;03112075W;03245836;01160300313;19091997;30031792;345;516 ~~~~~~~~~~~~~~~~~~~~~~~~~~~~~~~~~~~~~~ 12-10
03011499;04112075W;04245836;02160300313;20091997;01041792;346;403;622 ~~~~~~~~~~~~~~~~~~~~~~~~~~~~~~~~~~ 12-11
04011499;05112075W;05245836;03160300313;21091997;02041792;347;944 ~~~~~~~~~~~~~~~~~~~~~~~~~~~~~~~~~~~~~~ 12-12
05011499;06112075W;06245836;04160300313;22091997;03041792;348;622 ~~~~~~~~~~~~~~~~~~~~~~~~~~~~~~~~~~~~~~ 12-13
06011499;07112075W;07245836;05160300313;23091997;04041792;349;776;397 ~~~~~~~~~~~~~~~~~~~~~~~~~~~~~~~~~~ 12-14
07011499;08112075W;08245836;06160300313;24091997;05041792;350;436;824;591;622 ~~~~~~~~~~~~~~~~~~~~~~~~~~ 12-15
08011499;09112075W;09245836;07160300313;25091997;06041792;351 ~~~~~~~~~~~~~~~~~~~~~~~~~~~~~~~~~~~~~~~~~~ 12-16
09011499;10112075W;10245836;08160300313;26091997;07041792;352;406;622 ~~~~~~~~~~~~~~~~~~~~~~~~~~~~~~~~~~ 12-17
10011499;11112075W;11245836;09160300313;27091997;08041792;353;557;890;498 ~~~~~~~~~~~~~~~~~~~~~~~~~~~~~~ 12-18
11011499;12112075W;12245836;10160300313;28091997;09041792;354;622 ~~~~~~~~~~~~~~~~~~~~~~~~~~~~~~~~~~~~~~ 12-19
12011499;13112075W;13245836;11160300313;29091997;10041792;355;778;371 ~~~~~~~~~~~~~~~~~~~~~~~~~~~~~~~~~~ 12-20
13011499;14112075W;14245836;12160300313;30091997;11041792;356;545;466;622 ~~~~~~~~~~~~~~~~~~~~~~~~~~~~~~ 12-21
14011499;15112075W;15245836;13160300313;01101997;12041792;357;395;422;540;887;947;592;426;406 ~~~~~~~~~~ 12-22
15011499;16112075W;16245836;14160300313;02101997;13041792;358;399;465;403;496;622 ~~~~~~~~~~~~~~~~~~~~~~ 12-23
16011499;17112075W;17245836;15160300313;03101997;14041792;359;513 ~~~~~~~~~~~~~~~~~~~~~~~~~~~~~~~~~~~~~~ 12-24
17011499;18112075W;18245836;16160300313;04101997;15041792;360;622 ~~~~~~~~~~~~~~~~~~~~~~~~~~~~~~~~~~~~~~ 12-25
18011499;19112075W;19245836;17160300313;05101997;16041792;361;400 ~~~~~~~~~~~~~~~~~~~~~~~~~~~~~~~~~~~~~~ 12-26
19011499;20112075W;20245836;18160300313;06101997;17041792;362;496;622 ~~~~~~~~~~~~~~~~~~~~~~~~~~~~~~~~~~ 12-27
20011499;21112075W;21245836;19160300313;07101997;18041792;363 ~~~~~~~~~~~~~~~~~~~~~~~~~~~~~~~~~~~~~~~~~~ 12-28
21011499;22112075W;22245836;00170300313;08101997;19041792;364;433;400;418;622 ~~~~~~~~~~~~~~~~~~~~~~~~~~ 12-29
22011499;23112075W;23245836;01170300313;09101997;20041792;365;398 ~~~~~~~~~~~~~~~~~~~~~~~~~~~~~~~~~~~~~~ 12-30
23011499;24112075W;24245836;02170300313;10101997;21041792;366;622 ~~~~~~~~~~~~~~~~~~~~~~~~~~~~~~~~~~~~~~ 12-31
