26051510;27112086h;27245847;19011500313;11102008;23041803;001;611 ~~~~~~~~~~~~~~~~~~~~~~~~~~~~~~~~~~~~~~ 01-01
27051510;28112086h;28245847;00021500313;12102008;24041803;002;422 ~~~~~~~~~~~~~~~~~~~~~~~~~~~~~~~~~~~~~~ 01-02
28051510;29112086h;29245847;01021500313;13102008;25041803;003;408;611 ~~~~~~~~~~~~~~~~~~~~~~~~~~~~~~~~~~ 01-03
29051510;30112086h;01255847;02021500313;14102008;26041803;004;637;380;372 ~~~~~~~~~~~~~~~~~~~~~~~~~~~~~~ 01-04
30051510;01122086h;02255847;03021500313;15102008;27041803;005;611 ~~~~~~~~~~~~~~~~~~~~~~~~~~~~~~~~~~~~~~ 01-05
01061510;02122086h;03255847;04021500313;16102008;28041803;006 ~~~~~~~~~~~~~~~~~~~~~~~~~~~~~~~~~~~~~~~~~~ 01-06
02061510;03122086h;04255847;05021500313;17102008;29041803;007;611 ~~~~~~~~~~~~~~~~~~~~~~~~~~~~~~~~~~~~~~ 01-07
03061510;04122086h;05255847;06021500313;18102008;30041803;008 ~~~~~~~~~~~~~~~~~~~~~~~~~~~~~~~~~~~~~~~~~~ 01-08
04061510;05122086h;06255847;07021500313;19102008;01051803;009;611 ~~~~~~~~~~~~~~~~~~~~~~~~~~~~~~~~~~~~~~ 01-09
05061510;06122086h;07255847;08021500313;20102008;02051803;010;418 ~~~~~~~~~~~~~~~~~~~~~~~~~~~~~~~~~~~~~~ 01-10
06061510;07122086h;08255847;09021500313;21102008;03051803;011;626;397;611 ~~~~~~~~~~~~~~~~~~~~~~~~~~~~~~ 01-11
07061510;08122086h;09255847;10021500313;22102008;04051803;012;627;514 ~~~~~~~~~~~~~~~~~~~~~~~~~~~~~~~~~~ 01-12
08061510;09122086h;10255847;11021500313;23102008;05051803;013;628;611 ~~~~~~~~~~~~~~~~~~~~~~~~~~~~~~~~~~ 01-13
09061510;10122086h;11255847;12021500313;24102008;06051803;014;629 ~~~~~~~~~~~~~~~~~~~~~~~~~~~~~~~~~~~~~~ 01-14
10061510;11122086h;12255847;13021500313;25102008;07051803;015;905;409;611 ~~~~~~~~~~~~~~~~~~~~~~~~~~~~~~ 01-15
11061510;12122086h;13255847;14021500313;26102008;08051803;016;631;406 ~~~~~~~~~~~~~~~~~~~~~~~~~~~~~~~~~~ 01-16
12061510;13122086h;14255847;15021500313;27102008;09051803;017;611 ~~~~~~~~~~~~~~~~~~~~~~~~~~~~~~~~~~~~~~ 01-17
13061510;14122086h;15255847;16021500313;28102008;10051803;018;630;381;904 ~~~~~~~~~~~~~~~~~~~~~~~~~~~~~~ 01-18
14061510;15122086h;16255847;17021500313;29102008;11051803;019;625;418;611 ~~~~~~~~~~~~~~~~~~~~~~~~~~~~~~ 01-19
15061510;16122086h;17255847;18021500313;30102008;12051803;020;492;436 ~~~~~~~~~~~~~~~~~~~~~~~~~~~~~~~~~~ 01-20
16061510;17122086h;18255847;19021500313;01112008;13051803;021;836;611 ~~~~~~~~~~~~~~~~~~~~~~~~~~~~~~~~~~ 01-21
17061510;18122086h;19255847;00031500313;02112008;14051803;022;632;916 ~~~~~~~~~~~~~~~~~~~~~~~~~~~~~~~~~~ 01-22
18061510;19122086h;20255847;01031500313;03112008;15051803;023;375;611 ~~~~~~~~~~~~~~~~~~~~~~~~~~~~~~~~~~ 01-23
19061510;20122086h;21255847;02031500313;04112008;16051803;024 ~~~~~~~~~~~~~~~~~~~~~~~~~~~~~~~~~~~~~~~~~~ 01-24
20061510;21122086h;22255847;03031500313;05112008;17051803;025;634;611 ~~~~~~~~~~~~~~~~~~~~~~~~~~~~~~~~~~ 01-25
21061510;22122086h;23255847;04031500313;06112008;18051803;026;635;398;433;513;406 ~~~~~~~~~~~~~~~~~~~~~~ 01-26
22061510;23122086h;24255847;05031500313;07112008;19051803;027;636;399;409;611 ~~~~~~~~~~~~~~~~~~~~~~~~~~ 01-27
23061510;24122086h;25255847;06031500313;08112008;20051803;028;418;580 ~~~~~~~~~~~~~~~~~~~~~~~~~~~~~~~~~~ 01-28
24061510;25122086h;26255847;07031500313;09112008;21051803;029;611 ~~~~~~~~~~~~~~~~~~~~~~~~~~~~~~~~~~~~~~ 01-29
25061510;26122086h;27255847;08031500313;10112008;22051803;030;923 ~~~~~~~~~~~~~~~~~~~~~~~~~~~~~~~~~~~~~~ 01-30
26061510;27122086h;28255847;09031500313;11112008;23051803;031;633;611 ~~~~~~~~~~~~~~~~~~~~~~~~~~~~~~~~~~ 01-31
27061510;28122086h;29255847;09031500313;12112008;24051803;032;637;640;378 ~~~~~~~~~~~~~~~~~~~~~~~~~~~~~~ 02-01
28061510;29122086h;30255847;10031500313;13112008;25051803;033;407;400;409;612 ~~~~~~~~~~~~~~~~~~~~~~~~~~ 02-02
29061510;01012087i;01265847;11031500313;14112008;26051803;034;380;888;479;490 ~~~~~~~~~~~~~~~~~~~~~~~~~~ 02-03
01071510;02012087i;02265847;12031500313;15112008;27051803;035;566;479;490;612 ~~~~~~~~~~~~~~~~~~~~~~~~~~ 02-04
02071510;03012087i;03265847;13031500313;16112008;28051803;036;453;566 ~~~~~~~~~~~~~~~~~~~~~~~~~~~~~~~~~~ 02-05
03071510;04012087i;04265847;14031500313;17112008;29051803;037;638;514;566;418;612 ~~~~~~~~~~~~~~~~~~~~~~ 02-06
04071510;05012087i;05265847;15031500313;18112008;30051803;038;639;940;566 ~~~~~~~~~~~~~~~~~~~~~~~~~~~~~~ 02-07
05071510;06012087i;06265847;16031500313;19112008;01061803;039;643;409;612 ~~~~~~~~~~~~~~~~~~~~~~~~~~~~~~ 02-08
06071510;07012087i;07265847;17031500313;20112008;02061803;040;397;914;581 ~~~~~~~~~~~~~~~~~~~~~~~~~~~~~~ 02-09
07071510;08012087i;08265847;18031500313;21112008;03061803;041;641;536;612 ~~~~~~~~~~~~~~~~~~~~~~~~~~~~~~ 02-10
08071510;09012087i;09265847;19031500313;22112008;04061803;042 ~~~~~~~~~~~~~~~~~~~~~~~~~~~~~~~~~~~~~~~~~~ 02-11
09071510;10012087i;10265847;00041500313;23112008;05061803;043;612 ~~~~~~~~~~~~~~~~~~~~~~~~~~~~~~~~~~~~~~ 02-12
10071510;11012087i;11265847;01041500313;24112008;06061803;044;642;873 ~~~~~~~~~~~~~~~~~~~~~~~~~~~~~~~~~~ 02-13
11071510;12012087i;12265847;02041500313;25112008;07061803;045;375;400;612 ~~~~~~~~~~~~~~~~~~~~~~~~~~~~~~ 02-14
12071510;13012087i;13265847;03041500313;26112008;08061803;046;418 ~~~~~~~~~~~~~~~~~~~~~~~~~~~~~~~~~~~~~~ 02-15
13071510;14012087i;14265847;04041500313;27112008;09061803;047;376;612 ~~~~~~~~~~~~~~~~~~~~~~~~~~~~~~~~~~ 02-16
14071510;15012087i;15265847;05041500313;28112008;10061803;048;450;382;401;884;854 ~~~~~~~~~~~~~~~~~~~~~~ 02-17
15071510;16012087i;16265847;06041500313;29112008;11061803;049;854;612 ~~~~~~~~~~~~~~~~~~~~~~~~~~~~~~~~~~ 02-18
16071510;17012087i;17265847;07041500313;30112008;12061803;050 ~~~~~~~~~~~~~~~~~~~~~~~~~~~~~~~~~~~~~~~~~~ 02-19
17071510;18012087i;18265847;08041500313;01122008;13061803;051;644;612 ~~~~~~~~~~~~~~~~~~~~~~~~~~~~~~~~~~ 02-20
18071510;19012087i;19265847;09041500313;02122008;14061803;052;645 ~~~~~~~~~~~~~~~~~~~~~~~~~~~~~~~~~~~~~~ 02-21
19071510;20012087i;20265847;10041500313;03122008;15061803;053;513;612 ~~~~~~~~~~~~~~~~~~~~~~~~~~~~~~~~~~ 02-22
20071510;21012087i;21265847;11041500313;04122008;16061803;054 ~~~~~~~~~~~~~~~~~~~~~~~~~~~~~~~~~~~~~~~~~~ 02-23
21071510;22012087i;22265847;12041500313;05122008;17061803;055;418;612 ~~~~~~~~~~~~~~~~~~~~~~~~~~~~~~~~~~ 02-24
22071510;23012087i;23265847;13041500313;06122008;18061803;056;646;398 ~~~~~~~~~~~~~~~~~~~~~~~~~~~~~~~~~~ 02-25
23071510;24012087i;24265847;14041500313;07122008;19061803;057;409;612 ~~~~~~~~~~~~~~~~~~~~~~~~~~~~~~~~~~ 02-26
24071510;25012087i;25265847;15041500313;08122008;20061803;058;647;648 ~~~~~~~~~~~~~~~~~~~~~~~~~~~~~~~~~~ 02-27
25071510;26012087i;26265847;16041500313;09122008;21061803;059;649;650;612 ~~~~~~~~~~~~~~~~~~~~~~~~~~~~~~ 02-28
26071510;27012087i;27265847;00051500313;10122008;22061803;061;637;943 ~~~~~~~~~~~~~~~~~~~~~~~~~~~~~~~~~~ 03-01
27071510;28012087i;28265847;01051500313;11122008;23061803;062;655;437;509;613 ~~~~~~~~~~~~~~~~~~~~~~~~~~ 03-02
28071510;29012087i;29265847;02051500313;12122008;24061803;063;886;613 ~~~~~~~~~~~~~~~~~~~~~~~~~~~~~~~~~~ 03-03
29071510;30012087i;30265847;03051500313;13122008;25061803;064;443;380;457;409;613 ~~~~~~~~~~~~~~~~~~~~~~ 03-04
30071510;01022087i;01275847;04051500313;14122008;26061803;065;444;418;613 ~~~~~~~~~~~~~~~~~~~~~~~~~~~~~~ 03-05
01081510;02022087i;02275847;05051500313;15122008;27061803;066;653;514;613 ~~~~~~~~~~~~~~~~~~~~~~~~~~~~~~ 03-06
02081510;03022087i;03275847;06051500313;16122008;28061803;067;654;613 ~~~~~~~~~~~~~~~~~~~~~~~~~~~~~~~~~~ 03-07
03081510;04022087i;04275847;07051500313;17122008;29061803;068;613 ~~~~~~~~~~~~~~~~~~~~~~~~~~~~~~~~~~~~~~ 03-08
04081510;05022087i;05275847;08051500313;18122008;30061803;069;613 ~~~~~~~~~~~~~~~~~~~~~~~~~~~~~~~~~~~~~~ 03-09
05081510;06022087i;06275847;09051500313;19122008;01071803;070;409;613 ~~~~~~~~~~~~~~~~~~~~~~~~~~~~~~~~~~ 03-10
06081510;07022087i;07275847;10051500313;20122008;02071803;071;397;432 ~~~~~~~~~~~~~~~~~~~~~~~~~~~~~~~~~~ 03-11
07081510;08022087i;08275847;11051500313;21122008;03071803;072;835;613 ~~~~~~~~~~~~~~~~~~~~~~~~~~~~~~~~~~ 03-12
08081510;09022087i;09275847;12051500313;22122008;04071803;073;656 ~~~~~~~~~~~~~~~~~~~~~~~~~~~~~~~~~~~~~~ 03-13
09081510;10022087i;10275847;13051500313;23122008;05071803;074;613 ~~~~~~~~~~~~~~~~~~~~~~~~~~~~~~~~~~~~~~ 03-14
10081510;11022087i;11275847;14051500313;24122008;06071803;075;517;824 ~~~~~~~~~~~~~~~~~~~~~~~~~~~~~~~~~~ 03-15
11081510;12022087i;12275847;15051500313;25122008;07071803;076;409;613 ~~~~~~~~~~~~~~~~~~~~~~~~~~~~~~~~~~ 03-16
12081510;13022087i;13275847;16051500313;26122008;08071803;077 ~~~~~~~~~~~~~~~~~~~~~~~~~~~~~~~~~~~~~~~~~~ 03-17
13081510;14022087i;14275847;17051500313;27122008;09071803;078;657;383;544;623;519;613 ~~~~~~~~~~~~~~~~~~ 03-18
14081510;15022087i;15275847;18051500313;28122008;10071803;079;598;906;466;512;613 ~~~~~~~~~~~~~~~~~~~~~~ 03-19
15081510;16022087i;16275847;19051500313;29122008;11071803;080;658;562;424;613 ~~~~~~~~~~~~~~~~~~~~~~~~~~ 03-20
16081510;17022087i;17275847;00061500313;30122008;12071803;081;596;562;830;459;613 ~~~~~~~~~~~~~~~~~~~~~~ 03-21
17081510;18022087i;18275847;01061500313;01012009;13071803;082;513;562;851;613 ~~~~~~~~~~~~~~~~~~~~~~~~~~ 03-22
18081510;19022087i;19275847;02061500313;02012009;14071803;083;613 ~~~~~~~~~~~~~~~~~~~~~~~~~~~~~~~~~~~~~~ 03-23
19081510;20022087i;20275847;03061500313;03012009;15071803;084;613 ~~~~~~~~~~~~~~~~~~~~~~~~~~~~~~~~~~~~~~ 03-24
20081510;21022087i;21275847;04061500313;04012009;16071803;085;659;613 ~~~~~~~~~~~~~~~~~~~~~~~~~~~~~~~~~~ 03-25
21081510;22022087i;22275847;05061500313;05012009;17071803;086;660;613 ~~~~~~~~~~~~~~~~~~~~~~~~~~~~~~~~~~ 03-26
22081510;23022087i;23275847;06061500313;06012009;18071803;087;398;533;924;613 ~~~~~~~~~~~~~~~~~~~~~~~~~~ 03-27
23081510;24022087i;24275847;07061500313;07012009;19071803;088;409;613 ~~~~~~~~~~~~~~~~~~~~~~~~~~~~~~~~~~ 03-28
24081510;25022087i;25275847;08061500313;08012009;20071803;089;652 ~~~~~~~~~~~~~~~~~~~~~~~~~~~~~~~~~~~~~~ 03-29
25081510;26022087i;26275847;09061500313;09012009;21071803;090;900;852;613 ~~~~~~~~~~~~~~~~~~~~~~~~~~~~~~ 03-30
26081510;27022087i;27275847;10061500313;10012009;22071803;091 ~~~~~~~~~~~~~~~~~~~~~~~~~~~~~~~~~~~~~~~~~~ 03-31
27081510;28022087i;28275847;11061500313;11012009;23071803;092;418;614 ~~~~~~~~~~~~~~~~~~~~~~~~~~~~~~~~~~ 04-01
28081510;29022087i;29275847;12061500313;12012009;24071803;093;663 ~~~~~~~~~~~~~~~~~~~~~~~~~~~~~~~~~~~~~~ 04-02
29081510;01032087i;01285847;13061500313;13012009;25071803;094;380;409;614 ~~~~~~~~~~~~~~~~~~~~~~~~~~~~~~ 04-03
01091510;02032087i;02285847;14061500313;14012009;26071803;095;514;538;559;935;571;504 ~~~~~~~~~~~~~~~~~~ 04-04
02091510;03032087i;03285847;15061500313;15012009;27071803;096;637;661;555;577;614 ~~~~~~~~~~~~~~~~~~~~~~ 04-05
03091510;04032087i;04285847;16061500313;16012009;28071803;097;662 ~~~~~~~~~~~~~~~~~~~~~~~~~~~~~~~~~~~~~~ 04-06
04091510;05032087i;05285847;17061500313;17012009;29071803;098;651;614 ~~~~~~~~~~~~~~~~~~~~~~~~~~~~~~~~~~ 04-07
05091510;06032087i;06285847;18061500313;18012009;30071803;099;945;651 ~~~~~~~~~~~~~~~~~~~~~~~~~~~~~~~~~~ 04-08
06091510;07032087i;07285847;19061500313;19012009;01081803;100;397;651;614 ~~~~~~~~~~~~~~~~~~~~~~~~~~~~~~ 04-09
07091510;08032087i;08285847;00071500313;20012009;02081803;101;868;418;651 ~~~~~~~~~~~~~~~~~~~~~~~~~~~~~~ 04-10
08091510;09032087i;09285847;01071500313;21012009;03081803;102;576;933;651;614 ~~~~~~~~~~~~~~~~~~~~~~~~~~ 04-11
09091510;10032087i;10285847;02071500313;22012009;04081803;103;651 ~~~~~~~~~~~~~~~~~~~~~~~~~~~~~~~~~~~~~~ 04-12
10091510;11032087i;11285847;03071500313;23012009;05081803;104;493;877;614 ~~~~~~~~~~~~~~~~~~~~~~~~~~~~~~ 04-13
11091510;12032087i;12285847;04071500313;24012009;06081803;105;614 ~~~~~~~~~~~~~~~~~~~~~~~~~~~~~~~~~~~~~~ 04-14
12091510;13032087i;13285847;05071500313;25012009;07081803;106;409;614 ~~~~~~~~~~~~~~~~~~~~~~~~~~~~~~~~~~ 04-15
13091510;14032087i;14285847;06071500313;26012009;08081803;107;505 ~~~~~~~~~~~~~~~~~~~~~~~~~~~~~~~~~~~~~~ 04-16
14091510;15032087i;15285847;07071500313;27012009;09081803;108;631;664;384;539;575;515;614 ~~~~~~~~~~~~~~ 04-17
15091510;16032087i;16285847;08071500313;28012009;10081803;109;445;665;513;614 ~~~~~~~~~~~~~~~~~~~~~~~~~~ 04-18
16091510;17032087i;17285847;09071500313;29012009;11081803;110;446;666;614 ~~~~~~~~~~~~~~~~~~~~~~~~~~~~~~ 04-19
17091510;18032087i;18285847;10071500313;30012009;12081803;111;447;614 ~~~~~~~~~~~~~~~~~~~~~~~~~~~~~~~~~~ 04-20
18091510;19032087i;19285847;11071500313;01022009;13081803;112;448;794;409;614 ~~~~~~~~~~~~~~~~~~~~~~~~~~ 04-21
19091510;20032087i;20285847;12071500313;02022009;14081803;113 ~~~~~~~~~~~~~~~~~~~~~~~~~~~~~~~~~~~~~~~~~~ 04-22
20091510;21032087i;21285847;13071500313;03022009;15081803;114;614 ~~~~~~~~~~~~~~~~~~~~~~~~~~~~~~~~~~~~~~ 04-23
21091510;22032087i;22285847;14071500313;04022009;16081803;115;667;433;614 ~~~~~~~~~~~~~~~~~~~~~~~~~~~~~~ 04-24
22091510;23032087i;23285847;15071500313;05022009;17081803;116;671;398;614 ~~~~~~~~~~~~~~~~~~~~~~~~~~~~~~ 04-25
23091510;24032087i;24285847;16071500313;06022009;18081803;117;668;419;614 ~~~~~~~~~~~~~~~~~~~~~~~~~~~~~~ 04-26
24091510;25032087i;25285847;17071500313;07022009;19081803;118;669;624;409;614 ~~~~~~~~~~~~~~~~~~~~~~~~~~ 04-27
25091510;26032087i;26285847;18071500313;08022009;20081803;119;526;624 ~~~~~~~~~~~~~~~~~~~~~~~~~~~~~~~~~~ 04-28
26091510;27032087i;27285847;19071500313;09022009;21081803;120;939;624;614 ~~~~~~~~~~~~~~~~~~~~~~~~~~~~~~ 04-29
27091510;28032087i;28285847;00081500313;10022009;22081803;121;670;508;624 ~~~~~~~~~~~~~~~~~~~~~~~~~~~~~~ 04-30
28091510;29032087i;29285847;01081500313;11022009;23081803;122;677;624;615 ~~~~~~~~~~~~~~~~~~~~~~~~~~~~~~ 05-01
29091510;30032087i;30285847;02081500313;12022009;24081803;123;679;380;507;514;929;952;624 ~~~~~~~~~~~~~~ 05-02
30091510;01042087i;01295847;03081500313;13022009;25081803;124;637;672;506;624;409;615 ~~~~~~~~~~~~~~~~~~ 05-03
01101510;02042087i;02295847;04081500313;14022009;26081803;125;673;902;502 ~~~~~~~~~~~~~~~~~~~~~~~~~~~~~~ 05-04
02101510;03042087i;03295847;05081500313;15022009;27081803;126;674;379;410;510;615 ~~~~~~~~~~~~~~~~~~~~~~ 05-05
03101510;04042087i;04295847;06081500313;16022009;28081803;127;675;528 ~~~~~~~~~~~~~~~~~~~~~~~~~~~~~~~~~~ 05-06
04101510;05042087i;05295847;07081500313;17022009;29081803;128;676;529;615 ~~~~~~~~~~~~~~~~~~~~~~~~~~~~~~ 05-07
05101510;06042087i;06295847;08081500313;18022009;30081803;129;553 ~~~~~~~~~~~~~~~~~~~~~~~~~~~~~~~~~~~~~~ 05-08
06101510;07042087i;07295847;09081500313;19022009;01091803;130;678;397;615 ~~~~~~~~~~~~~~~~~~~~~~~~~~~~~~ 05-09
07101510;08042087i;08295847;10081500313;20022009;02091803;131;681;680;927 ~~~~~~~~~~~~~~~~~~~~~~~~~~~~~~ 05-10
08101510;09042087i;09295847;11081500313;21022009;03091803;132;451;615 ~~~~~~~~~~~~~~~~~~~~~~~~~~~~~~~~~~ 05-11
09101510;10042087i;10295847;12081500313;22022009;04091803;133;682;855 ~~~~~~~~~~~~~~~~~~~~~~~~~~~~~~~~~~ 05-12
10101510;11042087i;11295847;13081500313;23022009;05091803;134;436;889;615 ~~~~~~~~~~~~~~~~~~~~~~~~~~~~~~ 05-13
11101510;12042087i;12295847;14081500313;24022009;06091803;135;683 ~~~~~~~~~~~~~~~~~~~~~~~~~~~~~~~~~~~~~~ 05-14
12101510;13042087i;13295847;15081500313;25022009;07091803;136;797;513;894;615 ~~~~~~~~~~~~~~~~~~~~~~~~~~ 05-15
13101510;14042087i;14295847;16081500313;26022009;08091803;137;686;866;573 ~~~~~~~~~~~~~~~~~~~~~~~~~~~~~~ 05-16
14101510;15042087i;15295847;17081500313;27022009;09091803;138;687;385;537;541;937;949;568;573;615 ~~~~~~ 05-17
15101510;16042087i;16295847;18081500313;28022009;10091803;139;684;892;568;573 ~~~~~~~~~~~~~~~~~~~~~~~~~~ 05-18
16101510;17042087i;17295847;19081500313;29022009;11091803;140;789;615 ~~~~~~~~~~~~~~~~~~~~~~~~~~~~~~~~~~ 05-19
17101510;18042087i;18295847;00091500313;30022009;12091803;141;518 ~~~~~~~~~~~~~~~~~~~~~~~~~~~~~~~~~~~~~~ 05-20
18101510;19042087i;19295847;01091500313;31022009;13091803;142;685;615 ~~~~~~~~~~~~~~~~~~~~~~~~~~~~~~~~~~ 05-21
19101510;20042087i;20295847;02091500313;01032009;14091803;143 ~~~~~~~~~~~~~~~~~~~~~~~~~~~~~~~~~~~~~~~~~~ 05-22
20101510;21042087i;21295847;03091500313;02032009;15091803;144;689;798;615 ~~~~~~~~~~~~~~~~~~~~~~~~~~~~~~ 05-23
21101510;22042087i;22295847;04091500313;03032009;16091803;145;439 ~~~~~~~~~~~~~~~~~~~~~~~~~~~~~~~~~~~~~~ 05-24
22101510;23042087i;23295847;05091500313;04032009;17091803;146;439;398;399;615 ~~~~~~~~~~~~~~~~~~~~~~~~~~ 05-25
23101510;24042087i;24295847;06091500313;05032009;18091803;147;438 ~~~~~~~~~~~~~~~~~~~~~~~~~~~~~~~~~~~~~~ 05-26
24101510;25042087i;25295847;07091500313;06032009;19091803;148;615 ~~~~~~~~~~~~~~~~~~~~~~~~~~~~~~~~~~~~~~ 05-27
25101510;26042087i;26295847;08091500313;07032009;20091803;149;688;530;400 ~~~~~~~~~~~~~~~~~~~~~~~~~~~~~~ 05-28
26101510;27042087i;27295847;09091500313;08032009;21091803;150;494;615 ~~~~~~~~~~~~~~~~~~~~~~~~~~~~~~~~~~ 05-29
27101510;28042087i;28295847;10091500313;09032009;22091803;151;514 ~~~~~~~~~~~~~~~~~~~~~~~~~~~~~~~~~~~~~~ 05-30
28101510;29042087i;29295847;11091500313;10032009;23091803;152;380;942;400;615 ~~~~~~~~~~~~~~~~~~~~~~~~~~ 05-31
29101510;01052087i;01305847;12091500313;11032009;24091803;153;690;921;929;952 ~~~~~~~~~~~~~~~~~~~~~~~~~~ 06-01
01111510;02052087i;02305847;13091500313;12032009;25091803;154;694;616;605 ~~~~~~~~~~~~~~~~~~~~~~~~~~~~~~ 06-02
02111510;03052087i;03305847;14091500313;13032009;26091803;155;400;616 ~~~~~~~~~~~~~~~~~~~~~~~~~~~~~~~~~~ 06-03
03111510;04052087i;04305847;15091500313;14032009;27091803;156;691;616 ~~~~~~~~~~~~~~~~~~~~~~~~~~~~~~~~~~ 06-04
04111510;05052087i;05305847;16091500313;15032009;28091803;157;813;564;616 ~~~~~~~~~~~~~~~~~~~~~~~~~~~~~~ 06-05
05111510;06052087i;06305847;17091500313;16032009;29091803;158;692;522;616 ~~~~~~~~~~~~~~~~~~~~~~~~~~~~~~ 06-06
06111510;07052087i;07305847;18091500313;17032009;30091803;159;637;693;397;414;432 ~~~~~~~~~~~~~~~~~~~~~~ 06-07
07111510;08052087i;08305847;19091500313;18032009;01101803;160;449;695;616 ~~~~~~~~~~~~~~~~~~~~~~~~~~~~~~ 06-08
08111510;09052087i;09305847;00101500313;19032009;02101803;161;400 ~~~~~~~~~~~~~~~~~~~~~~~~~~~~~~~~~~~~~~ 06-09
09111510;10052087i;10305847;01101500313;20032009;03101803;162;696;552;616 ~~~~~~~~~~~~~~~~~~~~~~~~~~~~~~ 06-10
10111510;11052087i;11305847;02101500313;21032009;04101803;163;896;569 ~~~~~~~~~~~~~~~~~~~~~~~~~~~~~~~~~~ 06-11
11111510;12052087i;12305847;03101500313;22032009;05101803;164;513;569;400;616 ~~~~~~~~~~~~~~~~~~~~~~~~~~ 06-12
12111510;13052087i;13305847;04101500313;23032009;06101803;165;699;616 ~~~~~~~~~~~~~~~~~~~~~~~~~~~~~~~~~~ 06-13
13111510;14052087i;14305847;05101500313;24032009;07101803;166;697;799;616 ~~~~~~~~~~~~~~~~~~~~~~~~~~~~~~ 06-14
14111510;15052087i;15305847;06101500313;25032009;08101803;167;452;452;386;941;400;415 ~~~~~~~~~~~~~~~~~~ 06-15
15111510;16052087i;16305847;07101500313;26032009;09101803;168;874;616 ~~~~~~~~~~~~~~~~~~~~~~~~~~~~~~~~~~ 06-16
16111510;17052087i;17305847;08101500313;27032009;10101803;169;616 ~~~~~~~~~~~~~~~~~~~~~~~~~~~~~~~~~~~~~~ 06-17
17111510;18052087i;18305847;09101500313;28032009;11101803;170;401;616 ~~~~~~~~~~~~~~~~~~~~~~~~~~~~~~~~~~ 06-18
18111510;19052087i;19305847;10101500313;29032009;12101803;171;698 ~~~~~~~~~~~~~~~~~~~~~~~~~~~~~~~~~~~~~~ 06-19
19111510;20052087i;20305847;11101500313;30032009;13101803;172;596;701;865;460;700;616 ~~~~~~~~~~~~~~~~~~ 06-20
20111510;21052087i;21305847;12101500313;31032009;14101803;173;425;616 ~~~~~~~~~~~~~~~~~~~~~~~~~~~~~~~~~~ 06-21
21111510;22052087i;22305847;13101500313;01042009;15101803;174;826;461;616 ~~~~~~~~~~~~~~~~~~~~~~~~~~~~~~ 06-22
22111510;23052087i;23305847;14101500313;02042009;16101803;175;398 ~~~~~~~~~~~~~~~~~~~~~~~~~~~~~~~~~~~~~~ 06-23
23111510;24052087i;24305847;15101500313;03042009;17101803;176;616 ~~~~~~~~~~~~~~~~~~~~~~~~~~~~~~~~~~~~~~ 06-24
24111510;25052087i;25305847;16101500313;04042009;18101803;177;704 ~~~~~~~~~~~~~~~~~~~~~~~~~~~~~~~~~~~~~~ 06-25
25111510;26052087i;26305847;17101500313;05042009;19101803;178;946;616 ~~~~~~~~~~~~~~~~~~~~~~~~~~~~~~~~~~ 06-26
26111510;27052087i;27305847;18101500313;06042009;20101803;179;596;703;616 ~~~~~~~~~~~~~~~~~~~~~~~~~~~~~~ 06-27
27111510;28052087i;28305847;19101500313;07042009;21101803;180;702;514;616 ~~~~~~~~~~~~~~~~~~~~~~~~~~~~~~ 06-28
28111510;29052087i;29305847;00111500313;08042009;22101803;181;795;616 ~~~~~~~~~~~~~~~~~~~~~~~~~~~~~~~~~~ 06-29
29111510;01062087i;30305847;01111500313;09042009;23101803;182;380;928;616 ~~~~~~~~~~~~~~~~~~~~~~~~~~~~~~ 06-30
30111510;02062087i;01315847;02111500313;10042009;24101803;183;437;415 ~~~~~~~~~~~~~~~~~~~~~~~~~~~~~~~~~~ 07-01
01121510;03062087i;02315847;03111500313;11042009;25101803;184;870;617 ~~~~~~~~~~~~~~~~~~~~~~~~~~~~~~~~~~ 07-02
02121510;04062087i;03315847;04111500313;12042009;26101803;185 ~~~~~~~~~~~~~~~~~~~~~~~~~~~~~~~~~~~~~~~~~~ 07-03
03121510;05062087i;04315847;05111500313;13042009;27101803;186;402;565;617 ~~~~~~~~~~~~~~~~~~~~~~~~~~~~~~ 07-04
04121510;06062087i;05315847;06111500313;14042009;28101803;187;637;705;840;373;565 ~~~~~~~~~~~~~~~~~~~~~~ 07-05
05121510;07062087i;06315847;07111500313;15042009;29101803;188;617 ~~~~~~~~~~~~~~~~~~~~~~~~~~~~~~~~~~~~~~ 07-06
06121510;08062087i;07315847;08111500313;16042009;30101803;189;397 ~~~~~~~~~~~~~~~~~~~~~~~~~~~~~~~~~~~~~~ 07-07
07121510;09062087i;08315847;09111500313;17042009;01111803;190;617 ~~~~~~~~~~~~~~~~~~~~~~~~~~~~~~~~~~~~~~ 07-08
08121510;10062087i;09315847;10111500313;18042009;02111803;191;513;617 ~~~~~~~~~~~~~~~~~~~~~~~~~~~~~~~~~~ 07-09
09121510;11062087i;10315847;11111500313;19042009;03111803;192;501;617 ~~~~~~~~~~~~~~~~~~~~~~~~~~~~~~~~~~ 07-10
10121510;12062087i;11315847;12111500313;20042009;04111803;193;546;500 ~~~~~~~~~~~~~~~~~~~~~~~~~~~~~~~~~~ 07-11
11121510;13062087i;12315847;13111500313;21042009;05111803;194;706;500;617 ~~~~~~~~~~~~~~~~~~~~~~~~~~~~~~ 07-12
12121510;14062087i;13315847;14111500313;22042009;06111803;195;617 ~~~~~~~~~~~~~~~~~~~~~~~~~~~~~~~~~~~~~~ 07-13
13121510;15062087i;14315847;15111500313;23042009;07111803;196;707;500;617 ~~~~~~~~~~~~~~~~~~~~~~~~~~~~~~ 07-14
14121510;16062087i;15315847;16111500313;24042009;08111803;197;387;531;561;500 ~~~~~~~~~~~~~~~~~~~~~~~~~~ 07-15
15121510;17062087i;16315847;17111500313;25042009;09111803;198;711;617 ~~~~~~~~~~~~~~~~~~~~~~~~~~~~~~~~~~ 07-16
16121510;18062087i;17315847;18111500313;26042009;10111803;199;631;617 ~~~~~~~~~~~~~~~~~~~~~~~~~~~~~~~~~~ 07-17
17121510;19062087i;18315847;19111500313;27042009;11111803;200;596;617 ~~~~~~~~~~~~~~~~~~~~~~~~~~~~~~~~~~ 07-18
18121510;20062087i;19315847;00121500313;28042009;12111803;201;708;841 ~~~~~~~~~~~~~~~~~~~~~~~~~~~~~~~~~~ 07-19
19121510;21062087i;20315847;01121500313;29042009;13111803;202;709;403;617 ~~~~~~~~~~~~~~~~~~~~~~~~~~~~~~ 07-20
20121510;22062087i;21315847;02121500313;30042009;14111803;203;710;433 ~~~~~~~~~~~~~~~~~~~~~~~~~~~~~~~~~~ 07-21
21121510;23062087i;22315847;03121500313;31042009;15111803;204;398;420;617 ~~~~~~~~~~~~~~~~~~~~~~~~~~~~~~ 07-22
22121510;24062087i;23315847;04121500313;01052009;16111803;205;617 ~~~~~~~~~~~~~~~~~~~~~~~~~~~~~~~~~~~~~~ 07-23
23121510;25062087i;24315847;05121500313;02052009;17111803;206;712;617 ~~~~~~~~~~~~~~~~~~~~~~~~~~~~~~~~~~ 07-24
24121510;26062087i;25315847;06121500313;03052009;18111803;207;716;514;810;878;842 ~~~~~~~~~~~~~~~~~~~~~~ 07-25
25121510;27062087i;26315847;07121500313;04052009;19111803;208;713;554;617 ~~~~~~~~~~~~~~~~~~~~~~~~~~~~~~ 07-26
26121510;28062087i;27315847;08121500313;05052009;20111803;209;714;617 ~~~~~~~~~~~~~~~~~~~~~~~~~~~~~~~~~~ 07-27
27121510;29062087i;28315847;09121500313;06052009;21111803;210;403;617 ~~~~~~~~~~~~~~~~~~~~~~~~~~~~~~~~~~ 07-28
28121510;30062087i;29315847;10121500313;07052009;22111803;211;380 ~~~~~~~~~~~~~~~~~~~~~~~~~~~~~~~~~~~~~~ 07-29
29121510;01072087i;01325847;11121500313;08052009;23111803;212;812;617 ~~~~~~~~~~~~~~~~~~~~~~~~~~~~~~~~~~ 07-30
30121510;02072087i;02325847;12121500313;09052009;24111803;213;715 ~~~~~~~~~~~~~~~~~~~~~~~~~~~~~~~~~~~~~~ 07-31
01011511;03072087i;03325847;13121500313;10052009;25111803;214;719;579;864;495;618 ~~~~~~~~~~~~~~~~~~~~~~ 08-01
02011511;04072087i;04325847;14121500313;11052009;26111803;215;637;720 ~~~~~~~~~~~~~~~~~~~~~~~~~~~~~~~~~~ 08-02
03011511;05072087i;05325847;15121500313;12052009;27111803;216;717;801;891;618 ~~~~~~~~~~~~~~~~~~~~~~~~~~ 08-03
04011511;06072087i;06325847;16121500313;13052009;28111803;217 ~~~~~~~~~~~~~~~~~~~~~~~~~~~~~~~~~~~~~~~~~~ 08-04
05011511;07072087i;07325847;17121500313;14052009;29111803;218;718;572;403;618 ~~~~~~~~~~~~~~~~~~~~~~~~~~ 08-05
06011511;08072087i;08325847;18121500313;15052009;30111803;219;397;513 ~~~~~~~~~~~~~~~~~~~~~~~~~~~~~~~~~~ 08-06
07011511;09072087i;09325847;19121500313;16052009;01121803;220;496;618 ~~~~~~~~~~~~~~~~~~~~~~~~~~~~~~~~~~ 08-07
08011511;10072087i;10325847;00131500313;17052009;02121803;221;938 ~~~~~~~~~~~~~~~~~~~~~~~~~~~~~~~~~~~~~~ 08-08
09011511;11072087i;11325847;01131500313;18052009;03121803;222;723;618 ~~~~~~~~~~~~~~~~~~~~~~~~~~~~~~~~~~ 08-09
10011511;12072087i;12325847;02131500313;19052009;04121803;223;721;926;498;415 ~~~~~~~~~~~~~~~~~~~~~~~~~~ 08-10
11011511;13072087i;13325847;03131500313;20052009;05121803;224;618 ~~~~~~~~~~~~~~~~~~~~~~~~~~~~~~~~~~~~~~ 08-11
12011511;14072087i;14325847;04131500313;21052009;06121803;225;567 ~~~~~~~~~~~~~~~~~~~~~~~~~~~~~~~~~~~~~~ 08-12
13011511;15072087i;15325847;05131500313;22052009;07121803;226;722;388;567;618 ~~~~~~~~~~~~~~~~~~~~~~~~~~ 08-13
14011511;16072087i;16325847;06131500313;23052009;08121803;227;556;909;910;925 ~~~~~~~~~~~~~~~~~~~~~~~~~~ 08-14
15011511;17072087i;17325847;07131500313;24052009;09121803;228;618 ~~~~~~~~~~~~~~~~~~~~~~~~~~~~~~~~~~~~~~ 08-15
16011511;18072087i;18325847;08131500313;25052009;10121803;229;724;404 ~~~~~~~~~~~~~~~~~~~~~~~~~~~~~~~~~~ 08-16
17011511;19072087i;19325847;09131500313;26052009;11121803;230;875;618 ~~~~~~~~~~~~~~~~~~~~~~~~~~~~~~~~~~ 08-17
18011511;20072087i;20325847;10131500313;27052009;12121803;231 ~~~~~~~~~~~~~~~~~~~~~~~~~~~~~~~~~~~~~~~~~~ 08-18
19011511;21072087i;21325847;11131500313;28052009;13121803;232;514;496;618 ~~~~~~~~~~~~~~~~~~~~~~~~~~~~~~ 08-19
20011511;22072087i;22325847;12131500313;29052009;14121803;233;398;872 ~~~~~~~~~~~~~~~~~~~~~~~~~~~~~~~~~~ 08-20
21011511;23072087i;23325847;13131500313;30052009;15121803;234;871;618 ~~~~~~~~~~~~~~~~~~~~~~~~~~~~~~~~~~ 08-21
22011511;24072087i;24325847;14131500313;31052009;16121803;235;427 ~~~~~~~~~~~~~~~~~~~~~~~~~~~~~~~~~~~~~~ 08-22
23011511;25072087i;25325847;15131500313;01062009;17121803;236;618 ~~~~~~~~~~~~~~~~~~~~~~~~~~~~~~~~~~~~~~ 08-23
24011511;26072087i;26325847;16131500313;02062009;18121803;237;428;503;819;838 ~~~~~~~~~~~~~~~~~~~~~~~~~~ 08-24
25011511;27072087i;27325847;17131500313;03062009;19121803;238;796;411;496;618 ~~~~~~~~~~~~~~~~~~~~~~~~~~ 08-25
26011511;28072087i;28325847;18131500313;04062009;20121803;239;594 ~~~~~~~~~~~~~~~~~~~~~~~~~~~~~~~~~~~~~~ 08-26
27011511;29072087i;29325847;19131500313;05062009;21121803;240;595;380;618 ~~~~~~~~~~~~~~~~~~~~~~~~~~~~~~ 08-27
28011511;01082087i;30325847;00141500313;06062009;22121803;241 ~~~~~~~~~~~~~~~~~~~~~~~~~~~~~~~~~~~~~~~~~~ 08-28
29011511;02082087i;01335847;01141500313;07062009;23121803;242;596;618 ~~~~~~~~~~~~~~~~~~~~~~~~~~~~~~~~~~ 08-29
30011511;03082087i;02335847;02141500313;08062009;24121803;243;429;725;817;865;497 ~~~~~~~~~~~~~~~~~~~~~~ 08-30
01021511;04082087i;03335847;03141500313;09062009;25121803;244;430;725;597;618 ~~~~~~~~~~~~~~~~~~~~~~~~~~ 08-31
02021511;05082087i;04335847;04141500313;10062009;26121803;245;434;550;412 ~~~~~~~~~~~~~~~~~~~~~~~~~~~~~~ 09-01
03021511;06082087i;05335847;05141500313;11062009;27121803;246;435;915;619 ~~~~~~~~~~~~~~~~~~~~~~~~~~~~~~ 09-02
04021511;07082087i;06335847;06141500313;12062009;28121803;247;432;513;415;619 ~~~~~~~~~~~~~~~~~~~~~~~~~~ 09-03
05021511;08082087i;07335847;07141500313;13062009;29121803;248;397;619 ~~~~~~~~~~~~~~~~~~~~~~~~~~~~~~~~~~ 09-04
06021511;09082087i;08335847;08141500313;14062009;30121803;249;727;908 ~~~~~~~~~~~~~~~~~~~~~~~~~~~~~~~~~~ 09-05
07021511;10082087i;09335847;09141500313;15062009;01131803;250;637;728;619 ~~~~~~~~~~~~~~~~~~~~~~~~~~~~~~ 09-06
08021511;11082087i;10335847;10141500313;16062009;02131803;251;455;845 ~~~~~~~~~~~~~~~~~~~~~~~~~~~~~~~~~~ 09-07
09021511;12082087i;11335847;11141500313;17062009;03131803;252;729;846;903;412;619 ~~~~~~~~~~~~~~~~~~~~~~ 09-08
10021511;13082087i;12335847;12141500313;18062009;04131803;253 ~~~~~~~~~~~~~~~~~~~~~~~~~~~~~~~~~~~~~~~~~~ 09-09
11021511;14082087i;13335847;13141500313;19062009;05131803;254;436;897;619 ~~~~~~~~~~~~~~~~~~~~~~~~~~~~~~ 09-10
12021511;15082087i;14335847;14141500313;20062009;06131803;255;730;520;551;570;415 ~~~~~~~~~~~~~~~~~~~~~~ 09-11
13021511;16082087i;15335847;15141500313;21062009;01011804;256;847;389;534;619 ~~~~~~~~~~~~~~~~~~~~~~~~~~ 09-12
14021511;17082087i;16335847;16141500313;22062009;02011804;257;726;907;619 ~~~~~~~~~~~~~~~~~~~~~~~~~~~~~~ 09-13
15021511;18082087i;17335847;17141500313;23062009;03011804;258;619 ~~~~~~~~~~~~~~~~~~~~~~~~~~~~~~~~~~~~~~ 09-14
16021511;19082087i;18335847;18141500313;24062009;04011804;259;514;619 ~~~~~~~~~~~~~~~~~~~~~~~~~~~~~~~~~~ 09-15
17021511;20082087i;19335847;19141500313;25062009;05011804;260;732;619 ~~~~~~~~~~~~~~~~~~~~~~~~~~~~~~~~~~ 09-16
18021511;21082087i;20335847;00151500313;26062009;06011804;261;619 ~~~~~~~~~~~~~~~~~~~~~~~~~~~~~~~~~~~~~~ 09-17
19021511;22082087i;21335847;01151500313;27062009;07011804;262;733;619 ~~~~~~~~~~~~~~~~~~~~~~~~~~~~~~~~~~ 09-18
20021511;23082087i;22335847;02151500313;28062009;08011804;263;734;398;844;848 ~~~~~~~~~~~~~~~~~~~~~~~~~~ 09-19
21021511;24082087i;23335847;03151500313;29062009;09011804;264;735;619 ~~~~~~~~~~~~~~~~~~~~~~~~~~~~~~~~~~ 09-20
22021511;25082087i;24335847;04151500313;30062009;10011804;265;731;619 ~~~~~~~~~~~~~~~~~~~~~~~~~~~~~~~~~~ 09-21
23021511;26082087i;25335847;05151500313;31062009;11011804;266;736;869;462;619 ~~~~~~~~~~~~~~~~~~~~~~~~~~ 09-22
24021511;27082087i;26335847;06151500313;01072009;12011804;267;737;399;423;619;848 ~~~~~~~~~~~~~~~~~~~~~~ 09-23
25021511;28082087i;27335847;07151500313;02072009;13011804;268;742;463;619 ~~~~~~~~~~~~~~~~~~~~~~~~~~~~~~ 09-24
26021511;29082087i;28335847;08151500313;03072009;14011804;269;741;619;848 ~~~~~~~~~~~~~~~~~~~~~~~~~~~~~~ 09-25
27021511;30082087i;29335847;09151500313;04072009;15011804;270;738;380;920;521;400;574;619 ~~~~~~~~~~~~~~ 09-26
28021511;01092087i;01015848;10151500313;05072009;16011804;271;739;743;895;521 ~~~~~~~~~~~~~~~~~~~~~~~~~~ 09-27
29021511;02092087i;02015848;11151500313;06072009;17011804;272;740;521;619 ~~~~~~~~~~~~~~~~~~~~~~~~~~~~~~ 09-28
01031511;03092087i;03015848;12151500313;07072009;18011804;273;833;400;412 ~~~~~~~~~~~~~~~~~~~~~~~~~~~~~~ 09-29
02031511;04092087i;04015848;13151500313;08072009;19011804;274;374;853;619 ~~~~~~~~~~~~~~~~~~~~~~~~~~~~~~ 09-30
03031511;05092087i;05015848;14151500313;09072009;20011804;275;746;790;513;853;848 ~~~~~~~~~~~~~~~~~~~~~~ 10-01
04031511;06092087i;06015848;15151500313;10072009;21011804;276;747;790;853;620 ~~~~~~~~~~~~~~~~~~~~~~~~~~ 10-02
05031511;07092087i;07015848;16151500313;11072009;22011804;277;748;790;620;848 ~~~~~~~~~~~~~~~~~~~~~~~~~~ 10-03
06031511;08092087i;08015848;17151500313;12072009;23011804;278;637;790;397;918;620 ~~~~~~~~~~~~~~~~~~~~~~ 10-04
07031511;09092087i;09015848;18151500313;13072009;24011804;279;749;790;548;867;919;563;400;415;620 ~~~~~~ 10-05
08031511;10092087i;10015848;19151500313;14072009;25011804;280;744;790;885;527;620 ~~~~~~~~~~~~~~~~~~~~~~ 10-06
09031511;11092087i;11015848;00161500313;15072009;26011804;281;745;790;549;560;620;848 ~~~~~~~~~~~~~~~~~~ 10-07
10031511;12092087i;12015848;01161500313;16072009;27011804;282;752;899;400;620 ~~~~~~~~~~~~~~~~~~~~~~~~~~ 10-08
11031511;13092087i;13015848;02161500313;17072009;28011804;283;753;848 ~~~~~~~~~~~~~~~~~~~~~~~~~~~~~~~~~~ 10-09
12031511;14092087i;14015848;03161500313;18072009;29011804;284;511;620 ~~~~~~~~~~~~~~~~~~~~~~~~~~~~~~~~~~ 10-10
13031511;15092087i;15015848;04161500313;19072009;30011804;285;754;391;390;367;882;922;523;375;400;843 ~~ 10-11
14031511;16092087i;16015848;05161500313;20072009;01021804;286;750;368;532;523;620 ~~~~~~~~~~~~~~~~~~~~~~ 10-12
15031511;17092087i;17015848;06161500313;21072009;02021804;287;751;514;523;620 ~~~~~~~~~~~~~~~~~~~~~~~~~~ 10-13
16031511;18092087i;18015848;07161500313;22072009;03021804;288;791;523;400;620 ~~~~~~~~~~~~~~~~~~~~~~~~~~ 10-14
17031511;19092087i;19015848;08161500313;23072009;04021804;289;757;401;467;881;511;523 ~~~~~~~~~~~~~~~~~~ 10-15
18031511;20092087i;20015848;09161500313;24072009;05021804;290;631;523;620 ~~~~~~~~~~~~~~~~~~~~~~~~~~~~~~ 10-16
19031511;21092087i;21015848;10161500313;25072009;06021804;291;433;523;843;620 ~~~~~~~~~~~~~~~~~~~~~~~~~~ 10-17
20031511;22092087i;22015848;11161500313;26072009;07021804;292;758;398;499;524;620 ~~~~~~~~~~~~~~~~~~~~~~ 10-18
21031511;23092087i;23015848;12161500313;27072009;08021804;293;525 ~~~~~~~~~~~~~~~~~~~~~~~~~~~~~~~~~~~~~~ 10-19
22031511;24092087i;24015848;13161500313;28072009;09021804;294;755;784;412;421;620 ~~~~~~~~~~~~~~~~~~~~~~ 10-20
23031511;25092087i;25015848;14161500313;29072009;10021804;295;756;437;785;415;620 ~~~~~~~~~~~~~~~~~~~~~~ 10-21
24031511;26092087i;26015848;15161500313;30072009;11021804;296;369;558;911;786;620 ~~~~~~~~~~~~~~~~~~~~~~ 10-22
25031511;27092087i;27015848;16161500313;01082009;12021804;297;779;784;787;620 ~~~~~~~~~~~~~~~~~~~~~~~~~~ 10-23
26031511;28092087i;28015848;17161500313;02082009;13021804;298;780;785;620 ~~~~~~~~~~~~~~~~~~~~~~~~~~~~~~ 10-24
27031511;29092087i;29015848;18161500313;03082009;14021804;299;759;371;781;786;893 ~~~~~~~~~~~~~~~~~~~~~~ 10-25
28031511;01102087i;30015848;19161500313;04082009;15021804;300;380;782;929;952;620 ~~~~~~~~~~~~~~~~~~~~~~ 10-26
29031511;02102087i;01025848;00171500313;05082009;16021804;301;783;787;412 ~~~~~~~~~~~~~~~~~~~~~~~~~~~~~~ 10-27
30031511;03102087i;02025848;01171500313;06082009;17021804;302;513;535;788;620 ~~~~~~~~~~~~~~~~~~~~~~~~~~ 10-28
01041511;04102087i;03025848;02171500313;07082009;18021804;303 ~~~~~~~~~~~~~~~~~~~~~~~~~~~~~~~~~~~~~~~~~~ 10-29
02041511;05102087i;04025848;03171500313;08082009;19021804;304;620 ~~~~~~~~~~~~~~~~~~~~~~~~~~~~~~~~~~~~~~ 10-30
03041511;06102087i;05025848;04171500313;09082009;20021804;305;849 ~~~~~~~~~~~~~~~~~~~~~~~~~~~~~~~~~~~~~~ 10-31
04041511;07102087i;06025848;05171500313;10082009;21021804;306;637;763;543;621 ~~~~~~~~~~~~~~~~~~~~~~~~~~ 11-01
05041511;08102087i;07025848;06171500313;11082009;22021804;307;861 ~~~~~~~~~~~~~~~~~~~~~~~~~~~~~~~~~~~~~~ 11-02
06041511;09102087i;08025848;07171500313;12082009;23021804;308;760;397;431;856;412;621 ~~~~~~~~~~~~~~~~~~ 11-03
07041511;10102087i;09025848;08171500313;13082009;24021804;309;817 ~~~~~~~~~~~~~~~~~~~~~~~~~~~~~~~~~~~~~~ 11-04
08041511;11102087i;10025848;09171500313;14082009;25021804;310;761;621 ~~~~~~~~~~~~~~~~~~~~~~~~~~~~~~~~~~ 11-05
09041511;12102087i;11025848;10171500313;15082009;26021804;311;762;547;879;415 ~~~~~~~~~~~~~~~~~~~~~~~~~~ 11-06
10041511;13102087i;12025848;11171500313;16082009;27021804;312;554;934;621 ~~~~~~~~~~~~~~~~~~~~~~~~~~~~~~ 11-07
11041511;14102087i;13025848;12171500313;17082009;28021804;313;826 ~~~~~~~~~~~~~~~~~~~~~~~~~~~~~~~~~~~~~~ 11-08
12041511;15102087i;14025848;13171500313;18082009;29021804;314;416;621 ~~~~~~~~~~~~~~~~~~~~~~~~~~~~~~~~~~ 11-09
13041511;16102087i;15025848;14171500313;19082009;30021804;315;392;514;541;880;949;412 ~~~~~~~~~~~~~~~~~~ 11-10
14041511;17102087i;16025848;15171500313;20082009;01031804;316;621 ~~~~~~~~~~~~~~~~~~~~~~~~~~~~~~~~~~~~~~ 11-11
15041511;18102087i;17025848;16171500313;21082009;02031804;317 ~~~~~~~~~~~~~~~~~~~~~~~~~~~~~~~~~~~~~~~~~~ 11-12
16041511;19102087i;18025848;17171500313;22082009;03031804;318;764;621 ~~~~~~~~~~~~~~~~~~~~~~~~~~~~~~~~~~ 11-13
17041511;20102087i;19025848;18171500313;23082009;04031804;319;831 ~~~~~~~~~~~~~~~~~~~~~~~~~~~~~~~~~~~~~~ 11-14
18041511;21102087i;20025848;19171500313;24082009;05031804;320;767;621 ~~~~~~~~~~~~~~~~~~~~~~~~~~~~~~~~~~ 11-15
19041511;22102087i;21025848;00001600313;25082009;06031804;321;765;398 ~~~~~~~~~~~~~~~~~~~~~~~~~~~~~~~~~~ 11-16
20041511;23102087i;22025848;01001600313;26082009;07031804;322;876;412;621 ~~~~~~~~~~~~~~~~~~~~~~~~~~~~~~ 11-17
21041511;24102087i;23025848;02001600313;27082009;08031804;323 ~~~~~~~~~~~~~~~~~~~~~~~~~~~~~~~~~~~~~~~~~~ 11-18
22041511;25102087i;24025848;03001600313;28082009;09031804;324;621 ~~~~~~~~~~~~~~~~~~~~~~~~~~~~~~~~~~~~~~ 11-19
23041511;26102087i;25025848;04001600313;29082009;10031804;325;766;936 ~~~~~~~~~~~~~~~~~~~~~~~~~~~~~~~~~~ 11-20
24041511;27102087i;26025848;05001600313;30082009;11031804;326;868;621 ~~~~~~~~~~~~~~~~~~~~~~~~~~~~~~~~~~ 11-21
25041511;28102087i;27025848;06001600313;01092009;12031804;327;768;788 ~~~~~~~~~~~~~~~~~~~~~~~~~~~~~~~~~~ 11-22
26041511;29102087i;28025848;07001600313;02092009;13031804;328;417;621 ~~~~~~~~~~~~~~~~~~~~~~~~~~~~~~~~~~ 11-23
27041511;30102087i;29025848;08001600313;03092009;14031804;329;380;513;412 ~~~~~~~~~~~~~~~~~~~~~~~~~~~~~~ 11-24
28041511;01112087i;30025848;09001600313;04092009;15031804;330;621 ~~~~~~~~~~~~~~~~~~~~~~~~~~~~~~~~~~~~~~ 11-25
29041511;02112087i;01035848;10001600313;05092009;16031804;331;769 ~~~~~~~~~~~~~~~~~~~~~~~~~~~~~~~~~~~~~~ 11-26
01051511;03112087i;02035848;11001600313;06092009;17031804;332;440;621 ~~~~~~~~~~~~~~~~~~~~~~~~~~~~~~~~~~ 11-27
02051511;04112087i;03035848;12001600313;07092009;18031804;333;441 ~~~~~~~~~~~~~~~~~~~~~~~~~~~~~~~~~~~~~~ 11-28
03051511;05112087i;04035848;13001600313;08092009;19031804;334;770;369;621 ~~~~~~~~~~~~~~~~~~~~~~~~~~~~~~ 11-29
04051511;06112087i;05035848;14001600313;09092009;20031804;335;432;944;589 ~~~~~~~~~~~~~~~~~~~~~~~~~~~~~~ 11-30
05051511;07112087i;06035848;15001600313;10092009;21031804;336;442;622 ~~~~~~~~~~~~~~~~~~~~~~~~~~~~~~~~~~ 12-01
06051511;08112087i;07035848;16001600313;11092009;22031804;337;771;773;397;418 ~~~~~~~~~~~~~~~~~~~~~~~~~~ 12-02
07051511;09112087i;08035848;17001600313;12092009;23031804;338;772;370;622 ~~~~~~~~~~~~~~~~~~~~~~~~~~~~~~ 12-03
08051511;10112087i;09035848;18001600313;13092009;24031804;339;793 ~~~~~~~~~~~~~~~~~~~~~~~~~~~~~~~~~~~~~~ 12-04
09051511;11112087i;10035848;19001600313;14092009;25031804;340;774;375;622 ~~~~~~~~~~~~~~~~~~~~~~~~~~~~~~ 12-05
10051511;12112087i;11035848;00011600313;15092009;26031804;341;637;775;557;890 ~~~~~~~~~~~~~~~~~~~~~~~~~~ 12-06
11051511;13112087i;12035848;01011600313;16092009;27031804;342;590;622 ~~~~~~~~~~~~~~~~~~~~~~~~~~~~~~~~~~ 12-07
12051511;14112087i;13035848;02011600313;17092009;28031804;343 ~~~~~~~~~~~~~~~~~~~~~~~~~~~~~~~~~~~~~~~~~~ 12-08
13051511;15112087i;14035848;03011600313;18092009;29031804;344;395;514;545;887;421;622 ~~~~~~~~~~~~~~~~~~ 12-09
14051511;16112087i;15035848;04011600313;19092009;30031804;345 ~~~~~~~~~~~~~~~~~~~~~~~~~~~~~~~~~~~~~~~~~~ 12-10
15051511;17112087i;16035848;05011600313;20092009;01041804;346;622 ~~~~~~~~~~~~~~~~~~~~~~~~~~~~~~~~~~~~~~ 12-11
16051511;18112087i;17035848;06011600313;21092009;02041804;347 ~~~~~~~~~~~~~~~~~~~~~~~~~~~~~~~~~~~~~~~~~~ 12-12
17051511;19112087i;18035848;07011600313;22092009;03041804;348;776;622 ~~~~~~~~~~~~~~~~~~~~~~~~~~~~~~~~~~ 12-13
18051511;20112087i;19035848;08011600313;23092009;04041804;349;777;591 ~~~~~~~~~~~~~~~~~~~~~~~~~~~~~~~~~~ 12-14
19051511;21112087i;20035848;09011600313;24092009;05041804;350;829;622 ~~~~~~~~~~~~~~~~~~~~~~~~~~~~~~~~~~ 12-15
20051511;22112087i;21035848;10011600313;25092009;06041804;351;398 ~~~~~~~~~~~~~~~~~~~~~~~~~~~~~~~~~~~~~~ 12-16
21051511;23112087i;22035848;11011600313;26092009;07041804;352;622 ~~~~~~~~~~~~~~~~~~~~~~~~~~~~~~~~~~~~~~ 12-17
22051511;24112087i;23035848;12011600313;27092009;08041804;353 ~~~~~~~~~~~~~~~~~~~~~~~~~~~~~~~~~~~~~~~~~~ 12-18
23051511;25112087i;24035848;13011600313;28092009;09041804;354;778;622 ~~~~~~~~~~~~~~~~~~~~~~~~~~~~~~~~~~ 12-19
24051511;26112087i;25035848;14011600313;29092009;10041804;355;371;917;466;516 ~~~~~~~~~~~~~~~~~~~~~~~~~~ 12-20
25051511;27112087i;26035848;15011600313;30092009;11041804;356;592;426;516;622 ~~~~~~~~~~~~~~~~~~~~~~~~~~ 12-21
26051511;28112087i;27035848;16011600313;01102009;12041804;357;513;465;516 ~~~~~~~~~~~~~~~~~~~~~~~~~~~~~~ 12-22
27051511;29112087i;28035848;17011600313;02102009;13041804;358;516;622 ~~~~~~~~~~~~~~~~~~~~~~~~~~~~~~~~~~ 12-23
28051511;30112087i;29035848;18011600313;03102009;14041804;359;380;516 ~~~~~~~~~~~~~~~~~~~~~~~~~~~~~~~~~~ 12-24
29051511;01122087i;30035848;19011600313;04102009;15041804;360;622 ~~~~~~~~~~~~~~~~~~~~~~~~~~~~~~~~~~~~~~ 12-25
30051511;02122087i;01045848;00021600313;05102009;16041804;361;516 ~~~~~~~~~~~~~~~~~~~~~~~~~~~~~~~~~~~~~~ 12-26
01061511;03122087i;02045848;01021600313;06102009;17041804;362;516;375;622 ~~~~~~~~~~~~~~~~~~~~~~~~~~~~~~ 12-27
02061511;04122087i;03045848;02021600313;07102009;18041804;363;516 ~~~~~~~~~~~~~~~~~~~~~~~~~~~~~~~~~~~~~~ 12-28
03061511;05122087i;04045848;03021600313;08102009;19041804;364;412;421;622 ~~~~~~~~~~~~~~~~~~~~~~~~~~~~~~ 12-29
04061511;06122087i;05045848;04021600313;09102009;20041804;365 ~~~~~~~~~~~~~~~~~~~~~~~~~~~~~~~~~~~~~~~~~~ 12-30
05061511;07122087i;06045848;05021600313;10102009;21041804;366;622 ~~~~~~~~~~~~~~~~~~~~~~~~~~~~~~~~~~~~~~ 12-31
