26031471;281120485;27245809;00101600113;11101970;23041765;001;611 ~~~~~~~~~~~~~~~~~~~~~~~~~~~~~~~~~~~~~~ 01-01
27031471;291120485;28245809;01101600113;12101970;24041765;002;637;399 ~~~~~~~~~~~~~~~~~~~~~~~~~~~~~~~~~~ 01-02
28031471;301120485;29245809;02101600113;13101970;25041765;003;380;372;514;866;611 ~~~~~~~~~~~~~~~~~~~~~~ 01-03
29031471;011220485;01255809;03101600113;14101970;26041765;004;928 ~~~~~~~~~~~~~~~~~~~~~~~~~~~~~~~~~~~~~~ 01-04
30031471;021220485;02255809;04101600113;15101970;27041765;005;400;611 ~~~~~~~~~~~~~~~~~~~~~~~~~~~~~~~~~~ 01-05
01041471;031220485;03255809;05101600113;16101970;28041765;006;433;406 ~~~~~~~~~~~~~~~~~~~~~~~~~~~~~~~~~~ 01-06
02041471;041220485;04255809;06101600113;17101970;29041765;007;409;611 ~~~~~~~~~~~~~~~~~~~~~~~~~~~~~~~~~~ 01-07
03041471;051220485;05255809;07101600113;18101970;30041765;008;400 ~~~~~~~~~~~~~~~~~~~~~~~~~~~~~~~~~~~~~~ 01-08
04041471;061220485;06255809;08101600113;19101970;01051765;009;626;611 ~~~~~~~~~~~~~~~~~~~~~~~~~~~~~~~~~~ 01-09
05041471;071220485;07255809;09101600113;20101970;02051765;010;627;397 ~~~~~~~~~~~~~~~~~~~~~~~~~~~~~~~~~~ 01-10
06041471;081220485;08255809;10101600113;21101970;03051765;011;628;400;611 ~~~~~~~~~~~~~~~~~~~~~~~~~~~~~~ 01-11
07041471;091220485;09255809;11101600113;22101970;04051765;012;629 ~~~~~~~~~~~~~~~~~~~~~~~~~~~~~~~~~~~~~~ 01-12
08041471;101220485;10255809;12101600113;23101970;05051765;013;409;611 ~~~~~~~~~~~~~~~~~~~~~~~~~~~~~~~~~~ 01-13
09041471;111220485;11255809;13101600113;24101970;06051765;014;905 ~~~~~~~~~~~~~~~~~~~~~~~~~~~~~~~~~~~~~~ 01-14
10041471;121220485;12255809;14101600113;25101970;07051765;015;611 ~~~~~~~~~~~~~~~~~~~~~~~~~~~~~~~~~~~~~~ 01-15
11041471;131220485;13255809;15101600113;26101970;08051765;016;630;406 ~~~~~~~~~~~~~~~~~~~~~~~~~~~~~~~~~~ 01-16
12041471;141220485;14255809;16101600113;27101970;09051765;017;625;513;400;415;611 ~~~~~~~~~~~~~~~~~~~~~~ 01-17
13041471;151220485;15255809;17101600113;28101970;10051765;018;492;381;904 ~~~~~~~~~~~~~~~~~~~~~~~~~~~~~~ 01-18
14041471;161220485;16255809;18101600113;29101970;11051765;019;409;418;611 ~~~~~~~~~~~~~~~~~~~~~~~~~~~~~~ 01-19
15041471;171220485;17255809;19101600113;30101970;12051765;020 ~~~~~~~~~~~~~~~~~~~~~~~~~~~~~~~~~~~~~~~~~~ 01-20
16041471;181220485;18255809;00111600113;01111970;13051765;021;631;406;611 ~~~~~~~~~~~~~~~~~~~~~~~~~~~~~~ 01-21
17041471;191220485;19255809;01111600113;02111970;14051765;022;916 ~~~~~~~~~~~~~~~~~~~~~~~~~~~~~~~~~~~~~~ 01-22
18041471;201220485;20255809;02111600113;03111970;15051765;023;401;611 ~~~~~~~~~~~~~~~~~~~~~~~~~~~~~~~~~~ 01-23
19041471;211220485;21255809;03111600113;04111970;16051765;024 ~~~~~~~~~~~~~~~~~~~~~~~~~~~~~~~~~~~~~~~~~~ 01-24
20041471;221220485;22255809;04111600113;05111970;17051765;025;636;611 ~~~~~~~~~~~~~~~~~~~~~~~~~~~~~~~~~~ 01-25
21041471;231220485;23255809;05111600113;06111970;18051765;026;398;406;580 ~~~~~~~~~~~~~~~~~~~~~~~~~~~~~~ 01-26
22041471;241220485;24255809;06111600113;07111970;19051765;027;632;611 ~~~~~~~~~~~~~~~~~~~~~~~~~~~~~~~~~~ 01-27
23041471;251220485;25255809;07111600113;08111970;20051765;028 ~~~~~~~~~~~~~~~~~~~~~~~~~~~~~~~~~~~~~~~~~~ 01-28
24041471;261220485;26255809;08111600113;09111970;21051765;029;633;923;611 ~~~~~~~~~~~~~~~~~~~~~~~~~~~~~~ 01-29
25041471;271220485;27255809;09111600113;10111970;22051765;030;634;419;554 ~~~~~~~~~~~~~~~~~~~~~~~~~~~~~~ 01-30
26041471;281220485;28255809;10111600113;11111970;23051765;031;635;406;611 ~~~~~~~~~~~~~~~~~~~~~~~~~~~~~~ 01-31
27041471;291220485;29255809;10111600113;12111970;24051765;032;514 ~~~~~~~~~~~~~~~~~~~~~~~~~~~~~~~~~~~~~~ 02-01
28041471;010120496;30255809;11111600113;13111970;25051765;033;380;888;479;490;612 ~~~~~~~~~~~~~~~~~~~~~~ 02-02
29041471;020120496;01265809;12111600113;14111970;26051765;034;566;479;490 ~~~~~~~~~~~~~~~~~~~~~~~~~~~~~~ 02-03
01051471;030120496;02265809;13111600113;15111970;27051765;035;638;437;566;612 ~~~~~~~~~~~~~~~~~~~~~~~~~~ 02-04
02051471;040120496;03265809;14111600113;16111970;28051765;036;639;823;566;406 ~~~~~~~~~~~~~~~~~~~~~~~~~~ 02-05
03051471;050120496;04265809;15111600113;17111970;29051765;037;637;640;940;566;409;612 ~~~~~~~~~~~~~~~~~~ 02-06
04051471;060120496;05265809;16111600113;18111970;30051765;038 ~~~~~~~~~~~~~~~~~~~~~~~~~~~~~~~~~~~~~~~~~~ 02-07
05051471;070120496;06265809;17111600113;19111970;01061765;039;641;612 ~~~~~~~~~~~~~~~~~~~~~~~~~~~~~~~~~~ 02-08
06051471;080120496;07265809;18111600113;20111970;02061765;040;397;536;865;914 ~~~~~~~~~~~~~~~~~~~~~~~~~~ 02-09
07051471;090120496;08265809;19111600113;21111970;03061765;041;406;612 ~~~~~~~~~~~~~~~~~~~~~~~~~~~~~~~~~~ 02-10
08051471;100120496;09265809;00121600113;22111970;04061765;042;642 ~~~~~~~~~~~~~~~~~~~~~~~~~~~~~~~~~~~~~~ 02-11
09051471;110120496;10265809;01121600113;23111970;05061765;043;409;612 ~~~~~~~~~~~~~~~~~~~~~~~~~~~~~~~~~~ 02-12
10051471;120120496;11265809;02121600113;24111970;06061765;044;643;513;873 ~~~~~~~~~~~~~~~~~~~~~~~~~~~~~~ 02-13
11051471;130120496;12265809;03121600113;25111970;07061765;045;410;581;612 ~~~~~~~~~~~~~~~~~~~~~~~~~~~~~~ 02-14
12051471;140120496;13265809;04121600113;26111970;08061765;046;450;406 ~~~~~~~~~~~~~~~~~~~~~~~~~~~~~~~~~~ 02-15
13051471;150120496;14265809;05121600113;27111970;09061765;047;868;612 ~~~~~~~~~~~~~~~~~~~~~~~~~~~~~~~~~~ 02-16
14051471;160120496;15265809;06121600113;28111970;10061765;048;382;884;854 ~~~~~~~~~~~~~~~~~~~~~~~~~~~~~~ 02-17
15051471;170120496;16265809;07121600113;29111970;11061765;049;644;854;415;612 ~~~~~~~~~~~~~~~~~~~~~~~~~~ 02-18
16051471;180120496;17265809;08121600113;30111970;12061765;050;645;432 ~~~~~~~~~~~~~~~~~~~~~~~~~~~~~~~~~~ 02-19
17051471;190120496;18265809;09121600113;01121970;13061765;051;612 ~~~~~~~~~~~~~~~~~~~~~~~~~~~~~~~~~~~~~~ 02-20
18051471;200120496;19265809;10121600113;02121970;14061765;052 ~~~~~~~~~~~~~~~~~~~~~~~~~~~~~~~~~~~~~~~~~~ 02-21
19051471;210120496;20265809;11121600113;03121970;15061765;053;402;612 ~~~~~~~~~~~~~~~~~~~~~~~~~~~~~~~~~~ 02-22
20051471;220120496;21265809;12121600113;04121970;16061765;054;646 ~~~~~~~~~~~~~~~~~~~~~~~~~~~~~~~~~~~~~~ 02-23
21051471;230120496;22265809;13121600113;05121970;17061765;055;398;612 ~~~~~~~~~~~~~~~~~~~~~~~~~~~~~~~~~~ 02-24
22051471;240120496;23265809;14121600113;06121970;18061765;056;647;648;406 ~~~~~~~~~~~~~~~~~~~~~~~~~~~~~~ 02-25
23051471;250120496;24265809;15121600113;07121970;19061765;057;649;415;612 ~~~~~~~~~~~~~~~~~~~~~~~~~~~~~~ 02-26
24051471;260120496;25265809;16121600113;08121970;20061765;058 ~~~~~~~~~~~~~~~~~~~~~~~~~~~~~~~~~~~~~~~~~~ 02-27
25051471;270120496;26265809;17121600113;09121970;21061765;059;650;943;612 ~~~~~~~~~~~~~~~~~~~~~~~~~~~~~~ 02-28
26051471;280120496;27265809;01131600113;10121970;22061765;061;514 ~~~~~~~~~~~~~~~~~~~~~~~~~~~~~~~~~~~~~~ 03-01
27051471;290120496;28265809;02131600113;11121970;23061765;062;443;886;403;406;613 ~~~~~~~~~~~~~~~~~~~~~~ 03-02
28051471;300120496;29265809;03131600113;12121970;24061765;063;444;380;810;613 ~~~~~~~~~~~~~~~~~~~~~~~~~~ 03-03
29051471;010220496;30265809;04131600113;13121970;25061765;064;653;838;613 ~~~~~~~~~~~~~~~~~~~~~~~~~~~~~~ 03-04
30051471;020220496;01275809;05131600113;14121970;26061765;065;654 ~~~~~~~~~~~~~~~~~~~~~~~~~~~~~~~~~~~~~~ 03-05
01061471;030220496;02275809;06131600113;15121970;27061765;066;637;415;613 ~~~~~~~~~~~~~~~~~~~~~~~~~~~~~~ 03-06
02061471;040220496;03275809;07131600113;16121970;28061765;067;655 ~~~~~~~~~~~~~~~~~~~~~~~~~~~~~~~~~~~~~~ 03-07
03061471;050220496;04275809;08131600113;17121970;29061765;068;613 ~~~~~~~~~~~~~~~~~~~~~~~~~~~~~~~~~~~~~~ 03-08
04061471;060220496;05275809;09131600113;18121970;30061765;069;374;811 ~~~~~~~~~~~~~~~~~~~~~~~~~~~~~~~~~~ 03-09
05061471;070220496;06275809;10131600113;19121970;01071765;070;403;613 ~~~~~~~~~~~~~~~~~~~~~~~~~~~~~~~~~~ 03-10
06061471;080220496;07275809;11131600113;20121970;02071765;071;656;397 ~~~~~~~~~~~~~~~~~~~~~~~~~~~~~~~~~~ 03-11
07061471;090220496;08275809;12131600113;21121970;03071765;072;406;613 ~~~~~~~~~~~~~~~~~~~~~~~~~~~~~~~~~~ 03-12
08061471;100220496;09275809;13131600113;22121970;04071765;073;513;613 ~~~~~~~~~~~~~~~~~~~~~~~~~~~~~~~~~~ 03-13
09061471;110220496;10275809;14131600113;23121970;05071765;074;613 ~~~~~~~~~~~~~~~~~~~~~~~~~~~~~~~~~~~~~~ 03-14
10061471;120220496;11275809;15131600113;24121970;06071765;075;517;800 ~~~~~~~~~~~~~~~~~~~~~~~~~~~~~~~~~~ 03-15
11061471;130220496;12275809;16131600113;25121970;07071765;076;657;613 ~~~~~~~~~~~~~~~~~~~~~~~~~~~~~~~~~~ 03-16
12061471;140220496;13275809;17131600113;26121970;08071765;077;613 ~~~~~~~~~~~~~~~~~~~~~~~~~~~~~~~~~~~~~~ 03-17
13061471;150220496;14275809;18131600113;27121970;09071765;078;658;519;403;613 ~~~~~~~~~~~~~~~~~~~~~~~~~~ 03-18
14061471;160220496;15275809;19131600113;28121970;10071765;079;383;544;623;906;466 ~~~~~~~~~~~~~~~~~~~~~~ 03-19
15061471;170220496;16275809;00141600113;29121970;11071765;080;598;424;613 ~~~~~~~~~~~~~~~~~~~~~~~~~~~~~~ 03-20
16061471;180220496;17275809;01141600113;30121970;12071765;081;562;459 ~~~~~~~~~~~~~~~~~~~~~~~~~~~~~~~~~~ 03-21
17061471;190220496;18275809;02141600113;01011971;13071765;082;562;851;403;613 ~~~~~~~~~~~~~~~~~~~~~~~~~~ 03-22
18061471;200220496;19275809;03141600113;02011971;14071765;083;659;562;613 ~~~~~~~~~~~~~~~~~~~~~~~~~~~~~~ 03-23
19061471;210220496;20275809;04141600113;03011971;15071765;084;613 ~~~~~~~~~~~~~~~~~~~~~~~~~~~~~~~~~~~~~~ 03-24
20061471;220220496;21275809;05141600113;04011971;16071765;085 ~~~~~~~~~~~~~~~~~~~~~~~~~~~~~~~~~~~~~~~~~~ 03-25
21061471;230220496;22275809;06141600113;05011971;17071765;086;398;533;924;403;613 ~~~~~~~~~~~~~~~~~~~~~~ 03-26
22061471;240220496;23275809;07141600113;06011971;18071765;087;613 ~~~~~~~~~~~~~~~~~~~~~~~~~~~~~~~~~~~~~~ 03-27
23061471;250220496;24275809;08141600113;07011971;19071765;088;514;613 ~~~~~~~~~~~~~~~~~~~~~~~~~~~~~~~~~~ 03-28
24061471;260220496;25275809;09141600113;08011971;20071765;089;652;900;613 ~~~~~~~~~~~~~~~~~~~~~~~~~~~~~~ 03-29
25061471;270220496;26275809;10141600113;09011971;21071765;090;852;613 ~~~~~~~~~~~~~~~~~~~~~~~~~~~~~~~~~~ 03-30
26061471;280220496;27275809;11141600113;10011971;22071765;091;660 ~~~~~~~~~~~~~~~~~~~~~~~~~~~~~~~~~~~~~~ 03-31
27061471;290220496;28275809;12141600113;11011971;23071765;092;406;614 ~~~~~~~~~~~~~~~~~~~~~~~~~~~~~~~~~~ 04-01
28061471;010320496;29275809;13141600113;12011971;24071765;093;380 ~~~~~~~~~~~~~~~~~~~~~~~~~~~~~~~~~~~~~~ 04-02
29061471;020320496;01285809;14141600113;13011971;25071765;094;637;661;538;559;935;614 ~~~~~~~~~~~~~~~~~~ 04-03
01071471;030320496;02285809;15141600113;14011971;26071765;095;662;433;571;614 ~~~~~~~~~~~~~~~~~~~~~~~~~~ 04-04
02071471;040320496;03285809;16141600113;15011971;27071765;096;651;404;555;577;614 ~~~~~~~~~~~~~~~~~~~~~~ 04-05
03071471;050320496;04285809;17141600113;16011971;28071765;097;813;651;406;614 ~~~~~~~~~~~~~~~~~~~~~~~~~~ 04-06
04071471;060320496;05285809;18141600113;17011971;29071765;098;663;818;651;614 ~~~~~~~~~~~~~~~~~~~~~~~~~~ 04-07
05071471;070320496;06285809;19141600113;18011971;30071765;099;945;614;651 ~~~~~~~~~~~~~~~~~~~~~~~~~~~~~~ 04-08
06071471;080320496;07285809;00151600113;19011971;01081765;100;651;614 ~~~~~~~~~~~~~~~~~~~~~~~~~~~~~~~~~~ 04-09
07071471;090320496;08285809;01151600113;20011971;02081765;101;397;651;513;614 ~~~~~~~~~~~~~~~~~~~~~~~~~~ 04-10
08071471;100320496;09285809;02151600113;21011971;03081765;102;493;576;933;614 ~~~~~~~~~~~~~~~~~~~~~~~~~~ 04-11
09071471;110320496;10285809;03151600113;22011971;04081765;103;614 ~~~~~~~~~~~~~~~~~~~~~~~~~~~~~~~~~~~~~~ 04-12
10071471;120320496;11285809;04151600113;23011971;05081765;104;614 ~~~~~~~~~~~~~~~~~~~~~~~~~~~~~~~~~~~~~~ 04-13
11071471;130320496;12285809;05151600113;24011971;06081765;105;877;614 ~~~~~~~~~~~~~~~~~~~~~~~~~~~~~~~~~~ 04-14
12071471;140320496;13285809;06151600113;25011971;07081765;106;631;664;817;614 ~~~~~~~~~~~~~~~~~~~~~~~~~~ 04-15
13071471;150320496;14285809;07151600113;26011971;08081765;107;445;665;436;865;406 ~~~~~~~~~~~~~~~~~~~~~~ 04-16
14071471;160320496;15285809;08151600113;27011971;09081765;108;446;666;384;515;614 ~~~~~~~~~~~~~~~~~~~~~~ 04-17
15071471;170320496;16285809;09151600113;28011971;10081765;109;447;539;575 ~~~~~~~~~~~~~~~~~~~~~~~~~~~~~~ 04-18
16071471;180320496;17285809;10151600113;29011971;11081765;110;448;794;614 ~~~~~~~~~~~~~~~~~~~~~~~~~~~~~~ 04-19
17071471;190320496;18285809;11151600113;30011971;12081765;111 ~~~~~~~~~~~~~~~~~~~~~~~~~~~~~~~~~~~~~~~~~~ 04-20
18071471;200320496;19285809;12151600113;01021971;13081765;112;614 ~~~~~~~~~~~~~~~~~~~~~~~~~~~~~~~~~~~~~~ 04-21
19071471;210320496;20285809;13151600113;02021971;14081765;113;667;514 ~~~~~~~~~~~~~~~~~~~~~~~~~~~~~~~~~~ 04-22
20071471;220320496;21285809;14151600113;03021971;15081765;114;596;415;614 ~~~~~~~~~~~~~~~~~~~~~~~~~~~~~~ 04-23
21071471;230320496;22285809;15151600113;04021971;16081765;115;668;398;614 ~~~~~~~~~~~~~~~~~~~~~~~~~~~~~~ 04-24
22071471;240320496;23285809;16151600113;05021971;17081765;116;669;624;614 ~~~~~~~~~~~~~~~~~~~~~~~~~~~~~~ 04-25
23071471;250320496;24285809;17151600113;06021971;18081765;117;399;624 ~~~~~~~~~~~~~~~~~~~~~~~~~~~~~~~~~~ 04-26
24071471;260320496;25285809;18151600113;07021971;19081765;118;624;614 ~~~~~~~~~~~~~~~~~~~~~~~~~~~~~~~~~~ 04-27
25071471;270320496;26285809;19151600113;08021971;20081765;119;670;526;939;624;614 ~~~~~~~~~~~~~~~~~~~~~~ 04-28
26071471;280320496;27285809;00161600113;09021971;21081765;120;624;400;614 ~~~~~~~~~~~~~~~~~~~~~~~~~~~~~~ 04-29
27071471;290320496;28285809;01161600113;10021971;22081765;121;671;509;624 ~~~~~~~~~~~~~~~~~~~~~~~~~~~~~~ 04-30
28071471;300320496;29285809;02161600113;11021971;23081765;122;637;672;380;624;615 ~~~~~~~~~~~~~~~~~~~~~~ 05-01
29071471;010420496;30285809;03161600113;12021971;24081765;123;673;400 ~~~~~~~~~~~~~~~~~~~~~~~~~~~~~~~~~~ 05-02
30071471;020420496;01295809;04161600113;13021971;25081765;124;674;375;615 ~~~~~~~~~~~~~~~~~~~~~~~~~~~~~~ 05-03
01081471;030420496;02295809;05161600113;14021971;26081765;125;675;902 ~~~~~~~~~~~~~~~~~~~~~~~~~~~~~~~~~~ 05-04
02081471;040420496;03295809;06161600113;15021971;27081765;126;676;510;400;615 ~~~~~~~~~~~~~~~~~~~~~~~~~~ 05-05
03081471;050420496;04295809;07161600113;16021971;28081765;127;677;411;528;406 ~~~~~~~~~~~~~~~~~~~~~~~~~~ 05-06
04081471;060420496;05295809;08161600113;17021971;29081765;128;679;678;513;529;615 ~~~~~~~~~~~~~~~~~~~~~~ 05-07
05081471;070420496;06295809;09161600113;18021971;30081765;129;681;680 ~~~~~~~~~~~~~~~~~~~~~~~~~~~~~~~~~~ 05-08
06081471;080420496;07295809;10161600113;19021971;01091765;130;451;397;553;615 ~~~~~~~~~~~~~~~~~~~~~~~~~~ 05-09
07081471;090420496;08295809;11161600113;20021971;02091765;131;682 ~~~~~~~~~~~~~~~~~~~~~~~~~~~~~~~~~~~~~~ 05-10
08081471;100420496;09295809;12161600113;21021971;03091765;132;927;406;615 ~~~~~~~~~~~~~~~~~~~~~~~~~~~~~~ 05-11
09081471;110420496;10295809;13161600113;22021971;04091765;133;683 ~~~~~~~~~~~~~~~~~~~~~~~~~~~~~~~~~~~~~~ 05-12
10081471;120420496;11295809;14161600113;23021971;05091765;134;889;412;615 ~~~~~~~~~~~~~~~~~~~~~~~~~~~~~~ 05-13
11081471;130420496;12295809;15161600113;24021971;06091765;135;375;400 ~~~~~~~~~~~~~~~~~~~~~~~~~~~~~~~~~~ 05-14
12081471;140420496;13295809;16161600113;25021971;07091765;136;687;568;615 ~~~~~~~~~~~~~~~~~~~~~~~~~~~~~~ 05-15
13081471;150420496;14295809;17161600113;26021971;08091765;137;684;894;568;406 ~~~~~~~~~~~~~~~~~~~~~~~~~~ 05-16
14081471;160420496;15295809;18161600113;27021971;09091765;138;385;537;542;937;948;512;615 ~~~~~~~~~~~~~~ 05-17
15081471;170420496;16295809;19161600113;28021971;10091765;139;432;892 ~~~~~~~~~~~~~~~~~~~~~~~~~~~~~~~~~~ 05-18
16081471;180420496;17295809;00171600113;29021971;11091765;140;685;416;514;615 ~~~~~~~~~~~~~~~~~~~~~~~~~~ 05-19
17081471;190420496;18295809;01171600113;30021971;12091765;141;797;401;518;412 ~~~~~~~~~~~~~~~~~~~~~~~~~~ 05-20
18081471;200420496;19295809;02171600113;31021971;13091765;142;686;573;615 ~~~~~~~~~~~~~~~~~~~~~~~~~~~~~~ 05-21
19081471;210420496;20295809;03171600113;01031971;14091765;143;573 ~~~~~~~~~~~~~~~~~~~~~~~~~~~~~~~~~~~~~~ 05-22
20081471;220420496;21295809;04171600113;02031971;15091765;144;798;398;573;615 ~~~~~~~~~~~~~~~~~~~~~~~~~~ 05-23
21081471;230420496;22295809;05171600113;03031971;16091765;145;789;867 ~~~~~~~~~~~~~~~~~~~~~~~~~~~~~~~~~~ 05-24
22081471;240420496;23295809;06171600113;04031971;17091765;146;375;615 ~~~~~~~~~~~~~~~~~~~~~~~~~~~~~~~~~~ 05-25
23081471;250420496;24295809;07171600113;05031971;18091765;147;688 ~~~~~~~~~~~~~~~~~~~~~~~~~~~~~~~~~~~~~~ 05-26
24081471;260420496;25295809;08171600113;06031971;19091765;148;494;530;412;615 ~~~~~~~~~~~~~~~~~~~~~~~~~~ 05-27
25081471;270420496;26295809;09171600113;07031971;20091765;149;689 ~~~~~~~~~~~~~~~~~~~~~~~~~~~~~~~~~~~~~~ 05-28
26081471;280420496;27295809;10171600113;08031971;21091765;150;439;615 ~~~~~~~~~~~~~~~~~~~~~~~~~~~~~~~~~~ 05-29
27081471;290420496;28295809;11171600113;09031971;22091765;151;439 ~~~~~~~~~~~~~~~~~~~~~~~~~~~~~~~~~~~~~~ 05-30
28081471;010520496;29295809;12171600113;10031971;23091765;152;438;380;921;932;942;950;406;615 ~~~~~~~~~~ 05-31
29081471;020520496;01305809;13171600113;11031971;24091765;153 ~~~~~~~~~~~~~~~~~~~~~~~~~~~~~~~~~~~~~~~~~~ 06-01
01091471;030520496;02305809;14171600113;12031971;25091765;154;691;694;504;616 ~~~~~~~~~~~~~~~~~~~~~~~~~~ 06-02
02091471;040520496;03305809;15171600113;13031971;26091765;155;437;412;616 ~~~~~~~~~~~~~~~~~~~~~~~~~~~~~~ 06-03
03091471;050520496;04305809;16171600113;14031971;27091765;156;692;513;564;505;616 ~~~~~~~~~~~~~~~~~~~~~~ 06-04
04091471;060520496;05305809;17171600113;15031971;28091765;157;637;693;406;616 ~~~~~~~~~~~~~~~~~~~~~~~~~~ 06-05
05091471;070520496;06305809;18171600113;16031971;29091765;158;449;690;522;616 ~~~~~~~~~~~~~~~~~~~~~~~~~~ 06-06
06091471;080520496;07305809;19171600113;17031971;30091765;159;616;605 ~~~~~~~~~~~~~~~~~~~~~~~~~~~~~~~~~~ 06-07
07091471;090520496;08305809;00001700113;18031971;01101765;160;696;397;420;821;830;616 ~~~~~~~~~~~~~~~~~~ 06-08
08091471;100520496;09305809;01001700113;19031971;02101765;161;864 ~~~~~~~~~~~~~~~~~~~~~~~~~~~~~~~~~~~~~~ 06-09
09091471;110520496;10305809;02001700113;20031971;03101765;162;412;616 ~~~~~~~~~~~~~~~~~~~~~~~~~~~~~~~~~~ 06-10
10091471;120520496;11305809;03001700113;21031971;04101765;163;552;812;569 ~~~~~~~~~~~~~~~~~~~~~~~~~~~~~~ 06-11
11091471;130520496;12305809;04001700113;22031971;05101765;164;697;799;896;569;616 ~~~~~~~~~~~~~~~~~~~~~~ 06-12
12091471;140520496;13305809;05001700113;23031971;06101765;165;695;616 ~~~~~~~~~~~~~~~~~~~~~~~~~~~~~~~~~~ 06-13
13091471;150520496;14305809;06001700113;24031971;07101765;166;616 ~~~~~~~~~~~~~~~~~~~~~~~~~~~~~~~~~~~~~~ 06-14
14091471;160520496;15305809;07001700113;25031971;08101765;167;386;874;941;948;406 ~~~~~~~~~~~~~~~~~~~~~~ 06-15
15091471;170520496;16305809;08001700113;26031971;09101765;168;514;542;375;616 ~~~~~~~~~~~~~~~~~~~~~~~~~~ 06-16
16091471;180520496;17305809;09001700113;27031971;10101765;169;698 ~~~~~~~~~~~~~~~~~~~~~~~~~~~~~~~~~~~~~~ 06-17
17091471;190520496;18305809;10001700113;28031971;11101765;170;701;699;817;700;616 ~~~~~~~~~~~~~~~~~~~~~~ 06-18
18091471;200520496;19305809;11001700113;29031971;12101765;171 ~~~~~~~~~~~~~~~~~~~~~~~~~~~~~~~~~~~~~~~~~~ 06-19
19091471;210520496;20305809;12001700113;30031971;13101765;172;452;452;460;406;616 ~~~~~~~~~~~~~~~~~~~~~~ 06-20
20091471;220520496;21305809;13001700113;31031971;14101765;173;425 ~~~~~~~~~~~~~~~~~~~~~~~~~~~~~~~~~~~~~~ 06-21
21091471;230520496;22305809;14001700113;01041971;15101765;174;398;461;616 ~~~~~~~~~~~~~~~~~~~~~~~~~~~~~~ 06-22
22091471;240520496;23305809;15001700113;02041971;16101765;175;616 ~~~~~~~~~~~~~~~~~~~~~~~~~~~~~~~~~~~~~~ 06-23
23091471;250520496;24305809;16001700113;03041971;17101765;176;412;616 ~~~~~~~~~~~~~~~~~~~~~~~~~~~~~~~~~~ 06-24
24091471;260520496;25305809;17001700113;04041971;18101765;177;596;703;578;946;406 ~~~~~~~~~~~~~~~~~~~~~~ 06-25
25091471;270520496;26305809;18001700113;05041971;19101765;178;702;505;616 ~~~~~~~~~~~~~~~~~~~~~~~~~~~~~~ 06-26
26091471;280520496;27305809;19001700113;06041971;20101765;179;375;616 ~~~~~~~~~~~~~~~~~~~~~~~~~~~~~~~~~~ 06-27
27091471;290520496;28305809;00011700113;07041971;21101765;180;833;508;505;616 ~~~~~~~~~~~~~~~~~~~~~~~~~~ 06-28
28091471;300520496;29305809;01011700113;08041971;22101765;181;380;616 ~~~~~~~~~~~~~~~~~~~~~~~~~~~~~~~~~~ 06-29
29091471;010620496;30305809;02011700113;09041971;23101765;182;704;406;616 ~~~~~~~~~~~~~~~~~~~~~~~~~~~~~~ 06-30
30091471;020620496;01315809;03011700113;10041971;24101765;183;433;506 ~~~~~~~~~~~~~~~~~~~~~~~~~~~~~~~~~~ 07-01
01101471;030620496;02315809;04011700113;11041971;25101765;184;507;513;870;502;565;617 ~~~~~~~~~~~~~~~~~~ 07-02
02101471;040620496;03315809;05011700113;12041971;26101765;185;637;705;840;565 ~~~~~~~~~~~~~~~~~~~~~~~~~~ 07-03
03101471;050620496;04315809;06011700113;13041971;27101765;186;795;373;617 ~~~~~~~~~~~~~~~~~~~~~~~~~~~~~~ 07-04
04101471;060620496;05315809;07011700113;14041971;28101765;187;406 ~~~~~~~~~~~~~~~~~~~~~~~~~~~~~~~~~~~~~~ 07-05
05101471;070620496;06315809;08011700113;15041971;29101765;188;617 ~~~~~~~~~~~~~~~~~~~~~~~~~~~~~~~~~~~~~~ 07-06
06101471;080620496;07315809;09011700113;16041971;30101765;189 ~~~~~~~~~~~~~~~~~~~~~~~~~~~~~~~~~~~~~~~~~~ 07-07
07101471;090620496;08315809;10011700113;17041971;01111765;190;397;617 ~~~~~~~~~~~~~~~~~~~~~~~~~~~~~~~~~~ 07-08
08101471;100620496;09315809;11011700113;18041971;02111765;191;617 ~~~~~~~~~~~~~~~~~~~~~~~~~~~~~~~~~~~~~~ 07-09
09101471;110620496;10315809;12011700113;19041971;03111765;192;706;617 ~~~~~~~~~~~~~~~~~~~~~~~~~~~~~~~~~~ 07-10
10101471;120620496;11315809;13011700113;20041971;04111765;193;546 ~~~~~~~~~~~~~~~~~~~~~~~~~~~~~~~~~~~~~~ 07-11
11101471;130620496;12315809;14011700113;21041971;05111765;194;707;617 ~~~~~~~~~~~~~~~~~~~~~~~~~~~~~~~~~~ 07-12
12101471;140620496;13315809;15011700113;22041971;06111765;195 ~~~~~~~~~~~~~~~~~~~~~~~~~~~~~~~~~~~~~~~~~~ 07-13
13101471;150620496;14315809;16011700113;23041971;07111765;196;387;617 ~~~~~~~~~~~~~~~~~~~~~~~~~~~~~~~~~~ 07-14
14101471;160620496;15315809;17011700113;24041971;08111765;197;631;514;531;561;406;412 ~~~~~~~~~~~~~~~~~~ 07-15
15101471;170620496;16315809;18011700113;25041971;09111765;198;861;617 ~~~~~~~~~~~~~~~~~~~~~~~~~~~~~~~~~~ 07-16
16101471;180620496;17315809;19011700113;26041971;10111765;199;708 ~~~~~~~~~~~~~~~~~~~~~~~~~~~~~~~~~~~~~~ 07-17
17101471;190620496;18315809;00021700113;27041971;11111765;200;709;617 ~~~~~~~~~~~~~~~~~~~~~~~~~~~~~~~~~~ 07-18
18101471;200620496;19315809;01021700113;28041971;12111765;201;710 ~~~~~~~~~~~~~~~~~~~~~~~~~~~~~~~~~~~~~~ 07-19
19101471;210620496;20315809;02021700113;29041971;13111765;202;617 ~~~~~~~~~~~~~~~~~~~~~~~~~~~~~~~~~~~~~~ 07-20
20101471;220620496;21315809;03021700113;30041971;14111765;203;711;398;376 ~~~~~~~~~~~~~~~~~~~~~~~~~~~~~~ 07-21
21101471;230620496;22315809;04021700113;31041971;15111765;204;712;412;617 ~~~~~~~~~~~~~~~~~~~~~~~~~~~~~~ 07-22
22101471;240620496;23315809;05021700113;01051971;16111765;205;617 ~~~~~~~~~~~~~~~~~~~~~~~~~~~~~~~~~~~~~~ 07-23
23101471;250620496;24315809;06021700113;02051971;17111765;206;713;829;617 ~~~~~~~~~~~~~~~~~~~~~~~~~~~~~~ 07-24
24101471;260620496;25315809;07021700113;03051971;18111765;207;714;878 ~~~~~~~~~~~~~~~~~~~~~~~~~~~~~~~~~~ 07-25
25101471;270620496;26315809;08021700113;04051971;19111765;208;617 ~~~~~~~~~~~~~~~~~~~~~~~~~~~~~~~~~~~~~~ 07-26
26101471;280620496;27315809;09021700113;05051971;20111765;209;617 ~~~~~~~~~~~~~~~~~~~~~~~~~~~~~~~~~~~~~~ 07-27
27101471;290620496;28315809;10021700113;06051971;21111765;210;421;617 ~~~~~~~~~~~~~~~~~~~~~~~~~~~~~~~~~~ 07-28
28101471;300620496;29315809;11021700113;07051971;22111765;211;715;380;513;617 ~~~~~~~~~~~~~~~~~~~~~~~~~~ 07-29
29101471;010720496;01325809;12021700113;08051971;23111765;212;716;617 ~~~~~~~~~~~~~~~~~~~~~~~~~~~~~~~~~~ 07-30
01111471;020720496;02325809;13021700113;09051971;24111765;213 ~~~~~~~~~~~~~~~~~~~~~~~~~~~~~~~~~~~~~~~~~~ 07-31
02111471;030720496;03325809;14021700113;10051971;25111765;214;717;618 ~~~~~~~~~~~~~~~~~~~~~~~~~~~~~~~~~~ 08-01
03111471;040720496;04325809;15021700113;11051971;26111765;215;579 ~~~~~~~~~~~~~~~~~~~~~~~~~~~~~~~~~~~~~~ 08-02
04111471;050720496;05325809;16021700113;12051971;27111765;216;718;618 ~~~~~~~~~~~~~~~~~~~~~~~~~~~~~~~~~~ 08-03
05111471;060720496;06325809;17021700113;13051971;28111765;217;891;406 ~~~~~~~~~~~~~~~~~~~~~~~~~~~~~~~~~~ 08-04
06111471;070720496;07325809;18021700113;14051971;29111765;218;572;412;618 ~~~~~~~~~~~~~~~~~~~~~~~~~~~~~~ 08-05
07111471;080720496;08325809;19021700113;15051971;30111765;219;719;397 ~~~~~~~~~~~~~~~~~~~~~~~~~~~~~~~~~~ 08-06
08111471;090720496;09325809;00031700113;16051971;01121765;220;637;720;421;618 ~~~~~~~~~~~~~~~~~~~~~~~~~~ 08-07
09111471;100720496;10325809;01031700113;17051971;02121765;221;721 ~~~~~~~~~~~~~~~~~~~~~~~~~~~~~~~~~~~~~~ 08-08
10111471;110720496;11325809;02031700113;18051971;03121765;222;926;406;618 ~~~~~~~~~~~~~~~~~~~~~~~~~~~~~~ 08-09
11111471;120720496;12325809;03031700113;19051971;04121765;223;554;824;856 ~~~~~~~~~~~~~~~~~~~~~~~~~~~~~~ 08-10
12111471;130720496;13325809;04031700113;20051971;05121765;224;722;618 ~~~~~~~~~~~~~~~~~~~~~~~~~~~~~~~~~~ 08-11
13111471;140720496;14325809;05031700113;21051971;06121765;225;514;567;412 ~~~~~~~~~~~~~~~~~~~~~~~~~~~~~~ 08-12
14111471;150720496;15325809;06031700113;22051971;07121765;226;388;556;909;910;925;938;567;618 ~~~~~~~~~~ 08-13
15111471;160720496;16325809;07031700113;23051971;08121765;227;723;432;436;406 ~~~~~~~~~~~~~~~~~~~~~~~~~~ 08-14
16111471;170720496;17325809;08031700113;24051971;09121765;228;875;618 ~~~~~~~~~~~~~~~~~~~~~~~~~~~~~~~~~~ 08-15
17111471;180720496;18325809;09031700113;25051971;10121765;229 ~~~~~~~~~~~~~~~~~~~~~~~~~~~~~~~~~~~~~~~~~~ 08-16
18111471;190720496;19325809;10031700113;26051971;11121765;230;421;618 ~~~~~~~~~~~~~~~~~~~~~~~~~~~~~~~~~~ 08-17
19111471;200720496;20325809;11031700113;27051971;12121765;231;831 ~~~~~~~~~~~~~~~~~~~~~~~~~~~~~~~~~~~~~~ 08-18
20111471;210720496;21325809;12031700113;28051971;13121765;232;412;618 ~~~~~~~~~~~~~~~~~~~~~~~~~~~~~~~~~~ 08-19
21111471;220720496;22325809;13031700113;29051971;14121765;233;398;883 ~~~~~~~~~~~~~~~~~~~~~~~~~~~~~~~~~~ 08-20
22111471;230720496;23325809;14031700113;30051971;15121765;234;724;618 ~~~~~~~~~~~~~~~~~~~~~~~~~~~~~~~~~~ 08-21
23111471;240720496;24325809;15031700113;31051971;16121765;235 ~~~~~~~~~~~~~~~~~~~~~~~~~~~~~~~~~~~~~~~~~~ 08-22
24111471;250720496;25325809;16031700113;01061971;17121765;236;618 ~~~~~~~~~~~~~~~~~~~~~~~~~~~~~~~~~~~~~~ 08-23
25111471;260720496;26325809;17031700113;02061971;18121765;237;503 ~~~~~~~~~~~~~~~~~~~~~~~~~~~~~~~~~~~~~~ 08-24
26111471;270720496;27325809;18031700113;03061971;19121765;238;513;618 ~~~~~~~~~~~~~~~~~~~~~~~~~~~~~~~~~~ 08-25
27111471;280720496;28325809;19031700113;04061971;20121765;239 ~~~~~~~~~~~~~~~~~~~~~~~~~~~~~~~~~~~~~~~~~~ 08-26
28111471;290720496;29325809;00041700113;05061971;21121765;240;427;421;618 ~~~~~~~~~~~~~~~~~~~~~~~~~~~~~~ 08-27
29111471;010820496;30325809;01041700113;06061971;22121765;241;725;380;399 ~~~~~~~~~~~~~~~~~~~~~~~~~~~~~~ 08-28
30111471;020820496;01335809;02041700113;07061971;23121765;242;428;725;417;406;618 ~~~~~~~~~~~~~~~~~~~~~~ 08-29
01121471;030820496;02335809;03041700113;08061971;24121765;243;796 ~~~~~~~~~~~~~~~~~~~~~~~~~~~~~~~~~~~~~~ 08-30
02121471;040820496;03335809;04041700113;09061971;25121765;244;594;597;400;618 ~~~~~~~~~~~~~~~~~~~~~~~~~~ 08-31
03121471;050820496;04335809;05041700113;10061971;26121765;245;595;467;550 ~~~~~~~~~~~~~~~~~~~~~~~~~~~~~~ 09-01
04121471;060820496;05335809;06041700113;11061971;27121765;246;915;619 ~~~~~~~~~~~~~~~~~~~~~~~~~~~~~~~~~~ 09-02
05121471;070820496;06335809;07041700113;12061971;28121765;247;596;727;400;406;619 ~~~~~~~~~~~~~~~~~~~~~~ 09-03
06121471;080820496;07335809;08041700113;13061971;29121765;248;429;637;728;397;619 ~~~~~~~~~~~~~~~~~~~~~~ 09-04
07121471;090820496;08335809;09041700113;14061971;30121765;249;430;845;908;619 ~~~~~~~~~~~~~~~~~~~~~~~~~~ 09-05
08121471;100820496;09335809;10041700113;15061971;01131765;250;434;846;400;619 ~~~~~~~~~~~~~~~~~~~~~~~~~~ 09-06
09121471;110820496;10335809;11041700113;16061971;02131765;251;435;501 ~~~~~~~~~~~~~~~~~~~~~~~~~~~~~~~~~~ 09-07
10121471;120820496;11335809;12041700113;17061971;03131765;252;903;500;619 ~~~~~~~~~~~~~~~~~~~~~~~~~~~~~~ 09-08
11121471;130820496;12335809;13041700113;18061971;04131765;253;730;897;500;400;412;619 ~~~~~~~~~~~~~~~~~~ 09-09
12121471;140820496;13335809;14041700113;19061971;05131765;254;514;520;551;619 ~~~~~~~~~~~~~~~~~~~~~~~~~~ 09-10
13121471;150820496;14335809;15041700113;20061971;01011766;255;389;534;500;570 ~~~~~~~~~~~~~~~~~~~~~~~~~~ 09-11
14121471;160820496;15335809;16041700113;21061971;02011766;256;455;847;907;500;400;619 ~~~~~~~~~~~~~~~~~~ 09-12
15121471;170820496;16335809;17041700113;22061971;03011766;257;729;726;406;619 ~~~~~~~~~~~~~~~~~~~~~~~~~~ 09-13
16121471;180820496;17335809;18041700113;23061971;04011766;258;619 ~~~~~~~~~~~~~~~~~~~~~~~~~~~~~~~~~~~~~~ 09-14
17121471;190820496;18335809;19041700113;24061971;05011766;259 ~~~~~~~~~~~~~~~~~~~~~~~~~~~~~~~~~~~~~~~~~~ 09-15
18121471;200820496;19335809;00051700113;25061971;06011766;260;733;841;412;421;619 ~~~~~~~~~~~~~~~~~~~~~~ 09-16
19121471;210820496;20335809;01051700113;26061971;07011766;261;734;619 ~~~~~~~~~~~~~~~~~~~~~~~~~~~~~~~~~~ 09-17
20121471;220820496;21335809;02051700113;27061971;08011766;262;735;398;400;406;619 ~~~~~~~~~~~~~~~~~~~~~~ 09-18
21121471;230820496;22335809;03051700113;28061971;09011766;263;731 ~~~~~~~~~~~~~~~~~~~~~~~~~~~~~~~~~~~~~~ 09-19
22121471;240820496;23335809;04051700113;29061971;10011766;264;401;820;619 ~~~~~~~~~~~~~~~~~~~~~~~~~~~~~~ 09-20
23121471;250820496;24335809;05051700113;30061971;11011766;265;732;462;619 ~~~~~~~~~~~~~~~~~~~~~~~~~~~~~~ 09-21
24121471;260820496;25335809;06051700113;31061971;12011766;266;513;869;423;842;619 ~~~~~~~~~~~~~~~~~~~~~~ 09-22
25121471;270820496;26335809;07051700113;01071971;13011766;267;463;406;848 ~~~~~~~~~~~~~~~~~~~~~~~~~~~~~~ 09-23
26121471;280820496;27335809;08051700113;02071971;14011766;268;738;793;413;619 ~~~~~~~~~~~~~~~~~~~~~~~~~~ 09-24
27121471;290820496;28335809;09051700113;03071971;15011766;269;739;743;418 ~~~~~~~~~~~~~~~~~~~~~~~~~~~~~~ 09-25
28121471;300820496;29335809;10051700113;04071971;16011766;270;740;380;920;521;421;619 ~~~~~~~~~~~~~~~~~~ 09-26
29121471;010920496;01015810;11051700113;05071971;17011766;271;736;433;437;820;824;521 ~~~~~~~~~~~~~~~~~~ 09-27
01011472;020920496;02015810;12051700113;06071971;18011766;272;737;816;855;895;495;521;406;619 ~~~~~~~~~~ 09-28
02011472;030920496;03015810;13051700113;07071971;19011766;273;742;790;868;848 ~~~~~~~~~~~~~~~~~~~~~~~~~~ 09-29
03011472;040920496;04015810;14051700113;08071971;20011766;274;741;790;853;619 ~~~~~~~~~~~~~~~~~~~~~~~~~~ 09-30
04011472;050920496;05015810;15051700113;09071971;21011766;275;748;790;853 ~~~~~~~~~~~~~~~~~~~~~~~~~~~~~~ 10-01
05011472;060920496;06015810;16051700113;10071971;22011766;276;637;790;836;853;620 ~~~~~~~~~~~~~~~~~~~~~~ 10-02
06011472;070920496;07015810;17051700113;11071971;23011766;277;749;790;918 ~~~~~~~~~~~~~~~~~~~~~~~~~~~~~~ 10-03
07011472;080920496;08015810;18051700113;12071971;24011766;278;744;790;397;548;919;620 ~~~~~~~~~~~~~~~~~~ 10-04
08011472;090920496;09015810;19051700113;13071971;25011766;279;745;790;885;563;620;848 ~~~~~~~~~~~~~~~~~~ 10-05
09011472;100920496;10015810;00061700113;14071971;26011766;280;746;549;560;832;527;421;496;620 ~~~~~~~~~~ 10-06
10011472;110920496;11015810;01061700113;15071971;27011766;281;747;514;899;498;848 ~~~~~~~~~~~~~~~~~~~~~~ 10-07
11011472;120920496;12015810;02061700113;16071971;28011766;282;406;496;620 ~~~~~~~~~~~~~~~~~~~~~~~~~~~~~~ 10-08
12011472;130920496;13015810;03061700113;17071971;29011766;283;754;620 ~~~~~~~~~~~~~~~~~~~~~~~~~~~~~~~~~~ 10-09
13011472;140920496;14015810;04061700113;18071971;30011766;284;750;393;390;367;882;922;620 ~~~~~~~~~~~~~~ 10-10
14011472;150920496;15015810;05061700113;19071971;01021766;285;751;368;532;523;848 ~~~~~~~~~~~~~~~~~~~~~~ 10-11
15011472;160920496;16015810;06061700113;20071971;02021766;286;791;523;620 ~~~~~~~~~~~~~~~~~~~~~~~~~~~~~~ 10-12
16011472;170920496;17015810;07061700113;21071971;03021766;287;752;523;418;848 ~~~~~~~~~~~~~~~~~~~~~~~~~~ 10-13
17011472;180920496;18015810;08061700113;22071971;04021766;288;753;881;523;496;620 ~~~~~~~~~~~~~~~~~~~~~~ 10-14
18011472;190920496;19015810;09061700113;23071971;05021766;289;523 ~~~~~~~~~~~~~~~~~~~~~~~~~~~~~~~~~~~~~~ 10-15
19011472;200920496;20015810;10061700113;24071971;06021766;290;758;523;620 ~~~~~~~~~~~~~~~~~~~~~~~~~~~~~~ 10-16
20011472;210920496;21015810;11061700113;25071971;07021766;291;523;620 ~~~~~~~~~~~~~~~~~~~~~~~~~~~~~~~~~~ 10-17
21011472;220920496;22015810;12061700113;26071971;08021766;292;755;398;499;524;406;620 ~~~~~~~~~~~~~~~~~~ 10-18
22011472;230920496;23015810;13061700113;27071971;09021766;293;756;513;525;620 ~~~~~~~~~~~~~~~~~~~~~~~~~~ 10-19
23011472;240920496;24015810;14061700113;28071971;10021766;294;757;784;496;620 ~~~~~~~~~~~~~~~~~~~~~~~~~~ 10-20
24011472;250920496;25015810;15061700113;29071971;11021766;295;631;369;785;620 ~~~~~~~~~~~~~~~~~~~~~~~~~~ 10-21
25011472;260920496;26015810;16061700113;30071971;12021766;296;911;786;620 ~~~~~~~~~~~~~~~~~~~~~~~~~~~~~~ 10-22
26011472;270920496;27015810;17061700113;01081971;13021766;297;759;558;787;406;620 ~~~~~~~~~~~~~~~~~~~~~~ 10-23
27011472;280920496;28015810;18061700113;02081971;14021766;298;371;431;779;784;785;620 ~~~~~~~~~~~~~~~~~~ 10-24
28011472;290920496;29015810;19061700113;03081971;15021766;299;780;893 ~~~~~~~~~~~~~~~~~~~~~~~~~~~~~~~~~~ 10-25
29011472;300920496;30015810;00071700113;04081971;16021766;300;380;781;786;620 ~~~~~~~~~~~~~~~~~~~~~~~~~~ 10-26
30011472;011020496;01025810;01071700113;05081971;17021766;301;782;787;497 ~~~~~~~~~~~~~~~~~~~~~~~~~~~~~~ 10-27
01021472;021020496;02025810;02071700113;06081971;18021766;302;535;783;788;406;620 ~~~~~~~~~~~~~~~~~~~~~~ 10-28
02021472;031020496;03025810;03071700113;07081971;19021766;303;849 ~~~~~~~~~~~~~~~~~~~~~~~~~~~~~~~~~~~~~~ 10-29
03021472;041020496;04025810;04071700113;08081971;20021766;304;620 ~~~~~~~~~~~~~~~~~~~~~~~~~~~~~~~~~~~~~~ 10-30
04021472;051020496;05025810;05071700113;09081971;21021766;305 ~~~~~~~~~~~~~~~~~~~~~~~~~~~~~~~~~~~~~~~~~~ 10-31
05021472;061020496;06025810;06071700113;10081971;22021766;306;760;543;621 ~~~~~~~~~~~~~~~~~~~~~~~~~~~~~~ 11-01
06021472;071020496;07025810;07071700113;11081971;23021766;307;397;514 ~~~~~~~~~~~~~~~~~~~~~~~~~~~~~~~~~~ 11-02
07021472;081020496;08025810;08071700113;12081971;24021766;308;761;621 ~~~~~~~~~~~~~~~~~~~~~~~~~~~~~~~~~~ 11-03
08021472;091020496;09025810;09071700113;13081971;25021766;309;762;879 ~~~~~~~~~~~~~~~~~~~~~~~~~~~~~~~~~~ 11-04
09021472;101020496;10025810;10071700113;14081971;26021766;310;596;547;621 ~~~~~~~~~~~~~~~~~~~~~~~~~~~~~~ 11-05
10021472;111020496;11025810;11071700113;15081971;27021766;311;637;763;934 ~~~~~~~~~~~~~~~~~~~~~~~~~~~~~~ 11-06
11021472;121020496;12025810;12071700113;16081971;28021766;312;621 ~~~~~~~~~~~~~~~~~~~~~~~~~~~~~~~~~~~~~~ 11-07
12021472;131020496;13025810;13071700113;17081971;29021766;313 ~~~~~~~~~~~~~~~~~~~~~~~~~~~~~~~~~~~~~~~~~~ 11-08
13021472;141020496;14025810;14071700113;18081971;30021766;314;392;542;880;948;418;621 ~~~~~~~~~~~~~~~~~~ 11-09
14021472;151020496;15025810;15071700113;19081971;01031766;315;432 ~~~~~~~~~~~~~~~~~~~~~~~~~~~~~~~~~~~~~~ 11-10
15021472;161020496;16025810;16071700113;20081971;02031766;316;764;621 ~~~~~~~~~~~~~~~~~~~~~~~~~~~~~~~~~~ 11-11
16021472;171020496;17025810;17071700113;21081971;03031766;317;596;406 ~~~~~~~~~~~~~~~~~~~~~~~~~~~~~~~~~~ 11-12
17021472;181020496;18025810;18071700113;22081971;04031766;318;621 ~~~~~~~~~~~~~~~~~~~~~~~~~~~~~~~~~~~~~~ 11-13
18021472;191020496;19025810;19071700113;23081971;05031766;319 ~~~~~~~~~~~~~~~~~~~~~~~~~~~~~~~~~~~~~~~~~~ 11-14
19021472;201020496;20025810;00081700113;24081971;06031766;320;421;621 ~~~~~~~~~~~~~~~~~~~~~~~~~~~~~~~~~~ 11-15
20021472;211020496;21025810;01081700113;25081971;07031766;321;453;513;844 ~~~~~~~~~~~~~~~~~~~~~~~~~~~~~~ 11-16
21021472;221020496;22025810;02081700113;26081971;08031766;322;398;876;406;621 ~~~~~~~~~~~~~~~~~~~~~~~~~~ 11-17
22021472;231020496;23025810;03081700113;27081971;09031766;323;766 ~~~~~~~~~~~~~~~~~~~~~~~~~~~~~~~~~~~~~~ 11-18
23021472;241020496;24025810;04081700113;28081971;10031766;324;621 ~~~~~~~~~~~~~~~~~~~~~~~~~~~~~~~~~~~~~~ 11-19
24021472;251020496;25025810;05081700113;29081971;11031766;325;767;408;422 ~~~~~~~~~~~~~~~~~~~~~~~~~~~~~~ 11-20
25021472;261020496;26025810;06081700113;30081971;12031766;326;765;936;621 ~~~~~~~~~~~~~~~~~~~~~~~~~~~~~~ 11-21
26021472;271020496;27025810;07081700113;01091971;13031766;327;788 ~~~~~~~~~~~~~~~~~~~~~~~~~~~~~~~~~~~~~~ 11-22
27021472;281020496;28025810;08081700113;02091971;14031766;328;621 ~~~~~~~~~~~~~~~~~~~~~~~~~~~~~~~~~~~~~~ 11-23
28021472;291020496;29025810;09081700113;03091971;15031766;329;769;380 ~~~~~~~~~~~~~~~~~~~~~~~~~~~~~~~~~~ 11-24
29021472;011120496;30025810;10081700113;04091971;16031766;330;440;931;951;621 ~~~~~~~~~~~~~~~~~~~~~~~~~~ 11-25
01031472;021120496;01035810;11081700113;05091971;17031766;331;441;409 ~~~~~~~~~~~~~~~~~~~~~~~~~~~~~~~~~~ 11-26
02031472;031120496;02035810;12081700113;06091971;18031766;332;770;768;621 ~~~~~~~~~~~~~~~~~~~~~~~~~~~~~~ 11-27
03031472;041120496;03035810;13081700113;07091971;19031766;333;369;514;589 ~~~~~~~~~~~~~~~~~~~~~~~~~~~~~~ 11-28
04031472;051120496;04035810;14081700113;08091971;20031766;334;442;944;621 ~~~~~~~~~~~~~~~~~~~~~~~~~~~~~~ 11-29
05031472;061120496;05035810;15081700113;09091971;21031766;335;771 ~~~~~~~~~~~~~~~~~~~~~~~~~~~~~~~~~~~~~~ 11-30
06031472;071120496;06035810;16081700113;10091971;22031766;336;772;397;622 ~~~~~~~~~~~~~~~~~~~~~~~~~~~~~~ 12-01
07031472;081120496;07035810;17081700113;11091971;23031766;337;370;409 ~~~~~~~~~~~~~~~~~~~~~~~~~~~~~~~~~~ 12-02
08031472;091120496;08035810;18081700113;12091971;24031766;338;774;622 ~~~~~~~~~~~~~~~~~~~~~~~~~~~~~~~~~~ 12-03
09031472;101120496;09035810;19081700113;13091971;25031766;339;637;775 ~~~~~~~~~~~~~~~~~~~~~~~~~~~~~~~~~~ 12-04
10031472;111120496;10035810;00091700113;14091971;26031766;340;557;890;590;622 ~~~~~~~~~~~~~~~~~~~~~~~~~~ 12-05
11031472;121120496;11035810;01091700113;15091971;27031766;341;418 ~~~~~~~~~~~~~~~~~~~~~~~~~~~~~~~~~~~~~~ 12-06
12031472;131120496;12035810;02091700113;16091971;28031766;342;773;511;622 ~~~~~~~~~~~~~~~~~~~~~~~~~~~~~~ 12-07
13031472;141120496;13035810;03091700113;17091971;29031766;343;395;545 ~~~~~~~~~~~~~~~~~~~~~~~~~~~~~~~~~~ 12-08
14031472;151120496;14035810;04091700113;18091971;30031766;344;436;887;622 ~~~~~~~~~~~~~~~~~~~~~~~~~~~~~~ 12-09
15031472;161120496;15035810;05091700113;19091971;01041766;345 ~~~~~~~~~~~~~~~~~~~~~~~~~~~~~~~~~~~~~~~~~~ 12-10
16031472;171120496;16035810;06091700113;20091971;02041766;346;776;622 ~~~~~~~~~~~~~~~~~~~~~~~~~~~~~~~~~~ 12-11
17031472;181120496;17035810;07091700113;21091971;03041766;347;777;591;511;406 ~~~~~~~~~~~~~~~~~~~~~~~~~~ 12-12
18031472;191120496;18035810;08091700113;22091971;04041766;348;622 ~~~~~~~~~~~~~~~~~~~~~~~~~~~~~~~~~~~~~~ 12-13
19031472;201120496;19035810;09091700113;23091971;05041766;349;513;843 ~~~~~~~~~~~~~~~~~~~~~~~~~~~~~~~~~~ 12-14
20031472;211120496;20035810;10091700113;24091971;06041766;350;418;622 ~~~~~~~~~~~~~~~~~~~~~~~~~~~~~~~~~~ 12-15
21031472;221120496;21035810;11091700113;25091971;07041766;351 ~~~~~~~~~~~~~~~~~~~~~~~~~~~~~~~~~~~~~~~~~~ 12-16
22031472;231120496;22035810;12091700113;26091971;08041766;352;778;398;399;622 ~~~~~~~~~~~~~~~~~~~~~~~~~~ 12-17
23031472;241120496;23035810;13091700113;27091971;09041766;353 ~~~~~~~~~~~~~~~~~~~~~~~~~~~~~~~~~~~~~~~~~~ 12-18
24031472;251120496;24035810;14091700113;28091971;10041766;354;592;622 ~~~~~~~~~~~~~~~~~~~~~~~~~~~~~~~~~~ 12-19
25031472;261120496;25035810;15091700113;29091971;11041766;355;371;917;466;516;409 ~~~~~~~~~~~~~~~~~~~~~~ 12-20
26031472;271120496;26035810;16091700113;30091971;12041766;356;554;426;516;622 ~~~~~~~~~~~~~~~~~~~~~~~~~~ 12-21
27031472;281120496;27035810;17091700113;01101971;13041766;357;465;516 ~~~~~~~~~~~~~~~~~~~~~~~~~~~~~~~~~~ 12-22
28031472;291120496;28035810;18091700113;02101971;14041766;358;516;400;622 ~~~~~~~~~~~~~~~~~~~~~~~~~~~~~~ 12-23
29031472;301120496;29035810;19091700113;03101971;15041766;359;380;433;516 ~~~~~~~~~~~~~~~~~~~~~~~~~~~~~~ 12-24
30031472;011220496;30035810;00101700113;04101971;16041766;360;414;622 ~~~~~~~~~~~~~~~~~~~~~~~~~~~~~~~~~~ 12-25
01041472;021220496;01045810;01101700113;05101971;17041766;361;514;516 ~~~~~~~~~~~~~~~~~~~~~~~~~~~~~~~~~~ 12-26
02041472;031220496;02045810;02101700113;06101971;18041766;362;516;406;622 ~~~~~~~~~~~~~~~~~~~~~~~~~~~~~~ 12-27
03041472;041220496;03045810;03101700113;07101971;19041766;363;516 ~~~~~~~~~~~~~~~~~~~~~~~~~~~~~~~~~~~~~~ 12-28
04041472;051220496;04045810;04101700113;08101971;20041766;364;622 ~~~~~~~~~~~~~~~~~~~~~~~~~~~~~~~~~~~~~~ 12-29
05041472;061220496;05045810;05101700113;09101971;21041766;365 ~~~~~~~~~~~~~~~~~~~~~~~~~~~~~~~~~~~~~~~~~~ 12-30
06041472;071220496;06045810;06101700113;10101971;22041766;366;397;622 ~~~~~~~~~~~~~~~~~~~~~~~~~~~~~~~~~~ 12-31
