24111459;26112037s;24245798;02070500113;11101959;23041754;001;917 ~~~~~~~~~~~~~~~~~~~~~~~~~~~~~~~~~~~~~~ 01-01
25111459;27112037s;25245798;03070500113;12101959;24041754;002;637 ~~~~~~~~~~~~~~~~~~~~~~~~~~~~~~~~~~~~~~ 01-02
26111459;28112037s;26245798;04070500113;13101959;25041754;003;372 ~~~~~~~~~~~~~~~~~~~~~~~~~~~~~~~~~~~~~~ 01-03
27111459;29112037s;27245798;05070500113;14101959;26041754;004 ~~~~~~~~~~~~~~~~~~~~~~~~~~~~~~~~~~~~~~~~~~ 01-04
28111459;01122037s;28245798;06070500113;15101959;27041754;005;380;932;950 ~~~~~~~~~~~~~~~~~~~~~~~~~~~~~~ 01-05
29111459;02122037s;29245798;07070500113;16101959;28041754;006;419 ~~~~~~~~~~~~~~~~~~~~~~~~~~~~~~~~~~~~~~ 01-06
30111459;03122037s;01255798;08070500113;17101959;29041754;007 ~~~~~~~~~~~~~~~~~~~~~~~~~~~~~~~~~~~~~~~~~~ 01-07
01121459;04122037s;02255798;09070500113;18101959;30041754;008 ~~~~~~~~~~~~~~~~~~~~~~~~~~~~~~~~~~~~~~~~~~ 01-08
02121459;05122037s;03255798;10070500113;19101959;01051754;009;626;415 ~~~~~~~~~~~~~~~~~~~~~~~~~~~~~~~~~~ 01-09
03121459;06122037s;04255798;11070500113;20101959;02051754;010;627;817 ~~~~~~~~~~~~~~~~~~~~~~~~~~~~~~~~~~ 01-10
04121459;07122037s;05255798;12070500113;21101959;03051754;011;628 ~~~~~~~~~~~~~~~~~~~~~~~~~~~~~~~~~~~~~~ 01-11
05121459;08122037s;06255798;13070500113;22101959;04051754;012;629;513;838 ~~~~~~~~~~~~~~~~~~~~~~~~~~~~~~ 01-12
06121459;09122037s;07255798;14070500113;23101959;05051754;013;397 ~~~~~~~~~~~~~~~~~~~~~~~~~~~~~~~~~~~~~~ 01-13
07121459;10122037s;08255798;15070500113;24101959;06051754;014;457;825 ~~~~~~~~~~~~~~~~~~~~~~~~~~~~~~~~~~ 01-14
08121459;11122037s;09255798;16070500113;25101959;07051754;015 ~~~~~~~~~~~~~~~~~~~~~~~~~~~~~~~~~~~~~~~~~~ 01-15
09121459;12122037s;10255798;17070500113;26101959;08051754;016;630;501;406 ~~~~~~~~~~~~~~~~~~~~~~~~~~~~~~ 01-16
10121459;13122037s;11255798;18070500113;27101959;09051754;017;625;905;500 ~~~~~~~~~~~~~~~~~~~~~~~~~~~~~~ 01-17
11121459;14122037s;12255798;19070500113;28101959;10051754;018;492;500 ~~~~~~~~~~~~~~~~~~~~~~~~~~~~~~~~~~ 01-18
12121459;15122037s;13255798;00080500113;29101959;11051754;019;409 ~~~~~~~~~~~~~~~~~~~~~~~~~~~~~~~~~~~~~~ 01-19
13121459;16122037s;14255798;01080500113;30101959;12051754;020;381;500 ~~~~~~~~~~~~~~~~~~~~~~~~~~~~~~~~~~ 01-20
14121459;17122037s;15255798;02080500113;01111959;13051754;021;631;432;542;868;904;948;500;403;406 ~~~~~~ 01-21
15121459;18122037s;16255798;03080500113;02111959;14051754;022;829 ~~~~~~~~~~~~~~~~~~~~~~~~~~~~~~~~~~~~~~ 01-22
16121459;19122037s;17255798;04080500113;03111959;15051754;023;375 ~~~~~~~~~~~~~~~~~~~~~~~~~~~~~~~~~~~~~~ 01-23
17121459;20122037s;18255798;05080500113;04111959;16051754;024;404;514;916 ~~~~~~~~~~~~~~~~~~~~~~~~~~~~~~ 01-24
18121459;21122037s;19255798;06080500113;05111959;17051754;025;636;841;409 ~~~~~~~~~~~~~~~~~~~~~~~~~~~~~~ 01-25
19121459;22122037s;20255798;07080500113;06111959;18051754;026;580 ~~~~~~~~~~~~~~~~~~~~~~~~~~~~~~~~~~~~~~ 01-26
20121459;23122037s;21255798;08080500113;07111959;19051754;027;632;398 ~~~~~~~~~~~~~~~~~~~~~~~~~~~~~~~~~~ 01-27
21121459;24122037s;22255798;09080500113;08111959;20051754;028 ~~~~~~~~~~~~~~~~~~~~~~~~~~~~~~~~~~~~~~~~~~ 01-28
22121459;25122037s;23255798;10080500113;09111959;21051754;029;633 ~~~~~~~~~~~~~~~~~~~~~~~~~~~~~~~~~~~~~~ 01-29
23121459;26122037s;24255798;11080500113;10111959;22051754;030;634 ~~~~~~~~~~~~~~~~~~~~~~~~~~~~~~~~~~~~~~ 01-30
24121459;27122037s;25255798;12080500113;11111959;23051754;031;635;923;842;406;409 ~~~~~~~~~~~~~~~~~~~~~~ 01-31
25121459;28122037s;26255798;12080500113;12111959;24051754;032 ~~~~~~~~~~~~~~~~~~~~~~~~~~~~~~~~~~~~~~~~~~ 02-01
26121459;29122037s;27255798;13080500113;13111959;25051754;033 ~~~~~~~~~~~~~~~~~~~~~~~~~~~~~~~~~~~~~~~~~~ 02-02
27121459;30122037s;28255798;14080500113;14111959;26051754;034;380;375;612 ~~~~~~~~~~~~~~~~~~~~~~~~~~~~~~ 02-03
28121459;01012038t;29255798;15080500113;15111959;27051754;035;638;865;888;479;490 ~~~~~~~~~~~~~~~~~~~~~~ 02-04
29121459;02012038t;30255798;16080500113;16111959;28051754;036;639;566;479;490;612 ~~~~~~~~~~~~~~~~~~~~~~ 02-05
01011460;03012038t;01265798;17080500113;17111959;29051754;037;637;640;495;566 ~~~~~~~~~~~~~~~~~~~~~~~~~~ 02-06
02011460;04012038t;02265798;18080500113;18111959;30051754;038;566 ~~~~~~~~~~~~~~~~~~~~~~~~~~~~~~~~~~~~~~ 02-07
03011460;05012038t;03265798;19080500113;19111959;01061754;039;641;566 ~~~~~~~~~~~~~~~~~~~~~~~~~~~~~~~~~~ 02-08
04011460;06012038t;04265798;00090500113;20111959;02061754;040;513;940 ~~~~~~~~~~~~~~~~~~~~~~~~~~~~~~~~~~ 02-09
05011460;07012038t;05265798;01090500113;21111959;03061754;041;406 ~~~~~~~~~~~~~~~~~~~~~~~~~~~~~~~~~~~~~~ 02-10
06011460;08012038t;06265798;02090500113;22111959;04061754;042;642;914;612 ~~~~~~~~~~~~~~~~~~~~~~~~~~~~~~ 02-11
07011460;09012038t;07265798;03090500113;23111959;05061754;043;397;536;409 ~~~~~~~~~~~~~~~~~~~~~~~~~~~~~~ 02-12
08011460;10012038t;08265798;04090500113;24111959;06061754;044;643 ~~~~~~~~~~~~~~~~~~~~~~~~~~~~~~~~~~~~~~ 02-13
09011460;11012038t;09265798;05090500113;25111959;07061754;045;581 ~~~~~~~~~~~~~~~~~~~~~~~~~~~~~~~~~~~~~~ 02-14
10011460;12012038t;10265798;06090500113;26111959;08061754;046;450;873;498;406;612 ~~~~~~~~~~~~~~~~~~~~~~ 02-15
11011460;13012038t;11265798;07090500113;27111959;09061754;047;496 ~~~~~~~~~~~~~~~~~~~~~~~~~~~~~~~~~~~~~~ 02-16
12011460;14012038t;12265798;08090500113;28111959;10061754;048;854;612 ~~~~~~~~~~~~~~~~~~~~~~~~~~~~~~~~~~ 02-17
13011460;15012038t;13265798;09090500113;29111959;11061754;049;644;854 ~~~~~~~~~~~~~~~~~~~~~~~~~~~~~~~~~~ 02-18
14011460;16012038t;14265798;10090500113;30111959;12061754;050;645;382;809;884;412;612 ~~~~~~~~~~~~~~~~~~ 02-19
15011460;17012038t;15265798;11090500113;01121959;13061754;051;829 ~~~~~~~~~~~~~~~~~~~~~~~~~~~~~~~~~~~~~~ 02-20
16011460;18012038t;16265798;12090500113;02121959;14061754;052;514 ~~~~~~~~~~~~~~~~~~~~~~~~~~~~~~~~~~~~~~ 02-21
17011460;19012038t;17265798;13090500113;03121959;15061754;053 ~~~~~~~~~~~~~~~~~~~~~~~~~~~~~~~~~~~~~~~~~~ 02-22
18011460;20012038t;18265798;14090500113;04121959;16061754;054;646;612 ~~~~~~~~~~~~~~~~~~~~~~~~~~~~~~~~~~ 02-23
19011460;21012038t;19265798;15090500113;05121959;17061754;055;409 ~~~~~~~~~~~~~~~~~~~~~~~~~~~~~~~~~~~~~~ 02-24
20011460;22012038t;20265798;16090500113;06121959;18061754;056;647;648;398;376;406;612 ~~~~~~~~~~~~~~~~~~ 02-25
21011460;23012038t;21265798;17090500113;07121959;19061754;057;649 ~~~~~~~~~~~~~~~~~~~~~~~~~~~~~~~~~~~~~~ 02-26
22011460;24012038t;22265798;18090500113;08121959;20061754;058;612 ~~~~~~~~~~~~~~~~~~~~~~~~~~~~~~~~~~~~~~ 02-27
23011460;25012038t;23265798;19090500113;09121959;21061754;059;650 ~~~~~~~~~~~~~~~~~~~~~~~~~~~~~~~~~~~~~~ 02-28
24011460;26012038t;24265798;03100500113;10121959;22061754;061;943 ~~~~~~~~~~~~~~~~~~~~~~~~~~~~~~~~~~~~~~ 03-01
25011460;27012038t;25265798;04100500113;11121959;23061754;062;406;409 ~~~~~~~~~~~~~~~~~~~~~~~~~~~~~~~~~~ 03-02
26011460;28012038t;26265798;05100500113;12121959;24061754;063;861;612;613 ~~~~~~~~~~~~~~~~~~~~~~~~~~~~~~ 03-03
27011460;29012038t;27265798;06100500113;13121959;25061754;064;653;886;496 ~~~~~~~~~~~~~~~~~~~~~~~~~~~~~~ 03-04
28011460;30012038t;28265798;07100500113;14121959;26061754;065;654;380;412;613 ~~~~~~~~~~~~~~~~~~~~~~~~~~ 03-05
29011460;01022038t;29265798;08100500113;15121959;27061754;066;637;433;415;496 ~~~~~~~~~~~~~~~~~~~~~~~~~~ 03-06
30011460;02022038t;30265798;09100500113;16121959;28061754;067;655;497;406;612 ~~~~~~~~~~~~~~~~~~~~~~~~~~ 03-07
01021460;03022038t;01275798;10100500113;17121959;29061754;068 ~~~~~~~~~~~~~~~~~~~~~~~~~~~~~~~~~~~~~~~~~~ 03-08
02021460;04022038t;02275798;11100500113;18121959;30061754;069;443;513;613 ~~~~~~~~~~~~~~~~~~~~~~~~~~~~~~ 03-09
03021460;05022038t;03275798;12100500113;19121959;01071754;070;444;436 ~~~~~~~~~~~~~~~~~~~~~~~~~~~~~~~~~~ 03-10
04021460;06022038t;04275798;13100500113;20121959;02071754;071;656;612;613 ~~~~~~~~~~~~~~~~~~~~~~~~~~~~~~ 03-11
05021460;07022038t;05275798;14100500113;21121959;03071754;072;412 ~~~~~~~~~~~~~~~~~~~~~~~~~~~~~~~~~~~~~~ 03-12
06021460;08022038t;06275798;15100500113;22121959;04071754;073;397;612 ~~~~~~~~~~~~~~~~~~~~~~~~~~~~~~~~~~ 03-13
07021460;09022038t;07275798;16100500113;23121959;05071754;074;409;415 ~~~~~~~~~~~~~~~~~~~~~~~~~~~~~~~~~~ 03-14
08021460;10022038t;08275798;17100500113;24121959;06071754;075;410;612 ~~~~~~~~~~~~~~~~~~~~~~~~~~~~~~~~~~ 03-15
09021460;11022038t;09275798;18100500113;25121959;07071754;076;657;867 ~~~~~~~~~~~~~~~~~~~~~~~~~~~~~~~~~~ 03-16
10021460;12022038t;10275798;19100500113;26121959;08071754;077;517;406;612;613 ~~~~~~~~~~~~~~~~~~~~~~~~~~ 03-17
11021460;13022038t;11275798;00110500113;27121959;09071754;078;658;399 ~~~~~~~~~~~~~~~~~~~~~~~~~~~~~~~~~~ 03-18
12021460;14022038t;12275798;01110500113;28121959;10071754;079;466 ~~~~~~~~~~~~~~~~~~~~~~~~~~~~~~~~~~~~~~ 03-19
13021460;15022038t;13275798;02110500113;29121959;11071754;080;383;544;623;424 ~~~~~~~~~~~~~~~~~~~~~~~~~~ 03-20
14021460;16022038t;14275798;03110500113;30121959;12071754;081;514;598;906;459;519;400 ~~~~~~~~~~~~~~~~~~ 03-21
15021460;17022038t;15275798;04110500113;01011960;13071754;082;562;851;415 ~~~~~~~~~~~~~~~~~~~~~~~~~~~~~~ 03-22
16021460;18022038t;16275798;05110500113;02011960;14071754;083;659;562 ~~~~~~~~~~~~~~~~~~~~~~~~~~~~~~~~~~ 03-23
17021460;19022038t;17275798;06110500113;03011960;15071754;084;562;400 ~~~~~~~~~~~~~~~~~~~~~~~~~~~~~~~~~~ 03-24
18021460;20022038t;18275798;07110500113;04011960;16071754;085;612;613 ~~~~~~~~~~~~~~~~~~~~~~~~~~~~~~~~~~ 03-25
19021460;21022038t;19275798;08110500113;05011960;17071754;086;412 ~~~~~~~~~~~~~~~~~~~~~~~~~~~~~~~~~~~~~~ 03-26
20021460;22022038t;20275798;09110500113;06011960;18071754;087;398;533;924;844;400;612 ~~~~~~~~~~~~~~~~~~ 03-27
21021460;23022038t;21275798;10110500113;07011960;19071754;088;416 ~~~~~~~~~~~~~~~~~~~~~~~~~~~~~~~~~~~~~~ 03-28
22021460;24022038t;22275798;11110500113;08011960;20071754;089;652;613 ~~~~~~~~~~~~~~~~~~~~~~~~~~~~~~~~~~ 03-29
23021460;25022038t;23275798;12110500113;09011960;21071754;090;809;852;400 ~~~~~~~~~~~~~~~~~~~~~~~~~~~~~~ 03-30
24021460;26022038t;24275798;13110500113;10011960;22071754;091;660;900;612 ~~~~~~~~~~~~~~~~~~~~~~~~~~~~~~ 03-31
25021460;27022038t;25275798;14110500113;11011960;23071754;092;406 ~~~~~~~~~~~~~~~~~~~~~~~~~~~~~~~~~~~~~~ 04-01
26021460;28022038t;26275798;15110500113;12011960;24071754;093;400;412;612 ~~~~~~~~~~~~~~~~~~~~~~~~~~~~~~ 04-02
27021460;29022038t;27275798;16110500113;13011960;25071754;094;637;661 ~~~~~~~~~~~~~~~~~~~~~~~~~~~~~~~~~~ 04-03
28021460;30022038t;28275798;17110500113;14011960;26071754;095;662;380;571;612;614 ~~~~~~~~~~~~~~~~~~~~~~ 04-04
29021460;01032038t;29275798;18110500113;15011960;27071754;096;513;651;538;559;935;400 ~~~~~~~~~~~~~~~~~~ 04-05
01031460;02032038t;01285798;19110500113;16011960;28071754;097;406;614;651 ~~~~~~~~~~~~~~~~~~~~~~~~~~~~~~ 04-06
02031460;03032038t;02285798;00120500113;17011960;29071754;098;663;555;577;651 ~~~~~~~~~~~~~~~~~~~~~~~~~~ 04-07
03031460;04032038t;03285798;01120500113;18011960;30071754;099;400;612;651 ~~~~~~~~~~~~~~~~~~~~~~~~~~~~~~ 04-08
04031460;05032038t;04285798;02120500113;19011960;01081754;100;651 ~~~~~~~~~~~~~~~~~~~~~~~~~~~~~~~~~~~~~~ 04-09
05031460;06032038t;05285798;03120500113;20011960;02081754;101;401;651;612;614 ~~~~~~~~~~~~~~~~~~~~~~~~~~ 04-10
06031460;07032038t;06285798;04120500113;21011960;03081754;102;945;406 ~~~~~~~~~~~~~~~~~~~~~~~~~~~~~~~~~~ 04-11
07031460;08032038t;07285798;05120500113;22011960;04081754;103;397;614 ~~~~~~~~~~~~~~~~~~~~~~~~~~~~~~~~~~ 04-12
08031460;09032038t;08285798;06120500113;23011960;05081754;104;913 ~~~~~~~~~~~~~~~~~~~~~~~~~~~~~~~~~~~~~~ 04-13
09031460;10032038t;09285798;07120500113;24011960;06081754;105;912;933;614 ~~~~~~~~~~~~~~~~~~~~~~~~~~~~~~ 04-14
10031460;11032038t;10285798;08120500113;25011960;07081754;106;631;664;877 ~~~~~~~~~~~~~~~~~~~~~~~~~~~~~~ 04-15
11031460;12032038t;11285798;09120500113;26011960;08081754;107;665;554;406;614 ~~~~~~~~~~~~~~~~~~~~~~~~~~ 04-16
12031460;13032038t;12285798;10120500113;27011960;09081754;108;666;511 ~~~~~~~~~~~~~~~~~~~~~~~~~~~~~~~~~~ 04-17
13031460;14032038t;13285798;11120500113;28011960;10081754;109;493;612 ~~~~~~~~~~~~~~~~~~~~~~~~~~~~~~~~~~ 04-18
14031460;15032038t;14285798;12120500113;29011960;11081754;110;794;384;432;514;539;575 ~~~~~~~~~~~~~~~~~~ 04-19
15031460;16032038t;15285798;13120500113;30011960;12081754;111;515;612;614 ~~~~~~~~~~~~~~~~~~~~~~~~~~~~~~ 04-20
16031460;17032038t;16285798;14120500113;01021960;13081754;112 ~~~~~~~~~~~~~~~~~~~~~~~~~~~~~~~~~~~~~~~~~~ 04-21
17031460;18032038t;17285798;15120500113;02021960;14081754;113;667;511;843 ~~~~~~~~~~~~~~~~~~~~~~~~~~~~~~ 04-22
18031460;19032038t;18285798;16120500113;03021960;15081754;114;445;412 ~~~~~~~~~~~~~~~~~~~~~~~~~~~~~~~~~~ 04-23
19031460;20032038t;19285798;17120500113;04021960;16081754;115;446;668;437;612 ~~~~~~~~~~~~~~~~~~~~~~~~~~ 04-24
20031460;21032038t;20285798;18120500113;05021960;17081754;116;447;669;398 ~~~~~~~~~~~~~~~~~~~~~~~~~~~~~~ 04-25
21031460;22032038t;21285798;19120500113;06021960;18081754;117;448;612 ~~~~~~~~~~~~~~~~~~~~~~~~~~~~~~~~~~ 04-26
22031460;23032038t;22285798;00130500113;07021960;19081754;118 ~~~~~~~~~~~~~~~~~~~~~~~~~~~~~~~~~~~~~~~~~~ 04-27
23031460;24032038t;23285798;01130500113;08021960;20081754;119;670;612;614 ~~~~~~~~~~~~~~~~~~~~~~~~~~~~~~ 04-28
24031460;25032038t;24285798;02130500113;09021960;21081754;120;939 ~~~~~~~~~~~~~~~~~~~~~~~~~~~~~~~~~~~~~~ 04-29
25031460;26032038t;25285798;03130500113;10021960;22081754;121;671 ~~~~~~~~~~~~~~~~~~~~~~~~~~~~~~~~~~~~~~ 04-30
26031460;27032038t;26285798;04130500113;11021960;23081754;122;637;672;406 ~~~~~~~~~~~~~~~~~~~~~~~~~~~~~~ 05-01
27031460;28032038t;27285798;05130500113;12021960;24081754;123;673;513;526;624;612 ~~~~~~~~~~~~~~~~~~~~~~ 05-02
28031460;29032038t;28285798;06130500113;13021960;25081754;124;674;624 ~~~~~~~~~~~~~~~~~~~~~~~~~~~~~~~~~~ 05-03
29031460;01042038t;29285798;07130500113;14021960;26081754;125;675;380;624 ~~~~~~~~~~~~~~~~~~~~~~~~~~~~~~ 05-04
30031460;02042038t;30285798;08130500113;15021960;27081754;126;676;624;615 ~~~~~~~~~~~~~~~~~~~~~~~~~~~~~~ 05-05
01041460;03042038t;01295798;09130500113;16021960;28081754;127;677;624;406;612 ~~~~~~~~~~~~~~~~~~~~~~~~~~ 05-06
02041460;04042038t;02295798;10130500113;17021960;29081754;128;679;678;510;902;624;412;615 ~~~~~~~~~~~~~~ 05-07
03041460;05042038t;03295798;11130500113;18021960;30081754;129;681;680;624 ~~~~~~~~~~~~~~~~~~~~~~~~~~~~~~ 05-08
04041460;06042038t;04295798;12130500113;19021960;01091754;130;451;528;615 ~~~~~~~~~~~~~~~~~~~~~~~~~~~~~~ 05-09
05041460;07042038t;05295798;13130500113;20021960;02091754;131;682;529 ~~~~~~~~~~~~~~~~~~~~~~~~~~~~~~~~~~ 05-10
06041460;08042038t;06295798;14130500113;21021960;03091754;132;397;413;553;821;615 ~~~~~~~~~~~~~~~~~~~~~~ 05-11
07041460;09042038t;07295798;15130500113;22021960;04091754;133;683;818;612 ~~~~~~~~~~~~~~~~~~~~~~~~~~~~~~ 05-12
08041460;10042038t;08295798;16130500113;23021960;05091754;134;816;864;927;615 ~~~~~~~~~~~~~~~~~~~~~~~~~~ 05-13
09041460;11042038t;09295798;17130500113;24021960;06091754;135;612 ~~~~~~~~~~~~~~~~~~~~~~~~~~~~~~~~~~~~~~ 05-14
10041460;12042038t;10295798;18130500113;25021960;07091754;136;687;889 ~~~~~~~~~~~~~~~~~~~~~~~~~~~~~~~~~~ 05-15
11041460;13042038t;11295798;19130500113;26021960;08091754;137;684;406;612 ~~~~~~~~~~~~~~~~~~~~~~~~~~~~~~ 05-16
12041460;14042038t;12295798;00140500113;27021960;09091754;138;514;894;615 ~~~~~~~~~~~~~~~~~~~~~~~~~~~~~~ 05-17
13041460;15042038t;13295798;01140500113;28021960;10091754;139;385;537;937 ~~~~~~~~~~~~~~~~~~~~~~~~~~~~~~ 05-18
14041460;16042038t;14295798;02140500113;29021960;11091754;140;685;892 ~~~~~~~~~~~~~~~~~~~~~~~~~~~~~~~~~~ 05-19
15041460;17042038t;15295798;03140500113;30021960;12091754;141;797 ~~~~~~~~~~~~~~~~~~~~~~~~~~~~~~~~~~~~~~ 05-20
16041460;18042038t;16295798;04140500113;31021960;13091754;142;686;573;406;615 ~~~~~~~~~~~~~~~~~~~~~~~~~~ 05-21
17041460;19042038t;17295798;05140500113;01031960;14091754;143;812;573;612 ~~~~~~~~~~~~~~~~~~~~~~~~~~~~~~ 05-22
18041460;20042038t;18295798;06140500113;02031960;15091754;144;798;518;573 ~~~~~~~~~~~~~~~~~~~~~~~~~~~~~~ 05-23
19041460;21042038t;19295798;07140500113;03031960;16091754;145;789 ~~~~~~~~~~~~~~~~~~~~~~~~~~~~~~~~~~~~~~ 05-24
20041460;22042038t;20295798;08140500113;04031960;17091754;146;398;420 ~~~~~~~~~~~~~~~~~~~~~~~~~~~~~~~~~~ 05-25
21041460;23042038t;21295798;09140500113;05031960;18091754;147;688;406;612 ~~~~~~~~~~~~~~~~~~~~~~~~~~~~~~ 05-26
22041460;24042038t;22295798;10140500113;06031960;19091754;148;833;615 ~~~~~~~~~~~~~~~~~~~~~~~~~~~~~~~~~~ 05-27
23041460;25042038t;23295798;11140500113;07031960;20091754;149;689;830;612 ~~~~~~~~~~~~~~~~~~~~~~~~~~~~~~ 05-28
24041460;26042038t;24295798;12140500113;08031960;21091754;150;439;513;530;615 ~~~~~~~~~~~~~~~~~~~~~~~~~~ 05-29
25041460;27042038t;25295798;13140500113;09031960;22091754;151;439 ~~~~~~~~~~~~~~~~~~~~~~~~~~~~~~~~~~~~~~ 05-30
26041460;28042038t;26295798;14140500113;10031960;23091754;152;438;406 ~~~~~~~~~~~~~~~~~~~~~~~~~~~~~~~~~~ 05-31
27041460;29042038t;27295798;15140500113;11031960;24091754;153 ~~~~~~~~~~~~~~~~~~~~~~~~~~~~~~~~~~~~~~~~~~ 06-01
28041460;30042038t;28295798;16140500113;12031960;25091754;154;691;694;380;433;921;942 ~~~~~~~~~~~~~~~~~~ 06-02
29041460;01052038t;29295798;17140500113;13031960;26091754;155;494;612;616 ~~~~~~~~~~~~~~~~~~~~~~~~~~~~~~ 06-03
01051460;02052038t;01305798;18140500113;14031960;27091754;156;692 ~~~~~~~~~~~~~~~~~~~~~~~~~~~~~~~~~~~~~~ 06-04
02051460;03052038t;02305798;19140500113;15031960;28091754;157;637;693;612;616 ~~~~~~~~~~~~~~~~~~~~~~~~~~ 06-05
03051460;04052038t;03305798;00150500113;16031960;29091754;158;690 ~~~~~~~~~~~~~~~~~~~~~~~~~~~~~~~~~~~~~~ 06-06
04051460;05052038t;04305798;01150500113;17031960;30091754;159;564;612 ~~~~~~~~~~~~~~~~~~~~~~~~~~~~~~~~~~ 06-07
05051460;06052038t;05305798;02150500113;18031960;01101754;160;696 ~~~~~~~~~~~~~~~~~~~~~~~~~~~~~~~~~~~~~~ 06-08
06051460;07052038t;06305798;03150500113;19031960;02101754;161;522;612;616 ~~~~~~~~~~~~~~~~~~~~~~~~~~~~~~ 06-09
07051460;08052038t;07305798;04150500113;20031960;03101754;162;397;406 ~~~~~~~~~~~~~~~~~~~~~~~~~~~~~~~~~~ 06-10
08051460;09052038t;08305798;05150500113;21031960;04101754;163;569;616 ~~~~~~~~~~~~~~~~~~~~~~~~~~~~~~~~~~ 06-11
09051460;10052038t;09305798;06150500113;22031960;05101754;164;697;799;552;569 ~~~~~~~~~~~~~~~~~~~~~~~~~~ 06-12
10051460;11052038t;10305798;07150500113;23031960;06101754;165;449;695;896;612 ~~~~~~~~~~~~~~~~~~~~~~~~~~ 06-13
11051460;12052038t;11305798;08150500113;24031960;07101754;166;514 ~~~~~~~~~~~~~~~~~~~~~~~~~~~~~~~~~~~~~~ 06-14
12051460;13052038t;12305798;09150500113;25031960;08101754;167 ~~~~~~~~~~~~~~~~~~~~~~~~~~~~~~~~~~~~~~~~~~ 06-15
13051460;14052038t;13305798;10150500113;26031960;09101754;168;386;855;941 ~~~~~~~~~~~~~~~~~~~~~~~~~~~~~~ 06-16
14051460;15052038t;14305798;11150500113;27031960;10101754;169;698;542;874;948;612;616 ~~~~~~~~~~~~~~~~~~ 06-17
15051460;16052038t;15305798;12150500113;28031960;11101754;170;701;699;700 ~~~~~~~~~~~~~~~~~~~~~~~~~~~~~~ 06-18
16051460;17052038t;16305798;13150500113;29031960;12101754;171 ~~~~~~~~~~~~~~~~~~~~~~~~~~~~~~~~~~~~~~~~~~ 06-19
17051460;18052038t;17305798;14150500113;30031960;13101754;172;452;452;460;406 ~~~~~~~~~~~~~~~~~~~~~~~~~~ 06-20
18051460;19052038t;18305798;15150500113;31031960;14101754;173;425;616 ~~~~~~~~~~~~~~~~~~~~~~~~~~~~~~~~~~ 06-21
19051460;20052038t;19305798;16150500113;01041960;15101754;174;824;461 ~~~~~~~~~~~~~~~~~~~~~~~~~~~~~~~~~~ 06-22
20051460;21052038t;20305798;17150500113;02041960;16101754;175;612;616 ~~~~~~~~~~~~~~~~~~~~~~~~~~~~~~~~~~ 06-23
21051460;22052038t;21305798;18150500113;03041960;17101754;176;398;421 ~~~~~~~~~~~~~~~~~~~~~~~~~~~~~~~~~~ 06-24
22051460;23052038t;22305798;19150500113;04041960;18101754;177;703;578;406;616 ~~~~~~~~~~~~~~~~~~~~~~~~~~ 06-25
23051460;24052038t;23305798;00160500113;05041960;19101754;178;702;513 ~~~~~~~~~~~~~~~~~~~~~~~~~~~~~~~~~~ 06-26
24051460;25052038t;24305798;01160500113;06041960;20101754;179;612;616 ~~~~~~~~~~~~~~~~~~~~~~~~~~~~~~~~~~ 06-27
25051460;26052038t;25305798;02160500113;07041960;21101754;180;946 ~~~~~~~~~~~~~~~~~~~~~~~~~~~~~~~~~~~~~~ 06-28
26051460;27052038t;26305798;03160500113;08041960;22101754;181;612 ~~~~~~~~~~~~~~~~~~~~~~~~~~~~~~~~~~~~~~ 06-29
27051460;28052038t;27305798;04160500113;09041960;23101754;182;704;819;406 ~~~~~~~~~~~~~~~~~~~~~~~~~~~~~~ 06-30
28051460;29052038t;28305798;05160500113;10041960;24101754;183;612 ~~~~~~~~~~~~~~~~~~~~~~~~~~~~~~~~~~~~~~ 07-01
29051460;01062038t;29305798;06160500113;11041960;25101754;184;380;932;950;565 ~~~~~~~~~~~~~~~~~~~~~~~~~~ 07-02
30051460;02062038t;30305798;07160500113;12041960;26101754;185;637;705;840;565;617 ~~~~~~~~~~~~~~~~~~~~~~ 07-03
01061460;03062038t;01315798;08160500113;13041960;27101754;186;795;373;870 ~~~~~~~~~~~~~~~~~~~~~~~~~~~~~~ 07-04
02061460;04062038t;02315798;09160500113;14041960;28101754;187;406;612;617 ~~~~~~~~~~~~~~~~~~~~~~~~~~~~~~ 07-05
03061460;05062038t;03315798;10160500113;15041960;29101754;188 ~~~~~~~~~~~~~~~~~~~~~~~~~~~~~~~~~~~~~~~~~~ 07-06
04061460;06062038t;04315798;11160500113;16041960;30101754;189;436;612;617 ~~~~~~~~~~~~~~~~~~~~~~~~~~~~~~ 07-07
05061460;07062038t;05315798;12160500113;17041960;01111754;190 ~~~~~~~~~~~~~~~~~~~~~~~~~~~~~~~~~~~~~~~~~~ 07-08
06061460;08062038t;06315798;13160500113;18041960;02111754;191;397 ~~~~~~~~~~~~~~~~~~~~~~~~~~~~~~~~~~~~~~ 07-09
07061460;09062038t;07315798;14160500113;19041960;03111754;192;706;406 ~~~~~~~~~~~~~~~~~~~~~~~~~~~~~~~~~~ 07-10
08061460;10062038t;08315798;15160500113;20041960;04111754;193;514;612;617 ~~~~~~~~~~~~~~~~~~~~~~~~~~~~~~ 07-11
09061460;11062038t;09315798;16160500113;21041960;05111754;194;707;546 ~~~~~~~~~~~~~~~~~~~~~~~~~~~~~~~~~~ 07-12
10061460;12062038t;10315798;17160500113;22041960;06111754;195;612 ~~~~~~~~~~~~~~~~~~~~~~~~~~~~~~~~~~~~~~ 07-13
11061460;13062038t;11315798;18160500113;23041960;07111754;196 ~~~~~~~~~~~~~~~~~~~~~~~~~~~~~~~~~~~~~~~~~~ 07-14
12061460;14062038t;12315798;19160500113;24041960;08111754;197;631;617 ~~~~~~~~~~~~~~~~~~~~~~~~~~~~~~~~~~ 07-15
13061460;15062038t;13315798;00170500113;25041960;09111754;198;387;432;531;542;561;948 ~~~~~~~~~~~~~~~~~~ 07-16
14061460;16062038t;14315798;01170500113;26041960;10111754;199;708 ~~~~~~~~~~~~~~~~~~~~~~~~~~~~~~~~~~~~~~ 07-17
15061460;17062038t;15315798;02170500113;27041960;11111754;200;709 ~~~~~~~~~~~~~~~~~~~~~~~~~~~~~~~~~~~~~~ 07-18
16061460;18062038t;16315798;03170500113;28041960;12111754;201;710;617 ~~~~~~~~~~~~~~~~~~~~~~~~~~~~~~~~~~ 07-19
17061460;19062038t;17315798;04170500113;29041960;13111754;202;406 ~~~~~~~~~~~~~~~~~~~~~~~~~~~~~~~~~~~~~~ 07-20
18061460;20062038t;18315798;05170500113;30041960;14111754;203;711;399;612;617 ~~~~~~~~~~~~~~~~~~~~~~~~~~ 07-21
19061460;21062038t;19315798;06170500113;31041960;15111754;204;712 ~~~~~~~~~~~~~~~~~~~~~~~~~~~~~~~~~~~~~~ 07-22
20061460;22062038t;20315798;07170500113;01051960;16111754;205;398 ~~~~~~~~~~~~~~~~~~~~~~~~~~~~~~~~~~~~~~ 07-23
21061460;23062038t;21315798;08170500113;02051960;17111754;206;713;513 ~~~~~~~~~~~~~~~~~~~~~~~~~~~~~~~~~~ 07-24
22061460;24062038t;22315798;09170500113;03051960;18111754;207;714;378;406;612 ~~~~~~~~~~~~~~~~~~~~~~~~~~ 07-25
23061460;25062038t;23315798;10170500113;04051960;19111754;208 ~~~~~~~~~~~~~~~~~~~~~~~~~~~~~~~~~~~~~~~~~~ 07-26
24061460;26062038t;24315798;11170500113;05051960;20111754;209;878;400;612;617 ~~~~~~~~~~~~~~~~~~~~~~~~~~ 07-27
25061460;27062038t;25315798;12170500113;06051960;21111754;210 ~~~~~~~~~~~~~~~~~~~~~~~~~~~~~~~~~~~~~~~~~~ 07-28
26061460;28062038t;26315798;13170500113;07051960;22111754;211;715;617 ~~~~~~~~~~~~~~~~~~~~~~~~~~~~~~~~~~ 07-29
27061460;29062038t;27315798;14170500113;08051960;23111754;212;716;400;406 ~~~~~~~~~~~~~~~~~~~~~~~~~~~~~~ 07-30
28061460;30062038t;28315798;15170500113;09051960;24111754;213;380;612 ~~~~~~~~~~~~~~~~~~~~~~~~~~~~~~~~~~ 07-31
29061460;01072038t;29315798;16170500113;10051960;25111754;214;717 ~~~~~~~~~~~~~~~~~~~~~~~~~~~~~~~~~~~~~~ 08-01
01071460;02072038t;01325798;17170500113;11051960;26111754;215;400;612 ~~~~~~~~~~~~~~~~~~~~~~~~~~~~~~~~~~ 08-02
02071460;03072038t;02325798;18170500113;12051960;27111754;216;718;579;618 ~~~~~~~~~~~~~~~~~~~~~~~~~~~~~~ 08-03
03071460;04072038t;03325798;19170500113;13051960;28111754;217;417;406 ~~~~~~~~~~~~~~~~~~~~~~~~~~~~~~~~~~ 08-04
04071460;05072038t;04325798;00000600113;14051960;29111754;218;514;891 ~~~~~~~~~~~~~~~~~~~~~~~~~~~~~~~~~~ 08-05
05071460;06072038t;05325798;01000600113;15051960;30111754;219;719 ~~~~~~~~~~~~~~~~~~~~~~~~~~~~~~~~~~~~~~ 08-06
06071460;07072038t;06325798;02000600113;16051960;01121754;220;637;720;397;836;572;618 ~~~~~~~~~~~~~~~~~~ 08-07
07071460;08072038t;07325798;03000600113;17051960;02121754;221;721 ~~~~~~~~~~~~~~~~~~~~~~~~~~~~~~~~~~~~~~ 08-08
08071460;09072038t;08325798;04000600113;18051960;03121754;222 ~~~~~~~~~~~~~~~~~~~~~~~~~~~~~~~~~~~~~~~~~~ 08-09
09071460;10072038t;09325798;05000600113;19051960;04121754;223;926 ~~~~~~~~~~~~~~~~~~~~~~~~~~~~~~~~~~~~~~ 08-10
10071460;11072038t;10325798;06000600113;20051960;05121754;224;722;554;400 ~~~~~~~~~~~~~~~~~~~~~~~~~~~~~~ 08-11
11071460;12072038t;11325798;07000600113;21051960;06121754;225;815 ~~~~~~~~~~~~~~~~~~~~~~~~~~~~~~~~~~~~~~ 08-12
12071460;13072038t;12325798;08000600113;22051960;07121754;226;596;938;418;421 ~~~~~~~~~~~~~~~~~~~~~~~~~~ 08-13
13071460;14072038t;13325798;09000600113;23051960;08121754;227;723;388;401;556;909;910;925;567;406;612 ~~ 08-14
14071460;15072038t;14325798;10000600113;24051960;09121754;228;825;567 ~~~~~~~~~~~~~~~~~~~~~~~~~~~~~~~~~~ 08-15
15071460;16072038t;15325798;11000600113;25051960;10121754;229;467 ~~~~~~~~~~~~~~~~~~~~~~~~~~~~~~~~~~~~~~ 08-16
16071460;17072038t;16325798;12000600113;26051960;11121754;230;875 ~~~~~~~~~~~~~~~~~~~~~~~~~~~~~~~~~~~~~~ 08-17
17071460;18072038t;17325798;13000600113;27051960;12121754;231 ~~~~~~~~~~~~~~~~~~~~~~~~~~~~~~~~~~~~~~~~~~ 08-18
18071460;19072038t;18325798;14000600113;28051960;13121754;232 ~~~~~~~~~~~~~~~~~~~~~~~~~~~~~~~~~~~~~~~~~~ 08-19
19071460;20072038t;19325798;15000600113;29051960;14121754;233;612 ~~~~~~~~~~~~~~~~~~~~~~~~~~~~~~~~~~~~~~ 08-20
20071460;21072038t;20325798;16000600113;30051960;15121754;234;724;513;618 ~~~~~~~~~~~~~~~~~~~~~~~~~~~~~~ 08-21
21071460;22072038t;21325798;17000600113;31051960;16121754;235;398;437;418 ~~~~~~~~~~~~~~~~~~~~~~~~~~~~~~ 08-22
22071460;23072038t;22325798;18000600113;01061960;17121754;236;831;883 ~~~~~~~~~~~~~~~~~~~~~~~~~~~~~~~~~~ 08-23
23071460;24072038t;23325798;19000600113;02061960;18121754;237;406 ~~~~~~~~~~~~~~~~~~~~~~~~~~~~~~~~~~~~~~ 08-24
24071460;25072038t;24325798;00010600113;03061960;19121754;238 ~~~~~~~~~~~~~~~~~~~~~~~~~~~~~~~~~~~~~~~~~~ 08-25
25071460;26072038t;25325798;01010600113;04061960;20121754;239;503;819 ~~~~~~~~~~~~~~~~~~~~~~~~~~~~~~~~~~ 08-26
26071460;27072038t;26325798;02010600113;05061960;21121754;240;427 ~~~~~~~~~~~~~~~~~~~~~~~~~~~~~~~~~~~~~~ 08-27
27071460;28072038t;27325798;03010600113;06061960;22121754;241;725;509 ~~~~~~~~~~~~~~~~~~~~~~~~~~~~~~~~~~ 08-28
28071460;29072038t;28325798;04010600113;07061960;23121754;242;428;725;433;406 ~~~~~~~~~~~~~~~~~~~~~~~~~~ 08-29
29071460;01082038t;29325798;05010600113;08061960;24121754;243;796;380;928 ~~~~~~~~~~~~~~~~~~~~~~~~~~~~~~ 08-30
30071460;02082038t;30325798;06010600113;09061960;25121754;244;594 ~~~~~~~~~~~~~~~~~~~~~~~~~~~~~~~~~~~~~~ 08-31
01081460;03082038t;01335798;07010600113;10061960;26121754;245;595;514;612 ~~~~~~~~~~~~~~~~~~~~~~~~~~~~~~ 09-01
02081460;04082038t;02335798;08010600113;11061960;27121754;246;550;597;421 ~~~~~~~~~~~~~~~~~~~~~~~~~~~~~~ 09-02
03081460;05082038t;03335798;09010600113;12061960;28121754;247;596;727;868;915;406;619 ~~~~~~~~~~~~~~~~~~ 09-03
04081460;06082038t;04335798;10010600113;13061960;29121754;248;429;637;728 ~~~~~~~~~~~~~~~~~~~~~~~~~~~~~~ 09-04
05081460;07082038t;05335798;11010600113;14061960;30121754;249;430;845;397;619 ~~~~~~~~~~~~~~~~~~~~~~~~~~ 09-05
06081460;08082038t;06335798;12010600113;15061960;01131754;250;434;846;908 ~~~~~~~~~~~~~~~~~~~~~~~~~~~~~~ 09-06
07081460;09082038t;07335798;13010600113;16061960;02131754;251;435;612;619 ~~~~~~~~~~~~~~~~~~~~~~~~~~~~~~ 09-07
08081460;10082038t;08335798;14010600113;17061960;03131754;252;406 ~~~~~~~~~~~~~~~~~~~~~~~~~~~~~~~~~~~~~~ 09-08
09081460;11082038t;09335798;15010600113;18061960;04131754;253;730;903;612 ~~~~~~~~~~~~~~~~~~~~~~~~~~~~~~ 09-09
10081460;12082038t;10335798;16010600113;19061960;05131754;254;897 ~~~~~~~~~~~~~~~~~~~~~~~~~~~~~~~~~~~~~~ 09-10
11081460;13082038t;11335798;17010600113;20061960;01011755;255 ~~~~~~~~~~~~~~~~~~~~~~~~~~~~~~~~~~~~~~~~~~ 09-11
12081460;14082038t;12335798;18010600113;21061960;02011755;256;455;847;520;551 ~~~~~~~~~~~~~~~~~~~~~~~~~~ 09-12
13081460;15082038t;13335798;19010600113;22061960;03011755;257;729;726;389;390;534;570 ~~~~~~~~~~~~~~~~~~ 09-13
14081460;16082038t;14335798;00020600113;23061960;04011755;258;907;512 ~~~~~~~~~~~~~~~~~~~~~~~~~~~~~~~~~~ 09-14
15081460;17082038t;15335798;01020600113;24061960;05011755;259;619 ~~~~~~~~~~~~~~~~~~~~~~~~~~~~~~~~~~~~~~ 09-15
16081460;18082038t;16335798;02020600113;25061960;06011755;260;733 ~~~~~~~~~~~~~~~~~~~~~~~~~~~~~~~~~~~~~~ 09-16
17081460;19082038t;17335798;03020600113;26061960;07011755;261;596;734;513;612;619;848 ~~~~~~~~~~~~~~~~~~ 09-17
18081460;20082038t;18335798;04020600113;27061960;08011755;262;735;418 ~~~~~~~~~~~~~~~~~~~~~~~~~~~~~~~~~~ 09-18
19081460;21082038t;19335798;05020600113;28061960;09011755;263;731;612;619 ~~~~~~~~~~~~~~~~~~~~~~~~~~~~~~ 09-19
20081460;22082038t;20335798;06020600113;29061960;10011755;264 ~~~~~~~~~~~~~~~~~~~~~~~~~~~~~~~~~~~~~~~~~~ 09-20
21081460;23082038t;21335798;07020600113;30061960;11011755;265;732;398;848 ~~~~~~~~~~~~~~~~~~~~~~~~~~~~~~ 09-21
22081460;24082038t;22335798;08020600113;31061960;12011755;266;462;421 ~~~~~~~~~~~~~~~~~~~~~~~~~~~~~~~~~~ 09-22
23081460;25082038t;23335798;09020600113;01071960;13011755;267;423;406;848 ~~~~~~~~~~~~~~~~~~~~~~~~~~~~~~ 09-23
24081460;26082038t;24335798;10020600113;02071960;14011755;268;738;463 ~~~~~~~~~~~~~~~~~~~~~~~~~~~~~~~~~~ 09-24
25081460;27082038t;25335798;11020600113;03071960;15011755;269;739;743;869;612 ~~~~~~~~~~~~~~~~~~~~~~~~~~ 09-25
26081460;28082038t;26335798;12020600113;04071960;16011755;270;740 ~~~~~~~~~~~~~~~~~~~~~~~~~~~~~~~~~~~~~~ 09-26
27081460;29082038t;27335798;13020600113;05071960;17011755;271;736;612 ~~~~~~~~~~~~~~~~~~~~~~~~~~~~~~~~~~ 09-27
28081460;30082038t;28335798;14020600113;06071960;18011755;272;737;380;920;406 ~~~~~~~~~~~~~~~~~~~~~~~~~~ 09-28
29081460;01092038t;29335798;15020600113;07071960;19011755;273;742;790;895;521 ~~~~~~~~~~~~~~~~~~~~~~~~~~ 09-29
01091460;02092038t;01015799;16020600113;08071960;20011755;274;741;790;514;504;521;853 ~~~~~~~~~~~~~~~~~~ 09-30
02091460;03092038t;02015799;17020600113;09071960;21011755;275;748;790;521;853;612;848 ~~~~~~~~~~~~~~~~~~ 10-01
03091460;04092038t;03015799;18020600113;10071960;22011755;276;637;790;853;421 ~~~~~~~~~~~~~~~~~~~~~~~~~~ 10-02
04091460;05092038t;04015799;19020600113;11071960;23011755;277;749;790;406;612;620;848 ~~~~~~~~~~~~~~~~~~ 10-03
05091460;06092038t;05015799;00030600113;12071960;24011755;278;744;790;918 ~~~~~~~~~~~~~~~~~~~~~~~~~~~~~~ 10-04
06091460;07092038t;06015799;01030600113;13071960;25011755;279;745;790;397;548;919;612;848 ~~~~~~~~~~~~~~ 10-05
07091460;08092038t;07015799;02030600113;14071960;26011755;280;746;856;885;418 ~~~~~~~~~~~~~~~~~~~~~~~~~~ 10-06
08091460;09092038t;08015799;03030600113;15071960;27011755;281;747;549;560;563;612;848 ~~~~~~~~~~~~~~~~~~ 10-07
09091460;10092038t;09015799;04030600113;16071960;28011755;282;596;899;406 ~~~~~~~~~~~~~~~~~~~~~~~~~~~~~~ 10-08
10091460;11092038t;10015799;05030600113;17071960;29011755;283;754;527;620 ~~~~~~~~~~~~~~~~~~~~~~~~~~~~~~ 10-09
11091460;12092038t;11015799;06030600113;18071960;30011755;284;750;367 ~~~~~~~~~~~~~~~~~~~~~~~~~~~~~~~~~~ 10-10
12091460;13092038t;12015799;07030600113;19071960;01021755;285;751;368;612;620 ~~~~~~~~~~~~~~~~~~~~~~~~~~ 10-11
13091460;14092038t;13015799;08030600113;20071960;02021755;286;791;393;374;432;882;922;421 ~~~~~~~~~~~~~~ 10-12
14091460;15092038t;14015799;09030600113;21071960;03021755;287;752;532;406;620;848 ~~~~~~~~~~~~~~~~~~~~~~ 10-13
15091460;16092038t;15015799;10030600113;22071960;04021755;288;753;523 ~~~~~~~~~~~~~~~~~~~~~~~~~~~~~~~~~~ 10-14
16091460;17092038t;16015799;11030600113;23071960;05021755;289;596;513;863;523;620 ~~~~~~~~~~~~~~~~~~~~~~ 10-15
17091460;18092038t;17015799;12030600113;24071960;06021755;290;758;881;523 ~~~~~~~~~~~~~~~~~~~~~~~~~~~~~~ 10-16
18091460;19092038t;18015799;13030600113;25071960;07021755;291;523 ~~~~~~~~~~~~~~~~~~~~~~~~~~~~~~~~~~~~~~ 10-17
19091460;20092038t;19015799;14030600113;26071960;08021755;292;755;523;406 ~~~~~~~~~~~~~~~~~~~~~~~~~~~~~~ 10-18
20091460;21092038t;20015799;15030600113;27071960;09021755;293;756;523;620 ~~~~~~~~~~~~~~~~~~~~~~~~~~~~~~ 10-19
21091460;22092038t;21015799;16030600113;28071960;10021755;294;757;523;784;505 ~~~~~~~~~~~~~~~~~~~~~~~~~~ 10-20
22091460;23092038t;22015799;17030600113;29071960;11021755;295;631;398;369;499;524;785;612 ~~~~~~~~~~~~~~ 10-21
23091460;24092038t;23015799;18030600113;30071960;12021755;296;431;525;786;421 ~~~~~~~~~~~~~~~~~~~~~~~~~~ 10-22
24091460;25092038t;24015799;19030600113;01081960;13021755;297;759;453;787;406 ~~~~~~~~~~~~~~~~~~~~~~~~~~ 10-23
25091460;26092038t;25015799;00040600113;02081960;14021755;298;371;911 ~~~~~~~~~~~~~~~~~~~~~~~~~~~~~~~~~~ 10-24
26091460;27092038t;26015799;01040600113;03081960;15021755;299;558;779;784 ~~~~~~~~~~~~~~~~~~~~~~~~~~~~~~ 10-25
27091460;28092038t;27015799;02040600113;04081960;16021755;300;780;785;508;505 ~~~~~~~~~~~~~~~~~~~~~~~~~~ 10-26
28091460;29092038t;28015799;03040600113;05081960;17021755;301;380;781;786;893 ~~~~~~~~~~~~~~~~~~~~~~~~~~ 10-27
29091460;01102038t;29015799;04040600113;06081960;18021755;302;514;782;787;406;505 ~~~~~~~~~~~~~~~~~~~~~~ 10-28
30091460;02102038t;30015799;05040600113;07081960;19021755;303;849;507;535;783;788;506;612 ~~~~~~~~~~~~~~ 10-29
01101460;03102038t;01025799;06040600113;08081960;20021755;304;502 ~~~~~~~~~~~~~~~~~~~~~~~~~~~~~~~~~~~~~~ 10-30
02101460;04102038t;02025799;07040600113;09081960;21021755;305 ~~~~~~~~~~~~~~~~~~~~~~~~~~~~~~~~~~~~~~~~~~ 10-31
03101460;05102038t;03025799;08040600113;10081960;22021755;306;760;436 ~~~~~~~~~~~~~~~~~~~~~~~~~~~~~~~~~~ 11-01
04101460;06102038t;04025799;09040600113;11081960;23021755;307;850;543;406;418;612 ~~~~~~~~~~~~~~~~~~~~~~ 11-02
05101460;07102038t;05025799;10040600113;12081960;24021755;308;761;397;414 ~~~~~~~~~~~~~~~~~~~~~~~~~~~~~~ 11-03
06101460;08102038t;06025799;11040600113;13081960;25021755;309;762;422;612 ~~~~~~~~~~~~~~~~~~~~~~~~~~~~~~ 11-04
07101460;09102038t;07025799;12040600113;14081960;26021755;310 ~~~~~~~~~~~~~~~~~~~~~~~~~~~~~~~~~~~~~~~~~~ 11-05
08101460;10102038t;08025799;13040600113;15081960;27021755;311;637;763;879 ~~~~~~~~~~~~~~~~~~~~~~~~~~~~~~ 11-06
09101460;11102038t;09025799;14040600113;16081960;28021755;312;547;406 ~~~~~~~~~~~~~~~~~~~~~~~~~~~~~~~~~~ 11-07
10101460;12102038t;10025799;15040600113;17081960;29021755;313;934 ~~~~~~~~~~~~~~~~~~~~~~~~~~~~~~~~~~~~~~ 11-08
11101460;13102038t;11025799;16040600113;18081960;30021755;314 ~~~~~~~~~~~~~~~~~~~~~~~~~~~~~~~~~~~~~~~~~~ 11-09
12101460;14102038t;12025799;17040600113;19081960;01031755;315;612 ~~~~~~~~~~~~~~~~~~~~~~~~~~~~~~~~~~~~~~ 11-10
13101460;15102038t;13025799;18040600113;20081960;02031755;316;764;394;513;880;415;418;621 ~~~~~~~~~~~~~~ 11-11
14101460;16102038t;14025799;19040600113;21081960;03031755;317;399;612 ~~~~~~~~~~~~~~~~~~~~~~~~~~~~~~~~~~ 11-12
15101460;17102038t;15025799;00050600113;22081960;04031755;318;621 ~~~~~~~~~~~~~~~~~~~~~~~~~~~~~~~~~~~~~~ 11-13
16101460;18102038t;16025799;01050600113;23081960;05031755;319 ~~~~~~~~~~~~~~~~~~~~~~~~~~~~~~~~~~~~~~~~~~ 11-14
17101460;19102038t;17025799;02050600113;24081960;06031755;320 ~~~~~~~~~~~~~~~~~~~~~~~~~~~~~~~~~~~~~~~~~~ 11-15
18101460;20102038t;18025799;03050600113;25081960;07031755;321;612 ~~~~~~~~~~~~~~~~~~~~~~~~~~~~~~~~~~~~~~ 11-16
19101460;21102038t;19025799;04050600113;26081960;08031755;322;621 ~~~~~~~~~~~~~~~~~~~~~~~~~~~~~~~~~~~~~~ 11-17
20101460;22102038t;20025799;05050600113;27081960;09031755;323;766;400 ~~~~~~~~~~~~~~~~~~~~~~~~~~~~~~~~~~ 11-18
21101460;23102038t;21025799;06050600113;28081960;10031755;324;398;876;415 ~~~~~~~~~~~~~~~~~~~~~~~~~~~~~~ 11-19
22101460;24102038t;22025799;07050600113;29081960;11031755;325;767;612 ~~~~~~~~~~~~~~~~~~~~~~~~~~~~~~~~~~ 11-20
23101460;25102038t;23025799;08050600113;30081960;12031755;326;765;400 ~~~~~~~~~~~~~~~~~~~~~~~~~~~~~~~~~~ 11-21
24101460;26102038t;24025799;09050600113;01091960;13031755;327;936;788;406;612 ~~~~~~~~~~~~~~~~~~~~~~~~~~ 11-22
25101460;27102038t;25025799;10050600113;02091960;14031755;328;554;621 ~~~~~~~~~~~~~~~~~~~~~~~~~~~~~~~~~~ 11-23
26101460;28102038t;26025799;11050600113;03091960;15031755;329;769;612 ~~~~~~~~~~~~~~~~~~~~~~~~~~~~~~~~~~ 11-24
27101460;29102038t;27025799;12050600113;04091960;16031755;330;440;433;514;375;621 ~~~~~~~~~~~~~~~~~~~~~~ 11-25
28101460;01112038t;28025799;13050600113;05091960;17031755;331;441;380;612 ~~~~~~~~~~~~~~~~~~~~~~~~~~~~~~ 11-26
29101460;02112038t;29025799;14050600113;06091960;18031755;332;770;768;400 ~~~~~~~~~~~~~~~~~~~~~~~~~~~~~~ 11-27
01111460;03112038t;01035799;15050600113;07091960;19031755;333;369;589;612 ~~~~~~~~~~~~~~~~~~~~~~~~~~~~~~ 11-28
02111460;04112038t;02035799;16050600113;08091960;20031755;334;442;418;621 ~~~~~~~~~~~~~~~~~~~~~~~~~~~~~~ 11-29
03111460;05112038t;03035799;17050600113;09091960;21031755;335;771;944;400 ~~~~~~~~~~~~~~~~~~~~~~~~~~~~~~ 11-30
04111460;06112038t;04035799;18050600113;10091960;22031755;336;772 ~~~~~~~~~~~~~~~~~~~~~~~~~~~~~~~~~~~~~~ 12-01
05111460;07112038t;05035799;19050600113;11091960;23031755;337;370;401;406 ~~~~~~~~~~~~~~~~~~~~~~~~~~~~~~ 12-02
06111460;08112038t;06035799;00060600113;12091960;24031755;338;774;397 ~~~~~~~~~~~~~~~~~~~~~~~~~~~~~~~~~~ 12-03
07111460;09112038t;07035799;01060600113;13091960;25031755;339;637;775 ~~~~~~~~~~~~~~~~~~~~~~~~~~~~~~~~~~ 12-04
08111460;10112038t;08035799;02060600113;14091960;26031755;340;590;415 ~~~~~~~~~~~~~~~~~~~~~~~~~~~~~~~~~~ 12-05
09111460;11112038t;09035799;03060600113;15091960;27031755;341;612 ~~~~~~~~~~~~~~~~~~~~~~~~~~~~~~~~~~~~~~ 12-06
10111460;12112038t;10035799;04060600113;16091960;28031755;342;773;557;890;406;622 ~~~~~~~~~~~~~~~~~~~~~~ 12-07
11111460;13112038t;11035799;05060600113;17091960;29031755;343;513;612 ~~~~~~~~~~~~~~~~~~~~~~~~~~~~~~~~~~ 12-08
12111460;14112038t;12035799;06060600113;18091960;30031755;344;622 ~~~~~~~~~~~~~~~~~~~~~~~~~~~~~~~~~~~~~~ 12-09
13111460;15112038t;13035799;07060600113;19091960;01041755;345;437 ~~~~~~~~~~~~~~~~~~~~~~~~~~~~~~~~~~~~~~ 12-10
14111460;16112038t;14035799;08060600113;20091960;02041755;346;776;395;542;545;887;948;622 ~~~~~~~~~~~~~~ 12-11
15111460;17112038t;15035799;09060600113;21091960;03041755;347;777;591;612 ~~~~~~~~~~~~~~~~~~~~~~~~~~~~~~ 12-12
16111460;18112038t;16035799;10060600113;22091960;04041755;348;622 ~~~~~~~~~~~~~~~~~~~~~~~~~~~~~~~~~~~~~~ 12-13
17111460;19112038t;17035799;11060600113;23091960;05041755;349;612 ~~~~~~~~~~~~~~~~~~~~~~~~~~~~~~~~~~~~~~ 12-14
18111460;20112038t;18035799;12060600113;24091960;06041755;350 ~~~~~~~~~~~~~~~~~~~~~~~~~~~~~~~~~~~~~~~~~~ 12-15
19111460;21112038t;19035799;13060600113;25091960;07041755;351;612 ~~~~~~~~~~~~~~~~~~~~~~~~~~~~~~~~~~~~~~ 12-16
20111460;22112038t;20035799;14060600113;26091960;08041755;352;778;408;406 ~~~~~~~~~~~~~~~~~~~~~~~~~~~~~~ 12-17
21111460;23112038t;21035799;15060600113;27091960;09041755;353;612 ~~~~~~~~~~~~~~~~~~~~~~~~~~~~~~~~~~~~~~ 12-18
22111460;24112038t;22035799;16060600113;28091960;10041755;354;398;592 ~~~~~~~~~~~~~~~~~~~~~~~~~~~~~~~~~~ 12-19
23111460;25112038t;23035799;17060600113;29091960;11041755;355;371;612 ~~~~~~~~~~~~~~~~~~~~~~~~~~~~~~~~~~ 12-20
24111460;26112038t;24035799;18060600113;30091960;12041755;356;466;415 ~~~~~~~~~~~~~~~~~~~~~~~~~~~~~~~~~~ 12-21
25111460;27112038t;25035799;19060600113;01101960;13041755;357;917;426;516;406 ~~~~~~~~~~~~~~~~~~~~~~~~~~ 12-22
26111460;28112038t;26035799;00070600113;02101960;14041755;358;465;516 ~~~~~~~~~~~~~~~~~~~~~~~~~~~~~~~~~~ 12-23
27111460;29112038t;27035799;01070600113;03101960;15041755;359;514;864;516;612 ~~~~~~~~~~~~~~~~~~~~~~~~~~ 12-24
28111460;30112038t;28035799;02070600113;04101960;16041755;360;380;820;516 ~~~~~~~~~~~~~~~~~~~~~~~~~~~~~~ 12-25
29111460;01122038t;29035799;03070600113;05101960;17041755;361;930;953;516;418 ~~~~~~~~~~~~~~~~~~~~~~~~~~ 12-26
30111460;02122038t;30035799;04070600113;06101960;18041755;362;622 ~~~~~~~~~~~~~~~~~~~~~~~~~~~~~~~~~~~~~~ 12-27
01121460;03122038t;01045799;05070600113;07101960;19041755;363;516;375 ~~~~~~~~~~~~~~~~~~~~~~~~~~~~~~~~~~ 12-28
02121460;04122038t;02045799;06070600113;08101960;20041755;364;516;409;415 ~~~~~~~~~~~~~~~~~~~~~~~~~~~~~~ 12-29
03121460;05122038t;03045799;07070600113;09101960;21041755;365;516 ~~~~~~~~~~~~~~~~~~~~~~~~~~~~~~~~~~~~~~ 12-30
04121460;06122038t;04045799;08070600113;10101960;22041755;366 ~~~~~~~~~~~~~~~~~~~~~~~~~~~~~~~~~~~~~~~~~~ 12-31
