18111492;19112069Q;18045830;10151700213;11101991;23041786;001;611 ~~~~~~~~~~~~~~~~~~~~~~~~~~~~~~~~~~~~~~ 01-01
19111492;20112069Q;19045830;11151700213;12101991;24041786;002;401 ~~~~~~~~~~~~~~~~~~~~~~~~~~~~~~~~~~~~~~ 01-02
20111492;21112069Q;20045830;12151700213;13101991;25041786;003;398;372;611 ~~~~~~~~~~~~~~~~~~~~~~~~~~~~~~ 01-03
21111492;22112069Q;21045830;13151700213;14101991;26041786;004;637;407 ~~~~~~~~~~~~~~~~~~~~~~~~~~~~~~~~~~ 01-04
22111492;23112069Q;22045830;14151700213;15101991;27041786;005;403;611 ~~~~~~~~~~~~~~~~~~~~~~~~~~~~~~~~~~ 01-05
23111492;24112069Q;23045830;15151700213;16101991;28041786;006 ~~~~~~~~~~~~~~~~~~~~~~~~~~~~~~~~~~~~~~~~~~ 01-06
24111492;25112069Q;24045830;16151700213;17101991;29041786;007;513;611 ~~~~~~~~~~~~~~~~~~~~~~~~~~~~~~~~~~ 01-07
25111492;26112069Q;25045830;17151700213;18101991;30041786;008;917 ~~~~~~~~~~~~~~~~~~~~~~~~~~~~~~~~~~~~~~ 01-08
26111492;27112069Q;26045830;18151700213;19101991;01051786;009;825;403;611 ~~~~~~~~~~~~~~~~~~~~~~~~~~~~~~ 01-09
27111492;28112069Q;27045830;19151700213;20101991;02051786;010 ~~~~~~~~~~~~~~~~~~~~~~~~~~~~~~~~~~~~~~~~~~ 01-10
28111492;29112069Q;28045830;00161700213;21101991;03051786;011;626;805;611 ~~~~~~~~~~~~~~~~~~~~~~~~~~~~~~ 01-11
29111492;01122069Q;29045830;01161700213;22101991;04051786;012;627;380 ~~~~~~~~~~~~~~~~~~~~~~~~~~~~~~~~~~ 01-12
30111492;02122069Q;01055830;02161700213;23101991;05051786;013;628;437;403;611 ~~~~~~~~~~~~~~~~~~~~~~~~~~ 01-13
01121492;03122069Q;02055830;03161700213;24101991;06051786;014;629;404 ~~~~~~~~~~~~~~~~~~~~~~~~~~~~~~~~~~ 01-14
02121492;04122069Q;03055830;04161700213;25101991;07051786;015;611 ~~~~~~~~~~~~~~~~~~~~~~~~~~~~~~~~~~~~~~ 01-15
03121492;05122069Q;04055830;05161700213;26101991;08051786;016;631 ~~~~~~~~~~~~~~~~~~~~~~~~~~~~~~~~~~~~~~ 01-16
04121492;06122069Q;05055830;06161700213;27101991;09051786;017;868;611 ~~~~~~~~~~~~~~~~~~~~~~~~~~~~~~~~~~ 01-17
05121492;07122069Q;06055830;07161700213;28101991;10051786;018;630 ~~~~~~~~~~~~~~~~~~~~~~~~~~~~~~~~~~~~~~ 01-18
06121492;08122069Q;07055830;08161700213;29101991;11051786;019;625;397;611 ~~~~~~~~~~~~~~~~~~~~~~~~~~~~~~ 01-19
07121492;09122069Q;08055830;09161700213;30101991;12051786;020;492 ~~~~~~~~~~~~~~~~~~~~~~~~~~~~~~~~~~~~~~ 01-20
08121492;10122069Q;09055830;10161700213;01111991;13051786;021;611 ~~~~~~~~~~~~~~~~~~~~~~~~~~~~~~~~~~~~~~ 01-21
09121492;11122069Q;10055830;11161700213;02111991;14051786;022;632;905;501 ~~~~~~~~~~~~~~~~~~~~~~~~~~~~~~ 01-22
10121492;12122069Q;11055830;12161700213;03111991;15051786;023;514;500;611 ~~~~~~~~~~~~~~~~~~~~~~~~~~~~~~ 01-23
11121492;13122069Q;12055830;13161700213;04111991;16051786;024;500 ~~~~~~~~~~~~~~~~~~~~~~~~~~~~~~~~~~~~~~ 01-24
12121492;14122069Q;13055830;14161700213;05111991;17051786;025;634;611 ~~~~~~~~~~~~~~~~~~~~~~~~~~~~~~~~~~ 01-25
13121492;15122069Q;14055830;15161700213;06111991;18051786;026;635;381;865;904;500 ~~~~~~~~~~~~~~~~~~~~~~ 01-26
14121492;16122069Q;15055830;16161700213;07111991;19051786;027;636;411;500;611 ~~~~~~~~~~~~~~~~~~~~~~~~~~ 01-27
15121492;17122069Q;16055830;17161700213;08111991;20051786;028;418;580 ~~~~~~~~~~~~~~~~~~~~~~~~~~~~~~~~~~ 01-28
16121492;18122069Q;17055830;18161700213;09111991;21051786;029;916;611 ~~~~~~~~~~~~~~~~~~~~~~~~~~~~~~~~~~ 01-29
17121492;19122069Q;18055830;19161700213;10111991;22051786;030 ~~~~~~~~~~~~~~~~~~~~~~~~~~~~~~~~~~~~~~~~~~ 01-30
18121492;20122069Q;19055830;00171700213;11111991;23051786;031;633;841;611 ~~~~~~~~~~~~~~~~~~~~~~~~~~~~~~ 01-31
19121492;21122069Q;20055830;00171700213;12111991;24051786;032;637;640 ~~~~~~~~~~~~~~~~~~~~~~~~~~~~~~~~~~ 02-01
20121492;22122069Q;21055830;01171700213;13111991;25051786;033;398;432;612 ~~~~~~~~~~~~~~~~~~~~~~~~~~~~~~ 02-02
21121492;23122069Q;22055830;02171700213;14111991;26051786;034 ~~~~~~~~~~~~~~~~~~~~~~~~~~~~~~~~~~~~~~~~~~ 02-03
22121492;24122069Q;23055830;03171700213;15111991;27051786;035;513;612 ~~~~~~~~~~~~~~~~~~~~~~~~~~~~~~~~~~ 02-04
23121492;25122069Q;24055830;04171700213;16111991;28051786;036 ~~~~~~~~~~~~~~~~~~~~~~~~~~~~~~~~~~~~~~~~~~ 02-05
24121492;26122069Q;25055830;05171700213;17111991;29051786;037;638;923;842;418;612 ~~~~~~~~~~~~~~~~~~~~~~ 02-06
25121492;27122069Q;26055830;06171700213;18111991;30051786;038;639 ~~~~~~~~~~~~~~~~~~~~~~~~~~~~~~~~~~~~~~ 02-07
26121492;28122069Q;27055830;07171700213;19111991;01061786;039;643;612 ~~~~~~~~~~~~~~~~~~~~~~~~~~~~~~~~~~ 02-08
27121492;29122069Q;28055830;08171700213;20111991;02061786;040;581 ~~~~~~~~~~~~~~~~~~~~~~~~~~~~~~~~~~~~~~ 02-09
28121492;30122069Q;29055830;09171700213;21111991;03061786;041;641;380;412;612 ~~~~~~~~~~~~~~~~~~~~~~~~~~ 02-10
29121492;01012070R;30055830;10171700213;22111991;04061786;042;443;888;479;490 ~~~~~~~~~~~~~~~~~~~~~~~~~~ 02-11
01011493;02012070R;01065830;11171700213;23111991;05061786;043;444;495;566;479;490;612 ~~~~~~~~~~~~~~~~~~ 02-12
02011493;03012070R;02065830;12171700213;24111991;06061786;044;642;566 ~~~~~~~~~~~~~~~~~~~~~~~~~~~~~~~~~~ 02-13
03011493;04012070R;03065830;13171700213;25111991;07061786;045;566;612 ~~~~~~~~~~~~~~~~~~~~~~~~~~~~~~~~~~ 02-14
04011493;05012070R;04065830;14171700213;26111991;08061786;046;940;566;418 ~~~~~~~~~~~~~~~~~~~~~~~~~~~~~~ 02-15
05011493;06012070R;05065830;15171700213;27111991;09061786;047;612 ~~~~~~~~~~~~~~~~~~~~~~~~~~~~~~~~~~~~~~ 02-16
06011493;07012070R;06065830;16171700213;28111991;10061786;048;450;397;514;914;854 ~~~~~~~~~~~~~~~~~~~~~~ 02-17
07011493;08012070R;07065830;17171700213;29111991;11061786;049;536;854;496;612 ~~~~~~~~~~~~~~~~~~~~~~~~~~ 02-18
08011493;09012070R;08065830;18171700213;30111991;12061786;050 ~~~~~~~~~~~~~~~~~~~~~~~~~~~~~~~~~~~~~~~~~~ 02-19
09011493;10012070R;09065830;19171700213;01121991;13061786;051;644;612 ~~~~~~~~~~~~~~~~~~~~~~~~~~~~~~~~~~ 02-20
10011493;11012070R;10065830;00001800213;02121991;14061786;052;645;873;498 ~~~~~~~~~~~~~~~~~~~~~~~~~~~~~~ 02-21
11011493;12012070R;11065830;01001800213;03121991;15061786;053;496;612 ~~~~~~~~~~~~~~~~~~~~~~~~~~~~~~~~~~ 02-22
12011493;13012070R;12065830;02001800213;04121991;16061786;054 ~~~~~~~~~~~~~~~~~~~~~~~~~~~~~~~~~~~~~~~~~~ 02-23
13011493;14012070R;13065830;03001800213;05121991;17061786;055;382;418;612 ~~~~~~~~~~~~~~~~~~~~~~~~~~~~~~ 02-24
14011493;15012070R;14065830;04001800213;06121991;18061786;056;646;884;519 ~~~~~~~~~~~~~~~~~~~~~~~~~~~~~~ 02-25
15011493;16012070R;15065830;05001800213;07121991;19061786;057;612 ~~~~~~~~~~~~~~~~~~~~~~~~~~~~~~~~~~~~~~ 02-26
16011493;17012070R;16065830;06001800213;08121991;20061786;058;647;648 ~~~~~~~~~~~~~~~~~~~~~~~~~~~~~~~~~~ 02-27
17011493;18012070R;17065830;07001800213;09121991;21061786;059;649;650;612 ~~~~~~~~~~~~~~~~~~~~~~~~~~~~~~ 02-28
18011493;19012070R;18065830;11001800213;10121991;22061786;061;637 ~~~~~~~~~~~~~~~~~~~~~~~~~~~~~~~~~~~~~~ 03-01
19011493;20012070R;19065830;12001800213;11121991;23061786;062;655;613 ~~~~~~~~~~~~~~~~~~~~~~~~~~~~~~~~~~ 03-02
20011493;21012070R;20065830;13001800213;12121991;24061786;063;513;412;613 ~~~~~~~~~~~~~~~~~~~~~~~~~~~~~~ 03-03
21011493;22012070R;21065830;14001800213;13121991;25061786;064;398;496;613 ~~~~~~~~~~~~~~~~~~~~~~~~~~~~~~ 03-04
22011493;23012070R;22065830;15001800213;14121991;26061786;065;418;613 ~~~~~~~~~~~~~~~~~~~~~~~~~~~~~~~~~~ 03-05
23011493;24012070R;23065830;16001800213;15121991;27061786;066;653;867;613 ~~~~~~~~~~~~~~~~~~~~~~~~~~~~~~ 03-06
24011493;25012070R;24065830;17001800213;16121991;28061786;067;654 ~~~~~~~~~~~~~~~~~~~~~~~~~~~~~~~~~~~~~~ 03-07
25011493;26012070R;25065830;18001800213;17121991;29061786;068;943;496;613 ~~~~~~~~~~~~~~~~~~~~~~~~~~~~~~ 03-08
26011493;27012070R;26065830;19001800213;18121991;30061786;069 ~~~~~~~~~~~~~~~~~~~~~~~~~~~~~~~~~~~~~~~~~~ 03-09
27011493;28012070R;27065830;00011800213;19121991;01071786;070;886;613 ~~~~~~~~~~~~~~~~~~~~~~~~~~~~~~~~~~ 03-10
28011493;29012070R;28065830;01011800213;20121991;02071786;071 ~~~~~~~~~~~~~~~~~~~~~~~~~~~~~~~~~~~~~~~~~~ 03-11
29011493;01022070R;29065830;02011800213;21121991;03071786;072;380;496;613 ~~~~~~~~~~~~~~~~~~~~~~~~~~~~~~ 03-12
30011493;02022070R;01075830;03011800213;22121991;04071786;073;656;497;613 ~~~~~~~~~~~~~~~~~~~~~~~~~~~~~~ 03-13
01021493;03022070R;02075830;04011800213;23121991;05071786;074;613 ~~~~~~~~~~~~~~~~~~~~~~~~~~~~~~~~~~~~~~ 03-14
02021493;04022070R;03075830;05011800213;24121991;06071786;075;514;613 ~~~~~~~~~~~~~~~~~~~~~~~~~~~~~~~~~~ 03-15
03021493;05022070R;04075830;06011800213;25121991;07071786;076;613 ~~~~~~~~~~~~~~~~~~~~~~~~~~~~~~~~~~~~~~ 03-16
04021493;06022070R;05075830;07011800213;26121991;08071786;077 ~~~~~~~~~~~~~~~~~~~~~~~~~~~~~~~~~~~~~~~~~~ 03-17
05021493;07022070R;06075830;08011800213;27121991;09071786;078;657;419;433;613 ~~~~~~~~~~~~~~~~~~~~~~~~~~ 03-18
06021493;08022070R;07075830;09011800213;28121991;10071786;079;397;466;613 ~~~~~~~~~~~~~~~~~~~~~~~~~~~~~~ 03-19
07021493;09022070R;08075830;10011800213;29121991;11071786;080;658;424;613 ~~~~~~~~~~~~~~~~~~~~~~~~~~~~~~ 03-20
08021493;10022070R;09075830;11011800213;30121991;12071786;081;459;613 ~~~~~~~~~~~~~~~~~~~~~~~~~~~~~~~~~~ 03-21
09021493;11022070R;10075830;12011800213;01011992;13071786;082;517;851;613 ~~~~~~~~~~~~~~~~~~~~~~~~~~~~~~ 03-22
10021493;12022070R;11075830;13011800213;02011992;14071786;083;493;613 ~~~~~~~~~~~~~~~~~~~~~~~~~~~~~~~~~~ 03-23
11021493;13022070R;12075830;14011800213;03011992;15071786;084;412;613 ~~~~~~~~~~~~~~~~~~~~~~~~~~~~~~~~~~ 03-24
12021493;14022070R;13075830;15011800213;04011992;16071786;085;659;436;613 ~~~~~~~~~~~~~~~~~~~~~~~~~~~~~~ 03-25
13021493;15022070R;14075830;16011800213;05011992;17071786;086;660;383;544;623;906;613 ~~~~~~~~~~~~~~~~~~ 03-26
14021493;16022070R;15075830;17011800213;06011992;18071786;087;598;515;613 ~~~~~~~~~~~~~~~~~~~~~~~~~~~~~~ 03-27
15021493;17022070R;16075830;18011800213;07011992;19071786;088;445;414;562;613 ~~~~~~~~~~~~~~~~~~~~~~~~~~ 03-28
16021493;18022070R;17075830;19011800213;08011992;20071786;089;446;652;562;613 ~~~~~~~~~~~~~~~~~~~~~~~~~~ 03-29
17021493;19022070R;18075830;00021800213;09011992;21071786;090;447;562;852;613 ~~~~~~~~~~~~~~~~~~~~~~~~~~ 03-30
18021493;20022070R;19075830;01021800213;10011992;22071786;091;448;513 ~~~~~~~~~~~~~~~~~~~~~~~~~~~~~~~~~~ 03-31
19021493;21022070R;20075830;02021800213;11011992;23071786;092;614 ~~~~~~~~~~~~~~~~~~~~~~~~~~~~~~~~~~~~~~ 04-01
20021493;22022070R;21075830;03021800213;12011992;24071786;093;663;844 ~~~~~~~~~~~~~~~~~~~~~~~~~~~~~~~~~~ 04-02
21021493;23022070R;22075830;04021800213;13011992;25071786;094;398;399;533;924;614 ~~~~~~~~~~~~~~~~~~~~~~ 04-03
22021493;24022070R;23075830;05021800213;14011992;26071786;095;571 ~~~~~~~~~~~~~~~~~~~~~~~~~~~~~~~~~~~~~~ 04-04
23021493;25022070R;24075830;06021800213;15011992;27071786;096;637;661;861;415;614 ~~~~~~~~~~~~~~~~~~~~~~ 04-05
24021493;26022070R;25075830;07021800213;16011992;28071786;097;662;400 ~~~~~~~~~~~~~~~~~~~~~~~~~~~~~~~~~~ 04-06
25021493;27022070R;26075830;08021800213;17011992;29071786;098;651;526;900;614 ~~~~~~~~~~~~~~~~~~~~~~~~~~ 04-07
26021493;28022070R;27075830;09021800213;18011992;30071786;099;651;614 ~~~~~~~~~~~~~~~~~~~~~~~~~~~~~~~~~~ 04-08
27021493;29022070R;28075830;10021800213;19011992;01081786;100;400;651;614 ~~~~~~~~~~~~~~~~~~~~~~~~~~~~~~ 04-09
28021493;30022070R;29075830;11021800213;20011992;02081786;101;380;651 ~~~~~~~~~~~~~~~~~~~~~~~~~~~~~~~~~~ 04-10
29021493;01032070R;30075830;12021800213;21011992;03081786;102;538;559;651;930;935;953;614 ~~~~~~~~~~~~~~ 04-11
01031493;02032070R;01085830;13021800213;22011992;04081786;103;514;400;651;614 ~~~~~~~~~~~~~~~~~~~~~~~~~~ 04-12
02031493;03032070R;02085830;14021800213;23011992;05081786;104;555;577;614 ~~~~~~~~~~~~~~~~~~~~~~~~~~~~~~ 04-13
03031493;04032070R;03085830;15021800213;24011992;06081786;105;813;412;614 ~~~~~~~~~~~~~~~~~~~~~~~~~~~~~~ 04-14
04031493;05032070R;04085830;16021800213;25011992;07081786;106;528;400;614 ~~~~~~~~~~~~~~~~~~~~~~~~~~~~~~ 04-15
05031493;06032070R;05085830;17021800213;26011992;08081786;107;945;529 ~~~~~~~~~~~~~~~~~~~~~~~~~~~~~~~~~~ 04-16
06031493;07032070R;06085830;18021800213;27011992;09081786;108;631;664;397;614 ~~~~~~~~~~~~~~~~~~~~~~~~~~ 04-17
07031493;08032070R;07085830;19021800213;28011992;10081786;109;665;913;400;614 ~~~~~~~~~~~~~~~~~~~~~~~~~~ 04-18
08031493;09032070R;08085830;00031800213;29011992;11081786;110;666;912;933;614 ~~~~~~~~~~~~~~~~~~~~~~~~~~ 04-19
09031493;10032070R;09085830;01031800213;30011992;12081786;111;614 ~~~~~~~~~~~~~~~~~~~~~~~~~~~~~~~~~~~~~~ 04-20
10031493;11032070R;10085830;02031800213;01021992;13081786;112;794;877;400;412;614 ~~~~~~~~~~~~~~~~~~~~~~ 04-21
11031493;12032070R;11085830;03031800213;02021992;14081786;113 ~~~~~~~~~~~~~~~~~~~~~~~~~~~~~~~~~~~~~~~~~~ 04-22
12031493;13032070R;12085830;04031800213;03021992;15081786;114;511;614 ~~~~~~~~~~~~~~~~~~~~~~~~~~~~~~~~~~ 04-23
13031493;14032070R;13085830;05031800213;04021992;16081786;115;667;400 ~~~~~~~~~~~~~~~~~~~~~~~~~~~~~~~~~~ 04-24
14031493;15032070R;14085830;06031800213;05021992;17081786;116;671;384;539;542;575;948;614 ~~~~~~~~~~~~~~ 04-25
15031493;16032070R;15085830;07031800213;06021992;18081786;117;668;401;614 ~~~~~~~~~~~~~~~~~~~~~~~~~~~~~~ 04-26
16031493;17032070R;16085830;08031800213;07021992;19081786;118;669;614 ~~~~~~~~~~~~~~~~~~~~~~~~~~~~~~~~~~ 04-27
17031493;18032070R;17085830;09031800213;08021992;20081786;119;513;511;412;843 ~~~~~~~~~~~~~~~~~~~~~~~~~~ 04-28
18031493;19032070R;18085830;10031800213;09021992;21081786;120;518;415;614 ~~~~~~~~~~~~~~~~~~~~~~~~~~~~~~ 04-29
19031493;20032070R;19085830;11031800213;10021992;22081786;121;670 ~~~~~~~~~~~~~~~~~~~~~~~~~~~~~~~~~~~~~~ 04-30
20031493;21032070R;20085830;12031800213;11021992;23081786;122;677;432;615 ~~~~~~~~~~~~~~~~~~~~~~~~~~~~~~ 05-01
21031493;22032070R;21085830;13031800213;12021992;24081786;123;679;843 ~~~~~~~~~~~~~~~~~~~~~~~~~~~~~~~~~~ 05-02
22031493;23032070R;22085830;14031800213;13021992;25081786;124;637;672;398;615 ~~~~~~~~~~~~~~~~~~~~~~~~~~ 05-03
23031493;24032070R;23085830;15031800213;14021992;26081786;125;673;624 ~~~~~~~~~~~~~~~~~~~~~~~~~~~~~~~~~~ 05-04
24031493;25032070R;24085830;16031800213;15021992;27081786;126;674;624;412;615 ~~~~~~~~~~~~~~~~~~~~~~~~~~ 05-05
25031493;26032070R;25085830;17031800213;16021992;28081786;127;675;939;624 ~~~~~~~~~~~~~~~~~~~~~~~~~~~~~~ 05-06
26031493;27032070R;26085830;18031800213;17021992;29081786;128;676;554;624;415;615 ~~~~~~~~~~~~~~~~~~~~~~ 05-07
27031493;28032070R;27085830;19031800213;18021992;30081786;129;494;624 ~~~~~~~~~~~~~~~~~~~~~~~~~~~~~~~~~~ 05-08
28031493;29032070R;28085830;00041800213;19021992;01091786;130;678;624;615 ~~~~~~~~~~~~~~~~~~~~~~~~~~~~~~ 05-09
29031493;01042070R;29085830;01041800213;20021992;02091786;131;681;680;380;864;624 ~~~~~~~~~~~~~~~~~~~~~~ 05-10
30031493;02042070R;01095830;02041800213;21021992;03091786;132;451;437;514;615 ~~~~~~~~~~~~~~~~~~~~~~~~~~ 05-11
01041493;03042070R;02095830;03041800213;22021992;04091786;133;682;510;902;412 ~~~~~~~~~~~~~~~~~~~~~~~~~~ 05-12
02041493;04042070R;03095830;04041800213;23021992;05091786;134;615 ~~~~~~~~~~~~~~~~~~~~~~~~~~~~~~~~~~~~~~ 05-13
03041493;05042070R;04095830;05041800213;24021992;06091786;135;683;831 ~~~~~~~~~~~~~~~~~~~~~~~~~~~~~~~~~~ 05-14
04041493;06042070R;05095830;06041800213;25021992;07091786;136;797;615 ~~~~~~~~~~~~~~~~~~~~~~~~~~~~~~~~~~ 05-15
05041493;07042070R;06095830;07041800213;26021992;08091786;137;686;397;553;522;573 ~~~~~~~~~~~~~~~~~~~~~~ 05-16
06041493;08042070R;07095830;08041800213;27021992;09091786;138;687;573;615 ~~~~~~~~~~~~~~~~~~~~~~~~~~~~~~ 05-17
07041493;09042070R;08095830;09041800213;28021992;10091786;139;449;684;927;573 ~~~~~~~~~~~~~~~~~~~~~~~~~~ 05-18
08041493;10042070R;09095830;10041800213;29021992;11091786;140;789;615 ~~~~~~~~~~~~~~~~~~~~~~~~~~~~~~~~~~ 05-19
09041493;11042070R;10095830;11041800213;30021992;12091786;141;818;889 ~~~~~~~~~~~~~~~~~~~~~~~~~~~~~~~~~~ 05-20
10041493;12042070R;11095830;12041800213;31021992;13091786;142;685;615 ~~~~~~~~~~~~~~~~~~~~~~~~~~~~~~~~~~ 05-21
11041493;13042070R;12095830;13041800213;01031992;14091786;143 ~~~~~~~~~~~~~~~~~~~~~~~~~~~~~~~~~~~~~~~~~~ 05-22
12041493;14042070R;13095830;14041800213;02031992;15091786;144;596;689;798;894;415;615 ~~~~~~~~~~~~~~~~~~ 05-23
13041493;15042070R;14095830;15041800213;03031992;16091786;145;439;385;537;937 ~~~~~~~~~~~~~~~~~~~~~~~~~~ 05-24
14041493;16042070R;15095830;16041800213;04031992;17091786;146;439;513;615 ~~~~~~~~~~~~~~~~~~~~~~~~~~~~~~ 05-25
15041493;17042070R;16095830;17041800213;05031992;18091786;147;438;892;412 ~~~~~~~~~~~~~~~~~~~~~~~~~~~~~~ 05-26
16041493;18042070R;17095830;18041800213;06031992;19091786;148;615 ~~~~~~~~~~~~~~~~~~~~~~~~~~~~~~~~~~~~~~ 05-27
17041493;19042070R;18095830;19041800213;07031992;20091786;149;688 ~~~~~~~~~~~~~~~~~~~~~~~~~~~~~~~~~~~~~~ 05-28
18041493;20042070R;19095830;00051800213;08031992;21091786;150;615 ~~~~~~~~~~~~~~~~~~~~~~~~~~~~~~~~~~~~~~ 05-29
19041493;21042070R;20095830;01051800213;09031992;22091786;151 ~~~~~~~~~~~~~~~~~~~~~~~~~~~~~~~~~~~~~~~~~~ 05-30
20041493;22042070R;21095830;02051800213;10031992;23091786;152;830;415;615 ~~~~~~~~~~~~~~~~~~~~~~~~~~~~~~ 05-31
21041493;23042070R;22095830;03051800213;11031992;24091786;153;690;398 ~~~~~~~~~~~~~~~~~~~~~~~~~~~~~~~~~~ 06-01
22041493;24042070R;23095830;04051800213;12031992;25091786;154;694;616;605 ~~~~~~~~~~~~~~~~~~~~~~~~~~~~~~ 06-02
23041493;25042070R;24095830;05051800213;13031992;26091786;155;616 ~~~~~~~~~~~~~~~~~~~~~~~~~~~~~~~~~~~~~~ 06-03
24041493;26042070R;25095830;06051800213;14031992;27091786;156;691;616 ~~~~~~~~~~~~~~~~~~~~~~~~~~~~~~~~~~ 06-04
25041493;27042070R;26095830;07051800213;15031992;28091786;157;530 ~~~~~~~~~~~~~~~~~~~~~~~~~~~~~~~~~~~~~~ 06-05
26041493;28042070R;27095830;08051800213;16031992;29091786;158;692;616 ~~~~~~~~~~~~~~~~~~~~~~~~~~~~~~~~~~ 06-06
27041493;29042070R;28095830;09051800213;17031992;30091786;159;637;693;855;616 ~~~~~~~~~~~~~~~~~~~~~~~~~~ 06-07
28041493;30042070R;29095830;10051800213;18031992;01101786;160;695;380;514;921;942;415;616 ~~~~~~~~~~~~~~ 06-08
29041493;01052070R;30095830;11051800213;19031992;02101786;161;616 ~~~~~~~~~~~~~~~~~~~~~~~~~~~~~~~~~~~~~~ 06-09
01051493;02052070R;01105830;12051800213;20031992;03101786;162;696;616 ~~~~~~~~~~~~~~~~~~~~~~~~~~~~~~~~~~ 06-10
02051493;03052070R;02105830;13051800213;21031992;04101786;163;569 ~~~~~~~~~~~~~~~~~~~~~~~~~~~~~~~~~~~~~~ 06-11
03051493;04052070R;03105830;14051800213;22031992;05101786;164;838;569;616 ~~~~~~~~~~~~~~~~~~~~~~~~~~~~~~ 06-12
04051493;05052070R;04105830;15051800213;23031992;06101786;165;699;564 ~~~~~~~~~~~~~~~~~~~~~~~~~~~~~~~~~~ 06-13
05051493;06052070R;05105830;16051800213;24031992;07101786;166;697;799;413;433;616 ~~~~~~~~~~~~~~~~~~~~~~ 06-14
06051493;07052070R;06105830;17051800213;25031992;08101786;167;452;452;397 ~~~~~~~~~~~~~~~~~~~~~~~~~~~~~~ 06-15
07051493;08052070R;07105830;18051800213;26031992;09101786;168;415;616 ~~~~~~~~~~~~~~~~~~~~~~~~~~~~~~~~~~ 06-16
08051493;09052070R;08105830;19051800213;27031992;10101786;169;552;616 ~~~~~~~~~~~~~~~~~~~~~~~~~~~~~~~~~~ 06-17
09051493;10052070R;09105830;00061800213;28031992;11101786;170;616 ~~~~~~~~~~~~~~~~~~~~~~~~~~~~~~~~~~~~~~ 06-18
10051493;11052070R;10105830;01061800213;29031992;12101786;171;698;896;616 ~~~~~~~~~~~~~~~~~~~~~~~~~~~~~~ 06-19
11051493;12052070R;11105830;02061800213;30031992;13101786;172;701;460;700;616 ~~~~~~~~~~~~~~~~~~~~~~~~~~ 06-20
12051493;13052070R;12105830;03061800213;31031992;14101786;173;513;425;616 ~~~~~~~~~~~~~~~~~~~~~~~~~~~~~~ 06-21
13051493;14052070R;13105830;04061800213;01041992;15101786;174;461;616 ~~~~~~~~~~~~~~~~~~~~~~~~~~~~~~~~~~ 06-22
14051493;15052070R;14105830;05061800213;02041992;16101786;175;386;874;941;616 ~~~~~~~~~~~~~~~~~~~~~~~~~~ 06-23
15051493;16052070R;15105830;06061800213;03041992;17101786;176;415;616 ~~~~~~~~~~~~~~~~~~~~~~~~~~~~~~~~~~ 06-24
16051493;17052070R;16105830;07061800213;04041992;18101786;177;704;616 ~~~~~~~~~~~~~~~~~~~~~~~~~~~~~~~~~~ 06-25
17051493;18052070R;17105830;08061800213;05041992;19101786;178;616 ~~~~~~~~~~~~~~~~~~~~~~~~~~~~~~~~~~~~~~ 06-26
18051493;19052070R;18105830;09061800213;06041992;20101786;179;703 ~~~~~~~~~~~~~~~~~~~~~~~~~~~~~~~~~~~~~~ 06-27
19051493;20052070R;19105830;10061800213;07041992;21101786;180;702;616 ~~~~~~~~~~~~~~~~~~~~~~~~~~~~~~~~~~ 06-28
20051493;21052070R;20105830;11061800213;08041992;22101786;181;795 ~~~~~~~~~~~~~~~~~~~~~~~~~~~~~~~~~~~~~~ 06-29
21051493;22052070R;21105830;12061800213;09041992;23101786;182;616 ~~~~~~~~~~~~~~~~~~~~~~~~~~~~~~~~~~~~~~ 06-30
22051493;23052070R;22105830;13061800213;10041992;24101786;183;398 ~~~~~~~~~~~~~~~~~~~~~~~~~~~~~~~~~~~~~~ 07-01
23051493;24052070R;23105830;14061800213;11041992;25101786;184;617 ~~~~~~~~~~~~~~~~~~~~~~~~~~~~~~~~~~~~~~ 07-02
24051493;25052070R;24105830;15061800213;12041992;26101786;185 ~~~~~~~~~~~~~~~~~~~~~~~~~~~~~~~~~~~~~~~~~~ 07-03
25051493;26052070R;25105830;16061800213;13041992;27101786;186;420;946;565;617 ~~~~~~~~~~~~~~~~~~~~~~~~~~ 07-04
26051493;27052070R;26105830;17061800213;14041992;28101786;187;637;705;840;565 ~~~~~~~~~~~~~~~~~~~~~~~~~~ 07-05
27051493;28052070R;27105830;18061800213;15041992;29101786;188;373;514;617 ~~~~~~~~~~~~~~~~~~~~~~~~~~~~~~ 07-06
28051493;29052070R;28105830;19061800213;16041992;30101786;189;380 ~~~~~~~~~~~~~~~~~~~~~~~~~~~~~~~~~~~~~~ 07-07
29051493;01062070R;29105830;00071800213;17041992;01111786;190;378;617 ~~~~~~~~~~~~~~~~~~~~~~~~~~~~~~~~~~ 07-08
30051493;02062070R;01115830;01071800213;18041992;02111786;191;870;617 ~~~~~~~~~~~~~~~~~~~~~~~~~~~~~~~~~~ 07-09
01061493;03062070R;02115830;02071800213;19041992;03111786;192;617 ~~~~~~~~~~~~~~~~~~~~~~~~~~~~~~~~~~~~~~ 07-10
02061493;04062070R;03115830;03071800213;20041992;04111786;193;374;617 ~~~~~~~~~~~~~~~~~~~~~~~~~~~~~~~~~~ 07-11
03061493;05062070R;04115830;04071800213;21041992;05111786;194;706;617 ~~~~~~~~~~~~~~~~~~~~~~~~~~~~~~~~~~ 07-12
04061493;06062070R;05115830;05071800213;22041992;06111786;195;617 ~~~~~~~~~~~~~~~~~~~~~~~~~~~~~~~~~~~~~~ 07-13
05061493;07062070R;06115830;06071800213;23041992;07111786;196;707;397;458;617 ~~~~~~~~~~~~~~~~~~~~~~~~~~ 07-14
06061493;08062070R;07115830;07071800213;24041992;08111786;197 ~~~~~~~~~~~~~~~~~~~~~~~~~~~~~~~~~~~~~~~~~~ 07-15
07061493;09062070R;08115830;08071800213;25041992;09111786;198;711;617 ~~~~~~~~~~~~~~~~~~~~~~~~~~~~~~~~~~ 07-16
08061493;10062070R;09115830;09071800213;26041992;10111786;199;631;617 ~~~~~~~~~~~~~~~~~~~~~~~~~~~~~~~~~~ 07-17
09061493;11062070R;10115830;10071800213;27041992;11111786;200;546;617 ~~~~~~~~~~~~~~~~~~~~~~~~~~~~~~~~~~ 07-18
10061493;12062070R;11115830;11071800213;28041992;12111786;201;708;513 ~~~~~~~~~~~~~~~~~~~~~~~~~~~~~~~~~~ 07-19
11061493;13062070R;12115830;12071800213;29041992;13111786;202;709;617 ~~~~~~~~~~~~~~~~~~~~~~~~~~~~~~~~~~ 07-20
12061493;14062070R;13115830;13071800213;30041992;14111786;203;710;617 ~~~~~~~~~~~~~~~~~~~~~~~~~~~~~~~~~~ 07-21
13061493;15062070R;14115830;14071800213;31041992;15111786;204;617 ~~~~~~~~~~~~~~~~~~~~~~~~~~~~~~~~~~~~~~ 07-22
14061493;16062070R;15115830;15071800213;01051992;16111786;205;387;436;531;561 ~~~~~~~~~~~~~~~~~~~~~~~~~~ 07-23
15061493;17062070R;16115830;16071800213;02051992;17111786;206;712;833;617 ~~~~~~~~~~~~~~~~~~~~~~~~~~~~~~ 07-24
16061493;18062070R;17115830;17071800213;03051992;18111786;207;716;793;617 ~~~~~~~~~~~~~~~~~~~~~~~~~~~~~~ 07-25
17061493;19062070R;18115830;18071800213;04051992;19111786;208;713;617 ~~~~~~~~~~~~~~~~~~~~~~~~~~~~~~~~~~ 07-26
18061493;20062070R;19115830;19071800213;05051992;20111786;209;714;617 ~~~~~~~~~~~~~~~~~~~~~~~~~~~~~~~~~~ 07-27
19061493;21062070R;20115830;00081800213;06051992;21111786;210;432;617 ~~~~~~~~~~~~~~~~~~~~~~~~~~~~~~~~~~ 07-28
20061493;22062070R;21115830;01081800213;07051992;22111786;211;617 ~~~~~~~~~~~~~~~~~~~~~~~~~~~~~~~~~~~~~~ 07-29
21061493;23062070R;22115830;02081800213;08051992;23111786;212;398;617 ~~~~~~~~~~~~~~~~~~~~~~~~~~~~~~~~~~ 07-30
22061493;24062070R;23115830;03081800213;09051992;24111786;213;715 ~~~~~~~~~~~~~~~~~~~~~~~~~~~~~~~~~~~~~~ 07-31
23061493;25062070R;24115830;04081800213;10051992;25111786;214;719;618 ~~~~~~~~~~~~~~~~~~~~~~~~~~~~~~~~~~ 08-01
24061493;26062070R;25115830;05081800213;11051992;26111786;215;637;720;878;375 ~~~~~~~~~~~~~~~~~~~~~~~~~~ 08-02
25061493;27062070R;26115830;06081800213;12051992;27111786;216;717;514;421;618 ~~~~~~~~~~~~~~~~~~~~~~~~~~ 08-03
26061493;28062070R;27115830;07081800213;13051992;28111786;217 ~~~~~~~~~~~~~~~~~~~~~~~~~~~~~~~~~~~~~~~~~~ 08-04
27061493;29062070R;28115830;08081800213;14051992;29111786;218;718;618 ~~~~~~~~~~~~~~~~~~~~~~~~~~~~~~~~~~ 08-05
28061493;01072070R;29115830;09081800213;15051992;30111786;219;380;399 ~~~~~~~~~~~~~~~~~~~~~~~~~~~~~~~~~~ 08-06
29061493;02072070R;30115830;10081800213;16051992;01121786;220;618 ~~~~~~~~~~~~~~~~~~~~~~~~~~~~~~~~~~~~~~ 08-07
01071493;03072070R;01125830;11081800213;17051992;02121786;221 ~~~~~~~~~~~~~~~~~~~~~~~~~~~~~~~~~~~~~~~~~~ 08-08
02071493;04072070R;02125830;12081800213;18051992;03121786;222;723;579;400;618 ~~~~~~~~~~~~~~~~~~~~~~~~~~ 08-09
03071493;05072070R;03125830;13081800213;19051992;04121786;223;721 ~~~~~~~~~~~~~~~~~~~~~~~~~~~~~~~~~~~~~~ 08-10
04071493;06072070R;04125830;14081800213;20051992;05121786;224;891;618 ~~~~~~~~~~~~~~~~~~~~~~~~~~~~~~~~~~ 08-11
05071493;07072070R;05125830;15081800213;21051992;06121786;225;572;400 ~~~~~~~~~~~~~~~~~~~~~~~~~~~~~~~~~~ 08-12
06071493;08072070R;06125830;16081800213;22051992;07121786;226;722;397;618 ~~~~~~~~~~~~~~~~~~~~~~~~~~~~~~ 08-13
07071493;09072070R;07125830;17081800213;23051992;08121786;227 ~~~~~~~~~~~~~~~~~~~~~~~~~~~~~~~~~~~~~~~~~~ 08-14
08071493;10072070R;08125830;18081800213;24051992;09121786;228;513;938;400;618 ~~~~~~~~~~~~~~~~~~~~~~~~~~ 08-15
09071493;11072070R;09125830;19081800213;25051992;10121786;229;724 ~~~~~~~~~~~~~~~~~~~~~~~~~~~~~~~~~~~~~~ 08-16
10071493;12072070R;10125830;00091800213;26051992;11121786;230;926;618 ~~~~~~~~~~~~~~~~~~~~~~~~~~~~~~~~~~ 08-17
11071493;13072070R;11125830;01091800213;27051992;12121786;231;408;400 ~~~~~~~~~~~~~~~~~~~~~~~~~~~~~~~~~~ 08-18
12071493;14072070R;12125830;02091800213;28051992;13121786;232;567;415;618 ~~~~~~~~~~~~~~~~~~~~~~~~~~~~~~ 08-19
13071493;15072070R;13125830;03091800213;29051992;14121786;233;897;567 ~~~~~~~~~~~~~~~~~~~~~~~~~~~~~~~~~~ 08-20
14071493;16072070R;14125830;04091800213;30051992;15121786;234;388;556;909;910;925;618 ~~~~~~~~~~~~~~~~~~ 08-21
15071493;17072070R;15125830;05091800213;31051992;16121786;235;427 ~~~~~~~~~~~~~~~~~~~~~~~~~~~~~~~~~~~~~~ 08-22
16071493;18072070R;16125830;06091800213;01061992;17121786;236;618 ~~~~~~~~~~~~~~~~~~~~~~~~~~~~~~~~~~~~~~ 08-23
17071493;19072070R;17125830;07091800213;02061992;18121786;237;428;875;375;400;409 ~~~~~~~~~~~~~~~~~~~~~~ 08-24
18071493;20072070R;18125830;08091800213;03061992;19121786;238;796;618 ~~~~~~~~~~~~~~~~~~~~~~~~~~~~~~~~~~ 08-25
19071493;21072070R;19125830;09091800213;04061992;20121786;239;594 ~~~~~~~~~~~~~~~~~~~~~~~~~~~~~~~~~~~~~~ 08-26
20071493;22072070R;20125830;10091800213;05061992;21121786;240;595;618 ~~~~~~~~~~~~~~~~~~~~~~~~~~~~~~~~~~ 08-27
21071493;23072070R;21125830;11091800213;06061992;22121786;241;398;416 ~~~~~~~~~~~~~~~~~~~~~~~~~~~~~~~~~~ 08-28
22071493;24072070R;22125830;12091800213;07061992;23121786;242;596;883;618 ~~~~~~~~~~~~~~~~~~~~~~~~~~~~~~ 08-29
23071493;25072070R;23125830;13091800213;08061992;24121786;243;429;725;401;514;868 ~~~~~~~~~~~~~~~~~~~~~~ 08-30
24071493;26072070R;24125830;14091800213;09061992;25121786;244;430;725;503;618 ~~~~~~~~~~~~~~~~~~~~~~~~~~ 08-31
25071493;27072070R;25125830;15091800213;10061992;26121786;245;434;554 ~~~~~~~~~~~~~~~~~~~~~~~~~~~~~~~~~~ 09-01
26071493;28072070R;26125830;16091800213;11061992;27121786;246;435;619 ~~~~~~~~~~~~~~~~~~~~~~~~~~~~~~~~~~ 09-02
27071493;29072070R;27125830;17091800213;12061992;28121786;247;509;619 ~~~~~~~~~~~~~~~~~~~~~~~~~~~~~~~~~~ 09-03
28071493;30072070R;28125830;18091800213;13061992;29121786;248;380;619 ~~~~~~~~~~~~~~~~~~~~~~~~~~~~~~~~~~ 09-04
29071493;01082070R;29125830;19091800213;14061992;30121786;249;596;727;521;409 ~~~~~~~~~~~~~~~~~~~~~~~~~~ 09-05
30071493;02082070R;01215831;00101800213;15061992;01131786;250;637;728;437;521;619 ~~~~~~~~~~~~~~~~~~~~~~ 09-06
01081493;03082070R;02215831;01101800213;16061992;02131786;251;455;845;597;521;619 ~~~~~~~~~~~~~~~~~~~~~~ 09-07
02081493;04082070R;03215831;02101800213;17061992;03131786;252;729;846;550;619 ~~~~~~~~~~~~~~~~~~~~~~~~~~ 09-08
03081493;05082070R;04215831;03101800213;18061992;04131786;253;915;619 ~~~~~~~~~~~~~~~~~~~~~~~~~~~~~~~~~~ 09-09
04081493;06082070R;05215831;04101800213;19061992;05131786;254;433;619 ~~~~~~~~~~~~~~~~~~~~~~~~~~~~~~~~~~ 09-10
05081493;07082070R;06215831;05101800213;20061992;01011787;255;730;619 ~~~~~~~~~~~~~~~~~~~~~~~~~~~~~~~~~~ 09-11
06081493;08082070R;07215831;06101800213;21061992;02011787;256;847;397;513;908;421;619 ~~~~~~~~~~~~~~~~~~ 09-12
07081493;09082070R;08215831;07101800213;22061992;03011787;257;726;619 ~~~~~~~~~~~~~~~~~~~~~~~~~~~~~~~~~~ 09-13
08081493;10082070R;09215831;08101800213;23061992;04011787;258;619 ~~~~~~~~~~~~~~~~~~~~~~~~~~~~~~~~~~~~~~ 09-14
09081493;11082070R;10215831;09101800213;24061992;05011787;259;527 ~~~~~~~~~~~~~~~~~~~~~~~~~~~~~~~~~~~~~~ 09-15
10081493;12082070R;11215831;10101800213;25061992;06011787;260;732;903;619 ~~~~~~~~~~~~~~~~~~~~~~~~~~~~~~ 09-16
11081493;13082070R;12215831;11101800213;26061992;07011787;261;848 ~~~~~~~~~~~~~~~~~~~~~~~~~~~~~~~~~~~~~~ 09-17
12081493;14082070R;13215831;12101800213;27061992;08011787;262;733;619 ~~~~~~~~~~~~~~~~~~~~~~~~~~~~~~~~~~ 09-18
13081493;15082070R;14215831;13101800213;28061992;09011787;263;734;520;551;570;848 ~~~~~~~~~~~~~~~~~~~~~~ 09-19
14081493;16082070R;15215831;14101800213;29061992;10011787;264;735;389;390;534;907;512;523;619 ~~~~~~~~~~ 09-20
15081493;17082070R;16215831;15101800213;30061992;11011787;265;731;462;523;619 ~~~~~~~~~~~~~~~~~~~~~~~~~~ 09-21
16081493;18082070R;17215831;16101800213;31061992;12011787;266;736;423;523;619 ~~~~~~~~~~~~~~~~~~~~~~~~~~ 09-22
17081493;19082070R;18215831;17101800213;01071992;13011787;267;737;463;523;409;619;848 ~~~~~~~~~~~~~~~~~~ 09-23
18081493;20082070R;19215831;18101800213;02071992;14011787;268;742;514;523;619 ~~~~~~~~~~~~~~~~~~~~~~~~~~ 09-24
19081493;21082070R;20215831;19101800213;03071992;15011787;269;741;523 ~~~~~~~~~~~~~~~~~~~~~~~~~~~~~~~~~~ 09-25
20081493;22082070R;21215831;00111800213;04071992;16011787;270;738;398;523;619 ~~~~~~~~~~~~~~~~~~~~~~~~~~ 09-26
21081493;23082070R;22215831;01111800213;05071992;17011787;271;739;743;467;524 ~~~~~~~~~~~~~~~~~~~~~~~~~~ 09-27
22081493;24082070R;23215831;02111800213;06071992;18011787;272;740;525;619 ~~~~~~~~~~~~~~~~~~~~~~~~~~~~~~ 09-28
23081493;25082070R;24215831;03111800213;07071992;19011787;273;409;619 ~~~~~~~~~~~~~~~~~~~~~~~~~~~~~~~~~~ 09-29
24081493;26082070R;25215831;04111800213;08071992;20011787;274;869;853;619 ~~~~~~~~~~~~~~~~~~~~~~~~~~~~~~ 09-30
25081493;27082070R;26215831;05111800213;09071992;21011787;275;746;790;815;853 ~~~~~~~~~~~~~~~~~~~~~~~~~~ 10-01
26081493;28082070R;27215831;06111800213;10071992;22011787;276;747;790;853;421;620 ~~~~~~~~~~~~~~~~~~~~~~ 10-02
27081493;29082070R;28215831;07111800213;11071992;23011787;277;748;790;920 ~~~~~~~~~~~~~~~~~~~~~~~~~~~~~~ 10-03
28081493;01092070R;29215831;08111800213;12071992;24011787;278;637;790;380;932;950;574;620 ~~~~~~~~~~~~~~ 10-04
29081493;02092070R;30215831;09111800213;13071992;25011787;279;749;790;895;848 ~~~~~~~~~~~~~~~~~~~~~~~~~~ 10-05
01091493;03092070R;01225831;10111800213;14071992;26011787;280;744;790;504;620 ~~~~~~~~~~~~~~~~~~~~~~~~~~ 10-06
02091493;04092070R;02225831;11111800213;15071992;27011787;281;745;790;375 ~~~~~~~~~~~~~~~~~~~~~~~~~~~~~~ 10-07
03091493;05092070R;03225831;12111800213;16071992;28011787;282;752;620 ~~~~~~~~~~~~~~~~~~~~~~~~~~~~~~~~~~ 10-08
04091493;06092070R;04225831;13111800213;17071992;29011787;283;753;848 ~~~~~~~~~~~~~~~~~~~~~~~~~~~~~~~~~~ 10-09
05091493;07092070R;05225831;14111800213;18071992;30011787;284;367;513;918;620 ~~~~~~~~~~~~~~~~~~~~~~~~~~ 10-10
06091493;08092070R;06225831;15111800213;19071992;01021787;285;754;368;919;848 ~~~~~~~~~~~~~~~~~~~~~~~~~~ 10-11
07091493;09092070R;07225831;16111800213;20071992;02021787;286;750;397;548;563;421;620 ~~~~~~~~~~~~~~~~~~ 10-12
08091493;10092070R;08225831;17111800213;21071992;03021787;287;751;856;885 ~~~~~~~~~~~~~~~~~~~~~~~~~~~~~~ 10-13
09091493;11092070R;09225831;18111800213;22071992;04021787;288;791;549;560;620 ~~~~~~~~~~~~~~~~~~~~~~~~~~ 10-14
10091493;12092070R;10225831;19111800213;23071992;05021787;289;757;899 ~~~~~~~~~~~~~~~~~~~~~~~~~~~~~~~~~~ 10-15
11091493;13092070R;11225831;00121800213;24071992;06021787;290;631;417;505;620 ~~~~~~~~~~~~~~~~~~~~~~~~~~ 10-16
12091493;14092070R;12225831;01121800213;25071992;07021787;291;457;409 ~~~~~~~~~~~~~~~~~~~~~~~~~~~~~~~~~~ 10-17
13091493;15092070R;13225831;02121800213;26071992;08021787;292;758;620 ~~~~~~~~~~~~~~~~~~~~~~~~~~~~~~~~~~ 10-18
14091493;16092070R;14225831;03121800213;27071992;09021787;293;391;532;540;882;922;947 ~~~~~~~~~~~~~~~~~~ 10-19
15091493;17092070R;15225831;04121800213;28071992;10021787;294;755;792;784;620 ~~~~~~~~~~~~~~~~~~~~~~~~~~ 10-20
16091493;18092070R;16225831;05121800213;29071992;11021787;295;756;785 ~~~~~~~~~~~~~~~~~~~~~~~~~~~~~~~~~~ 10-21
17091493;19092070R;17225831;06121800213;30071992;12021787;296;369;514;881;786;505;620 ~~~~~~~~~~~~~~~~~~ 10-22
18091493;20092070R;18225831;07121800213;01081992;13021787;297;787;409;620 ~~~~~~~~~~~~~~~~~~~~~~~~~~~~~~ 10-23
19091493;21092070R;19225831;08121800213;02081992;14021787;298;432;505;620 ~~~~~~~~~~~~~~~~~~~~~~~~~~~~~~ 10-24
20091493;22092070R;20225831;09121800213;03081992;15021787;299;759;371 ~~~~~~~~~~~~~~~~~~~~~~~~~~~~~~~~~~ 10-25
21091493;23092070R;21225831;10121800213;04081992;16021787;300;398;499;620 ~~~~~~~~~~~~~~~~~~~~~~~~~~~~~~ 10-26
22091493;24092070R;22225831;11121800213;05081992;17021787;301 ~~~~~~~~~~~~~~~~~~~~~~~~~~~~~~~~~~~~~~~~~~ 10-27
23091493;25092070R;23225831;12121800213;06081992;18021787;302;620 ~~~~~~~~~~~~~~~~~~~~~~~~~~~~~~~~~~~~~~ 10-28
24091493;26092070R;24225831;13121800213;07081992;19021787;303;911;620 ~~~~~~~~~~~~~~~~~~~~~~~~~~~~~~~~~~ 10-29
25091493;27092070R;25225831;14121800213;08081992;20021787;304;431;558;505;620 ~~~~~~~~~~~~~~~~~~~~~~~~~~ 10-30
26091493;28092070R;26225831;15121800213;09081992;21021787;305;849;507;779;784 ~~~~~~~~~~~~~~~~~~~~~~~~~~ 10-31
27091493;29092070R;27225831;16121800213;10081992;22021787;306;637;763;780;785;893;508;505;621 ~~~~~~~~~~ 11-01
28091493;30092070R;28225831;17121800213;11081992;23021787;307;380;781;786 ~~~~~~~~~~~~~~~~~~~~~~~~~~~~~~ 11-02
29091493;01102070R;29225831;18121800213;12081992;24021787;308;760;782;787;621 ~~~~~~~~~~~~~~~~~~~~~~~~~~ 11-03
30091493;02102070R;01235831;19121800213;13081992;25021787;309;850;535;783;788;506 ~~~~~~~~~~~~~~~~~~~~~~ 11-04
01101493;03102070R;02235831;00131800213;14081992;26021787;310;761;502;621 ~~~~~~~~~~~~~~~~~~~~~~~~~~~~~~ 11-05
02101493;04102070R;03235831;01131800213;15081992;27021787;311;762 ~~~~~~~~~~~~~~~~~~~~~~~~~~~~~~~~~~~~~~ 11-06
03101493;05102070R;04235831;02131800213;16081992;28021787;312;513;621 ~~~~~~~~~~~~~~~~~~~~~~~~~~~~~~~~~~ 11-07
04101493;06102070R;05235831;03131800213;17081992;29021787;313 ~~~~~~~~~~~~~~~~~~~~~~~~~~~~~~~~~~~~~~~~~~ 11-08
05101493;07102070R;06235831;04131800213;18081992;30021787;314;543;621 ~~~~~~~~~~~~~~~~~~~~~~~~~~~~~~~~~~ 11-09
06101493;08102070R;07235831;05131800213;19081992;01031787;315;397 ~~~~~~~~~~~~~~~~~~~~~~~~~~~~~~~~~~~~~~ 11-10
07101493;09102070R;08235831;06131800213;20081992;02031787;316;621 ~~~~~~~~~~~~~~~~~~~~~~~~~~~~~~~~~~~~~~ 11-11
08101493;10102070R;09235831;07131800213;21081992;03031787;317;418 ~~~~~~~~~~~~~~~~~~~~~~~~~~~~~~~~~~~~~~ 11-12
09101493;11102070R;10235831;08131800213;22081992;04031787;318;764;879;621 ~~~~~~~~~~~~~~~~~~~~~~~~~~~~~~ 11-13
10101493;12102070R;11235831;09131800213;23081992;05031787;319;547 ~~~~~~~~~~~~~~~~~~~~~~~~~~~~~~~~~~~~~~ 11-14
11101493;13102070R;12235831;10131800213;24081992;06031787;320;767;934;621 ~~~~~~~~~~~~~~~~~~~~~~~~~~~~~~ 11-15
12101493;14102070R;13235831;11131800213;25081992;07031787;321;765 ~~~~~~~~~~~~~~~~~~~~~~~~~~~~~~~~~~~~~~ 11-16
13101493;15102070R;14235831;12131800213;26081992;08031787;322;392;436;621 ~~~~~~~~~~~~~~~~~~~~~~~~~~~~~~ 11-17
14101493;16102070R;15235831;13131800213;27081992;09031787;323;880 ~~~~~~~~~~~~~~~~~~~~~~~~~~~~~~~~~~~~~~ 11-18
15101493;17102070R;16235831;14131800213;28081992;10031787;324;514;621 ~~~~~~~~~~~~~~~~~~~~~~~~~~~~~~~~~~ 11-19
16101493;18102070R;17235831;15131800213;29081992;11031787;325;766 ~~~~~~~~~~~~~~~~~~~~~~~~~~~~~~~~~~~~~~ 11-20
17101493;19102070R;18235831;16131800213;30081992;12031787;326;621 ~~~~~~~~~~~~~~~~~~~~~~~~~~~~~~~~~~~~~~ 11-21
18101493;20102070R;19235831;17131800213;01091992;13031787;327;768;788;409 ~~~~~~~~~~~~~~~~~~~~~~~~~~~~~~ 11-22
19101493;21102070R;20235831;18131800213;02091992;14031787;328;824;621 ~~~~~~~~~~~~~~~~~~~~~~~~~~~~~~~~~~ 11-23
20101493;22102070R;21235831;19131800213;03091992;15031787;329;398;876 ~~~~~~~~~~~~~~~~~~~~~~~~~~~~~~~~~~ 11-24
21101493;23102070R;22235831;00141800213;04091992;16031787;330;621 ~~~~~~~~~~~~~~~~~~~~~~~~~~~~~~~~~~~~~~ 11-25
22101493;24102070R;23235831;01141800213;05091992;17031787;331;769 ~~~~~~~~~~~~~~~~~~~~~~~~~~~~~~~~~~~~~~ 11-26
23101493;25102070R;24235831;02141800213;06091992;18031787;332;440;399;621 ~~~~~~~~~~~~~~~~~~~~~~~~~~~~~~ 11-27
24101493;26102070R;25235831;03141800213;07091992;19031787;333;441;369;936;516 ~~~~~~~~~~~~~~~~~~~~~~~~~~ 11-28
25101493;27102070R;26235831;04141800213;08091992;20031787;334;770;516;621 ~~~~~~~~~~~~~~~~~~~~~~~~~~~~~~ 11-29
26101493;28102070R;27235831;05141800213;09091992;21031787;335;824;825;589;516;400;418 ~~~~~~~~~~~~~~~~~~ 11-30
27101493;29102070R;28235831;06141800213;10091992;22031787;336;442;836;516;622 ~~~~~~~~~~~~~~~~~~~~~~~~~~ 12-01
28101493;30102070R;29235831;07141800213;11091992;23031787;337;771;773;380;370;516 ~~~~~~~~~~~~~~~~~~~~~~ 12-02
29101493;01112070R;01245831;08141800213;12091992;24031787;338;772;516;400;622 ~~~~~~~~~~~~~~~~~~~~~~~~~~ 12-03
01111493;02112070R;02245831;09141800213;13091992;25031787;339;513;516;409 ~~~~~~~~~~~~~~~~~~~~~~~~~~~~~~ 12-04
02111493;03112070R;03245831;10141800213;14091992;26031787;340;774;516;622 ~~~~~~~~~~~~~~~~~~~~~~~~~~~~~~ 12-05
03111493;04112070R;04245831;11141800213;15091992;27031787;341;637;775 ~~~~~~~~~~~~~~~~~~~~~~~~~~~~~~~~~~ 12-06
04111493;05112070R;05245831;12141800213;16091992;28031787;342;433;590;622 ~~~~~~~~~~~~~~~~~~~~~~~~~~~~~~ 12-07
05111493;06112070R;06245831;13141800213;17091992;29031787;343;944 ~~~~~~~~~~~~~~~~~~~~~~~~~~~~~~~~~~~~~~ 12-08
06111493;07112070R;07245831;14141800213;18091992;30031787;344;400;622 ~~~~~~~~~~~~~~~~~~~~~~~~~~~~~~~~~~ 12-09
07111493;08112070R;08245831;15141800213;19091992;01041787;345;397;409 ~~~~~~~~~~~~~~~~~~~~~~~~~~~~~~~~~~ 12-10
08111493;09112070R;09245831;16141800213;20091992;02041787;346;622 ~~~~~~~~~~~~~~~~~~~~~~~~~~~~~~~~~~~~~~ 12-11
09111493;10112070R;10245831;17141800213;21091992;03041787;347;400 ~~~~~~~~~~~~~~~~~~~~~~~~~~~~~~~~~~~~~~ 12-12
10111493;11112070R;11245831;18141800213;22091992;04041787;348;776;622 ~~~~~~~~~~~~~~~~~~~~~~~~~~~~~~~~~~ 12-13
11111493;12112070R;12245831;19141800213;23091992;05041787;349;777;410;557;890;591 ~~~~~~~~~~~~~~~~~~~~~~ 12-14
12111493;13112070R;13245831;00151800213;24091992;06041787;350;376;622 ~~~~~~~~~~~~~~~~~~~~~~~~~~~~~~~~~~ 12-15
13111493;14112070R;14245831;01151800213;25091992;07041787;351;422 ~~~~~~~~~~~~~~~~~~~~~~~~~~~~~~~~~~~~~~ 12-16
14111493;15112070R;15245831;02151800213;26091992;08041787;352;395;401;514;545;887;622 ~~~~~~~~~~~~~~~~~~ 12-17
15111493;16112070R;16245831;03151800213;27091992;09041787;353 ~~~~~~~~~~~~~~~~~~~~~~~~~~~~~~~~~~~~~~~~~~ 12-18
16111493;17112070R;17245831;04151800213;28091992;10041787;354;778;622 ~~~~~~~~~~~~~~~~~~~~~~~~~~~~~~~~~~ 12-19
17111493;18112070R;18245831;05151800213;29091992;11041787;355;371;864;466 ~~~~~~~~~~~~~~~~~~~~~~~~~~~~~~ 12-20
18111493;19112070R;19245831;06151800213;30091992;12041787;356;592;426;622 ~~~~~~~~~~~~~~~~~~~~~~~~~~~~~~ 12-21
19111493;20112070R;20245831;07151800213;01101992;13041787;357;465 ~~~~~~~~~~~~~~~~~~~~~~~~~~~~~~~~~~~~~~ 12-22
20111493;21112070R;21245831;08151800213;02101992;14041787;358;622 ~~~~~~~~~~~~~~~~~~~~~~~~~~~~~~~~~~~~~~ 12-23
21111493;22112070R;22245831;09151800213;03101992;15041787;359;398 ~~~~~~~~~~~~~~~~~~~~~~~~~~~~~~~~~~~~~~ 12-24
22111493;23112070R;23245831;10151800213;04101992;16041787;360;622 ~~~~~~~~~~~~~~~~~~~~~~~~~~~~~~~~~~~~~~ 12-25
23111493;24112070R;24245831;11151800213;05101992;17041787;361;596;596;437 ~~~~~~~~~~~~~~~~~~~~~~~~~~~~~~ 12-26
24111493;25112070R;25245831;12151800213;06101992;18041787;362;418;622 ~~~~~~~~~~~~~~~~~~~~~~~~~~~~~~~~~~ 12-27
25111493;26112070R;26245831;13151800213;07101992;19041787;363;917 ~~~~~~~~~~~~~~~~~~~~~~~~~~~~~~~~~~~~~~ 12-28
26111493;27112070R;27245831;14151800213;08101992;20041787;364;622 ~~~~~~~~~~~~~~~~~~~~~~~~~~~~~~~~~~~~~~ 12-29
27111493;28112070R;28245831;15151800213;09101992;21041787;365 ~~~~~~~~~~~~~~~~~~~~~~~~~~~~~~~~~~~~~~~~~~ 12-30
28111493;29112070R;29245831;16151800213;10101992;22041787;366;513;816;622 ~~~~~~~~~~~~~~~~~~~~~~~~~~~~~~ 12-31
